seed,dimension,time,lowerBound,upperBound,termination,LMOcalls,localTighteings,globalTightenings,list_active_set_size_cb,list_discarded_set_size_cb
2,8,53.0,-1.3957666000874929,-1.1597772094371752e-15,TIME_LIMIT,32,0,0,10,5
2,8,59.0,-1.3957666000874929,-1.1597772094371752e-15,TIME_LIMIT,48,0,0,11,6
2,8,97.0,-1.369635178234187,-0.15255601360042248,TIME_LIMIT,70,0,0,15,6
2,8,140.0,-1.369635178234187,-0.15255601360042248,TIME_LIMIT,93,0,0,20,5
2,8,200.0,-1.368402781586451,-0.15255601360042248,TIME_LIMIT,123,0,0,15,8
2,8,219.0,-1.368402781586451,-0.15255601360042248,TIME_LIMIT,138,0,0,16,10
2,8,255.0,-1.3418006672635214,-0.15255601360042248,TIME_LIMIT,162,0,0,10,3
2,8,319.0,-1.3418006672635214,-0.15255601360042248,TIME_LIMIT,179,0,0,16,13
2,8,394.0,-1.3416086636851496,-0.15255601360042248,TIME_LIMIT,208,0,0,11,7
2,8,419.0,-1.3416086636851496,-0.6879720501461768,TIME_LIMIT,222,0,0,16,8
2,8,480.0,-1.3391727047782191,-0.6879720501461768,TIME_LIMIT,252,0,0,17,6
2,8,492.0,-1.3391727047782191,-0.6879720501461768,TIME_LIMIT,265,0,0,9,4
2,8,521.0,-1.3349318684810039,-0.6879720501461768,TIME_LIMIT,292,0,0,11,6
2,8,539.0,-1.3349318684810039,-0.6879720501461768,TIME_LIMIT,308,0,0,13,4
2,8,603.0,-1.3180467766641564,-0.6879720501461768,TIME_LIMIT,339,0,0,10,9
2,8,632.0,-1.3180467766641564,-0.6879720501461768,TIME_LIMIT,353,0,0,16,8
2,8,683.0,-1.3165935206881116,-0.6879720501461768,TIME_LIMIT,380,0,0,4,3
2,8,727.0,-1.3165935206881116,-0.7246044253960809,TIME_LIMIT,396,0,0,13,13
2,8,799.0,-1.3157997997668274,-0.7246044253960809,TIME_LIMIT,427,0,0,13,11
2,8,817.0,-1.3157997997668274,-0.7246044253960809,TIME_LIMIT,442,0,0,17,9
2,8,880.0,-1.3103224674204013,-0.7246044253960809,TIME_LIMIT,474,0,0,17,8
2,8,914.0,-1.3103224674204013,-0.7246044253960809,TIME_LIMIT,493,0,0,14,5
2,8,951.0,-1.3103067011226088,-0.7246044253960809,TIME_LIMIT,512,0,0,18,8
2,8,1001.0,-1.3103067011226088,-0.7246044253960809,TIME_LIMIT,535,0,0,16,10
2,8,1024.0,-1.3102200844702807,-0.7246044253960809,TIME_LIMIT,556,0,0,16,2
2,8,1067.0,-1.3102200844702807,-0.7246044253960809,TIME_LIMIT,576,0,0,19,3
2,8,1141.0,-1.3078757376727161,-0.7246044253960809,TIME_LIMIT,609,0,0,16,9
2,8,1167.0,-1.3078757376727161,-0.7246044253960809,TIME_LIMIT,625,0,0,15,10
2,8,1228.0,-1.3068076073299795,-0.7246044253960809,TIME_LIMIT,654,0,0,14,9
2,8,1266.0,-1.3068076073299795,-0.7246044253960809,TIME_LIMIT,673,0,0,18,7
2,8,1340.0,-1.2928314222917476,-0.7246044253960809,TIME_LIMIT,701,0,0,10,8
2,8,1379.0,-1.2928314222917476,-0.7246044253960809,TIME_LIMIT,715,0,0,18,9
2,8,1474.0,-1.292251459705986,-0.7246044253960809,TIME_LIMIT,749,0,0,16,11
2,8,1525.0,-1.292251459705986,-0.7246044253960809,TIME_LIMIT,768,0,0,23,9
2,8,1573.0,-1.2920127045561924,-0.7246044253960809,TIME_LIMIT,795,0,0,10,3
2,8,1637.0,-1.2920127045561924,-0.7246044253960809,TIME_LIMIT,820,0,0,8,15
2,8,1739.0,-1.2904863364427197,-0.7246044253960809,TIME_LIMIT,852,0,0,11,11
2,8,1784.0,-1.2904863364427197,-0.7246044253960809,TIME_LIMIT,874,0,0,18,11
2,8,1875.0,-1.2886866623137354,-0.7246044253960809,TIME_LIMIT,908,0,0,12,12
2,8,1934.0,-1.2886866623137354,-0.7246044253960809,TIME_LIMIT,932,0,0,13,4
2,8,1963.0,-1.2881446880290806,-0.7246044253960809,TIME_LIMIT,947,0,0,11,7
2,8,2004.0,-1.2881446880290806,-0.7246044253960809,TIME_LIMIT,964,0,0,14,9
2,8,2110.0,-1.2877714542927217,-0.7246044253960809,TIME_LIMIT,1000,0,0,8,6
2,8,2159.0,-1.2877714542927217,-0.7246044253960809,TIME_LIMIT,1019,0,0,18,14
2,8,2332.0,-1.2877623161048422,-0.7246044253960809,TIME_LIMIT,1059,0,0,17,19
2,8,2405.0,-1.2877623161048422,-0.7246044253960809,TIME_LIMIT,1076,0,0,19,11
2,8,2476.0,-1.2851933416817993,-0.7246044253960809,TIME_LIMIT,1110,0,0,18,8
2,8,2515.0,-1.2851933416817993,-0.8222999711585991,TIME_LIMIT,1127,0,0,8,2
2,8,2602.0,-1.284989845095075,-0.8222999711585991,TIME_LIMIT,1161,0,0,18,4
2,8,2639.0,-1.284989845095075,-0.8222999711585991,TIME_LIMIT,1179,0,0,17,5
2,8,2759.0,-1.2849017502656452,-0.8222999711585991,TIME_LIMIT,1212,0,0,13,10
2,8,2821.0,-1.2849017502656452,-0.8222999711585991,TIME_LIMIT,1229,0,0,18,11
2,8,2914.0,-1.2819101100736447,-0.8222999711585991,TIME_LIMIT,1265,0,0,9,6
2,8,2981.0,-1.2819101100736447,-0.8222999711585991,TIME_LIMIT,1286,0,0,10,12
2,8,3034.0,-1.2809360528288487,-0.8222999711585991,TIME_LIMIT,1317,0,0,11,10
2,8,3066.0,-1.2809360528288487,-0.8222999711585991,TIME_LIMIT,1336,0,0,20,11
2,8,3096.0,-1.2805158881664132,-0.8222999711585991,TIME_LIMIT,1361,0,0,10,3
2,8,3114.0,-1.2805158881664132,-0.8222999711585991,TIME_LIMIT,1374,0,0,9,11
2,8,3162.0,-1.2795008838871855,-0.8222999711585991,TIME_LIMIT,1403,0,0,15,7
2,8,3218.0,-1.2795008838871855,-0.8222999711585991,TIME_LIMIT,1422,0,0,9,11
2,8,3332.0,-1.2722686535320662,-0.8222999711585991,TIME_LIMIT,1453,0,0,11,9
2,8,3389.0,-1.2722686535320662,-0.8222999711585991,TIME_LIMIT,1470,0,0,16,14
2,8,3450.0,-1.270624467274938,-0.8222999711585991,TIME_LIMIT,1502,0,0,16,10
2,8,3476.0,-1.270624467274938,-0.8222999711585991,TIME_LIMIT,1522,0,0,18,17
2,8,3498.0,-1.2677281774873945,-0.8222999711585991,TIME_LIMIT,1538,0,0,15,6
2,8,3590.0,-1.2677281774873945,-0.8222999711585991,TIME_LIMIT,1554,0,0,20,13
2,8,3676.0,-1.2663427495906776,-0.8222999711585991,TIME_LIMIT,1586,0,0,10,6
2,8,3745.0,-1.2663427495906776,-0.8222999711585991,TIME_LIMIT,1614,0,0,25,16
2,8,3900.0,-1.2662080460697023,-0.8222999711585991,TIME_LIMIT,1655,0,0,17,6
2,8,3944.0,-1.2662080460697023,-0.8222999711585991,TIME_LIMIT,1672,0,0,12,4
2,8,4009.0,-1.2647024775077644,-0.8222999711585991,TIME_LIMIT,1703,0,0,11,6
2,8,4065.0,-1.2647024775077644,-0.8222999711585991,TIME_LIMIT,1721,0,0,16,16
2,8,4109.0,-1.264677541472596,-0.8222999711585991,TIME_LIMIT,1749,0,0,9,5
2,8,4129.0,-1.264677541472596,-0.8222999711585991,TIME_LIMIT,1765,0,0,11,4
2,8,4215.0,-1.26408401564711,-0.8222999711585991,TIME_LIMIT,1797,0,0,12,8
2,8,4257.0,-1.26408401564711,-0.8222999711585991,TIME_LIMIT,1815,0,0,17,11
2,8,4372.0,-1.2637732765454182,-0.8222999711585991,TIME_LIMIT,1847,0,0,14,6
2,8,4410.0,-1.2637732765454182,-0.8222999711585991,TIME_LIMIT,1862,0,0,15,6
2,8,4445.0,-1.2634846244019529,-0.8222999711585991,TIME_LIMIT,1886,0,0,8,3
2,8,4503.0,-1.2634846244019529,-0.8222999711585991,TIME_LIMIT,1910,0,0,20,7
2,8,4580.0,-1.2633113708043773,-0.8222999711585991,TIME_LIMIT,1934,0,0,16,12
2,8,4633.0,-1.2633113708043773,-0.8222999711585991,TIME_LIMIT,1955,0,0,19,21
2,8,4759.0,-1.2631168794739398,-0.8222999711585991,TIME_LIMIT,1985,0,0,10,9
2,8,4799.0,-1.2631168794739398,-0.8222999711585991,TIME_LIMIT,2004,0,0,13,15
2,8,4925.0,-1.2627325421653655,-0.8222999711585991,TIME_LIMIT,2040,0,0,19,8
2,8,4943.0,-1.2627325421653655,-0.8222999711585991,TIME_LIMIT,2060,0,0,19,10
2,8,5024.0,-1.2620530895720194,-0.8222999711585991,TIME_LIMIT,2091,0,0,8,4
2,8,5063.0,-1.2620530895720194,-0.8222999711585991,TIME_LIMIT,2115,0,0,18,7
2,8,5123.0,-1.2617702745785082,-0.8222999711585991,TIME_LIMIT,2138,0,0,19,4
2,8,5164.0,-1.2617702745785082,-0.8222999711585991,TIME_LIMIT,2155,0,0,18,6
2,8,5248.0,-1.2615122633444131,-0.8222999711585991,TIME_LIMIT,2188,0,0,17,10
2,8,5310.0,-1.2615122633444131,-0.8222999711585991,TIME_LIMIT,2206,0,0,17,8
2,8,5373.0,-1.260981864956072,-0.8222999711585991,TIME_LIMIT,2239,0,0,5,6
2,8,5451.0,-1.260981864956072,-0.8222999711585991,TIME_LIMIT,2260,0,0,14,18
2,8,5542.0,-1.2609212516726496,-0.8222999711585991,TIME_LIMIT,2296,0,0,18,9
2,8,5591.0,-1.2609212516726496,-0.8222999711585991,TIME_LIMIT,2318,0,0,18,22
2,8,5704.0,-1.260726140248475,-0.8222999711585991,TIME_LIMIT,2353,0,0,16,8
2,8,5773.0,-1.260726140248475,-0.8222999711585991,TIME_LIMIT,2381,0,0,19,5
2,8,5830.0,-1.2599393859925825,-0.8222999711585991,TIME_LIMIT,2400,0,0,15,8
2,8,5877.0,-1.2599393859925825,-0.8222999711585991,TIME_LIMIT,2420,0,0,15,13
2,8,5945.0,-1.2597400224230473,-0.8222999711585991,TIME_LIMIT,2444,0,0,10,9
2,8,6003.0,-1.2597400224230473,-0.8222999711585991,TIME_LIMIT,2465,0,0,18,13
2,8,6073.0,-1.2597336990215462,-0.8222999711585991,TIME_LIMIT,2497,0,0,19,10
2,8,6116.0,-1.2597336990215462,-0.8222999711585991,TIME_LIMIT,2519,0,0,18,16
2,8,6167.0,-1.2585234419058196,-0.8222999711585991,TIME_LIMIT,2546,0,0,12,8
2,8,6213.0,-1.2585234419058196,-0.8222999711585991,TIME_LIMIT,2565,0,0,13,12
2,8,6292.0,-1.2566172671922389,-0.8222999711585991,TIME_LIMIT,2597,0,0,16,6
2,8,6329.0,-1.2566172671922389,-0.8222999711585991,TIME_LIMIT,2615,0,0,11,9
2,8,6385.0,-1.2555433097871596,-0.8222999711585991,TIME_LIMIT,2642,0,0,13,6
2,8,6449.0,-1.2555433097871596,-0.8222999711585991,TIME_LIMIT,2668,0,0,15,7
2,8,6495.0,-1.2554690121158725,-0.8222999711585991,TIME_LIMIT,2693,0,0,10,9
2,8,6566.0,-1.2554690121158725,-0.8222999711585991,TIME_LIMIT,2715,0,0,15,10
2,8,6612.0,-1.2552116618334752,-0.8222999711585991,TIME_LIMIT,2735,0,0,6,2
2,8,6643.0,-1.2552116618334752,-0.8222999711585991,TIME_LIMIT,2751,0,0,16,7
2,8,6679.0,-1.2551408923121736,-0.8222999711585991,TIME_LIMIT,2776,0,0,15,4
2,8,6737.0,-1.2551408923121736,-0.8222999711585991,TIME_LIMIT,2794,0,0,11,13
2,8,6766.0,-1.247906864647211,-0.8222999711585991,TIME_LIMIT,2816,0,0,10,1
2,8,6806.0,-1.247906864647211,-0.8222999711585991,TIME_LIMIT,2840,0,0,14,9
2,8,6905.0,-1.2466002148821453,-0.8222999711585991,TIME_LIMIT,2867,0,0,12,6
2,8,6932.0,-1.2466002148821453,-0.8222999711585991,TIME_LIMIT,2882,0,0,8,8
2,8,7008.0,-1.246164867845226,-0.8222999711585991,TIME_LIMIT,2914,0,0,13,8
2,8,7047.0,-1.246164867845226,-0.8222999711585991,TIME_LIMIT,2933,0,0,21,20
2,8,7130.0,-1.243367139958386,-0.8222999711585991,TIME_LIMIT,2965,0,0,15,4
2,8,7153.0,-1.243367139958386,-0.8222999711585991,TIME_LIMIT,2979,0,0,12,12
2,8,7347.0,-1.2431669568287669,-0.8222999711585991,TIME_LIMIT,3013,0,0,14,13
2,8,7425.0,-1.2431669568287669,-0.8222999711585991,TIME_LIMIT,3038,0,0,19,7
2,8,7498.0,-1.2424400800809188,-0.8222999711585991,TIME_LIMIT,3061,0,0,14,4
2,8,7608.0,-1.2424400800809188,-0.8222999711585991,TIME_LIMIT,3084,0,0,20,19
2,8,7714.0,-1.2420208690946266,-0.8222999711585991,TIME_LIMIT,3119,0,0,13,14
2,8,7827.0,-1.2420208690946266,-0.8222999711585991,TIME_LIMIT,3146,0,0,25,24
2,8,8028.0,-1.241952213030257,-0.8222999711585991,TIME_LIMIT,3181,0,0,19,10
2,8,8139.0,-1.241952213030257,-0.8222999711585991,TIME_LIMIT,3205,0,0,19,9
2,8,8199.0,-1.2418722710796586,-0.8222999711585991,TIME_LIMIT,3236,0,0,15,5
2,8,8253.0,-1.2418722710796586,-0.8222999711585991,TIME_LIMIT,3255,0,0,16,13
2,8,8369.0,-1.241776918082596,-0.8222999711585991,TIME_LIMIT,3286,0,0,16,8
2,8,8386.0,-1.241776918082596,-0.8222999711585991,TIME_LIMIT,3299,0,0,15,8
2,8,8465.0,-1.2416874853390494,-0.8222999711585991,TIME_LIMIT,3332,0,0,9,5
2,8,8508.0,-1.2416874853390494,-0.8222999711585991,TIME_LIMIT,3348,0,0,12,14
2,8,8595.0,-1.240651725179781,-0.8222999711585991,TIME_LIMIT,3378,0,0,13,6
2,8,8705.0,-1.240651725179781,-0.8222999711585991,TIME_LIMIT,3399,0,0,19,16
2,8,8783.0,-1.2401199949745432,-0.8222999711585991,TIME_LIMIT,3438,0,0,10,3
2,8,8815.0,-1.2401199949745432,-0.8222999711585991,TIME_LIMIT,3458,0,0,22,12
2,8,8970.0,-1.2398672051511122,-0.8222999711585991,TIME_LIMIT,3499,0,0,6,7
2,8,9028.0,-1.2398672051511122,-0.8222999711585991,TIME_LIMIT,3522,0,0,21,8
2,8,9078.0,-1.2393818808645882,-0.8222999711585991,TIME_LIMIT,3540,0,0,14,9
2,8,9114.0,-1.2393818808645882,-0.8222999711585991,TIME_LIMIT,3559,0,0,10,10
2,8,9215.0,-1.2385856842015983,-0.8222999711585991,TIME_LIMIT,3596,0,0,17,7
2,8,9281.0,-1.2385856842015983,-0.8222999711585991,TIME_LIMIT,3613,0,0,18,16
2,8,9346.0,-1.238579225593514,-0.8222999711585991,TIME_LIMIT,3644,0,0,17,6
2,8,9396.0,-1.238579225593514,-0.8222999711585991,TIME_LIMIT,3665,0,0,22,20
2,8,9460.0,-1.2378822974934818,-0.8222999711585991,TIME_LIMIT,3685,0,0,15,5
2,8,9551.0,-1.2378822974934818,-0.8222999711585991,TIME_LIMIT,3712,0,0,20,13
2,8,9611.0,-1.2378478777743145,-0.8222999711585991,TIME_LIMIT,3740,0,0,11,5
2,8,9668.0,-1.2378478777743145,-0.8222999711585991,TIME_LIMIT,3755,0,0,20,7
2,8,9738.0,-1.237769029770861,-0.8222999711585991,TIME_LIMIT,3786,0,0,13,7
2,8,9798.0,-1.237769029770861,-0.8222999711585991,TIME_LIMIT,3808,0,0,17,4
2,8,9830.0,-1.2373553021898975,-0.8222999711585991,TIME_LIMIT,3826,0,0,15,11
2,8,9878.0,-1.2373553021898975,-0.8222999711585991,TIME_LIMIT,3847,0,0,12,11
2,8,10028.0,-1.2373226935696562,-0.8222999711585991,TIME_LIMIT,3876,0,0,12,6
2,8,10155.0,-1.2373226935696562,-0.8222999711585991,TIME_LIMIT,3896,0,0,17,9
2,8,10246.0,-1.2373140796847415,-0.8222999711585991,TIME_LIMIT,3927,0,0,11,9
2,8,10293.0,-1.2373140796847415,-0.8222999711585991,TIME_LIMIT,3950,0,0,13,4
2,8,10344.0,-1.2373029921881733,-0.8222999711585991,TIME_LIMIT,3979,0,0,5,5
2,8,10412.0,-1.2373029921881733,-0.8222999711585991,TIME_LIMIT,4003,0,0,16,16
2,8,10509.0,-1.2372874206623432,-0.8222999711585991,TIME_LIMIT,4034,0,0,14,9
2,8,10593.0,-1.2372874206623432,-0.8222999711585991,TIME_LIMIT,4051,0,0,13,13
2,8,10660.0,-1.2370496110913196,-0.8222999711585991,TIME_LIMIT,4082,0,0,14,5
2,8,10709.0,-1.2370496110913196,-0.8693272921435614,TIME_LIMIT,4099,0,0,19,10
2,8,10745.0,-1.2369938476404159,-0.8693272921435614,TIME_LIMIT,4124,0,0,14,10
2,8,10811.0,-1.2369938476404159,-0.8693272921435614,TIME_LIMIT,4143,0,0,14,14
2,8,10862.0,-1.2368859783157578,-0.8693272921435614,TIME_LIMIT,4166,0,0,7,5
2,8,10884.0,-1.2368859783157578,-0.8693272921435614,TIME_LIMIT,4177,0,0,11,9
2,8,10954.0,-1.2368296755855577,-0.8693272921435614,TIME_LIMIT,4205,0,0,4,2
2,8,11069.0,-1.2368296755855577,-0.8693272921435614,TIME_LIMIT,4226,0,0,19,5
2,8,11136.0,-1.2366450418291037,-0.8693272921435614,TIME_LIMIT,4256,0,0,12,7
2,8,11241.0,-1.2366450418291037,-0.8693272921435614,TIME_LIMIT,4279,0,0,17,11
2,8,11318.0,-1.2365880391445192,-0.8693272921435614,TIME_LIMIT,4304,0,0,14,7
2,8,11409.0,-1.2365880391445192,-0.8693272921435614,TIME_LIMIT,4331,0,0,14,7
2,8,11468.0,-1.236519540224605,-0.8693272921435614,TIME_LIMIT,4353,0,0,14,13
2,8,11530.0,-1.236519540224605,-0.8693272921435614,TIME_LIMIT,4379,0,0,24,10
2,8,11594.0,-1.2356513012177908,-0.8693272921435614,TIME_LIMIT,4410,0,0,13,12
2,8,11663.0,-1.2356513012177908,-0.8693272921435614,TIME_LIMIT,4424,0,0,12,13
2,8,11727.0,-1.2354246856209563,-0.8693272921435614,TIME_LIMIT,4450,0,0,9,9
2,8,11765.0,-1.2354246856209563,-0.8693272921435614,TIME_LIMIT,4467,0,0,11,5
2,8,11827.0,-1.2353441832062753,-0.8693272921435614,TIME_LIMIT,4492,0,0,10,9
2,8,11883.0,-1.2353441832062753,-0.8693272921435614,TIME_LIMIT,4512,0,0,16,14
2,8,11981.0,-1.2348380363950118,-0.8693272921435614,TIME_LIMIT,4544,0,0,10,3
2,8,12096.0,-1.2348380363950118,-0.8693272921435614,TIME_LIMIT,4566,0,0,19,13
2,8,12189.0,-1.2347873491089802,-0.8693272921435614,TIME_LIMIT,4597,0,0,6,1
2,8,12261.0,-1.2347873491089802,-0.8693272921435614,TIME_LIMIT,4616,0,0,22,12
2,8,12317.0,-1.2345819173425334,-0.8693272921435614,TIME_LIMIT,4644,0,0,9,12
2,8,12338.0,-1.2345819173425334,-0.8693272921435614,TIME_LIMIT,4660,0,0,16,11
2,8,12414.0,-1.2335909540357737,-0.8693272921435614,TIME_LIMIT,4690,0,0,8,5
2,8,12463.0,-1.2335909540357737,-0.8693272921435614,TIME_LIMIT,4704,0,0,15,8
2,8,12670.0,-1.2330713682210925,-0.8693272921435614,TIME_LIMIT,4738,0,0,18,10
2,8,12781.0,-1.2330713682210925,-0.8693272921435614,TIME_LIMIT,4761,0,0,19,29
2,8,12927.0,-1.232966177616568,-0.8693272921435614,TIME_LIMIT,4798,0,0,13,11
2,8,12960.0,-1.232966177616568,-0.8693272921435614,TIME_LIMIT,4810,0,0,13,9
2,8,13012.0,-1.2324774415932551,-0.8693272921435614,TIME_LIMIT,4840,0,0,7,9
2,8,13074.0,-1.2324774415932551,-0.8693272921435614,TIME_LIMIT,4860,0,0,20,17
2,8,13176.0,-1.2323283714814697,-0.8693272921435614,TIME_LIMIT,4895,0,0,18,4
2,8,13230.0,-1.2323283714814697,-0.8693272921435614,TIME_LIMIT,4914,0,0,6,12
2,8,13348.0,-1.2314397951558778,-0.8693272921435614,TIME_LIMIT,4941,0,0,7,9
2,8,13370.0,-1.2314397951558778,-0.8693272921435614,TIME_LIMIT,4958,0,0,16,9
2,8,13434.0,-1.2313375781100564,-0.8693272921435614,TIME_LIMIT,4990,0,0,14,10
2,8,13505.0,-1.2313375781100564,-0.8693272921435614,TIME_LIMIT,5010,0,0,16,14
2,8,13569.0,-1.2312321764866025,-0.8693272921435614,TIME_LIMIT,5043,0,0,13,6
2,8,13592.0,-1.2312321764866025,-0.8693272921435614,TIME_LIMIT,5061,0,0,14,12
2,8,13682.0,-1.2310477433273475,-0.8693272921435614,TIME_LIMIT,5090,0,0,12,6
2,8,13754.0,-1.2310477433273475,-0.8693272921435614,TIME_LIMIT,5115,0,0,14,9
2,8,13835.0,-1.2302999697606432,-0.8693272921435614,TIME_LIMIT,5147,0,0,9,10
2,8,13910.0,-1.2302999697606432,-0.8693272921435614,TIME_LIMIT,5172,0,0,17,10
2,8,13937.0,-1.2299253240071801,-0.8693272921435614,TIME_LIMIT,5187,0,0,13,8
2,8,14100.0,-1.2299253240071801,-0.8693272921435614,TIME_LIMIT,5212,0,0,15,12
2,8,14232.0,-1.2292699261255315,-0.8693272921435614,TIME_LIMIT,5238,0,0,18,11
2,8,14281.0,-1.2292699261255315,-0.8693272921435614,TIME_LIMIT,5256,0,0,14,14
2,8,14374.0,-1.2269593900619715,-0.8693272921435614,TIME_LIMIT,5287,0,0,13,11
2,8,14412.0,-1.2269593900619715,-0.8693272921435614,TIME_LIMIT,5306,0,0,14,11
2,8,14520.0,-1.226913100186995,-0.8693272921435614,TIME_LIMIT,5339,0,0,11,4
2,8,14537.0,-1.226913100186995,-0.8693272921435614,TIME_LIMIT,5352,0,0,10,2
2,8,14550.0,-1.2268064225039728,-0.8693272921435614,TIME_LIMIT,5368,0,0,6,1
2,8,14604.0,-1.2268064225039728,-0.8693272921435614,TIME_LIMIT,5385,0,0,12,14
2,8,14689.0,-1.22613848008873,-0.8693272921435614,TIME_LIMIT,5412,0,0,14,4
2,8,14751.0,-1.22613848008873,-0.8693272921435614,TIME_LIMIT,5437,0,0,18,4
2,8,14781.0,-1.22611630129696,-0.8693272921435614,TIME_LIMIT,5451,0,0,7,4
2,8,14814.0,-1.22611630129696,-0.8693272921435614,TIME_LIMIT,5469,0,0,12,7
2,8,14840.0,-1.2256849198905373,-0.8693272921435614,TIME_LIMIT,5490,0,0,9,5
2,8,14861.0,-1.2256849198905373,-0.8693272921435614,TIME_LIMIT,5505,0,0,12,7
2,8,14927.0,-1.2236121613703386,-0.8693272921435614,TIME_LIMIT,5533,0,0,13,3
2,8,15016.0,-1.2236121613703386,-0.8693272921435614,TIME_LIMIT,5550,0,0,9,11
2,8,15120.0,-1.223304881330232,-0.8693272921435614,TIME_LIMIT,5583,0,0,11,4
2,8,15180.0,-1.223304881330232,-0.8693272921435614,TIME_LIMIT,5603,0,0,21,8
2,8,15272.0,-1.2229367086135978,-0.8693272921435614,TIME_LIMIT,5636,0,0,19,6
2,8,15432.0,-1.2229367086135978,-0.8693272921435614,TIME_LIMIT,5662,0,0,24,17
2,8,15627.0,-1.2227131732241205,-0.8693272921435614,TIME_LIMIT,5699,0,0,24,8
2,8,15711.0,-1.2227131732241205,-0.8693272921435614,TIME_LIMIT,5722,0,0,20,16
2,8,15888.0,-1.2224381644279425,-0.8693272921435614,TIME_LIMIT,5760,0,0,19,7
2,8,15932.0,-1.2224381644279425,-0.8693272921435614,TIME_LIMIT,5779,0,0,17,10
2,8,15958.0,-1.2223427588544624,-0.8693272921435614,TIME_LIMIT,5799,0,0,15,6
2,8,16025.0,-1.2223427588544624,-0.8693272921435614,TIME_LIMIT,5821,0,0,6,12
2,8,16072.0,-1.221533047608741,-0.8693272921435614,TIME_LIMIT,5849,0,0,11,2
2,8,16158.0,-1.221533047608741,-0.8693272921435614,TIME_LIMIT,5868,0,0,6,17
2,8,16286.0,-1.2213070875897944,-0.8693272921435614,TIME_LIMIT,5905,0,0,15,11
2,8,16379.0,-1.2213070875897944,-0.8693272921435614,TIME_LIMIT,5929,0,0,10,10
2,8,16410.0,-1.2212442254984455,-0.8693272921435614,TIME_LIMIT,5943,0,0,13,5
2,8,16514.0,-1.2212442254984455,-0.8693272921435614,TIME_LIMIT,5966,0,0,22,25
2,8,16616.0,-1.2209655164003834,-0.8693272921435614,TIME_LIMIT,6002,0,0,17,8
2,8,16687.0,-1.2209655164003834,-0.8693272921435614,TIME_LIMIT,6021,0,0,11,6
2,8,16750.0,-1.2209205194064388,-0.8693272921435614,TIME_LIMIT,6051,0,0,12,7
2,8,16832.0,-1.2209205194064388,-0.8693272921435614,TIME_LIMIT,6075,0,0,20,19
2,8,16934.0,-1.2206020785161769,-0.8693272921435614,TIME_LIMIT,6107,0,0,12,9
2,8,17029.0,-1.2206020785161769,-0.8693272921435614,TIME_LIMIT,6130,0,0,16,27
2,8,17149.0,-1.2205134431441431,-0.8693272921435614,TIME_LIMIT,6164,0,0,17,7
2,8,17274.0,-1.2205134431441431,-0.8693272921435614,TIME_LIMIT,6185,0,0,21,15
2,8,17345.0,-1.2195747073763676,-0.8693272921435614,TIME_LIMIT,6217,0,0,15,9
2,8,17416.0,-1.2195747073763676,-0.8693272921435614,TIME_LIMIT,6243,0,0,22,19
2,8,17553.0,-1.2190140537824743,-0.8693272921435614,TIME_LIMIT,6284,0,0,21,12
2,8,17642.0,-1.2190140537824743,-0.8693272921435614,TIME_LIMIT,6307,0,0,21,11
2,8,17675.0,-1.2186557533310558,-0.8693272921435614,TIME_LIMIT,6328,0,0,6,3
2,8,17736.0,-1.2186557533310558,-0.8693272921435614,TIME_LIMIT,6350,0,0,21,17
2,8,17806.0,-1.218414485825752,-0.8693272921435614,TIME_LIMIT,6380,0,0,13,6
2,8,17860.0,-1.218414485825752,-0.8693272921435614,TIME_LIMIT,6396,0,0,9,5
2,8,17938.0,-1.218412430319965,-0.8693272921435614,TIME_LIMIT,6426,0,0,8,7
2,8,18021.0,-1.218412430319965,-0.8693272921435614,TIME_LIMIT,6455,0,0,23,17
2,8,18154.0,-1.218392871651958,-0.8693272921435614,TIME_LIMIT,6489,0,0,16,11
2,8,18305.0,-1.218392871651958,-0.8693272921435614,TIME_LIMIT,6509,0,0,9,10
2,8,18447.0,-1.2183623407681503,-0.8693272921435614,TIME_LIMIT,6549,0,0,20,7
2,8,18488.0,-1.2183623407681503,-0.8693272921435614,TIME_LIMIT,6570,0,0,20,13
2,8,18607.0,-1.2180727695193572,-0.8693272921435614,TIME_LIMIT,6602,0,0,11,10
2,8,18726.0,-1.2180727695193572,-0.8693272921435614,TIME_LIMIT,6629,0,0,20,24
2,8,18857.0,-1.2176149101941856,-0.8693272921435614,TIME_LIMIT,6663,0,0,15,10
2,8,18981.0,-1.2176149101941856,-0.8693272921435614,TIME_LIMIT,6689,0,0,20,12
2,8,19082.0,-1.2175946482331126,-0.8693272921435614,TIME_LIMIT,6726,0,0,19,7
2,8,19132.0,-1.2175946482331126,-0.8693272921435614,TIME_LIMIT,6742,0,0,18,10
2,8,19208.0,-1.2173803567523636,-0.8693272921435614,TIME_LIMIT,6780,0,0,23,6
2,8,19359.0,-1.2173803567523636,-0.8693272921435614,TIME_LIMIT,6808,0,0,16,12
2,8,19507.0,-1.2172980238833537,-0.8693272921435614,TIME_LIMIT,6833,0,0,20,8
2,8,19542.0,-1.2172980238833537,-0.8693272921435614,TIME_LIMIT,6854,0,0,23,10
2,8,19668.0,-1.2166310768692556,-0.8693272921435614,TIME_LIMIT,6887,0,0,10,5
2,8,19814.0,-1.2166310768692556,-0.8693272921435614,TIME_LIMIT,6904,0,0,14,17
2,8,19919.0,-1.2165952614267215,-0.8693272921435614,TIME_LIMIT,6939,0,0,15,11
2,8,19993.0,-1.2165952614267215,-0.8693272921435614,TIME_LIMIT,6964,0,0,14,7
2,8,20015.0,-1.216189613784433,-0.8693272921435614,TIME_LIMIT,6985,0,0,13,8
2,8,20050.0,-1.216189613784433,-0.8693272921435614,TIME_LIMIT,7000,0,0,14,13
2,8,20111.0,-1.2160064698256128,-0.8693272921435614,TIME_LIMIT,7027,0,0,14,4
2,8,20148.0,-1.2160064698256128,-0.8693272921435614,TIME_LIMIT,7046,0,0,17,9
2,8,20213.0,-1.2158374096239275,-0.8693272921435614,TIME_LIMIT,7072,0,0,11,8
2,8,20264.0,-1.2158374096239275,-0.8693272921435614,TIME_LIMIT,7097,0,0,17,8
2,8,20359.0,-1.2157417845277483,-0.8693272921435614,TIME_LIMIT,7117,0,0,17,13
2,8,20396.0,-1.2157417845277483,-0.8693272921435614,TIME_LIMIT,7136,0,0,20,10
2,8,20485.0,-1.2157390879971044,-0.8693272921435614,TIME_LIMIT,7165,0,0,13,9
2,8,20609.0,-1.2157390879971044,-0.8693272921435614,TIME_LIMIT,7188,0,0,18,11
2,8,20712.0,-1.2151144288814832,-0.8693272921435614,TIME_LIMIT,7220,0,0,15,6
2,8,20764.0,-1.2151144288814832,-0.8693272921435614,TIME_LIMIT,7238,0,0,15,7
2,8,20800.0,-1.2150924070335996,-0.8693272921435614,TIME_LIMIT,7265,0,0,16,5
2,8,20858.0,-1.2150924070335996,-0.8693272921435614,TIME_LIMIT,7288,0,0,18,11
2,8,21022.0,-1.2149191605538854,-0.8693272921435614,TIME_LIMIT,7324,0,0,15,10
2,8,21070.0,-1.2149191605538854,-0.8693272921435614,TIME_LIMIT,7342,0,0,17,8
2,8,21101.0,-1.2147927769566393,-0.8693272921435614,TIME_LIMIT,7367,0,0,10,5
2,8,21126.0,-1.2147927769566393,-0.8693272921435614,TIME_LIMIT,7384,0,0,16,14
2,8,21227.0,-1.2147281328818564,-0.8693272921435614,TIME_LIMIT,7415,0,0,14,9
2,8,21326.0,-1.2147281328818564,-0.8693272921435614,TIME_LIMIT,7432,0,0,22,15
2,8,21412.0,-1.2145885931906695,-0.8693272921435614,TIME_LIMIT,7468,0,0,19,6
2,8,21468.0,-1.2145885931906695,-0.8693272921435614,TIME_LIMIT,7491,0,0,21,14
2,8,21618.0,-1.2145547329512643,-0.8693272921435614,TIME_LIMIT,7528,0,0,16,15
2,8,21686.0,-1.2145547329512643,-0.8693272921435614,TIME_LIMIT,7554,0,0,18,16
2,8,21764.0,-1.2145435950677566,-0.8693272921435614,TIME_LIMIT,7575,0,0,7,5
2,8,21934.0,-1.2145435950677566,-0.8693272921435614,TIME_LIMIT,7600,0,0,20,8
2,8,22006.0,-1.214352860593326,-0.8693272921435614,TIME_LIMIT,7619,0,0,13,4
2,8,22042.0,-1.214352860593326,-0.8693272921435614,TIME_LIMIT,7639,0,0,25,15
2,8,22130.0,-1.2141786154439762,-0.8693272921435614,TIME_LIMIT,7670,0,0,11,17
2,8,22177.0,-1.2141786154439762,-0.8693272921435614,TIME_LIMIT,7689,0,0,17,7
2,8,22323.0,-1.2141709313565094,-0.8693272921435614,TIME_LIMIT,7719,0,0,18,8
2,8,22386.0,-1.2141709313565094,-0.8693272921435614,TIME_LIMIT,7741,0,0,15,9
2,8,22537.0,-1.2139931950376581,-0.8693272921435614,TIME_LIMIT,7777,0,0,20,8
2,8,22623.0,-1.2139931950376581,-0.8693272921435614,TIME_LIMIT,7798,0,0,19,24
2,8,22806.0,-1.2138090161650914,-0.8693272921435614,TIME_LIMIT,7837,0,0,18,6
2,8,22852.0,-1.2138090161650914,-0.8693272921435614,TIME_LIMIT,7862,0,0,14,7
2,8,22889.0,-1.2136868309842566,-0.8693272921435614,TIME_LIMIT,7882,0,0,12,4
2,8,22959.0,-1.2136868309842566,-0.8693272921435614,TIME_LIMIT,7901,0,0,19,14
2,8,23021.0,-1.2135861250766107,-0.8693272921435614,TIME_LIMIT,7929,0,0,12,8
2,8,23078.0,-1.2135861250766107,-0.8693272921435614,TIME_LIMIT,7949,0,0,23,12
2,8,23168.0,-1.2133277914775729,-0.8693272921435614,TIME_LIMIT,7982,0,0,13,8
2,8,23259.0,-1.2133277914775729,-0.8693272921435614,TIME_LIMIT,8002,0,0,18,13
2,8,23391.0,-1.2131507743971839,-0.8693272921435614,TIME_LIMIT,8033,0,0,15,7
2,8,23424.0,-1.2131507743971839,-0.8693272921435614,TIME_LIMIT,8052,0,0,15,5
2,8,23459.0,-1.2128410620119394,-0.8693272921435614,TIME_LIMIT,8080,0,0,7,10
2,8,23513.0,-1.2128410620119394,-0.8693272921435614,TIME_LIMIT,8098,0,0,13,10
2,8,23652.0,-1.21243605755194,-0.8693272921435614,TIME_LIMIT,8132,0,0,8,4
2,8,23789.0,-1.21243605755194,-0.8693272921435614,TIME_LIMIT,8153,0,0,12,12
2,8,23842.0,-1.212346092176296,-0.8693272921435614,TIME_LIMIT,8181,0,0,7,4
2,8,23911.0,-1.212346092176296,-0.8693272921435614,TIME_LIMIT,8196,0,0,16,12
2,8,23991.0,-1.2120703541472377,-0.8693272921435614,TIME_LIMIT,8231,0,0,15,7
2,8,24082.0,-1.2120703541472377,-0.8693272921435614,TIME_LIMIT,8256,0,0,24,26
2,8,24246.0,-1.211695975282585,-0.8693272921435614,TIME_LIMIT,8293,0,0,16,18
2,8,24357.0,-1.211695975282585,-0.8693272921435614,TIME_LIMIT,8314,0,0,17,11
2,8,24474.0,-1.2115591158043835,-0.8693272921435614,TIME_LIMIT,8348,0,0,17,14
2,8,24510.0,-1.2115591158043835,-0.8693272921435614,TIME_LIMIT,8366,0,0,18,7
2,8,24600.0,-1.2111830440507076,-0.8693272921435614,TIME_LIMIT,8396,0,0,13,8
2,8,24668.0,-1.2111830440507076,-0.8693272921435614,TIME_LIMIT,8417,0,0,23,11
2,8,24865.0,-1.2110897931343532,-0.8693272921435614,TIME_LIMIT,8455,0,0,20,9
2,8,24934.0,-1.2110897931343532,-0.8693272921435614,TIME_LIMIT,8472,0,0,18,9
2,8,25048.0,-1.2108850186075413,-0.8693272921435614,TIME_LIMIT,8502,0,0,8,10
2,8,25079.0,-1.2108850186075413,-0.8693272921435614,TIME_LIMIT,8521,0,0,15,6
2,8,25120.0,-1.2107563045854952,-0.8693272921435614,TIME_LIMIT,8549,0,0,13,5
2,8,25207.0,-1.2107563045854952,-0.8693272921435614,TIME_LIMIT,8574,0,0,12,6
2,8,25241.0,-1.210693441481795,-0.8693272921435614,TIME_LIMIT,8592,0,0,13,8
2,8,25275.0,-1.210693441481795,-0.8693272921435614,TIME_LIMIT,8605,0,0,12,7
2,8,25338.0,-1.2104526899181554,-0.8693272921435614,TIME_LIMIT,8633,0,0,13,6
2,8,25490.0,-1.2104526899181554,-0.8693272921435614,TIME_LIMIT,8661,0,0,28,23
2,8,25607.0,-1.2101152669000748,-0.8693272921435614,TIME_LIMIT,8696,0,0,14,9
2,8,25652.0,-1.2101152669000748,-0.8693272921435614,TIME_LIMIT,8713,0,0,16,14
2,8,25727.0,-1.2099519537162609,-0.8693272921435614,TIME_LIMIT,8740,0,0,13,4
2,8,25752.0,-1.2099519537162609,-0.8693272921435614,TIME_LIMIT,8757,0,0,13,11
2,8,25816.0,-1.2098607487871358,-0.8693272921435614,TIME_LIMIT,8782,0,0,5,4
2,8,25902.0,-1.2098607487871358,-0.8693272921435614,TIME_LIMIT,8800,0,0,10,14
2,8,26027.0,-1.2097878842269716,-0.8693272921435614,TIME_LIMIT,8833,0,0,11,7
2,8,26086.0,-1.2097878842269716,-0.8693272921435614,TIME_LIMIT,8856,0,0,16,14
2,8,26158.0,-1.2095800681371718,-0.8693272921435614,TIME_LIMIT,8889,0,0,8,4
2,8,26227.0,-1.2095800681371718,-0.8693272921435614,TIME_LIMIT,8912,0,0,23,9
2,8,26320.0,-1.2093155323452045,-0.8693272921435614,TIME_LIMIT,8944,0,0,16,5
2,8,26377.0,-1.2093155323452045,-0.8693272921435614,TIME_LIMIT,8968,0,0,18,13
2,8,26513.0,-1.2091972575948466,-0.8693272921435614,TIME_LIMIT,9000,0,0,17,5
2,8,26586.0,-1.2091972575948466,-0.8693272921435614,TIME_LIMIT,9018,0,0,16,13
2,8,26667.0,-1.2090258602853492,-0.8693272921435614,TIME_LIMIT,9049,0,0,16,8
2,8,26706.0,-1.2090258602853492,-0.8693272921435614,TIME_LIMIT,9068,0,0,16,6
2,8,26767.0,-1.2088964213691973,-0.8693272921435614,TIME_LIMIT,9090,0,0,15,5
2,8,26772.0,-1.2088964213691973,-0.8693272921435614,TIME_LIMIT,9100,0,0,13,8
2,8,26870.0,-1.2087000701435118,-0.8693272921435614,TIME_LIMIT,9130,0,0,10,8
2,8,26916.0,-1.2087000701435118,-0.8693272921435614,TIME_LIMIT,9149,0,0,19,6
2,8,27044.0,-1.208572148943261,-0.8693272921435614,TIME_LIMIT,9184,0,0,16,6
2,8,27079.0,-1.208572148943261,-0.8693272921435614,TIME_LIMIT,9203,0,0,11,11
2,8,27159.0,-1.2085517111472128,-0.8693272921435614,TIME_LIMIT,9230,0,0,8,6
2,8,27248.0,-1.2085517111472128,-0.8693272921435614,TIME_LIMIT,9255,0,0,13,6
2,8,27327.0,-1.2082799733831273,-0.8693272921435614,TIME_LIMIT,9286,0,0,8,12
2,8,27367.0,-1.2082799733831273,-0.8693272921435614,TIME_LIMIT,9299,0,0,14,15
2,8,27483.0,-1.208164201410784,-0.8693272921435614,TIME_LIMIT,9333,0,0,12,7
2,8,27548.0,-1.208164201410784,-0.8693272921435614,TIME_LIMIT,9354,0,0,18,16
2,8,27599.0,-1.2081543390501461,-0.8693272921435614,TIME_LIMIT,9383,0,0,13,10
2,8,27689.0,-1.2081543390501461,-0.8693272921435614,TIME_LIMIT,9405,0,0,15,9
2,8,27751.0,-1.2080231760730964,-0.8693272921435614,TIME_LIMIT,9426,0,0,16,6
2,8,27784.0,-1.2080231760730964,-0.8693272921435614,TIME_LIMIT,9447,0,0,20,12
2,8,27932.0,-1.207716583946819,-0.8693272921435614,TIME_LIMIT,9481,0,0,14,15
2,8,28019.0,-1.207716583946819,-0.8693272921435614,TIME_LIMIT,9505,0,0,19,15
2,8,28168.0,-1.2077116077170962,-0.8693272921435614,TIME_LIMIT,9542,0,0,10,14
2,8,28200.0,-1.2077116077170962,-0.8693272921435614,TIME_LIMIT,9558,0,0,11,6
2,8,28331.0,-1.2075541050221277,-0.8693272921435614,TIME_LIMIT,9596,0,0,19,8
2,8,28364.0,-1.2075541050221277,-0.8693272921435614,TIME_LIMIT,9622,0,0,18,3
2,8,28426.0,-1.2073207629740332,-0.8693272921435614,TIME_LIMIT,9644,0,0,7,5
2,8,28492.0,-1.2073207629740332,-0.8693272921435614,TIME_LIMIT,9663,0,0,17,13
2,8,28644.0,-1.2069368770860578,-0.8693272921435614,TIME_LIMIT,9701,0,0,12,7
2,8,28666.0,-1.2069368770860578,-0.8693272921435614,TIME_LIMIT,9719,0,0,8,9
2,8,28702.0,-1.206692341602263,-0.8693272921435614,TIME_LIMIT,9745,0,0,8,7
2,8,28765.0,-1.206692341602263,-0.8693272921435614,TIME_LIMIT,9770,0,0,11,29
2,8,28963.0,-1.2063909311247794,-0.8693272921435614,TIME_LIMIT,9812,0,0,13,12
2,8,29029.0,-1.2063909311247794,-0.8693272921435614,TIME_LIMIT,9834,0,0,19,20
2,8,29117.0,-1.2062130380496272,-0.8693272921435614,TIME_LIMIT,9866,0,0,16,7
2,8,29220.0,-1.2062130380496272,-0.8693272921435614,TIME_LIMIT,9890,0,0,20,9
2,8,29370.0,-1.2060129373299555,-0.8693272921435614,TIME_LIMIT,9926,0,0,20,7
2,8,29429.0,-1.2060129373299555,-0.8693272921435614,TIME_LIMIT,9946,0,0,15,5
2,8,29471.0,-1.2057374806041739,-0.8693272921435614,TIME_LIMIT,9962,0,0,12,4
2,8,29664.0,-1.2057374806041739,-0.8693272921435614,TIME_LIMIT,9983,0,0,20,14
2,8,29814.0,-1.2055573948626568,-0.8693272921435614,TIME_LIMIT,10028,0,0,22,7
2,8,29890.0,-1.2055573948626568,-0.8693272921435614,TIME_LIMIT,10048,0,0,15,17
2,8,29953.0,-1.2055489413236464,-0.8693272921435614,TIME_LIMIT,10075,0,0,10,7
2,8,30032.0,-1.2055489413236464,-0.8693272921435614,TIME_LIMIT,10098,0,0,18,13
2,8,30134.0,-1.205533967838133,-0.8693272921435614,TIME_LIMIT,10121,0,0,19,9
2,8,30177.0,-1.205533967838133,-0.8693272921435614,TIME_LIMIT,10140,0,0,14,5
2,8,30248.0,-1.2053548175663913,-0.8693272921435614,TIME_LIMIT,10168,0,0,6,4
2,8,30343.0,-1.2053548175663913,-0.8693272921435614,TIME_LIMIT,10192,0,0,17,7
2,8,30370.0,-1.2051322652928225,-0.8693272921435614,TIME_LIMIT,10211,0,0,14,9
2,8,30397.0,-1.2051322652928225,-0.8693272921435614,TIME_LIMIT,10226,0,0,11,10
2,8,30452.0,-1.2049948754057425,-0.8693272921435614,TIME_LIMIT,10247,0,0,8,8
2,8,30472.0,-1.2049948754057425,-0.8693272921435614,TIME_LIMIT,10263,0,0,19,15
2,8,30543.0,-1.2042943234833106,-0.8693272921435614,TIME_LIMIT,10292,0,0,15,5
2,8,30653.0,-1.2042943234833106,-0.8693272921435614,TIME_LIMIT,10314,0,0,12,12
2,8,30773.0,-1.204226412086744,-0.8693272921435614,TIME_LIMIT,10344,0,0,15,19
2,8,30820.0,-1.204226412086744,-0.8693272921435614,TIME_LIMIT,10362,0,0,17,7
2,8,30867.0,-1.2042036322185894,-0.8693272921435614,TIME_LIMIT,10391,0,0,8,6
2,8,30903.0,-1.2042036322185894,-0.8693272921435614,TIME_LIMIT,10407,0,0,13,13
2,8,31067.0,-1.2039969802883217,-0.8693272921435614,TIME_LIMIT,10443,0,0,15,10
2,8,31099.0,-1.2039969802883217,-0.8693272921435614,TIME_LIMIT,10463,0,0,7,7
2,8,31172.0,-1.20361696078702,-0.8693272921435614,TIME_LIMIT,10494,0,0,8,11
2,8,31233.0,-1.20361696078702,-0.8693272921435614,TIME_LIMIT,10515,0,0,20,16
2,8,31294.0,-1.2023004057921554,-0.8693272921435614,TIME_LIMIT,10548,0,0,11,4
2,8,31329.0,-1.2023004057921554,-0.8693272921435614,TIME_LIMIT,10569,0,0,12,8
2,8,31373.0,-1.2021008605447256,-0.8693272921435614,TIME_LIMIT,10595,0,0,8,5
2,8,31398.0,-1.2021008605447256,-0.8693272921435614,TIME_LIMIT,10614,0,0,11,11
2,8,31449.0,-1.2009261072942359,-0.8693272921435614,TIME_LIMIT,10640,0,0,11,9
2,8,31532.0,-1.2009261072942359,-0.8693272921435614,TIME_LIMIT,10658,0,0,13,6
2,8,31569.0,-1.200549603171484,-0.8693272921435614,TIME_LIMIT,10680,0,0,13,4
2,8,31611.0,-1.200549603171484,-0.8693272921435614,TIME_LIMIT,10698,0,0,11,10
2,8,31686.0,-1.2004604214888954,-0.8693272921435614,TIME_LIMIT,10723,0,0,11,3
2,8,31833.0,-1.2004604214888954,-0.8693272921435614,TIME_LIMIT,10747,0,0,20,22
2,8,31963.0,-1.20029933909036,-0.8693272921435614,TIME_LIMIT,10784,0,0,17,11
2,8,32066.0,-1.20029933909036,-0.8693272921435614,TIME_LIMIT,10804,0,0,14,6
2,8,32124.0,-1.2002875632159002,-0.8693272921435614,TIME_LIMIT,10829,0,0,14,5
2,8,32166.0,-1.2002875632159002,-0.8693272921435614,TIME_LIMIT,10844,0,0,22,26
2,8,32234.0,-1.200119639177034,-0.8693272921435614,TIME_LIMIT,10880,0,0,18,9
2,8,32315.0,-1.200119639177034,-0.8693272921435614,TIME_LIMIT,10904,0,0,17,16
2,8,32399.0,-1.2000999271595825,-0.8693272921435614,TIME_LIMIT,10932,0,0,10,14
2,8,32535.0,-1.2000999271595825,-0.8693272921435614,TIME_LIMIT,10957,0,0,20,15
2,8,32688.0,-1.1999880880784435,-0.8693272921435614,TIME_LIMIT,10988,0,0,9,6
2,8,32727.0,-1.1999880880784435,-0.8693272921435614,TIME_LIMIT,11007,0,0,9,10
2,8,32763.0,-1.199891503965901,-0.8693272921435614,TIME_LIMIT,11028,0,0,7,2
2,8,32792.0,-1.199891503965901,-0.8693272921435614,TIME_LIMIT,11051,0,0,15,13
2,8,32828.0,-1.1997216527372705,-0.8693272921435614,TIME_LIMIT,11078,0,0,9,9
2,8,32920.0,-1.1997216527372705,-0.8693272921435614,TIME_LIMIT,11103,0,0,23,16
2,8,33115.0,-1.1995871625008308,-0.8693272921435614,TIME_LIMIT,11136,0,0,17,6
2,8,33159.0,-1.1995871625008308,-0.8693272921435614,TIME_LIMIT,11158,0,0,15,12
2,8,33194.0,-1.1995239177088832,-0.8693272921435614,TIME_LIMIT,11177,0,0,9,7
2,8,33249.0,-1.1995239177088832,-0.8693272921435614,TIME_LIMIT,11196,0,0,18,7
2,8,33330.0,-1.19949980368997,-0.8693272921435614,TIME_LIMIT,11226,0,0,4,3
2,8,33438.0,-1.19949980368997,-0.8693272921435614,TIME_LIMIT,11251,0,0,12,7
2,8,33477.0,-1.1994531718976533,-0.8693272921435614,TIME_LIMIT,11269,0,0,12,8
2,8,33568.0,-1.1994531718976533,-0.8693272921435614,TIME_LIMIT,11285,0,0,15,9
2,8,33620.0,-1.1993853998958428,-0.8693272921435614,TIME_LIMIT,11315,0,0,10,4
2,8,33743.0,-1.1993853998958428,-0.8693272921435614,TIME_LIMIT,11343,0,0,23,20
2,8,33853.0,-1.1993352222099247,-0.8693272921435614,TIME_LIMIT,11375,0,0,11,2
2,8,33872.0,-1.1993352222099247,-0.8693272921435614,TIME_LIMIT,11391,0,0,11,5
2,8,33890.0,-1.1991960046955716,-0.8693272921435614,TIME_LIMIT,11405,0,0,8,6
2,8,33962.0,-1.1991960046955716,-0.8693272921435614,TIME_LIMIT,11428,0,0,12,4
2,8,33999.0,-1.198500564674926,-0.8693272921435614,TIME_LIMIT,11443,0,0,12,7
2,8,34045.0,-1.198500564674926,-0.8693272921435614,TIME_LIMIT,11465,0,0,12,9
2,8,34093.0,-1.1984766079644236,-0.8693272921435614,TIME_LIMIT,11487,0,0,12,3
2,8,34264.0,-1.1984766079644236,-0.8693272921435614,TIME_LIMIT,11509,0,0,18,15
2,8,34346.0,-1.198058067386753,-0.8693272921435614,TIME_LIMIT,11542,0,0,16,6
2,8,34376.0,-1.198058067386753,-0.8693272921435614,TIME_LIMIT,11560,0,0,13,10
2,8,34438.0,-1.1980158644986123,-0.8693272921435614,TIME_LIMIT,11587,0,0,5,6
2,8,34457.0,-1.1980158644986123,-0.8693272921435614,TIME_LIMIT,11603,0,0,13,4
2,8,34494.0,-1.1979304618975928,-0.8693272921435614,TIME_LIMIT,11629,0,0,13,4
2,8,34518.0,-1.1979304618975928,-0.8693272921435614,TIME_LIMIT,11648,0,0,16,12
2,8,34604.0,-1.1977848524647328,-0.8693272921435614,TIME_LIMIT,11672,0,0,9,5
2,8,34649.0,-1.1977848524647328,-0.8693272921435614,TIME_LIMIT,11690,0,0,7,8
2,8,34755.0,-1.1976145598875965,-0.8693272921435614,TIME_LIMIT,11725,0,0,15,9
2,8,34792.0,-1.1976145598875965,-0.8693272921435614,TIME_LIMIT,11742,0,0,20,7
2,8,34907.0,-1.1974828731205078,-0.8693272921435614,TIME_LIMIT,11775,0,0,9,6
2,8,34982.0,-1.1974828731205078,-0.8693272921435614,TIME_LIMIT,11800,0,0,16,5
2,8,35086.0,-1.1974619157088797,-0.8693272921435614,TIME_LIMIT,11833,0,0,16,10
2,8,35267.0,-1.1974619157088797,-0.8693272921435614,TIME_LIMIT,11855,0,0,21,23
2,8,35418.0,-1.1973935075368907,-0.8693272921435614,TIME_LIMIT,11889,0,0,17,12
2,8,35551.0,-1.1973935075368907,-0.8693272921435614,TIME_LIMIT,11914,0,0,23,25
2,8,35635.0,-1.1973448646718363,-0.8693272921435614,TIME_LIMIT,11943,0,0,16,11
2,8,35769.0,-1.1973448646718363,-0.8693272921435614,TIME_LIMIT,11968,0,0,18,14
2,8,35838.0,-1.1972261540442168,-0.8693272921435614,TIME_LIMIT,11990,0,0,15,5
2,8,35915.0,-1.1972261540442168,-0.8693272921435614,TIME_LIMIT,12008,0,0,18,6
2,8,35972.0,-1.1970626743550925,-0.8693272921435614,TIME_LIMIT,12036,0,0,15,6
2,8,36029.0,-1.1970626743550925,-0.8693272921435614,TIME_LIMIT,12056,0,0,24,18
2,8,36202.0,-1.1969407869076105,-0.8693272921435614,TIME_LIMIT,12088,0,0,12,12
2,8,36279.0,-1.1969407869076105,-0.8693272921435614,TIME_LIMIT,12105,0,0,12,6
2,8,36329.0,-1.1965848110165214,-0.8693272921435614,TIME_LIMIT,12133,0,0,11,6
2,8,36392.0,-1.1965848110165214,-0.8693272921435614,TIME_LIMIT,12153,0,0,19,7
2,8,36512.0,-1.196487296671149,-0.8693272921435614,TIME_LIMIT,12185,0,0,12,4
2,8,36661.0,-1.196487296671149,-0.8693272921435614,TIME_LIMIT,12210,0,0,15,12
2,8,36756.0,-1.196460177673839,-0.8693272921435614,TIME_LIMIT,12243,0,0,17,9
2,8,36780.0,-1.196460177673839,-0.8693272921435614,TIME_LIMIT,12260,0,0,15,8
2,8,36849.0,-1.196323091509196,-0.8693272921435614,TIME_LIMIT,12282,0,0,10,5
2,8,36916.0,-1.196323091509196,-0.8693272921435614,TIME_LIMIT,12300,0,0,20,18
2,8,36985.0,-1.1960888852876415,-0.8693272921435614,TIME_LIMIT,12333,0,0,15,9
2,8,37094.0,-1.1960888852876415,-0.8693272921435614,TIME_LIMIT,12358,0,0,24,18
2,8,37186.0,-1.1960666697389277,-0.8693272921435614,TIME_LIMIT,12390,0,0,14,6
2,8,37248.0,-1.1960666697389277,-0.8693272921435614,TIME_LIMIT,12413,0,0,17,17
2,8,37381.0,-1.1959798372134418,-0.8693272921435614,TIME_LIMIT,12444,0,0,11,5
2,8,37445.0,-1.1959798372134418,-0.8693272921435614,TIME_LIMIT,12464,0,0,8,7
2,8,37547.0,-1.1959453388354606,-0.8693272921435614,TIME_LIMIT,12494,0,0,11,9
2,8,37738.0,-1.1959453388354606,-0.8693272921435614,TIME_LIMIT,12523,0,0,18,21
2,8,37843.0,-1.1956030418191697,-0.8693272921435614,TIME_LIMIT,12555,0,0,12,9
2,8,37905.0,-1.1956030418191697,-0.8693272921435614,TIME_LIMIT,12577,0,0,17,9
2,8,38010.0,-1.1955097140880504,-0.8693272921435614,TIME_LIMIT,12612,0,0,15,9
2,8,38106.0,-1.1955097140880504,-0.8693272921435614,TIME_LIMIT,12629,0,0,23,11
2,8,38180.0,-1.195423987288522,-0.8693272921435614,TIME_LIMIT,12658,0,0,14,3
2,8,38256.0,-1.195423987288522,-0.8693272921435614,TIME_LIMIT,12681,0,0,17,7
2,8,38304.0,-1.1953332909942769,-0.8693272921435614,TIME_LIMIT,12709,0,0,13,8
2,8,38396.0,-1.1953332909942769,-0.8693272921435614,TIME_LIMIT,12733,0,0,16,24
2,8,38517.0,-1.1950589448904232,-0.8693272921435614,TIME_LIMIT,12769,0,0,16,7
2,8,38553.0,-1.1950589448904232,-0.8693272921435614,TIME_LIMIT,12789,0,0,14,8
2,8,38630.0,-1.1943881967098455,-0.8693272921435614,TIME_LIMIT,12804,0,0,8,4
2,8,38703.0,-1.1943881967098455,-0.8693272921435614,TIME_LIMIT,12831,0,0,20,14
2,8,38839.0,-1.194340469964317,-0.8693272921435614,TIME_LIMIT,12849,0,0,15,10
2,8,38957.0,-1.194340469964317,-0.8693272921435614,TIME_LIMIT,12871,0,0,26,9
2,8,39115.0,-1.1942415644629967,-0.8693272921435614,TIME_LIMIT,12911,0,0,8,7
2,8,39156.0,-1.1942415644629967,-0.8693272921435614,TIME_LIMIT,12929,0,0,18,17
2,8,39357.0,-1.1942388245320454,-0.8693272921435614,TIME_LIMIT,12966,0,0,16,11
2,8,39444.0,-1.1942388245320454,-0.8693272921435614,TIME_LIMIT,12980,0,0,19,14
2,8,39617.0,-1.1939895561744645,-0.8693272921435614,TIME_LIMIT,13019,0,0,13,8
2,8,39696.0,-1.1939895561744645,-0.8693272921435614,TIME_LIMIT,13040,0,0,25,19
2,8,39885.0,-1.1938407527523707,-0.8693272921435614,TIME_LIMIT,13080,0,0,11,5
2,8,39942.0,-1.1938407527523707,-0.8693272921435614,TIME_LIMIT,13095,0,0,14,8
2,8,40011.0,-1.193835322000687,-0.8693272921435614,TIME_LIMIT,13124,0,0,10,6
2,8,40101.0,-1.193835322000687,-0.8693272921435614,TIME_LIMIT,13146,0,0,15,14
2,8,40299.0,-1.1936151592385806,-0.8693272921435614,TIME_LIMIT,13185,0,0,6,10
2,8,40372.0,-1.1936151592385806,-0.8693272921435614,TIME_LIMIT,13203,0,0,18,16
2,8,40485.0,-1.193401344299566,-0.8693272921435614,TIME_LIMIT,13236,0,0,19,8
2,8,40541.0,-1.193401344299566,-0.8693272921435614,TIME_LIMIT,13256,0,0,10,11
2,8,40656.0,-1.1933950494451022,-0.8693272921435614,TIME_LIMIT,13288,0,0,14,5
2,8,40741.0,-1.1933950494451022,-0.8693272921435614,TIME_LIMIT,13312,0,0,8,9
2,8,40824.0,-1.1931514707434407,-0.8693272921435614,TIME_LIMIT,13345,0,0,9,4
2,8,40871.0,-1.1931514707434407,-0.8693272921435614,TIME_LIMIT,13365,0,0,20,15
2,8,41011.0,-1.193093446875053,-0.8693272921435614,TIME_LIMIT,13406,0,0,17,4
2,8,41089.0,-1.193093446875053,-0.8693272921435614,TIME_LIMIT,13424,0,0,9,5
2,8,41206.0,-1.193047350238449,-0.8693272921435614,TIME_LIMIT,13458,0,0,12,5
2,8,41372.0,-1.193047350238449,-0.8693272921435614,TIME_LIMIT,13483,0,0,24,17
2,8,41436.0,-1.1929763829831597,-0.8693272921435614,TIME_LIMIT,13517,0,0,18,6
2,8,41518.0,-1.1929763829831597,-0.8693272921435614,TIME_LIMIT,13541,0,0,20,12
2,8,41602.0,-1.192889957851127,-0.8693272921435614,TIME_LIMIT,13572,0,0,12,8
2,8,41680.0,-1.192889957851127,-0.8693272921435614,TIME_LIMIT,13596,0,0,23,11
2,8,41756.0,-1.1926644101475017,-0.8693272921435614,TIME_LIMIT,13624,0,0,15,7
2,8,41954.0,-1.1926644101475017,-0.8693272921435614,TIME_LIMIT,13646,0,0,20,16
2,8,42005.0,-1.192410164549841,-0.8693272921435614,TIME_LIMIT,13678,0,0,13,11
2,8,42054.0,-1.192410164549841,-0.8693272921435614,TIME_LIMIT,13698,0,0,10,9
2,8,42127.0,-1.1924032115382364,-0.8693272921435614,TIME_LIMIT,13725,0,0,8,6
2,8,42218.0,-1.1924032115382364,-0.8693272921435614,TIME_LIMIT,13751,0,0,19,5
2,8,42253.0,-1.1923399768745897,-0.8693272921435614,TIME_LIMIT,13771,0,0,19,5
2,8,42295.0,-1.1923399768745897,-0.8693272921435614,TIME_LIMIT,13793,0,0,16,17
2,8,42317.0,-1.1922115199499093,-0.8693272921435614,TIME_LIMIT,13806,0,0,11,11
2,8,42512.0,-1.1922115199499093,-0.8693272921435614,TIME_LIMIT,13829,0,0,17,9
2,8,42620.0,-1.1920739749235287,-0.8693272921435614,TIME_LIMIT,13864,0,0,16,11
2,8,42665.0,-1.1920739749235287,-0.8693272921435614,TIME_LIMIT,13885,0,0,16,17
2,8,42730.0,-1.191958137228478,-0.8693272921435614,TIME_LIMIT,13915,0,0,14,13
2,8,42799.0,-1.191958137228478,-0.8693272921435614,TIME_LIMIT,13937,0,0,20,23
2,8,42944.0,-1.1917866588257466,-0.8693272921435614,TIME_LIMIT,13972,0,0,17,12
2,8,42992.0,-1.1917866588257466,-0.8693272921435614,TIME_LIMIT,13989,0,0,19,11
2,8,43092.0,-1.1916992211365858,-0.8693272921435614,TIME_LIMIT,14020,0,0,10,4
2,8,43220.0,-1.1916992211365858,-0.8693272921435614,TIME_LIMIT,14047,0,0,26,18
2,8,43342.0,-1.1915060383144607,-0.8693272921435614,TIME_LIMIT,14081,0,0,13,14
2,8,43386.0,-1.1915060383144607,-0.8693272921435614,TIME_LIMIT,14100,0,0,18,8
2,8,43513.0,-1.191266672186956,-0.8693272921435614,TIME_LIMIT,14133,0,0,15,8
2,8,43587.0,-1.191266672186956,-0.8693272921435614,TIME_LIMIT,14150,0,0,17,18
2,8,43664.0,-1.1912647390065485,-0.8693272921435614,TIME_LIMIT,14185,0,0,13,8
2,8,43707.0,-1.1912647390065485,-0.8693272921435614,TIME_LIMIT,14203,0,0,20,13
2,8,43764.0,-1.191187084147794,-0.8693272921435614,TIME_LIMIT,14228,0,0,11,8
2,8,43799.0,-1.191187084147794,-0.8693272921435614,TIME_LIMIT,14245,0,0,24,20
2,8,43999.0,-1.1908417535313722,-0.8693272921435614,TIME_LIMIT,14275,0,0,15,5
2,8,44043.0,-1.1908417535313722,-0.8693272921435614,TIME_LIMIT,14295,0,0,11,5
2,8,44122.0,-1.1907860483982922,-0.8693272921435614,TIME_LIMIT,14316,0,0,12,9
2,8,44251.0,-1.1907860483982922,-0.8693272921435614,TIME_LIMIT,14340,0,0,18,8
2,8,44348.0,-1.1907854744160489,-0.8693272921435614,TIME_LIMIT,14372,0,0,15,9
2,8,44424.0,-1.1907854744160489,-0.8693272921435614,TIME_LIMIT,14390,0,0,22,12
2,8,44583.0,-1.1907697739126062,-0.8693272921435614,TIME_LIMIT,14430,0,0,7,5
2,8,44672.0,-1.1907697739126062,-0.8693272921435614,TIME_LIMIT,14447,0,0,22,15
2,8,44803.0,-1.1906593609276517,-0.8693272921435614,TIME_LIMIT,14485,0,0,20,6
2,8,44838.0,-1.1906593609276517,-0.8693272921435614,TIME_LIMIT,14502,0,0,15,16
2,8,44914.0,-1.1906344444620007,-0.8693272921435614,TIME_LIMIT,14529,0,0,11,5
2,8,45040.0,-1.1906344444620007,-0.8693272921435614,TIME_LIMIT,14552,0,0,18,17
2,8,45075.0,-1.1904130293524218,-0.8693272921435614,TIME_LIMIT,14580,0,0,12,4
2,8,45106.0,-1.1904130293524218,-0.8693272921435614,TIME_LIMIT,14599,0,0,17,5
2,8,45170.0,-1.1903222419810433,-0.8693272921435614,TIME_LIMIT,14626,0,0,8,3
2,8,45264.0,-1.1903222419810433,-0.8693272921435614,TIME_LIMIT,14649,0,0,10,11
2,8,45298.0,-1.1903142310046653,-0.8693272921435614,TIME_LIMIT,14664,0,0,9,4
2,8,45329.0,-1.1903142310046653,-0.8693272921435614,TIME_LIMIT,14682,0,0,12,3
2,8,45366.0,-1.1902280678159178,-0.8693272921435614,TIME_LIMIT,14699,0,0,8,6
2,8,45400.0,-1.1902280678159178,-0.8693272921435614,TIME_LIMIT,14717,0,0,5,1
2,8,45447.0,-1.1901830190338747,-0.8693272921435614,TIME_LIMIT,14738,0,0,3,2
2,8,45508.0,-1.1901830190338747,-0.8693272921435614,TIME_LIMIT,14761,0,0,14,25
2,8,45667.0,-1.1900748586927687,-0.8693272921435614,TIME_LIMIT,14800,0,0,13,7
2,8,45690.0,-1.1900748586927687,-0.8693272921435614,TIME_LIMIT,14817,0,0,14,8
2,8,45746.0,-1.1899671115936283,-0.8693272921435614,TIME_LIMIT,14846,0,0,14,5
2,8,45772.0,-1.1899671115936283,-0.8693272921435614,TIME_LIMIT,14861,0,0,11,6
2,8,45820.0,-1.1899619231772014,-0.8693272921435614,TIME_LIMIT,14887,0,0,6,3
2,8,45939.0,-1.1899619231772014,-0.8693272921435614,TIME_LIMIT,14909,0,0,19,15
2,8,46002.0,-1.1895294592830281,-0.8693272921435614,TIME_LIMIT,14935,0,0,10,10
2,8,46098.0,-1.1895294592830281,-0.8693272921435614,TIME_LIMIT,14954,0,0,20,15
2,8,46158.0,-1.189457665722156,-0.8693272921435614,TIME_LIMIT,14986,0,0,12,7
2,8,46287.0,-1.189457665722156,-0.8693272921435614,TIME_LIMIT,15010,0,0,8,14
2,8,46318.0,-1.189425723011398,-0.8693272921435614,TIME_LIMIT,15033,0,0,9,5
2,8,46370.0,-1.189425723011398,-0.8693272921435614,TIME_LIMIT,15057,0,0,14,10
2,8,46398.0,-1.1892704570750474,-0.8693272921435614,TIME_LIMIT,15071,0,0,11,8
2,8,46475.0,-1.1892704570750474,-0.8693272921435614,TIME_LIMIT,15095,0,0,23,17
2,8,46675.0,-1.1892028809789263,-0.8693272921435614,TIME_LIMIT,15128,0,0,16,10
2,8,46734.0,-1.1892028809789263,-0.8693272921435614,TIME_LIMIT,15152,0,0,21,10
2,8,46915.0,-1.1889462393409864,-0.8693272921435614,TIME_LIMIT,15186,0,0,17,7
2,8,47045.0,-1.1889462393409864,-0.8693272921435614,TIME_LIMIT,15204,0,0,14,9
2,8,47182.0,-1.1886212719969629,-0.8693272921435614,TIME_LIMIT,15241,0,0,13,7
2,8,47237.0,-1.1886212719969629,-0.8693272921435614,TIME_LIMIT,15260,0,0,20,13
2,8,47436.0,-1.1886145462042685,-0.8693272921435614,TIME_LIMIT,15295,0,0,15,4
2,8,47498.0,-1.1886145462042685,-0.8693272921435614,TIME_LIMIT,15315,0,0,16,9
2,8,47618.0,-1.1885133977684166,-0.8693272921435614,TIME_LIMIT,15346,0,0,14,7
2,8,47651.0,-1.1885133977684166,-0.8693272921435614,TIME_LIMIT,15365,0,0,11,11
2,8,47700.0,-1.1884137192103317,-0.8693272921435614,TIME_LIMIT,15392,0,0,10,8
2,8,47734.0,-1.1884137192103317,-0.8693272921435614,TIME_LIMIT,15408,0,0,11,5
2,8,47789.0,-1.1882237053854818,-0.8693272921435614,TIME_LIMIT,15443,0,0,12,4
2,8,47828.0,-1.1882237053854818,-0.8693272921435614,TIME_LIMIT,15460,0,0,17,7
2,8,47875.0,-1.1880845915924048,-0.8693272921435614,TIME_LIMIT,15488,0,0,8,3
2,8,48012.0,-1.1880845915924048,-0.8693272921435614,TIME_LIMIT,15512,0,0,7,11
2,8,48089.0,-1.1879652099587616,-0.8693272921435614,TIME_LIMIT,15544,0,0,10,7
2,8,48130.0,-1.1879652099587616,-0.8693272921435614,TIME_LIMIT,15560,0,0,17,12
2,8,48262.0,-1.1877907048274456,-0.8693272921435614,TIME_LIMIT,15596,0,0,10,13
2,8,48335.0,-1.1877907048274456,-0.8693272921435614,TIME_LIMIT,15617,0,0,20,11
2,8,48530.0,-1.1877824304721134,-0.8693272921435614,TIME_LIMIT,15647,0,0,14,8
2,8,48579.0,-1.1877824304721134,-0.8693272921435614,TIME_LIMIT,15667,0,0,22,9
2,8,48643.0,-1.1877323140136822,-0.8693272921435614,TIME_LIMIT,15698,0,0,10,6
2,8,48764.0,-1.1877323140136822,-0.8693272921435614,TIME_LIMIT,15733,0,0,23,10
2,8,48867.0,-1.1876850597621071,-0.8693272921435614,TIME_LIMIT,15759,0,0,20,16
2,8,48902.0,-1.1876850597621071,-0.8693272921435614,TIME_LIMIT,15779,0,0,19,11
2,8,48973.0,-1.1876790975001987,-0.8693272921435614,TIME_LIMIT,15813,0,0,18,9
2,8,49121.0,-1.1876790975001987,-0.8693272921435614,TIME_LIMIT,15834,0,0,23,5
2,8,49186.0,-1.1871342830050573,-0.8693272921435614,TIME_LIMIT,15859,0,0,10,5
2,8,49315.0,-1.1871342830050573,-0.8693272921435614,TIME_LIMIT,15882,0,0,23,16
2,8,49444.0,-1.1871074460718438,-0.8693272921435614,TIME_LIMIT,15917,0,0,15,8
2,8,49476.0,-1.1871074460718438,-0.8693272921435614,TIME_LIMIT,15934,0,0,15,8
2,8,49589.0,-1.1868560721732637,-0.8693272921435614,TIME_LIMIT,15968,0,0,17,12
2,8,49681.0,-1.1868560721732637,-0.8693272921435614,TIME_LIMIT,15991,0,0,12,13
2,8,49801.0,-1.1868471872248452,-0.8693272921435614,TIME_LIMIT,16023,0,0,10,8
2,8,49857.0,-1.1868471872248452,-0.8693272921435614,TIME_LIMIT,16043,0,0,16,20
2,8,49927.0,-1.1866736978988603,-0.8693272921435614,TIME_LIMIT,16074,0,0,14,7
2,8,49968.0,-1.1866736978988603,-0.8693272921435614,TIME_LIMIT,16094,0,0,23,10
2,8,50048.0,-1.1866616100447418,-0.8693272921435614,TIME_LIMIT,16124,0,0,16,8
2,8,50100.0,-1.1866616100447418,-0.8693272921435614,TIME_LIMIT,16142,0,0,17,6
2,8,50162.0,-1.186646777487972,-0.8693272921435614,TIME_LIMIT,16166,0,0,10,4
2,8,50201.0,-1.186646777487972,-0.8693272921435614,TIME_LIMIT,16186,0,0,15,6
2,8,50267.0,-1.186457703760499,-0.8693272921435614,TIME_LIMIT,16210,0,0,8,6
2,8,50388.0,-1.186457703760499,-0.8693272921435614,TIME_LIMIT,16240,0,0,22,29
2,8,50557.0,-1.1863905691187804,-0.8693272921435614,TIME_LIMIT,16266,0,0,18,11
2,8,50609.0,-1.1863905691187804,-0.8693272921435614,TIME_LIMIT,16287,0,0,17,13
2,8,50713.0,-1.1861503163284284,-0.8693272921435614,TIME_LIMIT,16321,0,0,11,6
2,8,50812.0,-1.1861503163284284,-0.8693272921435614,TIME_LIMIT,16344,0,0,19,16
2,8,50906.0,-1.186124332852402,-0.8693272921435614,TIME_LIMIT,16371,0,0,13,7
2,8,50963.0,-1.186124332852402,-0.8693272921435614,TIME_LIMIT,16396,0,0,18,4
2,8,51005.0,-1.1860097528908662,-0.8693272921435614,TIME_LIMIT,16415,0,0,12,2
2,8,51061.0,-1.1860097528908662,-0.8693272921435614,TIME_LIMIT,16434,0,0,7,5
2,8,51106.0,-1.1859930964506162,-0.8693272921435614,TIME_LIMIT,16459,0,0,13,7
2,8,51177.0,-1.1859930964506162,-0.8693272921435614,TIME_LIMIT,16485,0,0,20,20
2,8,51258.0,-1.185836593618082,-0.8693272921435614,TIME_LIMIT,16509,0,0,11,2
2,8,51376.0,-1.185836593618082,-0.8693272921435614,TIME_LIMIT,16540,0,0,21,25
2,8,51517.0,-1.1856649845465763,-0.8693272921435614,TIME_LIMIT,16578,0,0,15,13
2,8,51580.0,-1.1856649845465763,-0.8693272921435614,TIME_LIMIT,16597,0,0,19,15
2,8,51660.0,-1.1856355277671575,-0.8693272921435614,TIME_LIMIT,16629,0,0,13,10
2,8,51816.0,-1.1856355277671575,-0.8693272921435614,TIME_LIMIT,16655,0,0,20,31
2,8,52022.0,-1.1856113333919558,-0.8693272921435614,TIME_LIMIT,16694,0,0,7,8
2,8,52163.0,-1.1856113333919558,-0.8693272921435614,TIME_LIMIT,16721,0,0,21,15
2,8,52266.0,-1.18552413136155,-0.8693272921435614,TIME_LIMIT,16754,0,0,15,18
2,8,52292.0,-1.18552413136155,-0.8693272921435614,TIME_LIMIT,16774,0,0,11,5
2,8,52364.0,-1.1852958851247397,-0.8693272921435614,TIME_LIMIT,16800,0,0,13,7
2,8,52494.0,-1.1852958851247397,-0.8693272921435614,TIME_LIMIT,16826,0,0,22,17
2,8,52563.0,-1.185292609002802,-0.8693272921435614,TIME_LIMIT,16862,0,0,18,10
2,8,52591.0,-1.185292609002802,-0.8693272921435614,TIME_LIMIT,16879,0,0,13,7
2,8,52649.0,-1.1852608154444593,-0.8693272921435614,TIME_LIMIT,16912,0,0,11,6
2,8,52707.0,-1.1852608154444593,-0.8693272921435614,TIME_LIMIT,16933,0,0,19,7
2,8,52775.0,-1.1850890823536875,-0.8693272921435614,TIME_LIMIT,16959,0,0,9,3
2,8,52944.0,-1.1850890823536875,-0.8693272921435614,TIME_LIMIT,16984,0,0,20,18
2,8,53143.0,-1.184966190747856,-0.8693272921435614,TIME_LIMIT,17024,0,0,21,16
2,8,53201.0,-1.184966190747856,-0.8693272921435614,TIME_LIMIT,17042,0,0,18,11
2,8,53284.0,-1.1849318102210569,-0.8693272921435614,TIME_LIMIT,17076,0,0,18,6
2,8,53348.0,-1.1849318102210569,-0.8693272921435614,TIME_LIMIT,17097,0,0,9,11
2,8,53397.0,-1.1849189693088167,-0.8693272921435614,TIME_LIMIT,17120,0,0,10,9
2,8,53476.0,-1.1849189693088167,-0.8693272921435614,TIME_LIMIT,17142,0,0,7,5
2,8,53520.0,-1.1848725378733145,-0.8693272921435614,TIME_LIMIT,17159,0,0,7,6
2,8,53631.0,-1.1848725378733145,-0.8693272921435614,TIME_LIMIT,17181,0,0,22,14
2,8,53771.0,-1.1847580585970041,-0.8693272921435614,TIME_LIMIT,17212,0,0,18,7
2,8,53832.0,-1.1847580585970041,-0.8693272921435614,TIME_LIMIT,17237,0,0,12,16
2,8,53927.0,-1.1847119972001257,-0.8693272921435614,TIME_LIMIT,17269,0,0,5,8
2,8,53956.0,-1.1847119972001257,-0.8693272921435614,TIME_LIMIT,17285,0,0,15,11
2,8,53997.0,-1.184659348478362,-0.8693272921435614,TIME_LIMIT,17310,0,0,11,4
2,8,54020.0,-1.184659348478362,-0.8693272921435614,TIME_LIMIT,17325,0,0,20,14
2,8,54169.0,-1.1846296084314025,-0.8693272921435614,TIME_LIMIT,17361,0,0,14,12
2,8,54200.0,-1.1846296084314025,-0.8693272921435614,TIME_LIMIT,17382,0,0,17,5
2,8,54285.0,-1.1844708207740153,-0.8693272921435614,TIME_LIMIT,17402,0,0,12,6
2,8,54357.0,-1.1844708207740153,-0.8693272921435614,TIME_LIMIT,17425,0,0,18,11
2,8,54444.0,-1.1844466982994157,-0.8693272921435614,TIME_LIMIT,17450,0,0,16,7
2,8,54530.0,-1.1844466982994157,-0.8693272921435614,TIME_LIMIT,17472,0,0,19,12
2,8,54627.0,-1.1843728091387442,-0.8693272921435614,TIME_LIMIT,17503,0,0,11,6
2,8,54669.0,-1.1843728091387442,-0.8693272921435614,TIME_LIMIT,17524,0,0,6,11
2,8,54758.0,-1.1843351548120873,-0.8693272921435614,TIME_LIMIT,17552,0,0,13,4
2,8,54860.0,-1.1843351548120873,-0.8693272921435614,TIME_LIMIT,17574,0,0,19,9
2,8,54906.0,-1.1841820147678774,-0.8693272921435614,TIME_LIMIT,17594,0,0,9,6
2,8,54955.0,-1.1841820147678774,-0.8693272921435614,TIME_LIMIT,17610,0,0,16,14
2,8,55005.0,-1.1841228315995127,-0.8693272921435614,TIME_LIMIT,17639,0,0,6,13
2,8,55063.0,-1.1841228315995127,-0.8693272921435614,TIME_LIMIT,17660,0,0,10,4
2,8,55139.0,-1.1840807169611745,-0.8693272921435614,TIME_LIMIT,17689,0,0,11,4
2,8,55223.0,-1.1840807169611745,-0.8693272921435614,TIME_LIMIT,17707,0,0,17,13
2,8,55389.0,-1.1840150479806377,-0.8693272921435614,TIME_LIMIT,17740,0,0,5,6
2,8,55518.0,-1.1840150479806377,-0.8693272921435614,TIME_LIMIT,17764,0,0,21,16
2,8,55590.0,-1.1839214455113185,-0.8693272921435614,TIME_LIMIT,17789,0,0,8,5
2,8,55623.0,-1.1839214455113185,-0.8693272921435614,TIME_LIMIT,17813,0,0,20,4
2,8,55682.0,-1.1838778727881714,-0.8693272921435614,TIME_LIMIT,17841,0,0,13,12
2,8,55736.0,-1.1838778727881714,-0.8693272921435614,TIME_LIMIT,17863,0,0,14,11
2,8,55807.0,-1.1837650267137803,-0.8693272921435614,TIME_LIMIT,17891,0,0,11,8
2,8,55885.0,-1.1837650267137803,-0.8693272921435614,TIME_LIMIT,17915,0,0,13,9
2,8,55921.0,-1.1836854206398058,-0.8693272921435614,TIME_LIMIT,17931,0,0,12,8
2,8,55987.0,-1.1836854206398058,-0.8693272921435614,TIME_LIMIT,17954,0,0,7,13
2,8,56046.0,-1.1833953268687818,-0.8693272921435614,TIME_LIMIT,17980,0,0,12,6
2,8,56083.0,-1.1833953268687818,-0.8693272921435614,TIME_LIMIT,18001,0,0,14,11
2,8,56172.0,-1.1833948130849363,-0.8693272921435614,TIME_LIMIT,18036,0,0,15,10
2,8,56213.0,-1.1833948130849363,-0.8693272921435614,TIME_LIMIT,18058,0,0,22,8
2,8,56257.0,-1.1832298998930435,-0.8693272921435614,TIME_LIMIT,18088,0,0,14,4
2,8,56370.0,-1.1832298998930435,-0.8693272921435614,TIME_LIMIT,18105,0,0,10,8
2,8,56456.0,-1.1831118556492888,-0.8693272921435614,TIME_LIMIT,18137,0,0,15,4
2,8,56521.0,-1.1831118556492888,-0.8693272921435614,TIME_LIMIT,18162,0,0,19,11
2,8,56623.0,-1.183043979559484,-0.8693272921435614,TIME_LIMIT,18197,0,0,17,8
2,8,56647.0,-1.183043979559484,-0.8693272921435614,TIME_LIMIT,18212,0,0,17,15
2,8,56736.0,-1.182861878230297,-0.8693272921435614,TIME_LIMIT,18242,0,0,6,6
2,8,56860.0,-1.182861878230297,-0.8693272921435614,TIME_LIMIT,18270,0,0,14,11
2,8,56930.0,-1.1828298538340154,-0.8693272921435614,TIME_LIMIT,18299,0,0,11,14
2,8,56988.0,-1.1828298538340154,-0.8693272921435614,TIME_LIMIT,18317,0,0,17,10
2,8,57091.0,-1.1827652178457355,-0.8693272921435614,TIME_LIMIT,18353,0,0,20,6
2,8,57257.0,-1.1827652178457355,-0.8693272921435614,TIME_LIMIT,18375,0,0,18,19
2,8,57348.0,-1.1824774267303553,-0.8693272921435614,TIME_LIMIT,18402,0,0,12,10
2,8,57479.0,-1.1824774267303553,-0.8693272921435614,TIME_LIMIT,18422,0,0,20,18
2,8,57680.0,-1.1821552245512352,-0.8693272921435614,TIME_LIMIT,18456,0,0,15,13
2,8,57756.0,-1.1821552245512352,-0.8693272921435614,TIME_LIMIT,18480,0,0,6,17
2,8,57852.0,-1.1821338874369076,-0.8693272921435614,TIME_LIMIT,18512,0,0,12,7
2,8,57920.0,-1.1821338874369076,-0.8693272921435614,TIME_LIMIT,18534,0,0,16,13
2,8,58097.0,-1.1819253022706833,-0.8693272921435614,TIME_LIMIT,18562,0,0,19,6
2,8,58248.0,-1.1819253022706833,-0.8693272921435614,TIME_LIMIT,18583,0,0,21,18
2,8,58424.0,-1.1816953022508225,-0.8693272921435614,TIME_LIMIT,18622,0,0,15,13
2,8,58468.0,-1.1816953022508225,-0.8693272921435614,TIME_LIMIT,18641,0,0,22,6
2,8,58589.0,-1.1816531497257683,-0.8693272921435614,TIME_LIMIT,18673,0,0,14,10
2,8,58625.0,-1.1816531497257683,-0.8693272921435614,TIME_LIMIT,18692,0,0,13,7
2,8,58683.0,-1.1815016993775285,-0.8693272921435614,TIME_LIMIT,18723,0,0,11,6
2,8,58728.0,-1.1815016993775285,-0.8693272921435614,TIME_LIMIT,18738,0,0,15,13
2,8,58849.0,-1.1813404500957916,-0.8693272921435614,TIME_LIMIT,18770,0,0,12,9
2,8,58956.0,-1.1813404500957916,-0.8693272921435614,TIME_LIMIT,18792,0,0,14,17
2,8,59056.0,-1.1812916545889303,-0.8693272921435614,TIME_LIMIT,18825,0,0,13,9
2,8,59167.0,-1.1812916545889303,-0.8693272921435614,TIME_LIMIT,18846,0,0,15,10
2,8,59340.0,-1.1812370011521298,-0.8693272921435614,TIME_LIMIT,18879,0,0,12,8
2,8,59399.0,-1.1812370011521298,-0.8693272921435614,TIME_LIMIT,18898,0,0,14,13
2,8,59532.0,-1.1811673726334382,-0.8693272921435614,TIME_LIMIT,18938,0,0,18,9
2,8,59624.0,-1.1811673726334382,-0.8693272921435614,TIME_LIMIT,18953,0,0,19,15
2,8,59759.0,-1.181106462555009,-0.8693272921435614,TIME_LIMIT,18983,0,0,18,8
2,8,59843.0,-1.181106462555009,-0.8693272921435614,TIME_LIMIT,19005,0,0,20,8
2,8,59948.0,-1.1810966568374799,-0.8693272921435614,TIME_LIMIT,19035,0,0,11,9
2,8,60034.0,-1.1810966568374799,-0.8693272921435614,TIME_LIMIT,19064,0,0,21,10
2,8,60212.0,-1.1810871018353715,-0.8693272921435614,TIME_LIMIT,19098,0,0,13,7
2,8,60273.0,-1.1810871018353715,-0.8693272921435614,TIME_LIMIT,19120,0,0,23,10
2,8,60456.0,-1.180895713490498,-0.8693272921435614,TIME_LIMIT,19154,0,0,18,7
2,8,60602.0,-1.180895713490498,-0.8693272921435614,TIME_LIMIT,19176,0,0,10,18
2,8,60757.0,-1.1808254070085122,-0.8693272921435614,TIME_LIMIT,19208,0,0,12,6
2,8,60798.0,-1.1808254070085122,-0.8693272921435614,TIME_LIMIT,19221,0,0,10,11
2,8,60844.0,-1.1807402743987654,-0.8693272921435614,TIME_LIMIT,19247,0,0,13,3
2,8,60891.0,-1.1807402743987654,-0.8693272921435614,TIME_LIMIT,19267,0,0,20,10
2,8,61080.0,-1.1803520618370102,-0.8693272921435614,TIME_LIMIT,19299,0,0,14,9
2,8,61178.0,-1.1803520618370102,-0.8693272921435614,TIME_LIMIT,19321,0,0,9,3
2,8,61213.0,-1.180345217361604,-0.8693272921435614,TIME_LIMIT,19334,0,0,12,5
2,8,61312.0,-1.180345217361604,-0.8693272921435614,TIME_LIMIT,19356,0,0,16,13
2,8,61370.0,-1.1800666469117116,-0.8693272921435614,TIME_LIMIT,19385,0,0,13,8
2,8,61418.0,-1.1800666469117116,-0.8693272921435614,TIME_LIMIT,19400,0,0,12,11
2,8,61482.0,-1.1800475110052222,-0.8693272921435614,TIME_LIMIT,19426,0,0,3,5
2,8,61521.0,-1.1800475110052222,-0.8693272921435614,TIME_LIMIT,19443,0,0,18,8
2,8,61566.0,-1.1799863058828608,-0.8693272921435614,TIME_LIMIT,19471,0,0,11,7
2,8,61592.0,-1.1799863058828608,-0.8693272921435614,TIME_LIMIT,19493,0,0,11,5
2,8,61627.0,-1.1799545676304215,-0.8693272921435614,TIME_LIMIT,19514,0,0,11,8
2,8,61695.0,-1.1799545676304215,-0.8693272921435614,TIME_LIMIT,19535,0,0,16,9
2,8,61746.0,-1.179914435277108,-0.8693272921435614,TIME_LIMIT,19557,0,0,12,6
2,8,61831.0,-1.179914435277108,-0.8693272921435614,TIME_LIMIT,19577,0,0,21,7
2,8,61868.0,-1.1798645336206215,-0.8693272921435614,TIME_LIMIT,19605,0,0,15,4
2,8,61978.0,-1.1798645336206215,-0.8693272921435614,TIME_LIMIT,19627,0,0,9,21
2,8,62039.0,-1.179813055987739,-0.8693272921435614,TIME_LIMIT,19658,0,0,14,4
2,8,62076.0,-1.179813055987739,-0.8693272921435614,TIME_LIMIT,19676,0,0,18,15
2,8,62189.0,-1.179468592692032,-0.8693272921435614,TIME_LIMIT,19713,0,0,15,9
2,8,62263.0,-1.179468592692032,-0.8693272921435614,TIME_LIMIT,19731,0,0,12,6
2,8,62368.0,-1.179462662558333,-0.8693272921435614,TIME_LIMIT,19761,0,0,13,8
2,8,62456.0,-1.179462662558333,-0.8693272921435614,TIME_LIMIT,19784,0,0,20,20
2,8,62640.0,-1.1793874767912014,-0.8693272921435614,TIME_LIMIT,19819,0,0,10,8
2,8,62679.0,-1.1793874767912014,-0.8693272921435614,TIME_LIMIT,19837,0,0,15,10
2,8,62754.0,-1.1792109677236335,-0.8693272921435614,TIME_LIMIT,19860,0,0,7,4
2,8,62823.0,-1.1792109677236335,-0.8693272921435614,TIME_LIMIT,19883,0,0,22,30
2,8,62952.0,-1.1790414007011287,-0.8693272921435614,TIME_LIMIT,19920,0,0,14,13
2,8,62984.0,-1.1790414007011287,-0.8693272921435614,TIME_LIMIT,19938,0,0,18,18
2,8,63116.0,-1.1790370589110353,-0.8693272921435614,TIME_LIMIT,19975,0,0,20,7
2,8,63203.0,-1.1790370589110353,-0.8693272921435614,TIME_LIMIT,19992,0,0,11,5
2,8,63240.0,-1.1788335005647685,-0.8693272921435614,TIME_LIMIT,20021,0,0,10,2
2,8,63390.0,-1.1788335005647685,-0.8693272921435614,TIME_LIMIT,20045,0,0,18,7
2,8,63472.0,-1.1787060667196938,-0.8693272921435614,TIME_LIMIT,20070,0,0,15,9
2,8,63577.0,-1.1787060667196938,-0.8693272921435614,TIME_LIMIT,20100,0,0,23,15
2,8,63715.0,-1.1786559403708303,-0.8693272921435614,TIME_LIMIT,20132,0,0,13,7
2,8,63756.0,-1.1786559403708303,-0.8693272921435614,TIME_LIMIT,20155,0,0,15,7
2,8,63801.0,-1.1783285038137845,-0.8693272921435614,TIME_LIMIT,20182,0,0,6,4
2,8,63901.0,-1.1783285038137845,-0.8693272921435614,TIME_LIMIT,20201,0,0,14,7
2,8,64067.0,-1.1783229426969344,-0.8693272921435614,TIME_LIMIT,20242,0,0,11,16
2,8,64122.0,-1.1783229426969344,-0.8693272921435614,TIME_LIMIT,20262,0,0,19,14
2,8,64181.0,-1.1783092848187113,-0.8693272921435614,TIME_LIMIT,20292,0,0,8,11
2,8,64240.0,-1.1783092848187113,-0.8693272921435614,TIME_LIMIT,20314,0,0,13,19
2,8,64388.0,-1.178133147353776,-0.8693272921435614,TIME_LIMIT,20345,0,0,3,8
2,8,64485.0,-1.178133147353776,-0.8693272921435614,TIME_LIMIT,20365,0,0,18,10
2,8,64551.0,-1.1780560420227952,-0.8693272921435614,TIME_LIMIT,20395,0,0,13,7
2,8,64672.0,-1.1780560420227952,-0.8693272921435614,TIME_LIMIT,20427,0,0,19,12
2,8,64725.0,-1.178024419412242,-0.8693272921435614,TIME_LIMIT,20445,0,0,14,7
2,8,64925.0,-1.178024419412242,-0.8693272921435614,TIME_LIMIT,20469,0,0,21,12
2,8,65041.0,-1.177985839468429,-0.8693272921435614,TIME_LIMIT,20503,0,0,9,4
2,8,65097.0,-1.177985839468429,-0.8693272921435614,TIME_LIMIT,20527,0,0,16,14
2,8,65166.0,-1.177762801130433,-0.8693272921435614,TIME_LIMIT,20558,0,0,12,9
2,8,65262.0,-1.177762801130433,-0.8693272921435614,TIME_LIMIT,20579,0,0,18,13
2,8,65343.0,-1.1775763962184909,-0.8693272921435614,TIME_LIMIT,20609,0,0,14,5
2,8,65397.0,-1.1775763962184909,-0.8693272921435614,TIME_LIMIT,20630,0,0,12,15
2,8,65484.0,-1.17745449934344,-0.8693272921435614,TIME_LIMIT,20657,0,0,8,7
2,8,65654.0,-1.17745449934344,-0.8693272921435614,TIME_LIMIT,20686,0,0,18,35
2,8,65841.0,-1.1772896624106794,-0.8693272921435614,TIME_LIMIT,20726,0,0,19,8
2,8,66048.0,-1.1772896624106794,-0.8693272921435614,TIME_LIMIT,20747,0,0,18,16
2,8,66119.0,-1.1772601947358325,-0.8693272921435614,TIME_LIMIT,20774,0,0,17,17
2,8,66156.0,-1.1772601947358325,-0.8693272921435614,TIME_LIMIT,20795,0,0,13,20
2,8,66221.0,-1.1772320102143234,-0.8693272921435614,TIME_LIMIT,20823,0,0,10,5
2,8,66275.0,-1.1772320102143234,-0.8693272921435614,TIME_LIMIT,20838,0,0,13,6
2,8,66319.0,-1.1772049758819796,-0.8693272921435614,TIME_LIMIT,20866,0,0,11,7
2,8,66398.0,-1.1772049758819796,-0.8693272921435614,TIME_LIMIT,20894,0,0,16,12
2,8,66444.0,-1.1769999639539677,-0.8693272921435614,TIME_LIMIT,20910,0,0,16,11
2,8,66516.0,-1.1769999639539677,-0.8693272921435614,TIME_LIMIT,20931,0,0,18,13
2,8,66627.0,-1.1769656337369188,-0.8693272921435614,TIME_LIMIT,20964,0,0,17,12
2,8,66654.0,-1.1769656337369188,-0.8693272921435614,TIME_LIMIT,20981,0,0,18,6
2,8,66732.0,-1.1768700552291942,-0.8693272921435614,TIME_LIMIT,21012,0,0,7,3
2,8,66784.0,-1.1768700552291942,-0.8693272921435614,TIME_LIMIT,21036,0,0,27,7
2,8,66944.0,-1.1767585071360094,-0.8693272921435614,TIME_LIMIT,21070,0,0,12,6
2,8,67023.0,-1.1767585071360094,-0.8693272921435614,TIME_LIMIT,21091,0,0,12,12
2,8,67169.0,-1.1765127070298136,-0.8693272921435614,TIME_LIMIT,21118,0,0,7,4
2,8,67202.0,-1.1765127070298136,-0.8693272921435614,TIME_LIMIT,21136,0,0,17,12
2,8,67298.0,-1.1765112051421114,-0.8693272921435614,TIME_LIMIT,21166,0,0,16,8
2,8,67431.0,-1.1765112051421114,-0.8693272921435614,TIME_LIMIT,21194,0,0,16,10
2,8,67463.0,-1.1764860365201346,-0.8693272921435614,TIME_LIMIT,21210,0,0,12,4
2,8,67529.0,-1.1764860365201346,-0.8693272921435614,TIME_LIMIT,21231,0,0,18,12
2,8,67634.0,-1.1764659255909815,-0.8693272921435614,TIME_LIMIT,21259,0,0,13,4
2,8,67829.0,-1.1764659255909815,-0.8693272921435614,TIME_LIMIT,21289,0,0,15,22
2,8,67916.0,-1.176296115839003,-0.8693272921435614,TIME_LIMIT,21312,0,0,16,13
2,8,68119.0,-1.176296115839003,-0.8693272921435614,TIME_LIMIT,21337,0,0,22,27
2,8,68334.0,-1.1762615930903646,-0.8693272921435614,TIME_LIMIT,21372,0,0,17,15
2,8,68429.0,-1.1762615930903646,-0.8693272921435614,TIME_LIMIT,21388,0,0,17,14
2,8,68529.0,-1.1758730105363862,-0.8693272921435614,TIME_LIMIT,21419,0,0,12,5
2,8,68597.0,-1.1758730105363862,-0.8693272921435614,TIME_LIMIT,21438,0,0,8,2
2,8,68633.0,-1.175860886804906,-0.8693272921435614,TIME_LIMIT,21458,0,0,14,5
2,8,68693.0,-1.175860886804906,-0.8693272921435614,TIME_LIMIT,21475,0,0,13,13
2,8,68775.0,-1.1756550143244318,-0.8693272921435614,TIME_LIMIT,21505,0,0,15,9
2,8,68885.0,-1.1756550143244318,-0.8693272921435614,TIME_LIMIT,21535,0,0,10,11
2,8,68971.0,-1.1756334980813723,-0.8693272921435614,TIME_LIMIT,21559,0,0,18,9
2,8,69022.0,-1.1756334980813723,-0.8693272921435614,TIME_LIMIT,21578,0,0,15,9
2,8,69074.0,-1.1753755227156493,-0.8693272921435614,TIME_LIMIT,21604,0,0,10,10
2,8,69161.0,-1.1753755227156493,-0.8693272921435614,TIME_LIMIT,21630,0,0,14,13
2,8,69226.0,-1.1751798165499718,-0.8693272921435614,TIME_LIMIT,21652,0,0,4,4
2,8,69271.0,-1.1751798165499718,-0.8693272921435614,TIME_LIMIT,21672,0,0,12,8
2,8,69391.0,-1.1751312231422895,-0.8693272921435614,TIME_LIMIT,21691,0,0,11,9
2,8,69465.0,-1.1751312231422895,-0.8693272921435614,TIME_LIMIT,21715,0,0,8,15
2,8,69557.0,-1.1749415638566107,-0.8693272921435614,TIME_LIMIT,21749,0,0,20,11
2,8,69608.0,-1.1749415638566107,-0.8693272921435614,TIME_LIMIT,21772,0,0,23,21
2,8,69725.0,-1.1748852575655957,-0.8693272921435614,TIME_LIMIT,21804,0,0,14,13
2,8,69859.0,-1.1748852575655957,-0.8693272921435614,TIME_LIMIT,21827,0,0,7,11
2,8,69981.0,-1.174821384638804,-0.8693272921435614,TIME_LIMIT,21861,0,0,14,7
2,8,70003.0,-1.174821384638804,-0.8693272921435614,TIME_LIMIT,21879,0,0,11,12
2,8,70106.0,-1.174758775796073,-0.8693272921435614,TIME_LIMIT,21906,0,0,12,8
2,8,70132.0,-1.174758775796073,-0.8693272921435614,TIME_LIMIT,21923,0,0,11,1
2,8,70213.0,-1.1747587106977226,-0.8693272921435614,TIME_LIMIT,21944,0,0,5,2
2,8,70272.0,-1.1747587106977226,-0.8693272921435614,TIME_LIMIT,21968,0,0,19,14
2,8,70416.0,-1.1746847628944301,-0.8693272921435614,TIME_LIMIT,21998,0,0,9,9
2,8,70448.0,-1.1746847628944301,-0.8693272921435614,TIME_LIMIT,22017,0,0,12,7
2,8,70509.0,-1.1746480021051848,-0.8693272921435614,TIME_LIMIT,22038,0,0,9,3
2,8,70629.0,-1.1746480021051848,-0.8693272921435614,TIME_LIMIT,22060,0,0,23,19
2,8,70821.0,-1.17414381687162,-0.8693272921435614,TIME_LIMIT,22100,0,0,20,5
2,8,70893.0,-1.17414381687162,-0.8693272921435614,TIME_LIMIT,22127,0,0,24,15
2,8,71082.0,-1.1740886009657823,-0.8693272921435614,TIME_LIMIT,22169,0,0,22,12
2,8,71175.0,-1.1740886009657823,-0.8693272921435614,TIME_LIMIT,22190,0,0,22,21
2,8,71333.0,-1.1740749098770678,-0.8693272921435614,TIME_LIMIT,22226,0,0,17,7
2,8,71487.0,-1.1740749098770678,-0.8693272921435614,TIME_LIMIT,22248,0,0,23,27
2,8,71675.0,-1.1740705345711338,-0.8693272921435614,TIME_LIMIT,22284,0,0,16,8
2,8,71823.0,-1.1740705345711338,-0.8693272921435614,TIME_LIMIT,22307,0,0,25,24
2,8,71905.0,-1.1740347754134495,-0.8693272921435614,TIME_LIMIT,22343,0,0,18,4
2,8,71940.0,-1.1740347754134495,-0.8693272921435614,TIME_LIMIT,22365,0,0,24,14
2,8,72051.0,-1.1739803296933804,-0.8693272921435614,TIME_LIMIT,22400,0,0,15,6
2,8,72104.0,-1.1739803296933804,-0.8693272921435614,TIME_LIMIT,22425,0,0,17,17
2,8,72197.0,-1.1738527844135098,-0.8693272921435614,TIME_LIMIT,22452,0,0,11,6
2,8,72345.0,-1.1738527844135098,-0.8693272921435614,TIME_LIMIT,22478,0,0,9,20
2,8,72551.0,-1.17368557567913,-0.8693272921435614,TIME_LIMIT,22513,0,0,10,10
2,8,72617.0,-1.17368557567913,-0.8693272921435614,TIME_LIMIT,22535,0,0,22,13
2,8,72719.0,-1.1735668990785262,-0.8693272921435614,TIME_LIMIT,22570,0,0,16,8
2,8,72810.0,-1.1735668990785262,-0.8693272921435614,TIME_LIMIT,22589,0,0,14,13
2,8,72887.0,-1.1735466965072074,-0.8693272921435614,TIME_LIMIT,22619,0,0,12,10
2,8,72934.0,-1.1735466965072074,-0.8693272921435614,TIME_LIMIT,22637,0,0,10,7
2,8,72961.0,-1.1734704126658924,-0.8693272921435614,TIME_LIMIT,22657,0,0,7,4
2,8,73064.0,-1.1734704126658924,-0.8693272921435614,TIME_LIMIT,22681,0,0,6,13
2,8,73142.0,-1.1734562874011885,-0.8693272921435614,TIME_LIMIT,22707,0,0,7,8
2,8,73235.0,-1.1734562874011885,-0.8693272921435614,TIME_LIMIT,22733,0,0,12,10
2,8,73331.0,-1.173285037959977,-0.8693272921435614,TIME_LIMIT,22753,0,0,7,3
2,8,73434.0,-1.173285037959977,-0.8693272921435614,TIME_LIMIT,22776,0,0,22,9
2,8,73492.0,-1.1731706699176356,-0.8693272921435614,TIME_LIMIT,22806,0,0,15,5
2,8,73603.0,-1.1731706699176356,-0.8693272921435614,TIME_LIMIT,22835,0,0,22,7
2,8,73690.0,-1.1730927350627907,-0.8693272921435614,TIME_LIMIT,22863,0,0,24,11
2,8,73767.0,-1.1730927350627907,-0.8693272921435614,TIME_LIMIT,22886,0,0,12,12
2,8,73841.0,-1.1730129305429737,-0.8693272921435614,TIME_LIMIT,22915,0,0,8,10
2,8,73957.0,-1.1730129305429737,-0.8693272921435614,TIME_LIMIT,22930,0,0,12,7
2,8,74105.0,-1.1729550325865201,-0.8693272921435614,TIME_LIMIT,22964,0,0,17,2
2,8,74196.0,-1.1729550325865201,-0.8693272921435614,TIME_LIMIT,22992,0,0,23,18
2,8,74318.0,-1.172892228034034,-0.8693272921435614,TIME_LIMIT,23027,0,0,15,10
2,8,74397.0,-1.172892228034034,-0.8693272921435614,TIME_LIMIT,23048,0,0,14,8
2,8,74486.0,-1.1728782925063543,-0.8693272921435614,TIME_LIMIT,23081,0,0,12,9
2,8,74691.0,-1.1728782925063543,-0.8693272921435614,TIME_LIMIT,23112,0,0,21,7
2,8,74897.0,-1.1727894187189545,-0.8693272921435614,TIME_LIMIT,23139,0,0,16,12
2,8,74963.0,-1.1727894187189545,-0.8693272921435614,TIME_LIMIT,23156,0,0,12,16
2,8,75060.0,-1.172732831945391,-0.8693272921435614,TIME_LIMIT,23190,0,0,15,14
2,8,75183.0,-1.172732831945391,-0.8693272921435614,TIME_LIMIT,23215,0,0,15,12
2,8,75299.0,-1.1727316200184497,-0.8693272921435614,TIME_LIMIT,23248,0,0,16,7
2,8,75377.0,-1.1727316200184497,-0.8693272921435614,TIME_LIMIT,23268,0,0,12,15
2,8,75509.0,-1.1726927947130397,-0.8693272921435614,TIME_LIMIT,23302,0,0,16,7
2,8,75542.0,-1.1726927947130397,-0.8693272921435614,TIME_LIMIT,23318,0,0,8,8
2,8,75567.0,-1.1726002289534303,-0.8693272921435614,TIME_LIMIT,23335,0,0,6,4
2,8,75591.0,-1.1726002289534303,-0.8693272921435614,TIME_LIMIT,23355,0,0,18,6
2,8,75682.0,-1.1722577671496777,-0.8693272921435614,TIME_LIMIT,23380,0,0,16,6
2,8,75743.0,-1.1722577671496777,-0.8693272921435614,TIME_LIMIT,23397,0,0,18,12
2,8,75831.0,-1.1722388806057071,-0.8693272921435614,TIME_LIMIT,23431,0,0,7,6
2,8,75956.0,-1.1722388806057071,-0.8693272921435614,TIME_LIMIT,23453,0,0,20,14
2,8,76102.0,-1.1722238593915293,-0.8693272921435614,TIME_LIMIT,23490,0,0,17,10
2,8,76137.0,-1.1722238593915293,-0.8693272921435614,TIME_LIMIT,23504,0,0,11,12
2,8,76173.0,-1.172203880776328,-0.8693272921435614,TIME_LIMIT,23526,0,0,10,3
2,8,76207.0,-1.172203880776328,-0.8693272921435614,TIME_LIMIT,23543,0,0,9,9
2,8,76252.0,-1.1720219755431782,-0.8693272921435614,TIME_LIMIT,23565,0,0,12,5
2,8,76291.0,-1.1720219755431782,-0.8693272921435614,TIME_LIMIT,23584,0,0,13,9
2,8,76472.0,-1.1719597892247546,-0.8693272921435614,TIME_LIMIT,23623,0,0,14,12
2,8,76520.0,-1.1719597892247546,-0.8693272921435614,TIME_LIMIT,23641,0,0,16,11
2,8,76587.0,-1.1719472630065317,-0.8693272921435614,TIME_LIMIT,23670,0,0,17,3
2,8,76761.0,-1.1719472630065317,-0.8693272921435614,TIME_LIMIT,23695,0,0,18,20
2,8,76861.0,-1.1718791066732748,-0.8693272921435614,TIME_LIMIT,23728,0,0,15,6
2,8,76957.0,-1.1718791066732748,-0.8693272921435614,TIME_LIMIT,23746,0,0,15,15
2,8,77092.0,-1.171777512137253,-0.8693272921435614,TIME_LIMIT,23781,0,0,15,12
2,8,77285.0,-1.171777512137253,-0.8693272921435614,TIME_LIMIT,23812,0,0,19,12
2,8,77357.0,-1.1716840846297145,-0.8693272921435614,TIME_LIMIT,23833,0,0,23,20
2,8,77408.0,-1.1716840846297145,-0.8693272921435614,TIME_LIMIT,23852,0,0,10,5
2,8,77536.0,-1.1716450627598003,-0.8693272921435614,TIME_LIMIT,23877,0,0,10,9
2,8,77555.0,-1.1716450627598003,-0.8693272921435614,TIME_LIMIT,23894,0,0,10,8
2,8,77616.0,-1.1715626803629642,-0.8693272921435614,TIME_LIMIT,23926,0,0,12,6
2,8,77651.0,-1.1715626803629642,-0.8693272921435614,TIME_LIMIT,23938,0,0,12,5
2,8,77715.0,-1.1715376066248637,-0.8693272921435614,TIME_LIMIT,23964,0,0,7,4
2,8,77847.0,-1.1715376066248637,-0.8693272921435614,TIME_LIMIT,23995,0,0,11,12
2,8,78013.0,-1.171506801136378,-0.8693272921435614,TIME_LIMIT,24029,0,0,14,11
2,8,78067.0,-1.171506801136378,-0.8693272921435614,TIME_LIMIT,24049,0,0,17,7
2,8,78144.0,-1.171502934246332,-0.8693272921435614,TIME_LIMIT,24079,0,0,14,9
2,8,78242.0,-1.171502934246332,-0.8693272921435614,TIME_LIMIT,24104,0,0,23,7
2,8,78341.0,-1.171450067655215,-0.8693272921435614,TIME_LIMIT,24131,0,0,4,6
2,8,78408.0,-1.171450067655215,-0.8693272921435614,TIME_LIMIT,24160,0,0,18,9
2,8,78534.0,-1.1714047817028455,-0.8693272921435614,TIME_LIMIT,24194,0,0,12,12
2,8,78712.0,-1.1714047817028455,-0.8693272921435614,TIME_LIMIT,24217,0,0,22,20
2,8,78820.0,-1.170978510589301,-0.8693272921435614,TIME_LIMIT,24248,0,0,17,6
2,8,78877.0,-1.170978510589301,-0.8693272921435614,TIME_LIMIT,24272,0,0,16,9
2,8,78937.0,-1.170971969374582,-0.8693272921435614,TIME_LIMIT,24290,0,0,14,11
2,8,79009.0,-1.170971969374582,-0.8693272921435614,TIME_LIMIT,24312,0,0,8,4
2,8,79077.0,-1.1708323961807865,-0.8693272921435614,TIME_LIMIT,24333,0,0,4,7
2,8,79211.0,-1.1708323961807865,-0.8693272921435614,TIME_LIMIT,24352,0,0,15,10
2,8,79275.0,-1.1707938695737878,-0.8693272921435614,TIME_LIMIT,24384,0,0,5,2
2,8,79318.0,-1.1707938695737878,-0.8693272921435614,TIME_LIMIT,24401,0,0,17,5
2,8,79414.0,-1.1707498220531238,-0.8693272921435614,TIME_LIMIT,24427,0,0,9,6
2,8,79517.0,-1.1707498220531238,-0.8693272921435614,TIME_LIMIT,24449,0,0,5,9
2,8,79596.0,-1.17072221579574,-0.8693272921435614,TIME_LIMIT,24482,0,0,14,7
2,8,79747.0,-1.17072221579574,-0.8693272921435614,TIME_LIMIT,24506,0,0,12,7
2,8,79854.0,-1.1705882146224895,-0.8693272921435614,TIME_LIMIT,24532,0,0,19,7
2,8,80068.0,-1.1705882146224895,-0.8693272921435614,TIME_LIMIT,24559,0,0,14,11
2,8,80262.0,-1.17055343165865,-0.8693272921435614,TIME_LIMIT,24595,0,0,16,9
2,8,80325.0,-1.17055343165865,-0.8693272921435614,TIME_LIMIT,24615,0,0,16,9
2,8,80407.0,-1.1705057796190252,-0.8693272921435614,TIME_LIMIT,24641,0,0,12,9
2,8,80494.0,-1.1705057796190252,-0.8693272921435614,TIME_LIMIT,24664,0,0,18,7
2,8,80576.0,-1.170487967451318,-0.8693272921435614,TIME_LIMIT,24687,0,0,18,11
2,8,80620.0,-1.170487967451318,-0.8693272921435614,TIME_LIMIT,24703,0,0,12,9
2,8,80647.0,-1.1704808891254268,-0.8693272921435614,TIME_LIMIT,24723,0,0,7,8
2,8,80720.0,-1.1704808891254268,-0.8693272921435614,TIME_LIMIT,24745,0,0,7,7
2,8,80742.0,-1.1703865827732476,-0.8693272921435614,TIME_LIMIT,24768,0,0,5,3
2,8,80792.0,-1.1703865827732476,-0.8693272921435614,TIME_LIMIT,24787,0,0,16,12
2,8,80897.0,-1.1703723301870579,-0.8693272921435614,TIME_LIMIT,24814,0,0,10,3
2,8,80935.0,-1.1703723301870579,-0.8693272921435614,TIME_LIMIT,24835,0,0,14,6
2,8,81061.0,-1.170332501779541,-0.8693272921435614,TIME_LIMIT,24866,0,0,11,13
2,8,81236.0,-1.170332501779541,-0.8693272921435614,TIME_LIMIT,24890,0,0,21,10
2,8,81311.0,-1.170148670399143,-0.8693272921435614,TIME_LIMIT,24924,0,0,17,12
2,8,81371.0,-1.170148670399143,-0.8693272921435614,TIME_LIMIT,24941,0,0,14,8
2,8,81451.0,-1.1701195833066909,-0.8693272921435614,TIME_LIMIT,24968,0,0,12,8
2,8,81564.0,-1.1701195833066909,-0.8693272921435614,TIME_LIMIT,24993,0,0,23,21
2,8,81635.0,-1.1699496612939337,-0.8693272921435614,TIME_LIMIT,25024,0,0,16,5
2,8,81652.0,-1.1699496612939337,-0.8693272921435614,TIME_LIMIT,25037,0,0,10,7
2,8,81725.0,-1.1699171574333591,-0.8693272921435614,TIME_LIMIT,25062,0,0,12,3
2,8,81750.0,-1.1699171574333591,-0.8693272921435614,TIME_LIMIT,25080,0,0,6,7
2,8,81773.0,-1.1699124517598172,-0.8693272921435614,TIME_LIMIT,25093,0,0,3,2
2,8,81861.0,-1.1699124517598172,-0.8693272921435614,TIME_LIMIT,25113,0,0,25,21
2,8,82065.0,-1.169867606144092,-0.8693272921435614,TIME_LIMIT,25149,0,0,17,10
2,8,82173.0,-1.169867606144092,-0.8693272921435614,TIME_LIMIT,25172,0,0,18,19
2,8,82341.0,-1.1698511671094138,-0.8693272921435614,TIME_LIMIT,25205,0,0,16,10
2,8,82427.0,-1.1698511671094138,-0.8693272921435614,TIME_LIMIT,25227,0,0,20,13
2,8,82626.0,-1.1695698446466987,-0.8693272921435614,TIME_LIMIT,25257,0,0,10,11
2,8,82803.0,-1.1695698446466987,-0.8693272921435614,TIME_LIMIT,25287,0,0,24,24
2,8,83019.0,-1.1695588322146993,-0.8693272921435614,TIME_LIMIT,25326,0,0,16,19
2,8,83047.0,-1.1695588322146993,-0.8693272921435614,TIME_LIMIT,25343,0,0,11,5
2,8,83069.0,-1.1695011246603795,-0.8693272921435614,TIME_LIMIT,25358,0,0,8,4
2,8,83106.0,-1.1695011246603795,-0.8693272921435614,TIME_LIMIT,25374,0,0,5,2
2,8,83187.0,-1.1694933480639123,-0.8693272921435614,TIME_LIMIT,25399,0,0,12,5
2,8,83249.0,-1.1694933480639123,-0.8693272921435614,TIME_LIMIT,25420,0,0,19,17
2,8,83345.0,-1.1694667339032616,-0.8693272921435614,TIME_LIMIT,25451,0,0,7,9
2,8,83402.0,-1.1694667339032616,-0.8693272921435614,TIME_LIMIT,25471,0,0,11,9
2,8,83466.0,-1.1693337892060092,-0.8693272921435614,TIME_LIMIT,25494,0,0,19,4
2,8,83585.0,-1.1693337892060092,-0.8693272921435614,TIME_LIMIT,25510,0,0,17,23
2,8,83694.0,-1.169314584135423,-0.8693272921435614,TIME_LIMIT,25543,0,0,11,6
2,8,83752.0,-1.169314584135423,-0.8693272921435614,TIME_LIMIT,25566,0,0,11,4
2,8,83796.0,-1.1693143042363943,-0.8693272921435614,TIME_LIMIT,25581,0,0,12,8
2,8,83876.0,-1.1693143042363943,-0.8693272921435614,TIME_LIMIT,25602,0,0,23,5
2,8,83950.0,-1.169297754334729,-0.8693272921435614,TIME_LIMIT,25635,0,0,16,12
2,8,84044.0,-1.169297754334729,-0.8693272921435614,TIME_LIMIT,25658,0,0,17,11
2,8,84110.0,-1.1690263043724085,-0.8693272921435614,TIME_LIMIT,25678,0,0,12,8
2,8,84182.0,-1.1690263043724085,-0.8693272921435614,TIME_LIMIT,25697,0,0,11,6
2,8,84344.0,-1.1690217969968988,-0.8693272921435614,TIME_LIMIT,25732,0,0,13,14
2,8,84481.0,-1.1690217969968988,-0.8693272921435614,TIME_LIMIT,25759,0,0,18,15
2,8,84587.0,-1.1690039098896117,-0.8693272921435614,TIME_LIMIT,25789,0,0,14,9
2,8,84670.0,-1.1690039098896117,-0.8693272921435614,TIME_LIMIT,25810,0,0,16,12
2,8,84816.0,-1.1686758750751178,-0.8693272921435614,TIME_LIMIT,25829,0,0,14,5
2,8,84849.0,-1.1686758750751178,-0.8693272921435614,TIME_LIMIT,25847,0,0,10,8
2,8,84993.0,-1.1686623153296936,-0.8693272921435614,TIME_LIMIT,25884,0,0,17,4
2,8,85096.0,-1.1686623153296936,-0.8693272921435614,TIME_LIMIT,25901,0,0,10,15
2,8,85245.0,-1.168593332703435,-0.8693272921435614,TIME_LIMIT,25938,0,0,13,10
2,8,85285.0,-1.168593332703435,-0.8693272921435614,TIME_LIMIT,25957,0,0,16,13
2,8,85360.0,-1.1685708796151342,-0.8693272921435614,TIME_LIMIT,25985,0,0,11,5
2,8,85433.0,-1.1685708796151342,-0.8693272921435614,TIME_LIMIT,26001,0,0,19,15
2,8,85637.0,-1.168547217997068,-0.8693272921435614,TIME_LIMIT,26037,0,0,21,10
2,8,85766.0,-1.168547217997068,-0.8693272921435614,TIME_LIMIT,26067,0,0,13,7
2,8,85911.0,-1.1685397991360515,-0.8693272921435614,TIME_LIMIT,26094,0,0,20,8
2,8,85983.0,-1.1685397991360515,-0.8693272921435614,TIME_LIMIT,26114,0,0,12,11
2,8,86129.0,-1.168469198536238,-0.8693272921435614,TIME_LIMIT,26144,0,0,13,7
2,8,86156.0,-1.168469198536238,-0.8693272921435614,TIME_LIMIT,26163,0,0,15,11
2,8,86253.0,-1.168448701489847,-0.8693272921435614,TIME_LIMIT,26190,0,0,9,7
2,8,86333.0,-1.168448701489847,-0.8693272921435614,TIME_LIMIT,26214,0,0,12,10
2,8,86385.0,-1.1684297610488599,-0.8693272921435614,TIME_LIMIT,26246,0,0,14,8
2,8,86509.0,-1.1684297610488599,-0.8693272921435614,TIME_LIMIT,26277,0,0,23,13
2,8,86636.0,-1.168429177803574,-0.8693272921435614,TIME_LIMIT,26308,0,0,18,10
2,8,86681.0,-1.168429177803574,-0.8693272921435614,TIME_LIMIT,26329,0,0,22,14
2,8,86767.0,-1.168419438436251,-0.8693272921435614,TIME_LIMIT,26360,0,0,10,9
2,8,86975.0,-1.168419438436251,-0.8693272921435614,TIME_LIMIT,26381,0,0,17,9
2,8,87088.0,-1.1684120210000823,-0.8693272921435614,TIME_LIMIT,26417,0,0,13,7
2,8,87118.0,-1.1684120210000823,-0.8693272921435614,TIME_LIMIT,26434,0,0,8,15
2,8,87168.0,-1.1681548855062043,-0.8693272921435614,TIME_LIMIT,26459,0,0,13,7
2,8,87185.0,-1.1681548855062043,-0.8693272921435614,TIME_LIMIT,26476,0,0,8,4
2,8,87207.0,-1.1680756198318865,-0.8693272921435614,TIME_LIMIT,26490,0,0,9,4
2,8,87293.0,-1.1680756198318865,-0.8693272921435614,TIME_LIMIT,26515,0,0,17,13
2,8,87352.0,-1.1680568537321256,-0.8693272921435614,TIME_LIMIT,26542,0,0,10,4
2,8,87437.0,-1.1680568537321256,-0.8693272921435614,TIME_LIMIT,26570,0,0,18,7
2,8,87525.0,-1.168054090982964,-0.8693272921435614,TIME_LIMIT,26594,0,0,12,11
2,8,87624.0,-1.168054090982964,-0.8693272921435614,TIME_LIMIT,26616,0,0,20,20
2,8,87750.0,-1.167909542440798,-0.8693272921435614,TIME_LIMIT,26650,0,0,15,11
2,8,87823.0,-1.167909542440798,-0.8693272921435614,TIME_LIMIT,26672,0,0,16,15
2,8,87869.0,-1.1678988785842783,-0.8693272921435614,TIME_LIMIT,26702,0,0,10,0
2,8,87949.0,-1.1678988785842783,-0.8693272921435614,TIME_LIMIT,26722,0,0,14,6
2,8,87972.0,-1.1677940006850605,-0.8693272921435614,TIME_LIMIT,26745,0,0,13,3
2,8,88088.0,-1.1677940006850605,-0.8693272921435614,TIME_LIMIT,26763,0,0,13,9
2,8,88175.0,-1.1676263406480616,-0.8693272921435614,TIME_LIMIT,26793,0,0,14,10
2,8,88302.0,-1.1676263406480616,-0.8693272921435614,TIME_LIMIT,26814,0,0,13,5
2,8,88433.0,-1.167620169237911,-0.8693272921435614,TIME_LIMIT,26837,0,0,7,4
2,8,88483.0,-1.167620169237911,-0.8693272921435614,TIME_LIMIT,26858,0,0,17,4
2,8,88510.0,-1.1676122784976304,-0.8693272921435614,TIME_LIMIT,26881,0,0,14,5
2,8,88571.0,-1.1676122784976304,-0.8693272921435614,TIME_LIMIT,26900,0,0,6,10
2,8,88634.0,-1.1675459832177453,-0.8693272921435614,TIME_LIMIT,26925,0,0,7,6
2,8,88704.0,-1.1675459832177453,-0.8693272921435614,TIME_LIMIT,26946,0,0,16,11
2,8,88792.0,-1.1674969745830033,-0.8693272921435614,TIME_LIMIT,26972,0,0,19,8
2,8,88840.0,-1.1674969745830033,-0.8693272921435614,TIME_LIMIT,26994,0,0,17,5
2,8,88970.0,-1.1673931184937167,-0.8693272921435614,TIME_LIMIT,27025,0,0,14,10
2,8,89025.0,-1.1673931184937167,-0.8693272921435614,TIME_LIMIT,27046,0,0,14,9
2,8,89127.0,-1.1672839456758952,-0.8693272921435614,TIME_LIMIT,27079,0,0,17,6
2,8,89168.0,-1.1672839456758952,-0.8693272921435614,TIME_LIMIT,27094,0,0,16,15
2,8,89275.0,-1.167133607249447,-0.8693272921435614,TIME_LIMIT,27128,0,0,15,8
2,8,89453.0,-1.167133607249447,-0.8693272921435614,TIME_LIMIT,27154,0,0,21,30
2,8,89669.0,-1.1671153428163472,-0.8693272921435614,TIME_LIMIT,27188,0,0,12,23
2,8,89801.0,-1.1671153428163472,-0.8693272921435614,TIME_LIMIT,27214,0,0,23,15
2,8,90011.0,-1.1670307649447083,-0.8693272921435614,TIME_LIMIT,27251,0,0,15,19
2,8,90050.0,-1.1670307649447083,-0.8693272921435614,TIME_LIMIT,27268,0,0,13,8
2,8,90138.0,-1.166973960858858,-0.8693272921435614,TIME_LIMIT,27302,0,0,9,6
2,8,90277.0,-1.166973960858858,-0.8693272921435614,TIME_LIMIT,27338,0,0,22,15
2,8,90425.0,-1.1669575115028703,-0.8693272921435614,TIME_LIMIT,27359,0,0,18,12
2,8,90502.0,-1.1669575115028703,-0.8693272921435614,TIME_LIMIT,27383,0,0,19,9
2,8,90574.0,-1.1668922401897477,-0.8693272921435614,TIME_LIMIT,27410,0,0,4,2
2,8,90665.0,-1.1668922401897477,-0.8693272921435614,TIME_LIMIT,27432,0,0,14,5
2,8,90701.0,-1.166852724393457,-0.8693272921435614,TIME_LIMIT,27449,0,0,9,3
2,8,90787.0,-1.166852724393457,-0.8693272921435614,TIME_LIMIT,27472,0,0,12,9
2,8,90838.0,-1.1668097320341082,-0.8693272921435614,TIME_LIMIT,27499,0,0,13,11
2,8,90943.0,-1.1668097320341082,-0.8693272921435614,TIME_LIMIT,27518,0,0,17,9
2,8,91029.0,-1.1667832820803783,-0.8693272921435614,TIME_LIMIT,27552,0,0,8,9
2,8,91069.0,-1.1667832820803783,-0.8693272921435614,TIME_LIMIT,27569,0,0,20,14
2,8,91216.0,-1.1667564533876633,-0.8693272921435614,TIME_LIMIT,27602,0,0,16,5
2,8,91240.0,-1.1667564533876633,-0.8693272921435614,TIME_LIMIT,27615,0,0,8,8
2,8,91271.0,-1.1666828292028866,-0.8693272921435614,TIME_LIMIT,27637,0,0,4,2
2,8,91316.0,-1.1666828292028866,-0.8693272921435614,TIME_LIMIT,27656,0,0,11,7
2,8,91343.0,-1.1665500398037145,-0.8693272921435614,TIME_LIMIT,27675,0,0,2,3
2,8,91378.0,-1.1665500398037145,-0.8693272921435614,TIME_LIMIT,27697,0,0,17,14
2,8,91462.0,-1.1664875535493473,-0.8693272921435614,TIME_LIMIT,27729,0,0,2,7
2,8,91498.0,-1.1664875535493473,-0.8693272921435614,TIME_LIMIT,27748,0,0,19,11
2,8,91595.0,-1.1664841870202918,-0.8693272921435614,TIME_LIMIT,27779,0,0,17,10
2,8,91713.0,-1.1664841870202918,-0.8693272921435614,TIME_LIMIT,27797,0,0,19,19
2,8,91903.0,-1.1663654004551114,-0.8693272921435614,TIME_LIMIT,27833,0,0,11,10
2,8,91961.0,-1.1663654004551114,-0.8693272921435614,TIME_LIMIT,27861,0,0,26,21
2,8,92167.0,-1.1663029764755828,-0.8693272921435614,TIME_LIMIT,27894,0,0,14,8
2,8,92318.0,-1.1663029764755828,-0.8693272921435614,TIME_LIMIT,27917,0,0,18,18
2,8,92506.0,-1.1662149428301516,-0.8693272921435614,TIME_LIMIT,27950,0,0,13,9
2,8,92614.0,-1.1662149428301516,-0.8693272921435614,TIME_LIMIT,27971,0,0,22,10
2,8,92729.0,-1.16618972780601,-0.8693272921435614,TIME_LIMIT,28005,0,0,13,10
2,8,92782.0,-1.16618972780601,-0.8693272921435614,TIME_LIMIT,28023,0,0,11,9
2,8,92833.0,-1.166188128951841,-0.8693272921435614,TIME_LIMIT,28049,0,0,13,3
2,8,92870.0,-1.166188128951841,-0.8693272921435614,TIME_LIMIT,28062,0,0,16,18
2,8,93013.0,-1.165993779137684,-0.8693272921435614,TIME_LIMIT,28095,0,0,16,5
2,8,93175.0,-1.165993779137684,-0.8693272921435614,TIME_LIMIT,28119,0,0,24,12
2,8,93297.0,-1.165962481800862,-0.8693272921435614,TIME_LIMIT,28153,0,0,10,4
2,8,93314.0,-1.165962481800862,-0.8693272921435614,TIME_LIMIT,28166,0,0,11,9
2,8,93366.0,-1.1659144708424451,-0.8693272921435614,TIME_LIMIT,28191,0,0,7,7
2,8,93427.0,-1.1659144708424451,-0.8693272921435614,TIME_LIMIT,28209,0,0,25,32
2,8,93528.0,-1.165872447948453,-0.8693272921435614,TIME_LIMIT,28245,0,0,17,8
2,8,93664.0,-1.165872447948453,-0.8693272921435614,TIME_LIMIT,28263,0,0,11,17
2,8,93781.0,-1.1657956941772336,-0.8693272921435614,TIME_LIMIT,28296,0,0,10,3
2,8,93827.0,-1.1657956941772336,-0.8693272921435614,TIME_LIMIT,28320,0,0,21,18
2,8,93977.0,-1.165768037438348,-0.8693272921435614,TIME_LIMIT,28360,0,0,21,19
2,8,94105.0,-1.165768037438348,-0.8693272921435614,TIME_LIMIT,28384,0,0,19,15
2,8,94190.0,-1.1657085360268769,-0.8693272921435614,TIME_LIMIT,28418,0,0,19,7
2,8,94292.0,-1.1657085360268769,-0.8693272921435614,TIME_LIMIT,28441,0,0,13,9
2,8,94356.0,-1.16565791014899,-0.8693272921435614,TIME_LIMIT,28470,0,0,19,8
2,8,94416.0,-1.16565791014899,-0.8693272921435614,TIME_LIMIT,28487,0,0,17,12
2,8,94461.0,-1.165573524044346,-0.8693272921435614,TIME_LIMIT,28514,0,0,9,7
2,8,94501.0,-1.165573524044346,-0.8693272921435614,TIME_LIMIT,28535,0,0,17,7
2,8,94523.0,-1.1654837284158193,-0.8693272921435614,TIME_LIMIT,28556,0,0,9,6
2,8,94610.0,-1.1654837284158193,-0.8693272921435614,TIME_LIMIT,28581,0,0,13,9
2,8,94818.0,-1.1654617155664304,-0.8693272921435614,TIME_LIMIT,28612,0,0,21,19
2,8,94903.0,-1.1654617155664304,-0.8693272921435614,TIME_LIMIT,28629,0,0,18,15
2,8,95008.0,-1.1653493390542708,-0.8693272921435614,TIME_LIMIT,28660,0,0,15,6
2,8,95056.0,-1.1653493390542708,-0.8693272921435614,TIME_LIMIT,28679,0,0,13,4
2,8,95158.0,-1.1653280782992357,-0.8693272921435614,TIME_LIMIT,28709,0,0,10,9
2,8,95351.0,-1.1653280782992357,-0.8693272921435614,TIME_LIMIT,28744,0,0,10,15
2,8,95401.0,-1.1652807359859552,-0.8693272921435614,TIME_LIMIT,28763,0,0,13,10
2,8,95494.0,-1.1652807359859552,-0.8693272921435614,TIME_LIMIT,28786,0,0,15,13
2,8,95559.0,-1.1652800485073551,-0.8693272921435614,TIME_LIMIT,28807,0,0,11,0
2,8,95601.0,-1.1652800485073551,-0.8693272921435614,TIME_LIMIT,28820,0,0,14,8
2,8,95796.0,-1.165114649853899,-0.8693272921435614,TIME_LIMIT,28851,0,0,14,5
2,8,95968.0,-1.165114649853899,-0.8693272921435614,TIME_LIMIT,28870,0,0,20,23
2,8,96073.0,-1.1651114936104865,-0.8693272921435614,TIME_LIMIT,28900,0,0,16,7
2,8,96109.0,-1.1651114936104865,-0.8693272921435614,TIME_LIMIT,28920,0,0,20,10
2,8,96169.0,-1.165110118689361,-0.8693272921435614,TIME_LIMIT,28952,0,0,11,7
2,8,96330.0,-1.165110118689361,-0.8693272921435614,TIME_LIMIT,28984,0,0,12,10
2,8,96400.0,-1.1649699782744918,-0.8693272921435614,TIME_LIMIT,29008,0,0,21,12
2,8,96491.0,-1.1649699782744918,-0.8693272921435614,TIME_LIMIT,29027,0,0,9,8
2,8,96593.0,-1.1649527987698274,-0.8693272921435614,TIME_LIMIT,29056,0,0,13,5
2,8,96630.0,-1.1649527987698274,-0.8693272921435614,TIME_LIMIT,29074,0,0,14,4
2,8,96668.0,-1.1649439583580923,-0.8693272921435614,TIME_LIMIT,29097,0,0,10,7
2,8,96695.0,-1.1649439583580923,-0.8693272921435614,TIME_LIMIT,29110,0,0,8,4
2,8,96737.0,-1.1649107895046729,-0.8693272921435614,TIME_LIMIT,29130,0,0,6,3
2,8,96818.0,-1.1649107895046729,-0.8693272921435614,TIME_LIMIT,29151,0,0,21,25
2,8,96978.0,-1.1648552272280834,-0.8693272921435614,TIME_LIMIT,29188,0,0,20,13
2,8,97036.0,-1.1648552272280834,-0.8693272921435614,TIME_LIMIT,29208,0,0,17,7
2,8,97114.0,-1.1648547823346869,-0.8693272921435614,TIME_LIMIT,29233,0,0,10,5
2,8,97204.0,-1.1648547823346869,-0.8693272921435614,TIME_LIMIT,29259,0,0,15,14
2,8,97337.0,-1.164700706326221,-0.8693272921435614,TIME_LIMIT,29291,0,0,8,7
2,8,97466.0,-1.164700706326221,-0.8693272921435614,TIME_LIMIT,29316,0,0,9,23
2,8,97567.0,-1.1646599931813493,-0.8693272921435614,TIME_LIMIT,29349,0,0,8,6
2,8,97778.0,-1.1646599931813493,-0.8693272921435614,TIME_LIMIT,29374,0,0,17,22
2,8,97861.0,-1.1646340194042462,-0.8693272921435614,TIME_LIMIT,29400,0,0,17,5
2,8,97992.0,-1.1646340194042462,-0.8693272921435614,TIME_LIMIT,29421,0,0,14,6
2,8,98068.0,-1.1646221305363855,-0.8693272921435614,TIME_LIMIT,29446,0,0,13,7
2,8,98166.0,-1.1646221305363855,-0.8693272921435614,TIME_LIMIT,29467,0,0,17,12
2,8,98212.0,-1.1646169869622147,-0.8693272921435614,TIME_LIMIT,29496,0,0,12,2
2,8,98372.0,-1.1646169869622147,-0.8693272921435614,TIME_LIMIT,29522,0,0,11,11
2,8,98431.0,-1.1645990636554016,-0.8693272921435614,TIME_LIMIT,29541,0,0,14,6
2,8,98497.0,-1.1645990636554016,-0.8693272921435614,TIME_LIMIT,29559,0,0,10,11
2,8,98637.0,-1.1645484314341115,-0.8693272921435614,TIME_LIMIT,29594,0,0,17,12
2,8,98844.0,-1.1645484314341115,-0.8693272921435614,TIME_LIMIT,29616,0,0,19,12
2,8,99049.0,-1.1644673359469684,-0.8693272921435614,TIME_LIMIT,29646,0,0,14,8
2,8,99102.0,-1.1644673359469684,-0.8693272921435614,TIME_LIMIT,29664,0,0,15,12
2,8,99156.0,-1.1644461449156571,-0.8693272921435614,TIME_LIMIT,29691,0,0,12,5
2,8,99290.0,-1.1644461449156571,-0.8693272921435614,TIME_LIMIT,29711,0,0,19,29
2,8,99392.0,-1.1643755843235204,-0.8693272921435614,TIME_LIMIT,29745,0,0,18,8
2,8,99494.0,-1.1643755843235204,-0.8693272921435614,TIME_LIMIT,29770,0,0,21,11
2,8,99694.0,-1.16435274214625,-0.8693272921435614,TIME_LIMIT,29807,0,0,17,6
2,8,99801.0,-1.16435274214625,-0.8693272921435614,TIME_LIMIT,29834,0,0,17,27
2,8,100008.0,-1.1642505268306889,-0.8693272921435614,TIME_LIMIT,29867,0,0,15,11
2,8,100074.0,-1.1642505268306889,-0.8693272921435614,TIME_LIMIT,29887,0,0,17,7
2,8,100180.0,-1.1642365399270247,-0.8693272921435614,TIME_LIMIT,29918,0,0,14,10
2,8,100272.0,-1.1642365399270247,-0.8693272921435614,TIME_LIMIT,29940,0,0,21,23
2,8,100369.0,-1.1641544805686304,-0.8693272921435614,TIME_LIMIT,29972,0,0,9,4
2,8,100483.0,-1.1641544805686304,-0.8693272921435614,TIME_LIMIT,29990,0,0,17,14
2,8,100632.0,-1.1639466140558654,-0.8693272921435614,TIME_LIMIT,30024,0,0,12,13
2,8,100653.0,-1.1639466140558654,-0.8693272921435614,TIME_LIMIT,30038,0,0,10,7
2,8,100698.0,-1.16386438953742,-0.8693272921435614,TIME_LIMIT,30060,0,0,8,2
2,8,100834.0,-1.16386438953742,-0.8693272921435614,TIME_LIMIT,30090,0,0,19,18
2,8,100887.0,-1.1638382230615436,-0.8693272921435614,TIME_LIMIT,30112,0,0,18,4
2,8,101015.0,-1.1638382230615436,-0.8693272921435614,TIME_LIMIT,30137,0,0,15,14
2,8,101054.0,-1.163825467889174,-0.8693272921435614,TIME_LIMIT,30158,0,0,14,4
2,8,101135.0,-1.163825467889174,-0.8693272921435614,TIME_LIMIT,30182,0,0,21,11
2,8,101325.0,-1.1637378986116917,-0.8693272921435614,TIME_LIMIT,30222,0,0,18,11
2,8,101384.0,-1.1637378986116917,-0.8693272921435614,TIME_LIMIT,30244,0,0,14,12
2,8,101481.0,-1.1637307844556704,-0.8693272921435614,TIME_LIMIT,30272,0,0,6,8
2,8,101600.0,-1.1637307844556704,-0.8693272921435614,TIME_LIMIT,30296,0,0,24,10
2,8,101767.0,-1.1635809087028095,-0.8693272921435614,TIME_LIMIT,30330,0,0,18,4
2,8,101870.0,-1.1635809087028095,-0.8693272921435614,TIME_LIMIT,30351,0,0,13,21
2,8,102047.0,-1.1635807600249315,-0.8693272921435614,TIME_LIMIT,30389,0,0,16,8
2,8,102260.0,-1.1635807600249315,-0.8693272921435614,TIME_LIMIT,30414,0,0,21,23
2,8,102467.0,-1.1635504005483335,-0.8693272921435614,TIME_LIMIT,30451,0,0,15,12
2,8,102531.0,-1.1635504005483335,-0.8693272921435614,TIME_LIMIT,30467,0,0,13,12
2,8,102655.0,-1.163533140346082,-0.8693272921435614,TIME_LIMIT,30503,0,0,7,13
2,8,102742.0,-1.163533140346082,-0.8693272921435614,TIME_LIMIT,30523,0,0,20,23
2,8,102953.0,-1.1635159490889397,-0.8693272921435614,TIME_LIMIT,30560,0,0,8,9
2,8,103032.0,-1.1635159490889397,-0.8693272921435614,TIME_LIMIT,30577,0,0,18,14
2,8,103123.0,-1.1634171797710395,-0.8693272921435614,TIME_LIMIT,30610,0,0,15,6
2,8,103280.0,-1.1634171797710395,-0.8693272921435614,TIME_LIMIT,30633,0,0,17,18
2,8,103368.0,-1.1634003069029126,-0.8693272921435614,TIME_LIMIT,30671,0,0,7,4
2,8,103482.0,-1.1634003069029126,-0.8693272921435614,TIME_LIMIT,30701,0,0,20,21
2,8,103651.0,-1.1633906491326074,-0.8693272921435614,TIME_LIMIT,30739,0,0,21,12
2,8,103695.0,-1.1633906491326074,-0.8693272921435614,TIME_LIMIT,30764,0,0,17,18
2,8,103793.0,-1.1633591994466326,-0.8693272921435614,TIME_LIMIT,30795,0,0,10,10
2,8,103824.0,-1.1633591994466326,-0.8693272921435614,TIME_LIMIT,30816,0,0,11,10
2,8,103896.0,-1.1633163861866758,-0.8693272921435614,TIME_LIMIT,30847,0,0,12,3
2,8,103988.0,-1.1633163861866758,-0.8693272921435614,TIME_LIMIT,30874,0,0,20,5
2,8,104025.0,-1.163308154615484,-0.8693272921435614,TIME_LIMIT,30897,0,0,14,7
2,8,104087.0,-1.163308154615484,-0.8693272921435614,TIME_LIMIT,30920,0,0,20,16
2,8,104205.0,-1.1632581669184763,-0.8693272921435614,TIME_LIMIT,30953,0,0,17,7
2,8,104419.0,-1.1632581669184763,-0.8693272921435614,TIME_LIMIT,30977,0,0,16,16
2,8,104506.0,-1.1632218014191764,-0.8693272921435614,TIME_LIMIT,31004,0,0,15,6
2,8,104583.0,-1.1632218014191764,-0.8693272921435614,TIME_LIMIT,31023,0,0,23,14
2,8,104711.0,-1.1632171109493386,-0.8693272921435614,TIME_LIMIT,31059,0,0,8,5
2,8,104829.0,-1.1632171109493386,-0.8693272921435614,TIME_LIMIT,31080,0,0,18,13
2,8,105009.0,-1.1628243704782735,-0.8693272921435614,TIME_LIMIT,31111,0,0,14,6
2,8,105052.0,-1.1628243704782735,-0.8693272921435614,TIME_LIMIT,31132,0,0,15,20
2,8,105181.0,-1.1628004043056999,-0.8693272921435614,TIME_LIMIT,31167,0,0,12,13
2,8,105325.0,-1.1628004043056999,-0.8693272921435614,TIME_LIMIT,31194,0,0,20,15
2,8,105494.0,-1.1626843769264006,-0.8693272921435614,TIME_LIMIT,31225,0,0,13,13
2,8,105585.0,-1.1626843769264006,-0.8693272921435614,TIME_LIMIT,31249,0,0,23,24
2,8,105796.0,-1.1626418269289964,-0.8693272921435614,TIME_LIMIT,31284,0,0,14,9
2,8,105834.0,-1.1626418269289964,-0.8693272921435614,TIME_LIMIT,31300,0,0,12,5
2,8,105921.0,-1.162511791873952,-0.8693272921435614,TIME_LIMIT,31327,0,0,9,6
2,8,106042.0,-1.162511791873952,-0.8693272921435614,TIME_LIMIT,31350,0,0,17,11
2,8,106118.0,-1.1624425328776244,-0.8693272921435614,TIME_LIMIT,31377,0,0,13,6
2,8,106239.0,-1.1624425328776244,-0.8693272921435614,TIME_LIMIT,31407,0,0,22,12
2,8,106331.0,-1.1623387247987411,-0.8693272921435614,TIME_LIMIT,31439,0,0,18,9
2,8,106459.0,-1.1623387247987411,-0.8693272921435614,TIME_LIMIT,31459,0,0,17,13
2,8,106521.0,-1.1623144954330504,-0.8693272921435614,TIME_LIMIT,31486,0,0,9,4
2,8,106638.0,-1.1623144954330504,-0.8693272921435614,TIME_LIMIT,31507,0,0,12,3
2,8,106704.0,-1.1620748035915192,-0.8693272921435614,TIME_LIMIT,31534,0,0,5,2
2,8,106817.0,-1.1620748035915192,-0.8693272921435614,TIME_LIMIT,31556,0,0,18,15
2,8,107027.0,-1.1620685368763237,-0.8693272921435614,TIME_LIMIT,31587,0,0,12,8
2,8,107095.0,-1.1620685368763237,-0.8693272921435614,TIME_LIMIT,31606,0,0,14,5
2,8,107185.0,-1.1619632156501765,-0.8693272921435614,TIME_LIMIT,31632,0,0,10,8
2,8,107275.0,-1.1619632156501765,-0.8693272921435614,TIME_LIMIT,31661,0,0,22,9
2,8,107332.0,-1.1617655491716292,-0.8693272921435614,TIME_LIMIT,31689,0,0,16,10
2,8,107415.0,-1.1617655491716292,-0.8693272921435614,TIME_LIMIT,31706,0,0,17,13
2,8,107490.0,-1.1617504384521755,-0.8693272921435614,TIME_LIMIT,31737,0,0,13,5
2,8,107637.0,-1.1617504384521755,-0.8693272921435614,TIME_LIMIT,31760,0,0,14,12
2,8,107692.0,-1.1617054574208425,-0.8693272921435614,TIME_LIMIT,31788,0,0,6,2
2,8,107735.0,-1.1617054574208425,-0.8693272921435614,TIME_LIMIT,31805,0,0,16,7
2,8,107779.0,-1.161693720034443,-0.8693272921435614,TIME_LIMIT,31827,0,0,9,4
2,8,107887.0,-1.161693720034443,-0.8693272921435614,TIME_LIMIT,31849,0,0,17,15
2,8,108003.0,-1.1616447540434454,-0.8693272921435614,TIME_LIMIT,31882,0,0,15,7
2,8,108041.0,-1.1616447540434454,-0.8693272921435614,TIME_LIMIT,31897,0,0,13,9
2,8,108092.0,-1.1616398932927048,-0.8693272921435614,TIME_LIMIT,31926,0,0,5,6
2,8,108184.0,-1.1616398932927048,-0.8693272921435614,TIME_LIMIT,31947,0,0,14,5
2,8,108305.0,-1.1616279658264905,-0.8693272921435614,TIME_LIMIT,31975,0,0,11,10
2,8,108372.0,-1.1616279658264905,-0.8693272921435614,TIME_LIMIT,31997,0,0,9,8
2,8,108419.0,-1.1615502267397382,-0.8693272921435614,TIME_LIMIT,32023,0,0,2,4
2,8,108460.0,-1.1615502267397382,-0.8693272921435614,TIME_LIMIT,32042,0,0,15,14
2,8,108512.0,-1.1614607015983076,-0.8693272921435614,TIME_LIMIT,32074,0,0,7,3
2,8,108594.0,-1.1614607015983076,-0.8693272921435614,TIME_LIMIT,32096,0,0,18,8
2,8,108677.0,-1.1614154190303014,-0.8693272921435614,TIME_LIMIT,32123,0,0,14,5
2,8,108784.0,-1.1614154190303014,-0.8693272921435614,TIME_LIMIT,32146,0,0,16,11
2,8,108989.0,-1.1613558316397858,-0.8693272921435614,TIME_LIMIT,32185,0,0,17,13
2,8,109027.0,-1.1613558316397858,-0.8693272921435614,TIME_LIMIT,32202,0,0,9,7
2,8,109098.0,-1.16122579081554,-0.8693272921435614,TIME_LIMIT,32228,0,0,12,5
2,8,109169.0,-1.16122579081554,-0.8693272921435614,TIME_LIMIT,32255,0,0,19,8
2,8,109257.0,-1.1610740126565826,-0.8693272921435614,TIME_LIMIT,32275,0,0,10,3
2,8,109408.0,-1.1610740126565826,-0.8693272921435614,TIME_LIMIT,32304,0,0,19,23
2,8,109545.0,-1.1610130426667145,-0.8693272921435614,TIME_LIMIT,32342,0,0,7,12
2,8,109661.0,-1.1610130426667145,-0.8693272921435614,TIME_LIMIT,32368,0,0,20,21
2,8,109777.0,-1.1608808493981821,-0.8693272921435614,TIME_LIMIT,32405,0,0,10,12
2,8,109910.0,-1.1608808493981821,-0.8693272921435614,TIME_LIMIT,32425,0,0,13,11
2,8,109978.0,-1.1608771693403828,-0.8693272921435614,TIME_LIMIT,32447,0,0,11,3
2,8,110113.0,-1.1608771693403828,-0.8693272921435614,TIME_LIMIT,32470,0,0,12,14
2,8,110133.0,-1.1608473321892778,-0.8693272921435614,TIME_LIMIT,32492,0,0,13,5
2,8,110253.0,-1.1608473321892778,-0.8693272921435614,TIME_LIMIT,32514,0,0,10,7
2,8,110323.0,-1.1608378381532205,-0.8693272921435614,TIME_LIMIT,32543,0,0,12,4
2,8,110384.0,-1.1608378381532205,-0.8693272921435614,TIME_LIMIT,32564,0,0,24,8
2,8,110466.0,-1.1607853566132111,-0.8693272921435614,TIME_LIMIT,32594,0,0,14,5
2,8,110556.0,-1.1607853566132111,-0.8693272921435614,TIME_LIMIT,32621,0,0,15,10
2,8,110602.0,-1.1607460718778324,-0.8693272921435614,TIME_LIMIT,32640,0,0,21,27
2,8,110696.0,-1.1607460718778324,-0.8693272921435614,TIME_LIMIT,32666,0,0,21,12
2,8,110890.0,-1.1606905924865163,-0.8693272921435614,TIME_LIMIT,32703,0,0,19,16
2,8,110932.0,-1.1606905924865163,-0.8693272921435614,TIME_LIMIT,32716,0,0,9,7
2,8,110992.0,-1.160682801958779,-0.8693272921435614,TIME_LIMIT,32747,0,0,17,8
2,8,111017.0,-1.160682801958779,-0.8693272921435614,TIME_LIMIT,32764,0,0,13,11
2,8,111077.0,-1.1606587341927577,-0.8693272921435614,TIME_LIMIT,32797,0,0,10,9
2,8,111120.0,-1.1606587341927577,-0.8693272921435614,TIME_LIMIT,32813,0,0,7,4
2,8,111193.0,-1.1606403205197104,-0.8693272921435614,TIME_LIMIT,32843,0,0,5,4
2,8,111252.0,-1.1606403205197104,-0.8693272921435614,TIME_LIMIT,32859,0,0,14,7
2,8,111309.0,-1.1606321012755445,-0.8693272921435614,TIME_LIMIT,32884,0,0,13,7
2,8,111452.0,-1.1606321012755445,-0.8693272921435614,TIME_LIMIT,32908,0,0,19,26
2,8,111505.0,-1.160555127569635,-0.8693272921435614,TIME_LIMIT,32939,0,0,11,13
2,8,111666.0,-1.160555127569635,-0.8693272921435614,TIME_LIMIT,32968,0,0,14,12
2,8,111749.0,-1.1605095727919563,-0.8693272921435614,TIME_LIMIT,32990,0,0,19,6
2,8,111800.0,-1.1605095727919563,-0.8693272921435614,TIME_LIMIT,33005,0,0,15,9
2,8,111896.0,-1.1604838716683967,-0.8693272921435614,TIME_LIMIT,33034,0,0,9,6
2,8,111935.0,-1.1604838716683967,-0.8693272921435614,TIME_LIMIT,33053,0,0,19,9
2,8,112147.0,-1.1604650004631891,-0.8693272921435614,TIME_LIMIT,33084,0,0,17,4
2,8,112209.0,-1.1604650004631891,-0.8693272921435614,TIME_LIMIT,33100,0,0,19,13
2,8,112326.0,-1.16037621213366,-0.8693272921435614,TIME_LIMIT,33138,0,0,18,11
2,8,112429.0,-1.16037621213366,-0.8693272921435614,TIME_LIMIT,33159,0,0,14,12
2,8,112467.0,-1.160334625497104,-0.8693272921435614,TIME_LIMIT,33184,0,0,5,3
2,8,112521.0,-1.160334625497104,-0.8693272921435614,TIME_LIMIT,33205,0,0,17,4
2,8,112564.0,-1.1602595474955606,-0.8693272921435614,TIME_LIMIT,33224,0,0,13,8
2,8,112592.0,-1.1602595474955606,-0.8693272921435614,TIME_LIMIT,33241,0,0,11,6
2,8,112622.0,-1.160213168787843,-0.8693272921435614,TIME_LIMIT,33260,0,0,6,5
2,8,112668.0,-1.160213168787843,-0.8693272921435614,TIME_LIMIT,33275,0,0,16,7
2,8,112761.0,-1.159991807779218,-0.8693272921435614,TIME_LIMIT,33309,0,0,12,12
2,8,112852.0,-1.159991807779218,-0.8693272921435614,TIME_LIMIT,33326,0,0,19,10
2,8,112975.0,-1.159963433764125,-0.8693272921435614,TIME_LIMIT,33358,0,0,14,6
2,8,113112.0,-1.159963433764125,-0.8693272921435614,TIME_LIMIT,33385,0,0,19,9
2,8,113192.0,-1.1599169762768244,-0.8693272921435614,TIME_LIMIT,33406,0,0,15,10
2,8,113219.0,-1.1599169762768244,-0.8693272921435614,TIME_LIMIT,33422,0,0,11,12
2,8,113238.0,-1.1598041656191298,-0.8693272921435614,TIME_LIMIT,33446,0,0,10,8
2,8,113403.0,-1.1598041656191298,-0.8693272921435614,TIME_LIMIT,33472,0,0,17,14
2,8,113522.0,-1.1597485718469631,-0.8693272921435614,TIME_LIMIT,33509,0,0,18,9
2,8,113731.0,-1.1597485718469631,-0.8693272921435614,TIME_LIMIT,33533,0,0,23,34
2,8,113853.0,-1.1596799366121096,-0.8693272921435614,TIME_LIMIT,33569,0,0,16,7
2,8,114001.0,-1.1596799366121096,-0.8693272921435614,TIME_LIMIT,33594,0,0,15,12
2,8,114096.0,-1.1596773027428804,-0.8693272921435614,TIME_LIMIT,33617,0,0,11,10
2,8,114263.0,-1.1596773027428804,-0.8693272921435614,TIME_LIMIT,33638,0,0,18,11
2,8,114371.0,-1.1595734011819412,-0.8693272921435614,TIME_LIMIT,33667,0,0,12,7
2,8,114473.0,-1.1595734011819412,-0.8693272921435614,TIME_LIMIT,33689,0,0,16,12
2,8,114528.0,-1.1595402957794252,-0.8693272921435614,TIME_LIMIT,33717,0,0,5,3
2,8,114689.0,-1.1595402957794252,-0.8693272921435614,TIME_LIMIT,33743,0,0,20,27
2,8,114737.0,-1.159456878604396,-0.8693272921435614,TIME_LIMIT,33774,0,0,17,11
2,8,114827.0,-1.159456878604396,-0.8693272921435614,TIME_LIMIT,33795,0,0,21,17
2,8,114942.0,-1.159358465286261,-0.8693272921435614,TIME_LIMIT,33831,0,0,18,7
2,8,115050.0,-1.159358465286261,-0.8693272921435614,TIME_LIMIT,33847,0,0,15,13
2,8,115126.0,-1.1593445459778136,-0.8693272921435614,TIME_LIMIT,33873,0,0,11,5
2,8,115143.0,-1.1593445459778136,-0.8693272921435614,TIME_LIMIT,33887,0,0,7,1
2,8,115147.0,-1.159303514259223,-0.8693272921435614,TIME_LIMIT,33893,0,0,3,7
2,8,115248.0,-1.159303514259223,-0.8693272921435614,TIME_LIMIT,33923,0,0,17,11
2,8,115311.0,-1.1592229658946702,-0.8693272921435614,TIME_LIMIT,33949,0,0,9,13
2,8,115387.0,-1.1592229658946702,-0.8693272921435614,TIME_LIMIT,33973,0,0,15,18
2,8,115491.0,-1.1591144664946742,-0.8693272921435614,TIME_LIMIT,34002,0,0,14,14
2,8,115523.0,-1.1591144664946742,-0.8693272921435614,TIME_LIMIT,34015,0,0,16,8
2,8,115549.0,-1.1590349598475715,-0.8693272921435614,TIME_LIMIT,34035,0,0,8,3
2,8,115601.0,-1.1590349598475715,-0.8693272921435614,TIME_LIMIT,34060,0,0,16,9
2,8,115691.0,-1.1590342592853298,-0.8693272921435614,TIME_LIMIT,34079,0,0,10,9
2,8,115721.0,-1.1590342592853298,-0.8693272921435614,TIME_LIMIT,34097,0,0,16,8
2,8,115808.0,-1.1589861986214802,-0.8693272921435614,TIME_LIMIT,34127,0,0,14,5
2,8,115870.0,-1.1589861986214802,-0.8693272921435614,TIME_LIMIT,34141,0,0,10,5
2,8,115906.0,-1.1589357334507109,-0.8693272921435614,TIME_LIMIT,34159,0,0,5,1
2,8,116008.0,-1.1589357334507109,-0.8693272921435614,TIME_LIMIT,34181,0,0,16,19
2,8,116046.0,-1.1588887466478153,-0.8693272921435614,TIME_LIMIT,34208,0,0,8,8
2,8,116252.0,-1.1588887466478153,-0.8693272921435614,TIME_LIMIT,34234,0,0,18,18
2,8,116407.0,-1.158881034040031,-0.8693272921435614,TIME_LIMIT,34268,0,0,16,11
2,8,116517.0,-1.158881034040031,-0.8693272921435614,TIME_LIMIT,34288,0,0,7,3
2,8,116540.0,-1.1588539753624634,-0.8693272921435614,TIME_LIMIT,34302,0,0,9,3
2,8,116640.0,-1.1588539753624634,-0.8693272921435614,TIME_LIMIT,34319,0,0,15,14
2,8,116725.0,-1.158824910952857,-0.8693272921435614,TIME_LIMIT,34348,0,0,14,9
2,8,116890.0,-1.158824910952857,-0.8693272921435614,TIME_LIMIT,34380,0,0,12,8
2,8,117097.0,-1.1586636265321433,-0.8693272921435614,TIME_LIMIT,34417,0,0,13,8
2,8,117302.0,-1.1586636265321433,-0.8693272921435614,TIME_LIMIT,34441,0,0,23,35
2,8,117495.0,-1.1584997379496325,-0.8693272921435614,TIME_LIMIT,34482,0,0,19,13
2,8,117584.0,-1.1584997379496325,-0.8693272921435614,TIME_LIMIT,34507,0,0,25,18
2,8,117693.0,-1.1584889547537551,-0.8693272921435614,TIME_LIMIT,34531,0,0,15,5
2,8,117816.0,-1.1584889547537551,-0.8693272921435614,TIME_LIMIT,34555,0,0,17,27
2,8,118020.0,-1.1582476269904376,-0.8693272921435614,TIME_LIMIT,34594,0,0,17,17
2,8,118089.0,-1.1582476269904376,-0.8693272921435614,TIME_LIMIT,34615,0,0,16,11
2,8,118138.0,-1.158192611119684,-0.8693272921435614,TIME_LIMIT,34640,0,0,11,6
2,8,118323.0,-1.158192611119684,-0.8693272921435614,TIME_LIMIT,34665,0,0,20,22
2,8,118424.0,-1.158080979366431,-0.8693272921435614,TIME_LIMIT,34697,0,0,14,7
2,8,118613.0,-1.158080979366431,-0.8693272921435614,TIME_LIMIT,34725,0,0,16,10
2,8,118732.0,-1.157964042670076,-0.8693272921435614,TIME_LIMIT,34759,0,0,7,8
2,8,118869.0,-1.157964042670076,-0.8693272921435614,TIME_LIMIT,34779,0,0,13,9
2,8,118923.0,-1.1579413920647201,-0.8693272921435614,TIME_LIMIT,34801,0,0,10,5
2,8,118939.0,-1.1579413920647201,-0.8693272921435614,TIME_LIMIT,34816,0,0,9,4
2,8,118970.0,-1.157881892916117,-0.8693272921435614,TIME_LIMIT,34838,0,0,4,6
2,8,119179.0,-1.157881892916117,-0.8693272921435614,TIME_LIMIT,34866,0,0,21,16
2,8,119393.0,-1.1578774562462921,-0.8693272921435614,TIME_LIMIT,34896,0,0,17,5
2,8,119448.0,-1.1578774562462921,-0.8693272921435614,TIME_LIMIT,34916,0,0,18,8
2,8,119491.0,-1.1578650303670464,-0.8693272921435614,TIME_LIMIT,34939,0,0,11,7
2,8,119701.0,-1.1578650303670464,-0.8693272921435614,TIME_LIMIT,34963,0,0,17,15
2,8,119810.0,-1.1578366624794734,-0.8693272921435614,TIME_LIMIT,35003,0,0,19,5
2,8,119938.0,-1.1578366624794734,-0.8693272921435614,TIME_LIMIT,35030,0,0,22,17
2,8,120016.0,-1.1576697695255982,-0.8693272921435614,TIME_LIMIT,35060,0,0,17,4
2,8,120195.0,-1.1576697695255982,-0.8693272921435614,TIME_LIMIT,35082,0,0,19,21
2,8,120287.0,-1.1576686906798033,-0.8693272921435614,TIME_LIMIT,35116,0,0,16,8
2,8,120324.0,-1.1576686906798033,-0.8693272921435614,TIME_LIMIT,35133,0,0,12,5
2,8,120365.0,-1.157653832747369,-0.8693272921435614,TIME_LIMIT,35153,0,0,15,7
2,8,120439.0,-1.157653832747369,-0.8693272921435614,TIME_LIMIT,35180,0,0,13,9
2,8,120476.0,-1.157537941481216,-0.8693272921435614,TIME_LIMIT,35197,0,0,10,4
2,8,120596.0,-1.157537941481216,-0.8693272921435614,TIME_LIMIT,35226,0,0,15,9
2,8,120649.0,-1.1575289870440062,-0.8693272921435614,TIME_LIMIT,35243,0,0,11,8
2,8,120735.0,-1.1575289870440062,-0.8693272921435614,TIME_LIMIT,35266,0,0,21,18
2,8,120897.0,-1.1575232855980124,-0.8693272921435614,TIME_LIMIT,35298,0,0,16,7
2,8,120955.0,-1.1575232855980124,-0.8693272921435614,TIME_LIMIT,35318,0,0,16,13
2,8,121014.0,-1.1574936238444857,-0.8693272921435614,TIME_LIMIT,35340,0,0,10,4
2,8,121126.0,-1.1574936238444857,-0.8693272921435614,TIME_LIMIT,35366,0,0,17,11
2,8,121210.0,-1.1574714844282166,-0.8693272921435614,TIME_LIMIT,35384,0,0,14,4
2,8,121419.0,-1.1574714844282166,-0.8693272921435614,TIME_LIMIT,35408,0,0,24,20
2,8,121544.0,-1.1574496493448456,-0.8693272921435614,TIME_LIMIT,35443,0,0,18,10
2,8,121604.0,-1.1574496493448456,-0.8693272921435614,TIME_LIMIT,35460,0,0,13,8
2,8,121659.0,-1.1573455457125612,-0.8693272921435614,TIME_LIMIT,35490,0,0,16,3
2,8,121760.0,-1.1573455457125612,-0.8693272921435614,TIME_LIMIT,35509,0,0,21,19
2,8,121966.0,-1.157310161911719,-0.8693272921435614,TIME_LIMIT,35544,0,0,16,10
2,8,122040.0,-1.157310161911719,-0.8693272921435614,TIME_LIMIT,35564,0,0,13,15
2,8,122178.0,-1.1571228990164808,-0.8693272921435614,TIME_LIMIT,35599,0,0,12,8
2,8,122306.0,-1.1571228990164808,-0.8693272921435614,TIME_LIMIT,35619,0,0,13,7
2,8,122357.0,-1.157116911372469,-0.8693272921435614,TIME_LIMIT,35640,0,0,15,2
2,8,122495.0,-1.157116911372469,-0.8693272921435614,TIME_LIMIT,35660,0,0,17,18
2,8,122651.0,-1.15711192402089,-0.8693272921435614,TIME_LIMIT,35695,0,0,16,7
2,8,122728.0,-1.15711192402089,-0.8693272921435614,TIME_LIMIT,35715,0,0,17,5
2,8,122767.0,-1.1571078403242754,-0.8693272921435614,TIME_LIMIT,35734,0,0,14,3
2,8,122825.0,-1.1571078403242754,-0.8693272921435614,TIME_LIMIT,35754,0,0,16,9
2,8,122887.0,-1.1570268771462986,-0.8693272921435614,TIME_LIMIT,35784,0,0,15,5
2,8,122961.0,-1.1570268771462986,-0.8693272921435614,TIME_LIMIT,35803,0,0,18,14
2,8,123002.0,-1.1570093507514696,-0.8693272921435614,TIME_LIMIT,35831,0,0,11,5
2,8,123154.0,-1.1570093507514696,-0.8693272921435614,TIME_LIMIT,35852,0,0,20,12
2,8,123217.0,-1.1568916438977868,-0.8693272921435614,TIME_LIMIT,35882,0,0,16,6
2,8,123385.0,-1.1568916438977868,-0.8693272921435614,TIME_LIMIT,35910,0,0,22,18
2,8,123536.0,-1.1568784575474225,-0.8693272921435614,TIME_LIMIT,35948,0,0,18,10
2,8,123704.0,-1.1568784575474225,-0.8693272921435614,TIME_LIMIT,35977,0,0,20,13
2,8,123777.0,-1.1568230572777043,-0.8693272921435614,TIME_LIMIT,36011,0,0,16,7
2,8,123947.0,-1.1568230572777043,-0.8693272921435614,TIME_LIMIT,36032,0,0,9,6
2,8,124003.0,-1.1568006092147898,-0.8693272921435614,TIME_LIMIT,36062,0,0,15,4
2,8,124213.0,-1.1568006092147898,-0.8693272921435614,TIME_LIMIT,36086,0,0,18,29
2,8,124407.0,-1.1567460123907678,-0.8693272921435614,TIME_LIMIT,36123,0,0,16,9
2,8,124561.0,-1.1567460123907678,-0.8693272921435614,TIME_LIMIT,36151,0,0,9,13
2,8,124633.0,-1.1566660326372327,-0.8693272921435614,TIME_LIMIT,36174,0,0,15,8
2,8,124774.0,-1.1566660326372327,-0.8693272921435614,TIME_LIMIT,36201,0,0,17,9
2,8,124860.0,-1.1565717094874812,-0.8693272921435614,TIME_LIMIT,36221,0,0,16,12
2,8,124989.0,-1.1565717094874812,-0.8693272921435614,TIME_LIMIT,36247,0,0,21,15
2,8,125044.0,-1.1563779664843423,-0.8693272921435614,TIME_LIMIT,36266,0,0,20,4
2,8,125091.0,-1.1563779664843423,-0.8693272921435614,TIME_LIMIT,36280,0,0,20,10
2,8,125252.0,-1.1563362677578621,-0.8693272921435614,TIME_LIMIT,36310,0,0,11,2
2,8,125309.0,-1.1563362677578621,-0.8693272921435614,TIME_LIMIT,36333,0,0,18,6
2,8,125360.0,-1.156329073230551,-0.8693272921435614,TIME_LIMIT,36361,0,0,11,9
2,8,125435.0,-1.156329073230551,-0.8693272921435614,TIME_LIMIT,36383,0,0,11,9
2,8,125564.0,-1.1563221439452642,-0.8693272921435614,TIME_LIMIT,36402,0,0,16,18
2,8,125715.0,-1.1563221439452642,-0.8693272921435614,TIME_LIMIT,36425,0,0,24,16
2,8,125834.0,-1.1562938748997829,-0.8693272921435614,TIME_LIMIT,36458,0,0,12,4
2,8,126042.0,-1.1562938748997829,-0.8693272921435614,TIME_LIMIT,36482,0,0,20,24
2,8,126232.0,-1.1562847020309641,-0.8693272921435614,TIME_LIMIT,36523,0,0,19,16
2,8,126327.0,-1.1562847020309641,-0.8693272921435614,TIME_LIMIT,36545,0,0,14,7
2,8,126445.0,-1.1562682169336762,-0.8693272921435614,TIME_LIMIT,36579,0,0,11,6
2,8,126576.0,-1.1562682169336762,-0.8693272921435614,TIME_LIMIT,36597,0,0,18,20
2,8,126728.0,-1.1562493328920114,-0.8693272921435614,TIME_LIMIT,36631,0,0,15,9
2,8,126784.0,-1.1562493328920114,-0.8693272921435614,TIME_LIMIT,36654,0,0,26,16
2,8,126922.0,-1.1562198855126433,-0.8693272921435614,TIME_LIMIT,36688,0,0,16,6
2,8,126988.0,-1.1562198855126433,-0.8693272921435614,TIME_LIMIT,36707,0,0,16,12
2,8,127062.0,-1.1561477932539512,-0.8693272921435614,TIME_LIMIT,36735,0,0,12,6
2,8,127106.0,-1.1561477932539512,-0.8693272921435614,TIME_LIMIT,36752,0,0,20,10
2,8,127211.0,-1.1560589625077706,-0.8693272921435614,TIME_LIMIT,36779,0,0,12,5
2,8,127245.0,-1.1560589625077706,-0.8693272921435614,TIME_LIMIT,36803,0,0,8,8
2,8,127299.0,-1.1560489038802626,-0.8693272921435614,TIME_LIMIT,36820,0,0,13,6
2,8,127334.0,-1.1560489038802626,-0.8693272921435614,TIME_LIMIT,36834,0,0,13,16
2,8,127379.0,-1.1560475474866507,-0.8693272921435614,TIME_LIMIT,36861,0,0,10,5
2,8,127447.0,-1.1560475474866507,-0.8693272921435614,TIME_LIMIT,36881,0,0,8,6
2,8,127562.0,-1.1559862148374593,-0.8693272921435614,TIME_LIMIT,36909,0,0,7,2
2,8,127622.0,-1.1559862148374593,-0.8693272921435614,TIME_LIMIT,36930,0,0,13,10
2,8,127659.0,-1.1559673168743487,-0.8693272921435614,TIME_LIMIT,36949,0,0,11,1
2,8,127719.0,-1.1559673168743487,-0.8693272921435614,TIME_LIMIT,36970,0,0,20,33
2,8,127809.0,-1.1559323480444208,-0.8693272921435614,TIME_LIMIT,37005,0,0,8,8
2,8,127963.0,-1.1559323480444208,-0.8693272921435614,TIME_LIMIT,37029,0,0,22,17
2,8,128114.0,-1.155910311929083,-0.8693272921435614,TIME_LIMIT,37060,0,0,14,8
2,8,128155.0,-1.155910311929083,-0.8693272921435614,TIME_LIMIT,37080,0,0,21,10
2,8,128357.0,-1.155816184546492,-0.8693272921435614,TIME_LIMIT,37114,0,0,13,12
2,8,128412.0,-1.155816184546492,-0.8693272921435614,TIME_LIMIT,37131,0,0,14,9
2,8,128516.0,-1.1557991218257868,-0.8693272921435614,TIME_LIMIT,37159,0,0,5,3
2,8,128549.0,-1.1557991218257868,-0.8693272921435614,TIME_LIMIT,37176,0,0,16,13
2,8,128652.0,-1.155775638599943,-0.8693272921435614,TIME_LIMIT,37202,0,0,8,5
2,8,128681.0,-1.155775638599943,-0.8693272921435614,TIME_LIMIT,37222,0,0,13,13
2,8,128747.0,-1.155757535388406,-0.8693272921435614,TIME_LIMIT,37246,0,0,7,5
2,8,128790.0,-1.155757535388406,-0.8693272921435614,TIME_LIMIT,37268,0,0,19,14
2,8,128891.0,-1.155744075022445,-0.8693272921435614,TIME_LIMIT,37298,0,0,7,9
2,8,128933.0,-1.155744075022445,-0.8693272921435614,TIME_LIMIT,37311,0,0,11,6
2,8,129003.0,-1.1557434449550856,-0.8693272921435614,TIME_LIMIT,37342,0,0,14,8
2,8,129056.0,-1.1557434449550856,-0.8693272921435614,TIME_LIMIT,37363,0,0,13,4
2,8,129104.0,-1.1557382084946326,-0.8693272921435614,TIME_LIMIT,37386,0,0,8,5
2,8,129158.0,-1.1557382084946326,-0.8693272921435614,TIME_LIMIT,37401,0,0,15,12
2,8,129236.0,-1.1557287924658874,-0.8693272921435614,TIME_LIMIT,37430,0,0,12,6
2,8,129292.0,-1.1557287924658874,-0.8693272921435614,TIME_LIMIT,37451,0,0,18,12
2,8,129400.0,-1.1557178911645891,-0.8693272921435614,TIME_LIMIT,37482,0,0,13,13
2,8,129453.0,-1.1557178911645891,-0.8693272921435614,TIME_LIMIT,37508,0,0,13,8
2,8,129559.0,-1.1556727192208966,-0.8693272921435614,TIME_LIMIT,37540,0,0,13,17
2,8,129759.0,-1.1556727192208966,-0.8693272921435614,TIME_LIMIT,37563,0,0,18,10
2,8,129829.0,-1.155616862049242,-0.8693272921435614,TIME_LIMIT,37583,0,0,15,8
2,8,129868.0,-1.155616862049242,-0.8693272921435614,TIME_LIMIT,37602,0,0,12,6
2,8,129916.0,-1.1555245976249526,-0.8693272921435614,TIME_LIMIT,37622,0,0,8,1
2,8,130027.0,-1.1555245976249526,-0.8693272921435614,TIME_LIMIT,37646,0,0,16,5
2,8,130073.0,-1.1554756939725752,-0.8693272921435614,TIME_LIMIT,37665,0,0,12,7
2,8,130098.0,-1.1554756939725752,-0.8693272921435614,TIME_LIMIT,37681,0,0,13,7
2,8,130158.0,-1.1553970600871992,-0.8693272921435614,TIME_LIMIT,37712,0,0,14,16
2,8,130292.0,-1.1553970600871992,-0.8693272921435614,TIME_LIMIT,37734,0,0,19,18
2,8,130455.0,-1.1553328652167896,-0.8693272921435614,TIME_LIMIT,37773,0,0,18,7
2,8,130513.0,-1.1553328652167896,-0.8693272921435614,TIME_LIMIT,37789,0,0,17,7
2,8,130594.0,-1.1553313149791433,-0.8693272921435614,TIME_LIMIT,37818,0,0,10,3
2,8,130663.0,-1.1553313149791433,-0.8693272921435614,TIME_LIMIT,37837,0,0,10,11
2,8,130781.0,-1.1551476273421528,-0.8693272921435614,TIME_LIMIT,37870,0,0,17,9
2,8,130869.0,-1.1551476273421528,-0.8693272921435614,TIME_LIMIT,37890,0,0,15,18
2,8,130943.0,-1.1550895806833403,-0.8693272921435614,TIME_LIMIT,37922,0,0,14,11
2,8,130980.0,-1.1550895806833403,-0.8693272921435614,TIME_LIMIT,37938,0,0,13,16
2,8,131043.0,-1.1550318993937774,-0.8693272921435614,TIME_LIMIT,37963,0,0,13,2
2,8,131100.0,-1.1550318993937774,-0.8693272921435614,TIME_LIMIT,37986,0,0,19,12
2,8,131149.0,-1.154963594511387,-0.8693272921435614,TIME_LIMIT,38011,0,0,12,8
2,8,131255.0,-1.154963594511387,-0.8693272921435614,TIME_LIMIT,38036,0,0,10,15
2,8,131318.0,-1.1549479420272104,-0.8693272921435614,TIME_LIMIT,38069,0,0,10,5
2,8,131409.0,-1.1549479420272104,-0.8693272921435614,TIME_LIMIT,38090,0,0,24,25
2,8,131628.0,-1.1549253914514228,-0.8693272921435614,TIME_LIMIT,38121,0,0,17,11
2,8,131741.0,-1.1549253914514228,-0.8693272921435614,TIME_LIMIT,38145,0,0,14,5
2,8,131868.0,-1.1549031677439725,-0.8693272921435614,TIME_LIMIT,38168,0,0,13,8
2,8,132011.0,-1.1549031677439725,-0.8693272921435614,TIME_LIMIT,38194,0,0,18,15
2,8,132142.0,-1.1548781549479044,-0.8693272921435614,TIME_LIMIT,38224,0,0,15,8
2,8,132303.0,-1.1548781549479044,-0.8693272921435614,TIME_LIMIT,38254,0,0,19,27
2,8,132515.0,-1.1548335678455834,-0.8693272921435614,TIME_LIMIT,38295,0,0,19,12
2,8,132552.0,-1.1548335678455834,-0.8693272921435614,TIME_LIMIT,38315,0,0,6,5
2,8,132574.0,-1.1548213025731682,-0.8693272921435614,TIME_LIMIT,38328,0,0,12,7
2,8,132654.0,-1.1548213025731682,-0.8693272921435614,TIME_LIMIT,38349,0,0,19,11
2,8,132750.0,-1.154729275778482,-0.8693272921435614,TIME_LIMIT,38378,0,0,6,5
2,8,132808.0,-1.154729275778482,-0.8693272921435614,TIME_LIMIT,38396,0,0,19,17
2,8,132877.0,-1.1547038451748008,-0.8693272921435614,TIME_LIMIT,38428,0,0,14,7
2,8,132937.0,-1.1547038451748008,-0.8693272921435614,TIME_LIMIT,38449,0,0,19,9
2,8,133043.0,-1.1546175012532873,-0.8693272921435614,TIME_LIMIT,38491,0,0,21,12
2,8,133094.0,-1.1546175012532873,-0.8693272921435614,TIME_LIMIT,38514,0,0,17,9
2,8,133169.0,-1.154569863539189,-0.8693272921435614,TIME_LIMIT,38543,0,0,11,10
2,8,133228.0,-1.154569863539189,-0.8693272921435614,TIME_LIMIT,38562,0,0,12,6
2,8,133294.0,-1.1545458375181938,-0.8693272921435614,TIME_LIMIT,38590,0,0,6,5
2,8,133395.0,-1.1545458375181938,-0.8693272921435614,TIME_LIMIT,38617,0,0,12,12
2,8,133420.0,-1.154528321393177,-0.8693272921435614,TIME_LIMIT,38634,0,0,6,5
2,8,133607.0,-1.154528321393177,-0.8693272921435614,TIME_LIMIT,38667,0,0,27,23
2,8,133775.0,-1.1544856367612915,-0.8693272921435614,TIME_LIMIT,38713,0,0,10,7
2,8,133848.0,-1.1544856367612915,-0.8693272921435614,TIME_LIMIT,38735,0,0,19,9
2,8,133925.0,-1.1543386226278878,-0.8693272921435614,TIME_LIMIT,38764,0,0,15,10
2,8,133999.0,-1.1543386226278878,-0.8693272921435614,TIME_LIMIT,38788,0,0,19,12
2,8,134178.0,-1.154318288750949,-0.8693272921435614,TIME_LIMIT,38817,0,0,12,4
2,8,134201.0,-1.154318288750949,-0.8693272921435614,TIME_LIMIT,38836,0,0,18,12
2,8,134270.0,-1.154286288438943,-0.8693272921435614,TIME_LIMIT,38865,0,0,9,4
2,8,134330.0,-1.154286288438943,-0.8693272921435614,TIME_LIMIT,38887,0,0,16,9
2,8,134378.0,-1.1542433625147532,-0.8693272921435614,TIME_LIMIT,38910,0,0,8,4
2,8,134532.0,-1.1542433625147532,-0.8693272921435614,TIME_LIMIT,38932,0,0,25,32
2,8,134737.0,-1.154091074500168,-0.8693272921435614,TIME_LIMIT,38968,0,0,20,9
2,8,134854.0,-1.154091074500168,-0.8693272921435614,TIME_LIMIT,38993,0,0,26,11
2,8,134942.0,-1.1540738113832911,-0.8693272921435614,TIME_LIMIT,39024,0,0,14,9
2,8,135027.0,-1.1540738113832911,-0.8693272921435614,TIME_LIMIT,39043,0,0,18,9
2,8,135155.0,-1.1539730314671355,-0.8693272921435614,TIME_LIMIT,39075,0,0,12,5
2,8,135229.0,-1.1539730314671355,-0.8693272921435614,TIME_LIMIT,39099,0,0,20,8
2,8,135378.0,-1.1539497831613212,-0.8693272921435614,TIME_LIMIT,39131,0,0,19,7
2,8,135462.0,-1.1539497831613212,-0.8693272921435614,TIME_LIMIT,39150,0,0,20,9
2,8,135520.0,-1.1539045417569007,-0.8693272921435614,TIME_LIMIT,39181,0,0,4,4
2,8,135614.0,-1.1539045417569007,-0.8693272921435614,TIME_LIMIT,39198,0,0,19,14
2,8,135704.0,-1.1537898476219153,-0.8693272921435614,TIME_LIMIT,39235,0,0,12,4
2,8,135777.0,-1.1537898476219153,-0.8693272921435614,TIME_LIMIT,39261,0,0,16,2
2,8,135845.0,-1.153719032949201,-0.8693272921435614,TIME_LIMIT,39292,0,0,9,4
2,8,135902.0,-1.153719032949201,-0.8693272921435614,TIME_LIMIT,39310,0,0,16,16
2,8,135981.0,-1.1536896972612927,-0.8693272921435614,TIME_LIMIT,39341,0,0,12,7
2,8,136055.0,-1.1536896972612927,-0.8693272921435614,TIME_LIMIT,39358,0,0,19,11
2,8,136261.0,-1.1536498862398994,-0.8693272921435614,TIME_LIMIT,39396,0,0,20,7
2,8,136319.0,-1.1536498862398994,-0.8693272921435614,TIME_LIMIT,39413,0,0,20,10
2,8,136396.0,-1.1536102836291273,-0.8693272921435614,TIME_LIMIT,39448,0,0,14,5
2,8,136436.0,-1.1536102836291273,-0.8693272921435614,TIME_LIMIT,39467,0,0,17,10
2,8,136530.0,-1.153517253113027,-0.8693272921435614,TIME_LIMIT,39497,0,0,14,7
2,8,136629.0,-1.153517253113027,-0.8693272921435614,TIME_LIMIT,39516,0,0,15,6
2,8,136709.0,-1.153480243480887,-0.8693272921435614,TIME_LIMIT,39539,0,0,13,7
2,8,136793.0,-1.153480243480887,-0.8693272921435614,TIME_LIMIT,39560,0,0,15,11
2,8,136867.0,-1.153471057359842,-0.8693272921435614,TIME_LIMIT,39592,0,0,11,8
2,8,136885.0,-1.153471057359842,-0.8693272921435614,TIME_LIMIT,39602,0,0,2,5
2,8,136934.0,-1.153467808643211,-0.8693272921435614,TIME_LIMIT,39630,0,0,12,7
2,8,137085.0,-1.153467808643211,-0.8693272921435614,TIME_LIMIT,39655,0,0,21,20
2,8,137188.0,-1.1534607035904387,-0.8693272921435614,TIME_LIMIT,39685,0,0,15,4
2,8,137398.0,-1.1534607035904387,-0.8693272921435614,TIME_LIMIT,39710,0,0,22,20
2,8,137574.0,-1.1531660872319405,-0.8693272921435614,TIME_LIMIT,39750,0,0,18,12
2,8,137688.0,-1.1531660872319405,-0.8693272921435614,TIME_LIMIT,39776,0,0,20,16
2,8,137725.0,-1.153148831611911,-0.8693272921435614,TIME_LIMIT,39798,0,0,14,2
2,8,137872.0,-1.153148831611911,-0.8693272921435614,TIME_LIMIT,39819,0,0,8,8
2,8,138014.0,-1.1531453355399308,-0.8693272921435614,TIME_LIMIT,39853,0,0,12,6
2,8,138072.0,-1.1531453355399308,-0.8693272921435614,TIME_LIMIT,39878,0,0,20,12
2,8,138196.0,-1.1531189074567212,-0.8693272921435614,TIME_LIMIT,39908,0,0,11,9
2,8,138257.0,-1.1531189074567212,-0.8693272921435614,TIME_LIMIT,39926,0,0,20,7
2,8,138411.0,-1.1530993365238262,-0.8693272921435614,TIME_LIMIT,39961,0,0,19,7
2,8,138460.0,-1.1530993365238262,-0.8693272921435614,TIME_LIMIT,39978,0,0,16,11
2,8,138605.0,-1.1530654274101315,-0.8693272921435614,TIME_LIMIT,40011,0,0,13,5
2,8,138660.0,-1.1530654274101315,-0.8693272921435614,TIME_LIMIT,40035,0,0,14,19
2,8,138699.0,-1.1529754060165733,-0.8693272921435614,TIME_LIMIT,40059,0,0,11,10
2,8,138756.0,-1.1529754060165733,-0.8693272921435614,TIME_LIMIT,40077,0,0,16,9
2,8,138873.0,-1.1529510278682955,-0.8693272921435614,TIME_LIMIT,40107,0,0,8,3
2,8,138953.0,-1.1529510278682955,-0.8693272921435614,TIME_LIMIT,40131,0,0,20,13
2,8,139022.0,-1.1528539602583132,-0.8693272921435614,TIME_LIMIT,40162,0,0,11,6
2,8,139061.0,-1.1528539602583132,-0.8693272921435614,TIME_LIMIT,40187,0,0,20,11
2,8,139206.0,-1.1528508693099504,-0.8693272921435614,TIME_LIMIT,40220,0,0,15,11
2,8,139404.0,-1.1528508693099504,-0.8693272921435614,TIME_LIMIT,40243,0,0,22,17
2,8,139519.0,-1.1527534801662382,-0.8693272921435614,TIME_LIMIT,40274,0,0,14,7
2,8,139581.0,-1.1527534801662382,-0.8693272921435614,TIME_LIMIT,40295,0,0,24,12
2,8,139733.0,-1.1527502358763875,-0.8693272921435614,TIME_LIMIT,40334,0,0,8,6
2,8,139768.0,-1.1527502358763875,-0.8693272921435614,TIME_LIMIT,40354,0,0,18,9
2,8,139839.0,-1.1526865527185657,-0.8693272921435614,TIME_LIMIT,40383,0,0,16,11
2,8,139981.0,-1.1526865527185657,-0.8693272921435614,TIME_LIMIT,40407,0,0,15,4
2,8,140173.0,-1.152638980052751,-0.8693272921435614,TIME_LIMIT,40443,0,0,10,5
2,8,140189.0,-1.152638980052751,-0.8693272921435614,TIME_LIMIT,40459,0,0,11,15
2,8,140392.0,-1.15258976244578,-0.8693272921435614,TIME_LIMIT,40487,0,0,5,7
2,8,140477.0,-1.15258976244578,-0.8693272921435614,TIME_LIMIT,40509,0,0,14,9
2,8,140590.0,-1.1525751047409065,-0.8693272921435614,TIME_LIMIT,40534,0,0,4,7
2,8,140692.0,-1.1525751047409065,-0.8693272921435614,TIME_LIMIT,40557,0,0,13,17
2,8,140858.0,-1.1525741693499243,-0.8693272921435614,TIME_LIMIT,40594,0,0,9,13
2,8,140928.0,-1.1525741693499243,-0.8693272921435614,TIME_LIMIT,40610,0,0,15,11
2,8,141006.0,-1.1525687513218086,-0.8693272921435614,TIME_LIMIT,40638,0,0,6,3
2,8,141049.0,-1.1525687513218086,-0.8693272921435614,TIME_LIMIT,40656,0,0,7,12
2,8,141159.0,-1.1525592723404086,-0.8693272921435614,TIME_LIMIT,40687,0,0,13,11
2,8,141244.0,-1.1525592723404086,-0.8693272921435614,TIME_LIMIT,40714,0,0,16,5
2,8,141316.0,-1.1525427586232113,-0.8693272921435614,TIME_LIMIT,40737,0,0,13,10
2,8,141394.0,-1.1525427586232113,-0.8693272921435614,TIME_LIMIT,40759,0,0,14,5
2,8,141518.0,-1.1524121461829375,-0.8693272921435614,TIME_LIMIT,40791,0,0,12,9
2,8,141689.0,-1.1524121461829375,-0.8693272921435614,TIME_LIMIT,40813,0,0,19,29
2,8,141848.0,-1.1523604429033494,-0.8693272921435614,TIME_LIMIT,40851,0,0,19,8
2,8,141920.0,-1.1523604429033494,-0.8693272921435614,TIME_LIMIT,40871,0,0,23,9
2,8,142063.0,-1.1522421380240442,-0.8693272921435614,TIME_LIMIT,40905,0,0,14,5
2,8,142238.0,-1.1522421380240442,-0.8693272921435614,TIME_LIMIT,40933,0,0,16,14
2,8,142439.0,-1.1521846155275506,-0.8693272921435614,TIME_LIMIT,40961,0,0,9,18
2,8,142602.0,-1.1521846155275506,-0.8693272921435614,TIME_LIMIT,40983,0,0,16,15
2,8,142712.0,-1.1521583995359286,-0.8693272921435614,TIME_LIMIT,41010,0,0,5,11
2,8,142756.0,-1.1521583995359286,-0.8693272921435614,TIME_LIMIT,41032,0,0,12,4
2,8,142823.0,-1.1521304374127574,-0.8693272921435614,TIME_LIMIT,41060,0,0,15,7
2,8,142926.0,-1.1521304374127574,-0.8693272921435614,TIME_LIMIT,41076,0,0,6,9
2,8,143006.0,-1.152001870765234,-0.8693272921435614,TIME_LIMIT,41101,0,0,12,2
2,8,143096.0,-1.152001870765234,-0.8693272921435614,TIME_LIMIT,41121,0,0,17,14
2,8,143156.0,-1.151850106574445,-0.8693272921435614,TIME_LIMIT,41150,0,0,7,4
2,8,143222.0,-1.151850106574445,-0.8693272921435614,TIME_LIMIT,41168,0,0,5,2
2,8,143269.0,-1.151714650674629,-0.8693272921435614,TIME_LIMIT,41185,0,0,9,4
2,8,143337.0,-1.151714650674629,-0.8693272921435614,TIME_LIMIT,41208,0,0,9,12
2,8,143440.0,-1.1517106651510645,-0.8693272921435614,TIME_LIMIT,41234,0,0,5,5
2,8,143478.0,-1.1517106651510645,-0.8693272921435614,TIME_LIMIT,41251,0,0,7,7
2,8,143568.0,-1.151676283734928,-0.8693272921435614,TIME_LIMIT,41285,0,0,15,6
2,8,143601.0,-1.151676283734928,-0.8693272921435614,TIME_LIMIT,41305,0,0,7,2
2,8,143620.0,-1.1516378734295118,-0.8693272921435614,TIME_LIMIT,41319,0,0,8,2
2,8,143658.0,-1.1516378734295118,-0.8693272921435614,TIME_LIMIT,41344,0,0,12,18
2,8,143701.0,-1.1515729448334144,-0.8693272921435614,TIME_LIMIT,41369,0,0,8,11
2,8,143803.0,-1.1515729448334144,-0.8693272921435614,TIME_LIMIT,41390,0,0,8,13
2,8,143882.0,-1.1514507793805526,-0.8693272921435614,TIME_LIMIT,41417,0,0,9,6
2,8,143942.0,-1.1514507793805526,-0.8693272921435614,TIME_LIMIT,41436,0,0,20,9
2,8,144036.0,-1.1514114953448291,-0.8693272921435614,TIME_LIMIT,41457,0,0,14,3
2,8,144127.0,-1.1514114953448291,-0.8693272921435614,TIME_LIMIT,41471,0,0,16,12
2,8,144208.0,-1.1513725854374706,-0.8693272921435614,TIME_LIMIT,41496,0,0,13,6
2,8,144247.0,-1.1513725854374706,-0.8693272921435614,TIME_LIMIT,41511,0,0,7,10
2,8,144294.0,-1.1512528350140043,-0.8693272921435614,TIME_LIMIT,41533,0,0,9,4
2,8,144494.0,-1.1512528350140043,-0.8693272921435614,TIME_LIMIT,41560,0,0,23,10
2,8,144691.0,-1.1512379512367923,-0.8693272921435614,TIME_LIMIT,41598,0,0,18,8
2,8,144756.0,-1.1512379512367923,-0.8693272921435614,TIME_LIMIT,41623,0,0,18,5
2,8,144808.0,-1.151073479054114,-0.8693272921435614,TIME_LIMIT,41642,0,0,14,9
2,8,145007.0,-1.151073479054114,-0.8693272921435614,TIME_LIMIT,41664,0,0,12,22
2,8,145079.0,-1.1509799648893841,-0.8693272921435614,TIME_LIMIT,41696,0,0,15,11
2,8,145166.0,-1.1509799648893841,-0.8693272921435614,TIME_LIMIT,41718,0,0,14,10
2,8,145270.0,-1.1509751701305468,-0.8693272921435614,TIME_LIMIT,41739,0,0,10,12
2,8,145384.0,-1.1509751701305468,-0.8693272921435614,TIME_LIMIT,41773,0,0,11,15
2,8,145448.0,-1.150891305176652,-0.8693272921435614,TIME_LIMIT,41793,0,0,9,4
2,8,145536.0,-1.150891305176652,-0.8693272921435614,TIME_LIMIT,41817,0,0,21,16
2,8,145740.0,-1.1507970598715604,-0.8693272921435614,TIME_LIMIT,41850,0,0,14,6
2,8,145842.0,-1.1507970598715604,-0.8693272921435614,TIME_LIMIT,41879,0,0,26,19
2,8,145925.0,-1.1507844395643543,-0.8693272921435614,TIME_LIMIT,41912,0,0,15,6
2,8,145951.0,-1.1507844395643543,-0.8693272921435614,TIME_LIMIT,41928,0,0,13,10
2,8,145998.0,-1.1506778483833817,-0.8693272921435614,TIME_LIMIT,41953,0,0,12,7
2,8,146027.0,-1.1506778483833817,-0.8693272921435614,TIME_LIMIT,41974,0,0,22,6
2,8,146079.0,-1.1505916767470366,-0.8693272921435614,TIME_LIMIT,41998,0,0,14,7
2,8,146146.0,-1.1505916767470366,-0.8693272921435614,TIME_LIMIT,42021,0,0,16,11
2,8,146186.0,-1.1504942719752809,-0.8693272921435614,TIME_LIMIT,42040,0,0,11,6
2,8,146373.0,-1.1504942719752809,-0.8693272921435614,TIME_LIMIT,42064,0,0,26,25
2,8,146460.0,-1.1504937219183184,-0.8693272921435614,TIME_LIMIT,42101,0,0,18,14
2,8,146551.0,-1.1504937219183184,-0.8693272921435614,TIME_LIMIT,42119,0,0,12,10
2,8,146627.0,-1.1504793648262606,-0.8693272921435614,TIME_LIMIT,42150,0,0,17,11
2,8,146714.0,-1.1504793648262606,-0.8693272921435614,TIME_LIMIT,42172,0,0,6,9
2,8,146799.0,-1.1504351244406812,-0.8693272921435614,TIME_LIMIT,42201,0,0,11,10
2,8,146835.0,-1.1504351244406812,-0.8693272921435614,TIME_LIMIT,42219,0,0,18,12
2,8,146899.0,-1.1502732649546556,-0.8693272921435614,TIME_LIMIT,42247,0,0,13,3
2,8,146996.0,-1.1502732649546556,-0.8693272921435614,TIME_LIMIT,42267,0,0,16,14
2,8,147157.0,-1.150248817898162,-0.8693272921435614,TIME_LIMIT,42301,0,0,17,14
2,8,147312.0,-1.150248817898162,-0.8693272921435614,TIME_LIMIT,42319,0,0,21,14
2,8,147445.0,-1.1501478806504042,-0.8693272921435614,TIME_LIMIT,42353,0,0,17,5
2,8,147504.0,-1.1501478806504042,-0.8693272921435614,TIME_LIMIT,42370,0,0,12,11
2,8,147706.0,-1.1501461887944828,-0.8693272921435614,TIME_LIMIT,42403,0,0,14,10
2,8,147774.0,-1.1501461887944828,-0.8693272921435614,TIME_LIMIT,42424,0,0,14,5
2,8,147842.0,-1.1500720002873182,-0.8693272921435614,TIME_LIMIT,42449,0,0,10,5
2,8,147906.0,-1.1500720002873182,-0.8693272921435614,TIME_LIMIT,42472,0,0,17,18
2,8,148021.0,-1.1499752270367702,-0.8693272921435614,TIME_LIMIT,42504,0,0,12,8
2,8,148057.0,-1.1499752270367702,-0.8693272921435614,TIME_LIMIT,42521,0,0,13,7
2,8,148091.0,-1.1499580178382298,-0.8693272921435614,TIME_LIMIT,42538,0,0,5,4
2,8,148137.0,-1.1499580178382298,-0.8693272921435614,TIME_LIMIT,42561,0,0,15,9
2,8,148246.0,-1.1499214962136042,-0.8693272921435614,TIME_LIMIT,42591,0,0,8,6
2,8,148301.0,-1.1499214962136042,-0.8693272921435614,TIME_LIMIT,42613,0,0,24,21
2,8,148457.0,-1.1498924721984818,-0.8693272921435614,TIME_LIMIT,42650,0,0,13,5
2,8,148534.0,-1.1498924721984818,-0.8693272921435614,TIME_LIMIT,42672,0,0,20,12
2,8,148684.0,-1.1498901122439695,-0.8693272921435614,TIME_LIMIT,42705,0,0,14,9
2,8,148787.0,-1.1498901122439695,-0.8693272921435614,TIME_LIMIT,42727,0,0,17,16
2,8,148862.0,-1.1497955308566024,-0.8693272921435614,TIME_LIMIT,42758,0,0,15,6
2,8,148901.0,-1.1497955308566024,-0.8693272921435614,TIME_LIMIT,42770,0,0,9,10
2,8,148976.0,-1.149788329596603,-0.8693272921435614,TIME_LIMIT,42802,0,0,13,10
2,8,149184.0,-1.149788329596603,-0.8693272921435614,TIME_LIMIT,42825,0,0,10,14
2,8,149356.0,-1.1497394279971525,-0.8693272921435614,TIME_LIMIT,42865,0,0,15,10
2,8,149412.0,-1.1497394279971525,-0.8693272921435614,TIME_LIMIT,42883,0,0,20,19
2,8,149620.0,-1.1496723450631208,-0.8693272921435614,TIME_LIMIT,42915,0,0,14,8
2,8,149678.0,-1.1496723450631208,-0.8693272921435614,TIME_LIMIT,42940,0,0,13,11
2,8,149799.0,-1.1496455736218614,-0.8693272921435614,TIME_LIMIT,42973,0,0,7,9
2,8,149946.0,-1.1496455736218614,-0.8693272921435614,TIME_LIMIT,42997,0,0,19,14
2,8,150150.0,-1.1496438081176363,-0.8693272921435614,TIME_LIMIT,43029,0,0,13,9
2,8,150255.0,-1.1496438081176363,-0.8693272921435614,TIME_LIMIT,43051,0,0,18,6
2,8,150352.0,-1.1496399645453423,-0.8693272921435614,TIME_LIMIT,43083,0,0,14,9
2,8,150475.0,-1.1496399645453423,-0.8693272921435614,TIME_LIMIT,43110,0,0,18,6
2,8,150539.0,-1.1496159193937228,-0.8693272921435614,TIME_LIMIT,43125,0,0,12,8
2,8,150584.0,-1.1496159193937228,-0.8693272921435614,TIME_LIMIT,43146,0,0,23,20
2,8,150728.0,-1.149548323697847,-0.8693272921435614,TIME_LIMIT,43176,0,0,10,10
2,8,150865.0,-1.149548323697847,-0.8693272921435614,TIME_LIMIT,43200,0,0,21,17
2,8,150977.0,-1.1495272594231354,-0.8693272921435614,TIME_LIMIT,43233,0,0,10,11
2,8,151174.0,-1.1495272594231354,-0.8693272921435614,TIME_LIMIT,43253,0,0,18,14
2,8,151273.0,-1.149514690235922,-0.8693272921435614,TIME_LIMIT,43285,0,0,12,5
2,8,151377.0,-1.149514690235922,-0.8693272921435614,TIME_LIMIT,43309,0,0,19,21
2,8,151503.0,-1.1495035049494216,-0.8693272921435614,TIME_LIMIT,43340,0,0,11,4
2,8,151616.0,-1.1495035049494216,-0.8693272921435614,TIME_LIMIT,43361,0,0,21,19
2,8,151751.0,-1.1494834438513855,-0.8693272921435614,TIME_LIMIT,43395,0,0,19,7
2,8,151900.0,-1.1494834438513855,-0.8693272921435614,TIME_LIMIT,43415,0,0,13,7
2,8,152106.0,-1.1494238869824844,-0.8693272921435614,TIME_LIMIT,43444,0,0,17,10
2,8,152145.0,-1.1494238869824844,-0.8693272921435614,TIME_LIMIT,43463,0,0,16,8
2,8,152187.0,-1.1494069090945258,-0.8693272921435614,TIME_LIMIT,43491,0,0,13,3
2,8,152252.0,-1.1494069090945258,-0.8693272921435614,TIME_LIMIT,43515,0,0,7,11
2,8,152460.0,-1.1494058132052436,-0.8693272921435614,TIME_LIMIT,43555,0,0,23,11
2,8,152502.0,-1.1494058132052436,-0.8693272921435614,TIME_LIMIT,43575,0,0,16,12
2,8,152621.0,-1.1493925702472017,-0.8693272921435614,TIME_LIMIT,43607,0,0,15,6
2,8,152671.0,-1.1493925702472017,-0.8693272921435614,TIME_LIMIT,43626,0,0,16,9
2,8,152756.0,-1.14937122975112,-0.8693272921435614,TIME_LIMIT,43655,0,0,13,6
2,8,152811.0,-1.14937122975112,-0.8693272921435614,TIME_LIMIT,43671,0,0,7,7
2,8,152916.0,-1.1492765352496002,-0.8693272921435614,TIME_LIMIT,43701,0,0,8,1
2,8,153011.0,-1.1492765352496002,-0.8693272921435614,TIME_LIMIT,43722,0,0,23,13
2,8,153197.0,-1.149246883989097,-0.8693272921435614,TIME_LIMIT,43759,0,0,12,13
2,8,153397.0,-1.149246883989097,-0.8693272921435614,TIME_LIMIT,43783,0,0,19,13
2,8,153477.0,-1.149233603822326,-0.8693272921435614,TIME_LIMIT,43814,0,0,13,10
2,8,153625.0,-1.149233603822326,-0.8693272921435614,TIME_LIMIT,43840,0,0,12,7
2,8,153710.0,-1.1492187727991903,-0.8693272921435614,TIME_LIMIT,43872,0,0,15,9
2,8,153905.0,-1.1492187727991903,-0.8693272921435614,TIME_LIMIT,43896,0,0,15,16
2,8,154103.0,-1.1491838717421645,-0.8693272921435614,TIME_LIMIT,43932,0,0,15,8
2,8,154247.0,-1.1491838717421645,-0.8693272921435614,TIME_LIMIT,43955,0,0,18,12
2,8,154448.0,-1.1491413731749123,-0.8693272921435614,TIME_LIMIT,43991,0,0,12,6
2,8,154527.0,-1.1491413731749123,-0.8693272921435614,TIME_LIMIT,44014,0,0,21,13
2,8,154646.0,-1.1490743195495121,-0.8693272921435614,TIME_LIMIT,44048,0,0,15,5
2,8,154693.0,-1.1490743195495121,-0.8693272921435614,TIME_LIMIT,44060,0,0,9,7
2,8,154793.0,-1.149054922572106,-0.8693272921435614,TIME_LIMIT,44087,0,0,11,10
2,8,154926.0,-1.149054922572106,-0.8693272921435614,TIME_LIMIT,44110,0,0,18,22
2,8,155076.0,-1.1487994734487035,-0.8693272921435614,TIME_LIMIT,44145,0,0,12,9
2,8,155156.0,-1.1487994734487035,-0.8693272921435614,TIME_LIMIT,44162,0,0,12,8
2,8,155278.0,-1.1487697243081492,-0.8693272921435614,TIME_LIMIT,44193,0,0,9,6
2,8,155305.0,-1.1487697243081492,-0.8693272921435614,TIME_LIMIT,44213,0,0,15,8
2,8,155347.0,-1.1487678025357266,-0.8693272921435614,TIME_LIMIT,44237,0,0,9,5
2,8,155451.0,-1.1487678025357266,-0.8693272921435614,TIME_LIMIT,44257,0,0,21,13
2,8,155532.0,-1.148678017564263,-0.8693272921435614,TIME_LIMIT,44292,0,0,19,6
2,8,155741.0,-1.148678017564263,-0.8693272921435614,TIME_LIMIT,44312,0,0,20,32
2,8,155915.0,-1.1486040737900343,-0.8693272921435614,TIME_LIMIT,44353,0,0,19,12
2,8,155955.0,-1.1486040737900343,-0.8693272921435614,TIME_LIMIT,44371,0,0,17,12
2,8,156026.0,-1.1486017671033526,-0.8693272921435614,TIME_LIMIT,44400,0,0,8,11
2,8,156097.0,-1.1486017671033526,-0.8693272921435614,TIME_LIMIT,44419,0,0,20,11
2,8,156175.0,-1.148587621087106,-0.8693272921435614,TIME_LIMIT,44456,0,0,16,8
2,8,156260.0,-1.148587621087106,-0.8693272921435614,TIME_LIMIT,44479,0,0,14,8
2,8,156322.0,-1.148454197936732,-0.8693272921435614,TIME_LIMIT,44494,0,0,11,8
2,8,156443.0,-1.148454197936732,-0.8693272921435614,TIME_LIMIT,44514,0,0,18,14
2,8,156547.0,-1.1484521928400002,-0.8693272921435614,TIME_LIMIT,44542,0,0,13,10
2,8,156654.0,-1.1484521928400002,-0.8693272921435614,TIME_LIMIT,44566,0,0,11,22
2,8,156727.0,-1.148345168949363,-0.8693272921435614,TIME_LIMIT,44601,0,0,14,8
2,8,156785.0,-1.148345168949363,-0.8693272921435614,TIME_LIMIT,44620,0,0,20,12
2,8,156885.0,-1.1483150721684656,-0.8693272921435614,TIME_LIMIT,44651,0,0,14,5
2,8,157079.0,-1.1483150721684656,-0.8693272921435614,TIME_LIMIT,44675,0,0,19,6
2,8,157268.0,-1.1482517594526684,-0.8693272921435614,TIME_LIMIT,44708,0,0,12,7
2,8,157349.0,-1.1482517594526684,-0.8693272921435614,TIME_LIMIT,44731,0,0,16,11
2,8,157451.0,-1.1482429835233456,-0.8693272921435614,TIME_LIMIT,44762,0,0,10,16
2,8,157514.0,-1.1482429835233456,-0.8693272921435614,TIME_LIMIT,44786,0,0,18,15
2,8,157611.0,-1.1482250403691003,-0.8693272921435614,TIME_LIMIT,44815,0,0,4,4
2,8,157649.0,-1.1482250403691003,-0.8693272921435614,TIME_LIMIT,44837,0,0,14,10
2,8,157719.0,-1.1481007817707038,-0.8693272921435614,TIME_LIMIT,44865,0,0,14,4
2,8,157892.0,-1.1481007817707038,-0.8693272921435614,TIME_LIMIT,44887,0,0,15,23
2,8,158034.0,-1.148037937858162,-0.8693272921435614,TIME_LIMIT,44924,0,0,18,13
2,8,158131.0,-1.148037937858162,-0.8693272921435614,TIME_LIMIT,44951,0,0,12,12
2,8,158243.0,-1.1480312003755468,-0.8693272921435614,TIME_LIMIT,44975,0,0,14,11
2,8,158289.0,-1.1480312003755468,-0.8693272921435614,TIME_LIMIT,45003,0,0,16,19
2,8,158381.0,-1.1479899939784028,-0.8693272921435614,TIME_LIMIT,45024,0,0,9,10
2,8,158433.0,-1.1479899939784028,-0.8693272921435614,TIME_LIMIT,45048,0,0,17,15
2,8,158483.0,-1.1479829129016714,-0.8693272921435614,TIME_LIMIT,45067,0,0,12,10
2,8,158571.0,-1.1479829129016714,-0.8693272921435614,TIME_LIMIT,45088,0,0,13,12
2,8,158685.0,-1.1479821685056084,-0.8693272921435614,TIME_LIMIT,45118,0,0,7,3
2,8,158767.0,-1.1479821685056084,-0.8693272921435614,TIME_LIMIT,45140,0,0,14,7
2,8,158817.0,-1.1478257248001655,-0.8693272921435614,TIME_LIMIT,45162,0,0,6,9
2,8,158914.0,-1.1478257248001655,-0.8693272921435614,TIME_LIMIT,45191,0,0,20,13
2,8,158986.0,-1.1478212935755998,-0.8693272921435614,TIME_LIMIT,45218,0,0,19,6
2,8,159039.0,-1.1478212935755998,-0.8693272921435614,TIME_LIMIT,45242,0,0,11,18
2,8,159081.0,-1.147788888437781,-0.8693272921435614,TIME_LIMIT,45266,0,0,9,6
2,8,159178.0,-1.147788888437781,-0.8693272921435614,TIME_LIMIT,45291,0,0,24,16
2,8,159318.0,-1.147784811624272,-0.8693272921435614,TIME_LIMIT,45327,0,0,17,16
2,8,159356.0,-1.147784811624272,-0.8693272921435614,TIME_LIMIT,45350,0,0,16,10
2,8,159410.0,-1.147755366451803,-0.8693272921435614,TIME_LIMIT,45375,0,0,9,5
2,8,159527.0,-1.147755366451803,-0.8693272921435614,TIME_LIMIT,45397,0,0,18,17
2,8,159673.0,-1.1477393618156662,-0.8693272921435614,TIME_LIMIT,45431,0,0,19,5
2,8,159756.0,-1.1477393618156662,-0.8693272921435614,TIME_LIMIT,45458,0,0,7,24
2,8,159816.0,-1.1477281259880796,-0.8693272921435614,TIME_LIMIT,45492,0,0,8,2
2,8,159970.0,-1.1477281259880796,-0.8693272921435614,TIME_LIMIT,45519,0,0,20,10
2,8,160173.0,-1.1476781439111858,-0.8693272921435614,TIME_LIMIT,45552,0,0,6,11
2,8,160212.0,-1.1476781439111858,-0.8693272921435614,TIME_LIMIT,45570,0,0,9,5
2,8,160250.0,-1.147602407796687,-0.8693272921435614,TIME_LIMIT,45594,0,0,12,6
2,8,160268.0,-1.147602407796687,-0.8693272921435614,TIME_LIMIT,45605,0,0,11,7
2,8,160323.0,-1.1474501825128958,-0.8693272921435614,TIME_LIMIT,45628,0,0,9,3
2,8,160364.0,-1.1474501825128958,-0.8693272921435614,TIME_LIMIT,45645,0,0,12,11
2,8,160402.0,-1.1474449004906173,-0.8693272921435614,TIME_LIMIT,45669,0,0,12,5
2,8,160416.0,-1.1474449004906173,-0.8693272921435614,TIME_LIMIT,45683,0,0,9,4
2,8,160466.0,-1.1474441547785617,-0.8693272921435614,TIME_LIMIT,45706,0,0,7,4
2,8,160534.0,-1.1474441547785617,-0.8693272921435614,TIME_LIMIT,45724,0,0,19,7
2,8,160620.0,-1.1473829985959112,-0.8693272921435614,TIME_LIMIT,45753,0,0,11,8
2,8,160687.0,-1.1473829985959112,-0.8693272921435614,TIME_LIMIT,45772,0,0,19,21
2,8,160868.0,-1.1473441360484529,-0.8693272921435614,TIME_LIMIT,45809,0,0,20,7
2,8,160958.0,-1.1473441360484529,-0.8693272921435614,TIME_LIMIT,45831,0,0,17,14
2,8,161051.0,-1.1472943609202586,-0.8693272921435614,TIME_LIMIT,45860,0,0,2,3
2,8,161094.0,-1.1472943609202586,-0.8693272921435614,TIME_LIMIT,45877,0,0,11,7
2,8,161148.0,-1.1472870432456581,-0.8693272921435614,TIME_LIMIT,45905,0,0,12,12
2,8,161266.0,-1.1472870432456581,-0.8693272921435614,TIME_LIMIT,45929,0,0,19,18
2,8,161399.0,-1.1471960253108464,-0.8693272921435614,TIME_LIMIT,45955,0,0,20,15
2,8,161556.0,-1.1471960253108464,-0.8693272921435614,TIME_LIMIT,45977,0,0,15,20
2,8,161655.0,-1.147162516574578,-0.8693272921435614,TIME_LIMIT,46006,0,0,15,6
2,8,161849.0,-1.147162516574578,-0.8693272921435614,TIME_LIMIT,46028,0,0,21,35
2,8,162015.0,-1.1468807274689499,-0.8693272921435614,TIME_LIMIT,46068,0,0,18,10
2,8,162094.0,-1.1468807274689499,-0.8693272921435614,TIME_LIMIT,46090,0,0,19,11
2,8,162241.0,-1.1468508317365487,-0.8693272921435614,TIME_LIMIT,46121,0,0,14,9
2,8,162300.0,-1.1468508317365487,-0.8693272921435614,TIME_LIMIT,46144,0,0,15,15
2,8,162463.0,-1.1468077853346619,-0.8693272921435614,TIME_LIMIT,46174,0,0,15,8
2,8,162524.0,-1.1468077853346619,-0.8693272921435614,TIME_LIMIT,46194,0,0,13,10
2,8,162641.0,-1.146732042377682,-0.8693272921435614,TIME_LIMIT,46229,0,0,16,10
2,8,162729.0,-1.146732042377682,-0.8693272921435614,TIME_LIMIT,46244,0,0,16,10
2,8,162763.0,-1.1467023726884584,-0.8693272921435614,TIME_LIMIT,46268,0,0,10,3
2,8,162889.0,-1.1467023726884584,-0.8693272921435614,TIME_LIMIT,46290,0,0,12,9
2,8,162945.0,-1.1466947106598262,-0.8693272921435614,TIME_LIMIT,46320,0,0,11,8
2,8,162959.0,-1.1466947106598262,-0.8693272921435614,TIME_LIMIT,46331,0,0,15,15
2,8,163123.0,-1.1466553165498996,-0.8693272921435614,TIME_LIMIT,46365,0,0,11,8
2,8,163175.0,-1.1466553165498996,-0.8693272921435614,TIME_LIMIT,46386,0,0,11,4
2,8,163209.0,-1.1466153096893443,-0.8693272921435614,TIME_LIMIT,46400,0,0,4,4
2,8,163260.0,-1.1466153096893443,-0.8693272921435614,TIME_LIMIT,46426,0,0,11,3
2,8,163357.0,-1.1466007033337187,-0.8693272921435614,TIME_LIMIT,46447,0,0,16,9
2,8,163426.0,-1.1466007033337187,-0.8693272921435614,TIME_LIMIT,46466,0,0,12,9
2,8,163476.0,-1.146556343113089,-0.8693272921435614,TIME_LIMIT,46490,0,0,5,1
2,8,163634.0,-1.146556343113089,-0.8693272921435614,TIME_LIMIT,46513,0,0,10,7
2,8,163765.0,-1.1465397834171207,-0.8693272921435614,TIME_LIMIT,46547,0,0,14,10
2,8,163821.0,-1.1465397834171207,-0.8693272921435614,TIME_LIMIT,46565,0,0,11,5
2,8,163996.0,-1.1464468184601364,-0.8693272921435614,TIME_LIMIT,46595,0,0,8,6
2,8,164085.0,-1.1464468184601364,-0.8693272921435614,TIME_LIMIT,46622,0,0,23,17
2,8,164284.0,-1.1462601314124767,-0.8693272921435614,TIME_LIMIT,46653,0,0,11,7
2,8,164416.0,-1.1462601314124767,-0.8693272921435614,TIME_LIMIT,46676,0,0,13,9
2,8,164462.0,-1.1461597532816108,-0.8693272921435614,TIME_LIMIT,46700,0,0,11,10
2,8,164521.0,-1.1461597532816108,-0.8693272921435614,TIME_LIMIT,46726,0,0,16,4
2,8,164567.0,-1.1461459824788267,-0.8693272921435614,TIME_LIMIT,46742,0,0,10,7
2,8,164598.0,-1.1461459824788267,-0.8693272921435614,TIME_LIMIT,46755,0,0,10,11
2,8,164660.0,-1.1459668926588233,-0.8693272921435614,TIME_LIMIT,46782,0,0,8,8
2,8,164686.0,-1.1459668926588233,-0.8693272921435614,TIME_LIMIT,46801,0,0,13,4
2,8,164729.0,-1.145942525698689,-0.8693272921435614,TIME_LIMIT,46818,0,0,7,4
2,8,164850.0,-1.145942525698689,-0.8693272921435614,TIME_LIMIT,46838,0,0,13,10
2,8,164895.0,-1.1458830514726506,-0.8693272921435614,TIME_LIMIT,46865,0,0,14,3
2,8,164969.0,-1.1458830514726506,-0.8693272921435614,TIME_LIMIT,46891,0,0,16,16
2,8,165161.0,-1.1457979259639184,-0.8693272921435614,TIME_LIMIT,46920,0,0,13,3
2,8,165294.0,-1.1457979259639184,-0.8693272921435614,TIME_LIMIT,46942,0,0,18,16
2,8,165420.0,-1.1457588556427614,-0.8693272921435614,TIME_LIMIT,46976,0,0,15,10
2,8,165528.0,-1.1457588556427614,-0.8693272921435614,TIME_LIMIT,47003,0,0,12,7
2,8,165600.0,-1.1457160080984377,-0.8693272921435614,TIME_LIMIT,47027,0,0,7,3
2,8,165687.0,-1.1457160080984377,-0.8693272921435614,TIME_LIMIT,47048,0,0,16,8
2,8,165768.0,-1.1456837081236155,-0.8693272921435614,TIME_LIMIT,47070,0,0,18,7
2,8,165789.0,-1.1456837081236155,-0.8693272921435614,TIME_LIMIT,47083,0,0,6,5
2,8,165828.0,-1.1456647194845633,-0.8693272921435614,TIME_LIMIT,47103,0,0,8,2
2,8,165914.0,-1.1456647194845633,-0.8693272921435614,TIME_LIMIT,47124,0,0,13,12
2,8,165959.0,-1.1456472514407874,-0.8693272921435614,TIME_LIMIT,47141,0,0,10,6
2,8,166038.0,-1.1456472514407874,-0.8693272921435614,TIME_LIMIT,47159,0,0,12,13
2,8,166110.0,-1.1455761598300906,-0.8693272921435614,TIME_LIMIT,47187,0,0,14,8
2,8,166199.0,-1.1455761598300906,-0.8693272921435614,TIME_LIMIT,47212,0,0,19,9
2,8,166239.0,-1.1455152356427127,-0.8693272921435614,TIME_LIMIT,47233,0,0,11,12
2,8,166336.0,-1.1455152356427127,-0.8693272921435614,TIME_LIMIT,47254,0,0,19,13
2,8,166499.0,-1.145508900054748,-0.8693272921435614,TIME_LIMIT,47285,0,0,18,8
2,8,166651.0,-1.145508900054748,-0.8693272921435614,TIME_LIMIT,47311,0,0,14,35
2,8,166850.0,-1.1453784203168544,-0.8693272921435614,TIME_LIMIT,47348,0,0,16,10
2,8,166939.0,-1.1453784203168544,-0.8693272921435614,TIME_LIMIT,47363,0,0,14,9
2,8,167038.0,-1.145315588064984,-0.8693272921435614,TIME_LIMIT,47400,0,0,18,6
2,8,167062.0,-1.145315588064984,-0.8693272921435614,TIME_LIMIT,47419,0,0,10,5
2,8,167082.0,-1.1453085527123605,-0.8693272921435614,TIME_LIMIT,47437,0,0,13,6
2,8,167215.0,-1.1453085527123605,-0.8693272921435614,TIME_LIMIT,47463,0,0,17,24
2,8,167416.0,-1.1452786560601447,-0.8693272921435614,TIME_LIMIT,47499,0,0,17,17
2,8,167595.0,-1.1452786560601447,-0.8693272921435614,TIME_LIMIT,47526,0,0,11,4
2,8,167692.0,-1.1452655941034804,-0.8693272921435614,TIME_LIMIT,47553,0,0,22,9
2,8,167736.0,-1.1452655941034804,-0.8693272921435614,TIME_LIMIT,47575,0,0,14,11
2,8,167871.0,-1.1452150940969152,-0.8693272921435614,TIME_LIMIT,47612,0,0,17,8
2,8,167906.0,-1.1452150940969152,-0.8693272921435614,TIME_LIMIT,47628,0,0,12,5
2,8,168036.0,-1.1451853239110126,-0.8693272921435614,TIME_LIMIT,47665,0,0,14,9
2,8,168183.0,-1.1451853239110126,-0.8693272921435614,TIME_LIMIT,47687,0,0,21,22
2,8,168327.0,-1.145161290106011,-0.8693272921435614,TIME_LIMIT,47726,0,0,9,7
2,8,168380.0,-1.145161290106011,-0.8693272921435614,TIME_LIMIT,47746,0,0,23,15
2,8,168451.0,-1.1451445224264831,-0.8693272921435614,TIME_LIMIT,47781,0,0,20,5
2,8,168627.0,-1.1451445224264831,-0.8693272921435614,TIME_LIMIT,47808,0,0,21,20
2,8,168702.0,-1.1451249939670405,-0.8693272921435614,TIME_LIMIT,47842,0,0,15,4
2,8,168784.0,-1.1451249939670405,-0.8693272921435614,TIME_LIMIT,47863,0,0,16,11
2,8,168832.0,-1.1450442140058403,-0.8693272921435614,TIME_LIMIT,47889,0,0,9,10
2,8,168855.0,-1.1450442140058403,-0.8693272921435614,TIME_LIMIT,47903,0,0,17,8
2,8,168923.0,-1.1449999862129827,-0.8693272921435614,TIME_LIMIT,47937,0,0,16,9
2,8,169121.0,-1.1449999862129827,-0.8693272921435614,TIME_LIMIT,47956,0,0,20,16
2,8,169324.0,-1.1449086724360877,-0.8693272921435614,TIME_LIMIT,47987,0,0,17,6
2,8,169504.0,-1.1449086724360877,-0.8693272921435614,TIME_LIMIT,48012,0,0,14,11
2,8,169681.0,-1.144787056828199,-0.8693272921435614,TIME_LIMIT,48043,0,0,14,13
2,8,169748.0,-1.144787056828199,-0.8693272921435614,TIME_LIMIT,48072,0,0,15,12
2,8,169788.0,-1.1447754244483308,-0.8693272921435614,TIME_LIMIT,48091,0,0,12,12
2,8,169954.0,-1.1447754244483308,-0.8693272921435614,TIME_LIMIT,48117,0,0,17,13
2,8,170136.0,-1.1447417705997458,-0.8693272921435614,TIME_LIMIT,48162,0,0,23,14
2,8,170180.0,-1.1447417705997458,-0.8693272921435614,TIME_LIMIT,48185,0,0,14,13
2,8,170253.0,-1.144737877561594,-0.8693272921435614,TIME_LIMIT,48216,0,0,11,14
2,8,170426.0,-1.144737877561594,-0.8693272921435614,TIME_LIMIT,48242,0,0,21,7
2,8,170548.0,-1.144682889907818,-0.8693272921435614,TIME_LIMIT,48275,0,0,10,3
2,8,170714.0,-1.144682889907818,-0.8693272921435614,TIME_LIMIT,48297,0,0,19,11
2,8,170807.0,-1.1446273011477988,-0.8693272921435614,TIME_LIMIT,48322,0,0,13,4
2,8,170886.0,-1.1446273011477988,-0.8693272921435614,TIME_LIMIT,48344,0,0,15,12
2,8,171072.0,-1.1446074300668088,-0.8693272921435614,TIME_LIMIT,48377,0,0,10,6
2,8,171217.0,-1.1446074300668088,-0.8693272921435614,TIME_LIMIT,48402,0,0,16,11
2,8,171347.0,-1.144543057171373,-0.8693272921435614,TIME_LIMIT,48423,0,0,6,8
2,8,171438.0,-1.144543057171373,-0.8693272921435614,TIME_LIMIT,48444,0,0,12,12
2,8,171517.0,-1.1445324709471394,-0.8693272921435614,TIME_LIMIT,48477,0,0,16,8
2,8,171650.0,-1.1445324709471394,-0.8693272921435614,TIME_LIMIT,48502,0,0,25,11
2,8,171819.0,-1.1444896300305134,-0.8693272921435614,TIME_LIMIT,48533,0,0,15,7
2,8,171876.0,-1.1444896300305134,-0.8693272921435614,TIME_LIMIT,48552,0,0,19,23
2,8,171996.0,-1.1444876592877073,-0.8693272921435614,TIME_LIMIT,48581,0,0,13,8
2,8,172076.0,-1.1444876592877073,-0.8693272921435614,TIME_LIMIT,48604,0,0,17,13
2,8,172193.0,-1.1444420788863106,-0.8693272921435614,TIME_LIMIT,48635,0,0,9,5
2,8,172231.0,-1.1444420788863106,-0.8693272921435614,TIME_LIMIT,48651,0,0,19,4
2,8,172383.0,-1.1443538733381624,-0.8693272921435614,TIME_LIMIT,48684,0,0,13,6
2,8,172497.0,-1.1443538733381624,-0.8693272921435614,TIME_LIMIT,48713,0,0,24,17
2,8,172562.0,-1.144318068983616,-0.8693272921435614,TIME_LIMIT,48730,0,0,13,15
2,8,172641.0,-1.144318068983616,-0.8693272921435614,TIME_LIMIT,48758,0,0,24,17
2,8,172782.0,-1.1442919261721274,-0.8693272921435614,TIME_LIMIT,48798,0,0,19,13
2,8,172814.0,-1.1442919261721274,-0.8693272921435614,TIME_LIMIT,48818,0,0,13,5
2,8,172839.0,-1.144260390972785,-0.8693272921435614,TIME_LIMIT,48831,0,0,10,6
2,8,172964.0,-1.144260390972785,-0.8693272921435614,TIME_LIMIT,48855,0,0,14,8
2,8,173038.0,-1.1442496678152478,-0.8693272921435614,TIME_LIMIT,48891,0,0,13,5
2,8,173181.0,-1.1442496678152478,-0.8693272921435614,TIME_LIMIT,48915,0,0,18,9
2,8,173279.0,-1.1442310526373363,-0.8693272921435614,TIME_LIMIT,48951,0,0,17,6
2,8,173449.0,-1.1442310526373363,-0.8693272921435614,TIME_LIMIT,48977,0,0,11,19
2,8,173652.0,-1.1442193565983407,-0.8693272921435614,TIME_LIMIT,49007,0,0,17,13
2,8,173849.0,-1.1442193565983407,-0.8693272921435614,TIME_LIMIT,49028,0,0,13,22
2,8,174053.0,-1.1440213163039732,-0.8693272921435614,TIME_LIMIT,49062,0,0,10,13
2,8,174078.0,-1.1440213163039732,-0.8693272921435614,TIME_LIMIT,49083,0,0,16,10
2,8,174268.0,-1.1440118723180899,-0.8693272921435614,TIME_LIMIT,49119,0,0,16,6
2,8,174395.0,-1.1440118723180899,-0.8693272921435614,TIME_LIMIT,49142,0,0,15,21
2,8,174593.0,-1.1439930735915884,-0.8693272921435614,TIME_LIMIT,49180,0,0,16,7
2,8,174639.0,-1.1439930735915884,-0.8693272921435614,TIME_LIMIT,49199,0,0,17,9
2,8,174719.0,-1.1439881095750308,-0.8693272921435614,TIME_LIMIT,49230,0,0,15,6
2,8,174738.0,-1.1439881095750308,-0.8693272921435614,TIME_LIMIT,49245,0,0,16,11
2,8,174814.0,-1.1439311772313447,-0.8693272921435614,TIME_LIMIT,49278,0,0,17,3
2,8,174970.0,-1.1439311772313447,-0.8693272921435614,TIME_LIMIT,49303,0,0,21,18
2,8,175101.0,-1.1438734177025411,-0.8693272921435614,TIME_LIMIT,49337,0,0,14,9
2,8,175122.0,-1.1438734177025411,-0.8693272921435614,TIME_LIMIT,49348,0,0,8,11
2,8,175150.0,-1.1438529928330832,-0.8693272921435614,TIME_LIMIT,49374,0,0,12,3
2,8,175248.0,-1.1438529928330832,-0.8693272921435614,TIME_LIMIT,49403,0,0,23,18
2,8,175452.0,-1.1438378632794381,-0.8693272921435614,TIME_LIMIT,49435,0,0,13,7
2,8,175554.0,-1.1438378632794381,-0.8693272921435614,TIME_LIMIT,49456,0,0,6,17
2,8,175632.0,-1.1438182773215684,-0.8693272921435614,TIME_LIMIT,49485,0,0,14,6
2,8,175692.0,-1.1438182773215684,-0.8693272921435614,TIME_LIMIT,49507,0,0,13,12
2,8,175751.0,-1.1438089112179872,-0.8693272921435614,TIME_LIMIT,49530,0,0,10,6
2,8,175905.0,-1.1438089112179872,-0.8693272921435614,TIME_LIMIT,49551,0,0,18,12
2,8,176075.0,-1.1437384084815734,-0.8693272921435614,TIME_LIMIT,49578,0,0,15,4
2,8,176211.0,-1.1437384084815734,-0.8693272921435614,TIME_LIMIT,49606,0,0,17,14
2,8,176360.0,-1.1436808164194292,-0.8693272921435614,TIME_LIMIT,49644,0,0,19,16
2,8,176433.0,-1.1436808164194292,-0.8693272921435614,TIME_LIMIT,49664,0,0,12,8
2,8,176631.0,-1.1436643453752064,-0.8693272921435614,TIME_LIMIT,49697,0,0,13,7
2,8,176679.0,-1.1436643453752064,-0.8693272921435614,TIME_LIMIT,49717,0,0,17,4
2,8,176841.0,-1.1436326390281755,-0.8693272921435614,TIME_LIMIT,49748,0,0,16,13
2,8,176960.0,-1.1436326390281755,-0.8693272921435614,TIME_LIMIT,49769,0,0,15,11
2,8,177144.0,-1.1436183258282195,-0.8693272921435614,TIME_LIMIT,49805,0,0,6,2
2,8,177226.0,-1.1436183258282195,-0.8693272921435614,TIME_LIMIT,49835,0,0,17,10
2,8,177342.0,-1.1435635533126793,-0.8693272921435614,TIME_LIMIT,49866,0,0,9,8
2,8,177468.0,-1.1435635533126793,-0.8693272921435614,TIME_LIMIT,49893,0,0,22,22
2,8,177562.0,-1.143457958971572,-0.8693272921435614,TIME_LIMIT,49926,0,0,14,9
2,8,177627.0,-1.143457958971572,-0.8693272921435614,TIME_LIMIT,49952,0,0,23,17
2,8,177827.0,-1.143379848378696,-0.8693272921435614,TIME_LIMIT,49984,0,0,11,12
2,8,177948.0,-1.143379848378696,-0.8693272921435614,TIME_LIMIT,50009,0,0,17,13
2,8,178066.0,-1.1433553519195163,-0.8693272921435614,TIME_LIMIT,50040,0,0,17,11
2,8,178261.0,-1.1433553519195163,-0.8693272921435614,TIME_LIMIT,50068,0,0,24,32
2,8,178346.0,-1.1433530953701179,-0.8693272921435614,TIME_LIMIT,50095,0,0,9,4
2,8,178401.0,-1.1433530953701179,-0.8693272921435614,TIME_LIMIT,50109,0,0,7,6
2,8,178435.0,-1.1433348744751959,-0.8693272921435614,TIME_LIMIT,50131,0,0,6,4
2,8,178544.0,-1.1433348744751959,-0.8693272921435614,TIME_LIMIT,50154,0,0,21,28
2,8,178742.0,-1.1433311590904363,-0.8693272921435614,TIME_LIMIT,50193,0,0,15,13
2,8,178801.0,-1.1433311590904363,-0.8693272921435614,TIME_LIMIT,50207,0,0,15,4
2,8,178868.0,-1.1432786045442203,-0.8693272921435614,TIME_LIMIT,50239,0,0,15,9
2,8,178957.0,-1.1432786045442203,-0.8693272921435614,TIME_LIMIT,50256,0,0,4,5
2,8,179021.0,-1.143229038231295,-0.8693272921435614,TIME_LIMIT,50283,0,0,5,3
2,8,179108.0,-1.143229038231295,-0.8693272921435614,TIME_LIMIT,50303,0,0,19,20
2,8,179313.0,-1.143197392316452,-0.8693272921435614,TIME_LIMIT,50339,0,0,23,7
2,8,179386.0,-1.143197392316452,-0.8693272921435614,TIME_LIMIT,50367,0,0,27,9
2,8,179546.0,-1.1431936511471903,-0.8693272921435614,TIME_LIMIT,50394,0,0,9,14
2,8,179586.0,-1.1431936511471903,-0.8693272921435614,TIME_LIMIT,50413,0,0,15,5
2,8,179628.0,-1.1431898174444513,-0.8693272921435614,TIME_LIMIT,50433,0,0,7,9
2,8,179733.0,-1.1431898174444513,-0.8693272921435614,TIME_LIMIT,50460,0,0,19,24
2,8,179879.0,-1.1431885373015716,-0.8693272921435614,TIME_LIMIT,50493,0,0,16,9
2,8,179904.0,-1.1431885373015716,-0.8693272921435614,TIME_LIMIT,50505,0,0,13,5
2,8,179939.0,-1.1431737560864863,-0.8693272921435614,TIME_LIMIT,50526,0,0,8,3
2,8,179976.0,-1.1431737560864863,-0.8693272921435614,TIME_LIMIT,50545,0,0,13,6
2,8,179996.0,-1.1431554885681996,-0.8693272921435614,TIME_LIMIT,50561,0,0,10,2
2,8,180054.0,-1.1431554885681996,-0.8693272921435614,TIME_LIMIT,50580,0,0,14,11
2,8,180108.0,-1.14304095453525,-0.8693272921435614,TIME_LIMIT,50609,0,0,14,5
2,8,180261.0,-1.14304095453525,-0.8693272921435614,TIME_LIMIT,50628,0,0,18,24
2,8,180375.0,-1.1430384229490889,-0.8693272921435614,TIME_LIMIT,50657,0,0,14,10
2,8,180476.0,-1.1430384229490889,-0.8693272921435614,TIME_LIMIT,50683,0,0,24,16
2,8,180637.0,-1.1430353728438218,-0.8693272921435614,TIME_LIMIT,50723,0,0,6,8
2,8,180749.0,-1.1430353728438218,-0.8693272921435614,TIME_LIMIT,50747,0,0,7,6
2,8,180849.0,-1.1430128730727835,-0.8693272921435614,TIME_LIMIT,50777,0,0,14,8
2,8,180872.0,-1.1430128730727835,-0.8693272921435614,TIME_LIMIT,50793,0,0,18,27
2,8,181021.0,-1.1430086473016732,-0.8693272921435614,TIME_LIMIT,50827,0,0,13,8
2,8,181146.0,-1.1430086473016732,-0.8693272921435614,TIME_LIMIT,50847,0,0,21,20
2,8,181290.0,-1.142909278035421,-0.8693272921435614,TIME_LIMIT,50886,0,0,21,7
2,8,181475.0,-1.142909278035421,-0.8693272921435614,TIME_LIMIT,50909,0,0,17,11
2,8,181590.0,-1.1428252798515661,-0.8693272921435614,TIME_LIMIT,50934,0,0,14,10
2,8,181627.0,-1.1428252798515661,-0.8693272921435614,TIME_LIMIT,50948,0,0,15,13
2,8,181701.0,-1.1427933060099635,-0.8693272921435614,TIME_LIMIT,50978,0,0,15,6
2,8,181900.0,-1.1427933060099635,-0.8693272921435614,TIME_LIMIT,50997,0,0,18,17
2,8,182062.0,-1.142763573523455,-0.8693272921435614,TIME_LIMIT,51040,0,0,19,11
2,8,182170.0,-1.142763573523455,-0.8693272921435614,TIME_LIMIT,51069,0,0,16,18
2,8,182240.0,-1.1427238276518792,-0.8693272921435614,TIME_LIMIT,51098,0,0,13,6
2,8,182276.0,-1.1427238276518792,-0.8693272921435614,TIME_LIMIT,51117,0,0,13,9
2,8,182293.0,-1.1426893339786468,-0.8693272921435614,TIME_LIMIT,51133,0,0,6,3
2,8,182354.0,-1.1426893339786468,-0.8693272921435614,TIME_LIMIT,51153,0,0,13,15
2,8,182421.0,-1.1426762078310226,-0.8693272921435614,TIME_LIMIT,51184,0,0,12,9
2,8,182554.0,-1.1426762078310226,-0.8693272921435614,TIME_LIMIT,51207,0,0,9,32
2,8,182647.0,-1.142660908095901,-0.8693272921435614,TIME_LIMIT,51241,0,0,11,8
2,8,182661.0,-1.142660908095901,-0.8693272921435614,TIME_LIMIT,51256,0,0,12,7
2,8,182768.0,-1.1426599907651513,-0.8693272921435614,TIME_LIMIT,51286,0,0,11,4
2,8,182814.0,-1.1426599907651513,-0.8693272921435614,TIME_LIMIT,51308,0,0,11,5
2,8,182831.0,-1.1426105054602442,-0.8693272921435614,TIME_LIMIT,51320,0,0,9,6
2,8,182882.0,-1.1426105054602442,-0.8693272921435614,TIME_LIMIT,51339,0,0,10,5
2,8,182926.0,-1.142592241982034,-0.8693272921435614,TIME_LIMIT,51366,0,0,11,8
2,8,183124.0,-1.142592241982034,-0.8693272921435614,TIME_LIMIT,51390,0,0,23,23
2,8,183327.0,-1.1425705961721384,-0.8693272921435614,TIME_LIMIT,51420,0,0,13,8
2,8,183399.0,-1.1425705961721384,-0.8693272921435614,TIME_LIMIT,51439,0,0,14,13
2,8,183486.0,-1.1425361766698292,-0.8693272921435614,TIME_LIMIT,51469,0,0,14,5
2,8,183534.0,-1.1425361766698292,-0.8693272921435614,TIME_LIMIT,51490,0,0,13,7
2,8,183616.0,-1.1425157941284814,-0.8693272921435614,TIME_LIMIT,51516,0,0,11,3
2,8,183637.0,-1.1425157941284814,-0.8693272921435614,TIME_LIMIT,51533,0,0,8,13
2,8,183691.0,-1.1424799539322874,-0.8693272921435614,TIME_LIMIT,51559,0,0,12,6
2,8,183776.0,-1.1424799539322874,-0.8693272921435614,TIME_LIMIT,51576,0,0,3,10
2,8,183808.0,-1.1422456618800783,-0.8693272921435614,TIME_LIMIT,51595,0,0,4,4
2,8,183947.0,-1.1422456618800783,-0.8693272921435614,TIME_LIMIT,51617,0,0,18,13
2,8,184144.0,-1.142231788645032,-0.8693272921435614,TIME_LIMIT,51658,0,0,17,16
2,8,184220.0,-1.142231788645032,-0.8693272921435614,TIME_LIMIT,51678,0,0,20,8
2,8,184343.0,-1.142216534340859,-0.8693272921435614,TIME_LIMIT,51710,0,0,11,6
2,8,184546.0,-1.142216534340859,-0.8693272921435614,TIME_LIMIT,51733,0,0,22,8
2,8,184664.0,-1.1422026527988063,-0.8693272921435614,TIME_LIMIT,51771,0,0,14,11
2,8,184839.0,-1.1422026527988063,-0.8693272921435614,TIME_LIMIT,51803,0,0,23,8
2,8,184908.0,-1.1422004033649866,-0.8693272921435614,TIME_LIMIT,51823,0,0,16,11
2,8,184951.0,-1.1422004033649866,-0.8693272921435614,TIME_LIMIT,51842,0,0,14,4
2,8,184994.0,-1.1421907217005316,-0.8693272921435614,TIME_LIMIT,51867,0,0,9,5
2,8,185081.0,-1.1421907217005316,-0.8693272921435614,TIME_LIMIT,51893,0,0,19,23
2,8,185276.0,-1.142029115804118,-0.8693272921435614,TIME_LIMIT,51931,0,0,19,12
2,8,185402.0,-1.142029115804118,-0.8693272921435614,TIME_LIMIT,51954,0,0,18,22
2,8,185593.0,-1.1420093762075103,-0.8693272921435614,TIME_LIMIT,51988,0,0,12,11
2,8,185673.0,-1.1420093762075103,-0.8693272921435614,TIME_LIMIT,52007,0,0,16,5
2,8,185766.0,-1.1419953160978091,-0.8693272921435614,TIME_LIMIT,52037,0,0,12,4
2,8,185826.0,-1.1419953160978091,-0.8693272921435614,TIME_LIMIT,52055,0,0,17,17
2,8,185889.0,-1.1419246080712302,-0.8693272921435614,TIME_LIMIT,52083,0,0,11,10
2,8,185980.0,-1.1419246080712302,-0.8693272921435614,TIME_LIMIT,52106,0,0,12,17
2,8,186182.0,-1.141892498443534,-0.8693272921435614,TIME_LIMIT,52138,0,0,15,10
2,8,186285.0,-1.141892498443534,-0.8693272921435614,TIME_LIMIT,52162,0,0,9,7
2,8,186331.0,-1.1418397143266636,-0.8693272921435614,TIME_LIMIT,52180,0,0,16,13
2,8,186415.0,-1.1418397143266636,-0.8693272921435614,TIME_LIMIT,52201,0,0,18,13
2,8,186537.0,-1.1418130220601097,-0.8693272921435614,TIME_LIMIT,52231,0,0,13,7
2,8,186585.0,-1.1418130220601097,-0.8693272921435614,TIME_LIMIT,52252,0,0,21,21
2,8,186787.0,-1.1417650283298277,-0.8693272921435614,TIME_LIMIT,52285,0,0,12,5
2,8,186846.0,-1.1417650283298277,-0.8693272921435614,TIME_LIMIT,52309,0,0,13,10
2,8,186892.0,-1.1417385820432562,-0.8693272921435614,TIME_LIMIT,52322,0,0,4,1
2,8,187099.0,-1.1417385820432562,-0.8693272921435614,TIME_LIMIT,52351,0,0,19,15
2,8,187224.0,-1.1417063888274401,-0.8693272921435614,TIME_LIMIT,52375,0,0,17,8
2,8,187273.0,-1.1417063888274401,-0.8693272921435614,TIME_LIMIT,52395,0,0,8,4
2,8,187281.0,-1.1416873017159777,-0.8693272921435614,TIME_LIMIT,52408,0,0,6,3
2,8,187486.0,-1.1416873017159777,-0.8693272921435614,TIME_LIMIT,52428,0,0,17,9
2,8,187629.0,-1.1415581478098757,-0.8693272921435614,TIME_LIMIT,52458,0,0,15,8
2,8,187741.0,-1.1415581478098757,-0.8693272921435614,TIME_LIMIT,52482,0,0,7,14
2,8,187942.0,-1.1415575640826774,-0.8693272921435614,TIME_LIMIT,52513,0,0,6,3
2,8,187992.0,-1.1415575640826774,-0.8693272921435614,TIME_LIMIT,52530,0,0,20,12
2,8,188038.0,-1.1415097405691146,-0.8693272921435614,TIME_LIMIT,52559,0,0,4,4
2,8,188083.0,-1.1415097405691146,-0.8693272921435614,TIME_LIMIT,52580,0,0,16,6
2,8,188179.0,-1.1414292544269697,-0.8693272921435614,TIME_LIMIT,52608,0,0,16,13
2,8,188254.0,-1.1414292544269697,-0.8693272921435614,TIME_LIMIT,52624,0,0,19,10
2,8,188328.0,-1.1413351631471669,-0.8693272921435614,TIME_LIMIT,52656,0,0,13,7
2,8,188461.0,-1.1413351631471669,-0.8693272921435614,TIME_LIMIT,52676,0,0,17,19
2,8,188662.0,-1.141311245630377,-0.8693272921435614,TIME_LIMIT,52712,0,0,7,3
2,8,188771.0,-1.141311245630377,-0.8693272921435614,TIME_LIMIT,52734,0,0,8,9
2,8,188851.0,-1.1412945728887642,-0.8693272921435614,TIME_LIMIT,52769,0,0,7,2
2,8,189008.0,-1.1412945728887642,-0.8693272921435614,TIME_LIMIT,52796,0,0,12,15
2,8,189087.0,-1.1412496030009318,-0.8693272921435614,TIME_LIMIT,52819,0,0,13,6
2,8,189281.0,-1.1412496030009318,-0.8693272921435614,TIME_LIMIT,52854,0,0,29,16
2,8,189418.0,-1.1412296078767736,-0.8693272921435614,TIME_LIMIT,52888,0,0,11,13
2,8,189460.0,-1.1412296078767736,-0.8693272921435614,TIME_LIMIT,52911,0,0,15,6
2,8,189485.0,-1.1412014530787609,-0.8693272921435614,TIME_LIMIT,52927,0,0,12,2
2,8,189525.0,-1.1412014530787609,-0.8693272921435614,TIME_LIMIT,52947,0,0,16,9
2,8,189565.0,-1.1411961055009991,-0.8693272921435614,TIME_LIMIT,52972,0,0,12,8
2,8,189678.0,-1.1411961055009991,-0.8693272921435614,TIME_LIMIT,52991,0,0,22,21
2,8,189804.0,-1.1411930022882046,-0.8693272921435614,TIME_LIMIT,53025,0,0,21,8
2,8,189906.0,-1.1411930022882046,-0.8693272921435614,TIME_LIMIT,53047,0,0,17,8
2,8,189972.0,-1.1411842446447895,-0.8693272921435614,TIME_LIMIT,53079,0,0,11,5
2,8,190063.0,-1.1411842446447895,-0.8693272921435614,TIME_LIMIT,53102,0,0,16,21
2,8,190121.0,-1.1411622599240479,-0.8693272921435614,TIME_LIMIT,53130,0,0,14,2
2,8,190235.0,-1.1411622599240479,-0.8693272921435614,TIME_LIMIT,53155,0,0,21,10
2,8,190343.0,-1.141127198475854,-0.8693272921435614,TIME_LIMIT,53185,0,0,14,4
2,8,190402.0,-1.141127198475854,-0.8693272921435614,TIME_LIMIT,53206,0,0,7,9
2,8,190492.0,-1.1410495511741732,-0.8693272921435614,TIME_LIMIT,53235,0,0,11,6
2,8,190650.0,-1.1410495511741732,-0.8693272921435614,TIME_LIMIT,53259,0,0,23,18
2,8,190797.0,-1.1409523377976474,-0.8693272921435614,TIME_LIMIT,53291,0,0,16,8
2,8,190939.0,-1.1409523377976474,-0.8693272921435614,TIME_LIMIT,53317,0,0,17,30
2,8,191146.0,-1.1409322870026781,-0.8693272921435614,TIME_LIMIT,53353,0,0,12,16
2,8,191255.0,-1.1409322870026781,-0.8693272921435614,TIME_LIMIT,53376,0,0,17,13
2,8,191363.0,-1.140917795045402,-0.8693272921435614,TIME_LIMIT,53408,0,0,17,5
2,8,191409.0,-1.140917795045402,-0.8693272921435614,TIME_LIMIT,53425,0,0,13,12
2,8,191504.0,-1.1408005233358276,-0.8693272921435614,TIME_LIMIT,53456,0,0,14,9
2,8,191626.0,-1.1408005233358276,-0.8693272921435614,TIME_LIMIT,53476,0,0,14,19
2,8,191830.0,-1.140759669628888,-0.8693272921435614,TIME_LIMIT,53508,0,0,10,8
2,8,191904.0,-1.140759669628888,-0.8693272921435614,TIME_LIMIT,53529,0,0,20,22
2,8,192051.0,-1.140747749374742,-0.8693272921435614,TIME_LIMIT,53566,0,0,12,6
2,8,192120.0,-1.140747749374742,-0.8693272921435614,TIME_LIMIT,53594,0,0,20,3
2,8,192180.0,-1.14072173476059,-0.8693272921435614,TIME_LIMIT,53614,0,0,17,5
2,8,192249.0,-1.14072173476059,-0.8693272921435614,TIME_LIMIT,53640,0,0,13,20
2,8,192354.0,-1.140704421106073,-0.8693272921435614,TIME_LIMIT,53675,0,0,18,9
2,8,192478.0,-1.140704421106073,-0.8693272921435614,TIME_LIMIT,53698,0,0,15,3
2,8,192527.0,-1.140673820942389,-0.8693272921435614,TIME_LIMIT,53721,0,0,4,6
2,8,192647.0,-1.140673820942389,-0.8693272921435614,TIME_LIMIT,53746,0,0,24,16
2,8,192716.0,-1.1406284336430137,-0.8693272921435614,TIME_LIMIT,53780,0,0,20,6
2,8,192789.0,-1.1406284336430137,-0.8693272921435614,TIME_LIMIT,53798,0,0,12,7
2,8,192902.0,-1.1406238218412081,-0.8693272921435614,TIME_LIMIT,53825,0,0,5,2
2,8,193025.0,-1.1406238218412081,-0.8693272921435614,TIME_LIMIT,53848,0,0,15,12
2,8,193078.0,-1.140612489844673,-0.8693272921435614,TIME_LIMIT,53871,0,0,12,6
2,8,193163.0,-1.140612489844673,-0.8693272921435614,TIME_LIMIT,53894,0,0,16,16
2,8,193347.0,-1.1406118076840304,-0.8693272921435614,TIME_LIMIT,53926,0,0,19,6
2,8,193434.0,-1.1406118076840304,-0.8693272921435614,TIME_LIMIT,53946,0,0,18,11
2,8,193551.0,-1.1405843247761571,-0.8693272921435614,TIME_LIMIT,53980,0,0,14,2
2,8,193716.0,-1.1405843247761571,-0.8693272921435614,TIME_LIMIT,54003,0,0,18,18
2,8,193884.0,-1.1405785809680675,-0.8693272921435614,TIME_LIMIT,54041,0,0,18,7
2,8,193961.0,-1.1405785809680675,-0.8693272921435614,TIME_LIMIT,54058,0,0,3,4
2,8,194059.0,-1.1405521068141835,-0.8693272921435614,TIME_LIMIT,54091,0,0,9,7
2,8,194084.0,-1.1405521068141835,-0.8693272921435614,TIME_LIMIT,54110,0,0,13,6
2,8,194107.0,-1.140493986770597,-0.8693272921435614,TIME_LIMIT,54127,0,0,11,3
2,8,194116.0,-1.140493986770597,-0.8693272921435614,TIME_LIMIT,54139,0,0,9,10
2,8,194184.0,-1.1404552218812587,-0.8693272921435614,TIME_LIMIT,54164,0,0,9,8
2,8,194229.0,-1.1404552218812587,-0.8693272921435614,TIME_LIMIT,54189,0,0,17,15
2,8,194316.0,-1.1404498638790113,-0.8693272921435614,TIME_LIMIT,54224,0,0,17,7
2,8,194465.0,-1.1404498638790113,-0.8693272921435614,TIME_LIMIT,54246,0,0,17,13
2,8,194511.0,-1.1404327234974605,-0.8693272921435614,TIME_LIMIT,54276,0,0,10,6
2,8,194527.0,-1.1404327234974605,-0.8693272921435614,TIME_LIMIT,54289,0,0,9,8
2,8,194553.0,-1.140425175211388,-0.8693272921435614,TIME_LIMIT,54314,0,0,9,6
2,8,194708.0,-1.140425175211388,-0.8693272921435614,TIME_LIMIT,54336,0,0,16,15
2,8,194841.0,-1.1404049568808,-0.8693272921435614,TIME_LIMIT,54365,0,0,14,5
2,8,194964.0,-1.1404049568808,-0.8693272921435614,TIME_LIMIT,54383,0,0,20,17
2,8,195093.0,-1.1404024725187842,-0.8693272921435614,TIME_LIMIT,54411,0,0,12,2
2,8,195205.0,-1.1404024725187842,-0.8693272921435614,TIME_LIMIT,54433,0,0,16,16
2,8,195353.0,-1.1403872070802024,-0.8693272921435614,TIME_LIMIT,54466,0,0,17,4
2,8,195389.0,-1.1403872070802024,-0.8693272921435614,TIME_LIMIT,54481,0,0,6,7
2,8,195416.0,-1.14035904784445,-0.8693272921435614,TIME_LIMIT,54499,0,0,7,2
2,8,195439.0,-1.14035904784445,-0.8693272921435614,TIME_LIMIT,54509,0,0,10,8
2,8,195539.0,-1.140354145057809,-0.8693272921435614,TIME_LIMIT,54539,0,0,7,10
2,8,195663.0,-1.140354145057809,-0.8693272921435614,TIME_LIMIT,54564,0,0,15,5
2,8,195761.0,-1.1403339386601168,-0.8693272921435614,TIME_LIMIT,54597,0,0,15,9
2,8,195888.0,-1.1403339386601168,-0.8693272921435614,TIME_LIMIT,54618,0,0,10,6
2,8,195963.0,-1.1402893973449044,-0.8693272921435614,TIME_LIMIT,54647,0,0,5,12
2,8,196023.0,-1.1402893973449044,-0.8693272921435614,TIME_LIMIT,54670,0,0,24,16
2,8,196157.0,-1.140282997309162,-0.8693272921435614,TIME_LIMIT,54702,0,0,11,7
2,8,196343.0,-1.140282997309162,-0.8693272921435614,TIME_LIMIT,54727,0,0,22,12
2,8,196418.0,-1.1402786440103245,-0.8693272921435614,TIME_LIMIT,54754,0,0,12,5
2,8,196528.0,-1.1402786440103245,-0.8693272921435614,TIME_LIMIT,54769,0,0,12,9
2,8,196644.0,-1.140274316918783,-0.8693272921435614,TIME_LIMIT,54807,0,0,19,11
2,8,196797.0,-1.140274316918783,-0.8693272921435614,TIME_LIMIT,54831,0,0,17,7
2,8,196958.0,-1.14017590975221,-0.8693272921435614,TIME_LIMIT,54867,0,0,16,15
2,8,197002.0,-1.14017590975221,-0.8693272921435614,TIME_LIMIT,54886,0,0,15,14
2,8,197038.0,-1.1401738669984516,-0.8693272921435614,TIME_LIMIT,54911,0,0,9,4
2,8,197109.0,-1.1401738669984516,-0.8693272921435614,TIME_LIMIT,54931,0,0,10,8
2,8,197155.0,-1.1401544087582924,-0.8693272921435614,TIME_LIMIT,54953,0,0,11,2
2,8,197195.0,-1.1401544087582924,-0.8693272921435614,TIME_LIMIT,54973,0,0,15,9
2,8,197244.0,-1.1400906170156218,-0.8693272921435614,TIME_LIMIT,55000,0,0,9,7
2,8,197449.0,-1.1400906170156218,-0.8693272921435614,TIME_LIMIT,55026,0,0,6,12
2,8,197505.0,-1.1400161233255441,-0.8693272921435614,TIME_LIMIT,55051,0,0,20,17
2,8,197600.0,-1.1400161233255441,-0.8693272921435614,TIME_LIMIT,55071,0,0,13,6
2,8,197784.0,-1.140006864252823,-0.8693272921435614,TIME_LIMIT,55108,0,0,14,11
2,8,197922.0,-1.140006864252823,-0.8693272921435614,TIME_LIMIT,55133,0,0,21,19
2,8,198011.0,-1.1400004762084033,-0.8693272921435614,TIME_LIMIT,55165,0,0,16,10
2,8,198061.0,-1.1400004762084033,-0.8693272921435614,TIME_LIMIT,55185,0,0,12,11
2,8,198087.0,-1.1399935546357902,-0.8693272921435614,TIME_LIMIT,55211,0,0,9,4
2,8,198148.0,-1.1399935546357902,-0.8693272921435614,TIME_LIMIT,55230,0,0,21,16
2,8,198224.0,-1.1399693934331614,-0.8693272921435614,TIME_LIMIT,55262,0,0,13,7
2,8,198398.0,-1.1399693934331614,-0.8693272921435614,TIME_LIMIT,55292,0,0,19,11
2,8,198505.0,-1.1399377020808452,-0.8693272921435614,TIME_LIMIT,55313,0,0,15,2
2,8,198595.0,-1.1399377020808452,-0.8693272921435614,TIME_LIMIT,55339,0,0,13,12
2,8,198737.0,-1.1399326138381694,-0.8693272921435614,TIME_LIMIT,55377,0,0,12,15
2,8,198800.0,-1.1399326138381694,-0.8693272921435614,TIME_LIMIT,55399,0,0,19,9
2,8,198893.0,-1.1397248010337389,-0.8693272921435614,TIME_LIMIT,55427,0,0,13,3
2,8,198916.0,-1.1397248010337389,-0.8693272921435614,TIME_LIMIT,55441,0,0,10,10
2,8,198944.0,-1.139716187810441,-0.8693272921435614,TIME_LIMIT,55463,0,0,10,2
2,8,199042.0,-1.139716187810441,-0.8693272921435614,TIME_LIMIT,55491,0,0,13,14
2,8,199229.0,-1.1397130108908455,-0.8693272921435614,TIME_LIMIT,55522,0,0,21,14
2,8,199315.0,-1.1397130108908455,-0.8693272921435614,TIME_LIMIT,55543,0,0,18,9
2,8,199367.0,-1.1396958255670053,-0.8693272921435614,TIME_LIMIT,55564,0,0,9,4
2,8,199528.0,-1.1396958255670053,-0.8693272921435614,TIME_LIMIT,55583,0,0,18,23
2,8,199678.0,-1.1396413671763994,-0.8693272921435614,TIME_LIMIT,55618,0,0,19,10
2,8,199797.0,-1.1396413671763994,-0.8693272921435614,TIME_LIMIT,55642,0,0,21,15
2,8,199896.0,-1.1396411670935285,-0.8693272921435614,TIME_LIMIT,55678,0,0,20,6
2,8,199942.0,-1.1396411670935285,-0.8693272921435614,TIME_LIMIT,55695,0,0,12,2
2,8,199964.0,-1.1396024487753011,-0.8693272921435614,TIME_LIMIT,55714,0,0,8,8
2,8,200167.0,-1.1396024487753011,-0.8693272921435614,TIME_LIMIT,55736,0,0,23,22
2,8,200368.0,-1.139586923349126,-0.8693272921435614,TIME_LIMIT,55774,0,0,19,7
2,8,200394.0,-1.139586923349126,-0.8693272921435614,TIME_LIMIT,55795,0,0,10,3
2,8,200452.0,-1.1395227923042244,-0.8693272921435614,TIME_LIMIT,55809,0,0,8,4
2,8,200495.0,-1.1395227923042244,-0.8693272921435614,TIME_LIMIT,55829,0,0,17,14
2,8,200535.0,-1.13949634279924,-0.8693272921435614,TIME_LIMIT,55860,0,0,11,5
2,8,200702.0,-1.13949634279924,-0.8693272921435614,TIME_LIMIT,55891,0,0,18,9
2,8,200742.0,-1.13947662000177,-0.8693272921435614,TIME_LIMIT,55907,0,0,12,9
2,8,200825.0,-1.13947662000177,-0.8693272921435614,TIME_LIMIT,55923,0,0,14,11
2,8,200920.0,-1.13942759515331,-0.8693272921435614,TIME_LIMIT,55955,0,0,16,4
2,8,200960.0,-1.13942759515331,-0.8693272921435614,TIME_LIMIT,55977,0,0,6,5
2,8,201000.0,-1.139423813098037,-0.8693272921435614,TIME_LIMIT,55994,0,0,13,11
2,8,201023.0,-1.139423813098037,-0.8693272921435614,TIME_LIMIT,56008,0,0,12,11
2,8,201070.0,-1.139380953350082,-0.8693272921435614,TIME_LIMIT,56036,0,0,12,9
2,8,201145.0,-1.139380953350082,-0.8693272921435614,TIME_LIMIT,56058,0,0,19,6
2,8,201194.0,-1.1393630440373006,-0.8693272921435614,TIME_LIMIT,56079,0,0,12,4
2,8,201351.0,-1.1393630440373006,-0.8693272921435614,TIME_LIMIT,56102,0,0,12,15
2,8,201519.0,-1.1393384270241702,-0.8693272921435614,TIME_LIMIT,56136,0,0,11,14
2,8,201605.0,-1.1393384270241702,-0.8693272921435614,TIME_LIMIT,56159,0,0,18,9
2,8,201786.0,-1.1393368259371366,-0.8693272921435614,TIME_LIMIT,56196,0,0,14,8
2,8,201984.0,-1.1393368259371366,-0.8693272921435614,TIME_LIMIT,56223,0,0,23,13
2,8,202059.0,-1.1393016732411816,-0.8693272921435614,TIME_LIMIT,56257,0,0,14,5
2,8,202168.0,-1.1393016732411816,-0.8693272921435614,TIME_LIMIT,56274,0,0,17,18
2,8,202356.0,-1.139291824361968,-0.8693272921435614,TIME_LIMIT,56306,0,0,11,4
2,8,202560.0,-1.139291824361968,-0.8693272921435614,TIME_LIMIT,56327,0,0,29,29
2,8,202682.0,-1.1392372583595378,-0.8693272921435614,TIME_LIMIT,56360,0,0,25,19
2,8,202850.0,-1.1392372583595378,-0.8693272921435614,TIME_LIMIT,56381,0,0,20,31
2,8,203052.0,-1.1392278217894691,-0.8693272921435614,TIME_LIMIT,56416,0,0,17,11
2,8,203188.0,-1.1392278217894691,-0.8693272921435614,TIME_LIMIT,56446,0,0,17,8
2,8,203251.0,-1.1392149138799308,-0.8693272921435614,TIME_LIMIT,56472,0,0,13,8
2,8,203344.0,-1.1392149138799308,-0.8693272921435614,TIME_LIMIT,56499,0,0,10,3
2,8,203460.0,-1.139194117156602,-0.8693272921435614,TIME_LIMIT,56518,0,0,12,8
2,8,203520.0,-1.139194117156602,-0.8693272921435614,TIME_LIMIT,56538,0,0,20,14
2,8,203645.0,-1.1391710111411397,-0.8693272921435614,TIME_LIMIT,56570,0,0,12,4
2,8,203772.0,-1.1391710111411397,-0.8693272921435614,TIME_LIMIT,56595,0,0,25,38
2,8,203965.0,-1.1391691169752156,-0.8693272921435614,TIME_LIMIT,56631,0,0,8,10
2,8,204003.0,-1.1391691169752156,-0.8693272921435614,TIME_LIMIT,56648,0,0,13,7
2,8,204035.0,-1.1391553611413059,-0.8693272921435614,TIME_LIMIT,56663,0,0,11,3
2,8,204057.0,-1.1391553611413059,-0.8693272921435614,TIME_LIMIT,56680,0,0,17,3
2,8,204198.0,-1.1391250744075656,-0.8693272921435614,TIME_LIMIT,56714,0,0,17,7
2,8,204400.0,-1.1391250744075656,-0.8693272921435614,TIME_LIMIT,56742,0,0,10,27
2,8,204487.0,-1.1390945194734805,-0.8693272921435614,TIME_LIMIT,56776,0,0,14,9
2,8,204621.0,-1.1390945194734805,-0.8693272921435614,TIME_LIMIT,56804,0,0,18,13
2,8,204698.0,-1.1390877456841877,-0.8693272921435614,TIME_LIMIT,56825,0,0,13,14
2,8,204777.0,-1.1390877456841877,-0.8693272921435614,TIME_LIMIT,56850,0,0,19,12
2,8,204830.0,-1.1390513001795806,-0.8693272921435614,TIME_LIMIT,56875,0,0,8,5
2,8,204835.0,-1.1390513001795806,-0.8693272921435614,TIME_LIMIT,56883,0,0,6,5
2,8,204838.0,-1.1390417649335174,-0.8693272921435614,TIME_LIMIT,56891,0,0,2,1
2,8,204951.0,-1.1390417649335174,-0.8693272921435614,TIME_LIMIT,56915,0,0,15,6
2,8,205091.0,-1.1389719908217095,-0.8693272921435614,TIME_LIMIT,56943,0,0,15,10
2,8,205161.0,-1.1389719908217095,-0.8693272921435614,TIME_LIMIT,56963,0,0,13,4
2,8,205187.0,-1.1389579889656196,-0.8693272921435614,TIME_LIMIT,56984,0,0,10,3
2,8,205255.0,-1.1389579889656196,-0.8693272921435614,TIME_LIMIT,57003,0,0,13,7
2,8,205339.0,-1.1389404702059946,-0.8693272921435614,TIME_LIMIT,57018,0,0,13,10
2,8,205381.0,-1.1389404702059946,-0.8693272921435614,TIME_LIMIT,57035,0,0,15,6
2,8,205392.0,-1.1389314950878549,-0.8693272921435614,TIME_LIMIT,57054,0,0,6,2
2,8,205562.0,-1.1389314950878549,-0.8693272921435614,TIME_LIMIT,57086,0,0,22,11
2,8,205686.0,-1.1389138787983208,-0.8693272921435614,TIME_LIMIT,57108,0,0,10,4
2,8,205828.0,-1.1389138787983208,-0.8693272921435614,TIME_LIMIT,57128,0,0,12,18
2,8,206028.0,-1.138887172355853,-0.8693272921435614,TIME_LIMIT,57161,0,0,12,5
2,8,206115.0,-1.138887172355853,-0.8693272921435614,TIME_LIMIT,57185,0,0,7,7
2,8,206145.0,-1.1388190826442162,-0.8693272921435614,TIME_LIMIT,57198,0,0,8,6
2,8,206221.0,-1.1388190826442162,-0.8693272921435614,TIME_LIMIT,57218,0,0,19,9
2,8,206267.0,-1.138816903864211,-0.8693272921435614,TIME_LIMIT,57249,0,0,14,4
2,8,206320.0,-1.138816903864211,-0.8693272921435614,TIME_LIMIT,57268,0,0,18,14
2,8,206390.0,-1.1387690319197026,-0.8693272921435614,TIME_LIMIT,57298,0,0,10,6
2,8,206474.0,-1.1387690319197026,-0.8693272921435614,TIME_LIMIT,57321,0,0,13,21
2,8,206623.0,-1.1387542692403232,-0.8693272921435614,TIME_LIMIT,57355,0,0,17,12
2,8,206681.0,-1.1387542692403232,-0.8693272921435614,TIME_LIMIT,57371,0,0,9,10
2,8,206887.0,-1.138747212809297,-0.8693272921435614,TIME_LIMIT,57404,0,0,14,8
2,8,207038.0,-1.138747212809297,-0.8693272921435614,TIME_LIMIT,57429,0,0,22,15
2,8,207223.0,-1.138727521024082,-0.8693272921435614,TIME_LIMIT,57465,0,0,19,24
2,8,207287.0,-1.138727521024082,-0.8693272921435614,TIME_LIMIT,57490,0,0,17,5
2,8,207361.0,-1.1387113231209003,-0.8693272921435614,TIME_LIMIT,57509,0,0,17,8
2,8,207399.0,-1.1387113231209003,-0.8693272921435614,TIME_LIMIT,57524,0,0,15,6
2,8,207482.0,-1.1387104544920794,-0.8693272921435614,TIME_LIMIT,57549,0,0,11,6
2,8,207614.0,-1.1387104544920794,-0.8693272921435614,TIME_LIMIT,57568,0,0,14,14
2,8,207720.0,-1.138689350521108,-0.8693272921435614,TIME_LIMIT,57595,0,0,11,5
2,8,207749.0,-1.138689350521108,-0.8693272921435614,TIME_LIMIT,57613,0,0,8,3
2,8,207792.0,-1.138581445096444,-0.8693272921435614,TIME_LIMIT,57636,0,0,6,7
2,8,207851.0,-1.138581445096444,-0.8693272921435614,TIME_LIMIT,57657,0,0,19,13
2,8,207905.0,-1.1385768731439765,-0.8693272921435614,TIME_LIMIT,57684,0,0,12,8
2,8,207948.0,-1.1385768731439765,-0.8693272921435614,TIME_LIMIT,57698,0,0,10,10
2,8,207972.0,-1.1385593563676104,-0.8693272921435614,TIME_LIMIT,57717,0,0,8,2
2,8,208168.0,-1.1385593563676104,-0.8693272921435614,TIME_LIMIT,57739,0,0,21,38
2,8,208373.0,-1.1384798102350682,-0.8693272921435614,TIME_LIMIT,57772,0,0,12,10
2,8,208431.0,-1.1384798102350682,-0.8693272921435614,TIME_LIMIT,57789,0,0,14,9
2,8,208500.0,-1.1384755720175683,-0.8693272921435614,TIME_LIMIT,57813,0,0,9,7
2,8,208562.0,-1.1384755720175683,-0.8693272921435614,TIME_LIMIT,57833,0,0,13,9
2,8,208619.0,-1.138451790063449,-0.8693272921435614,TIME_LIMIT,57858,0,0,9,5
2,8,208661.0,-1.138451790063449,-0.8693272921435614,TIME_LIMIT,57879,0,0,15,4
2,8,208694.0,-1.1384447483732085,-0.8693272921435614,TIME_LIMIT,57901,0,0,12,5
2,8,208796.0,-1.1384447483732085,-0.8693272921435614,TIME_LIMIT,57920,0,0,16,12
2,8,208924.0,-1.1383749637438538,-0.8693272921435614,TIME_LIMIT,57951,0,0,6,3
2,8,208992.0,-1.1383749637438538,-0.8693272921435614,TIME_LIMIT,57976,0,0,20,18
2,8,209140.0,-1.1383324121027067,-0.8693272921435614,TIME_LIMIT,58012,0,0,17,9
2,8,209213.0,-1.1383324121027067,-0.8693272921435614,TIME_LIMIT,58038,0,0,16,11
2,8,209268.0,-1.1382836585749683,-0.8693272921435614,TIME_LIMIT,58057,0,0,11,12
2,8,209470.0,-1.1382836585749683,-0.8693272921435614,TIME_LIMIT,58079,0,0,18,15
2,8,209676.0,-1.1382656279467103,-0.8693272921435614,TIME_LIMIT,58110,0,0,15,11
2,8,209696.0,-1.1382656279467103,-0.8693272921435614,TIME_LIMIT,58124,0,0,8,5
2,8,209756.0,-1.1382387511663887,-0.8693272921435614,TIME_LIMIT,58149,0,0,9,7
2,8,209895.0,-1.1382387511663887,-0.8693272921435614,TIME_LIMIT,58167,0,0,14,16
2,8,210055.0,-1.1381897739848617,-0.8693272921435614,TIME_LIMIT,58204,0,0,15,18
2,8,210149.0,-1.1381897739848617,-0.8693272921435614,TIME_LIMIT,58226,0,0,20,9
2,8,210255.0,-1.1381883412446454,-0.8693272921435614,TIME_LIMIT,58256,0,0,15,4
2,8,210321.0,-1.1381883412446454,-0.8693272921435614,TIME_LIMIT,58282,0,0,12,11
2,8,210443.0,-1.1381859045251626,-0.8693272921435614,TIME_LIMIT,58308,0,0,15,5
2,8,210524.0,-1.1381859045251626,-0.8693272921435614,TIME_LIMIT,58331,0,0,21,16
2,8,210733.0,-1.138168475846581,-0.8693272921435614,TIME_LIMIT,58366,0,0,15,17
2,8,210839.0,-1.138168475846581,-0.8693272921435614,TIME_LIMIT,58389,0,0,9,4
2,8,210879.0,-1.1380562360323967,-0.8693272921435614,TIME_LIMIT,58405,0,0,10,5
2,8,211033.0,-1.1380562360323967,-0.8693272921435614,TIME_LIMIT,58436,0,0,4,20
2,8,211128.0,-1.13802265802116,-0.8693272921435614,TIME_LIMIT,58469,0,0,15,12
2,8,211194.0,-1.13802265802116,-0.8693272921435614,TIME_LIMIT,58496,0,0,20,11
2,8,211238.0,-1.1379944793373669,-0.8693272921435614,TIME_LIMIT,58519,0,0,11,8
2,8,211309.0,-1.1379944793373669,-0.8693272921435614,TIME_LIMIT,58541,0,0,19,8
2,8,211459.0,-1.1379093343767486,-0.8693272921435614,TIME_LIMIT,58575,0,0,15,13
2,8,211516.0,-1.1379093343767486,-0.8693272921435614,TIME_LIMIT,58599,0,0,10,6
2,8,211581.0,-1.137890452094941,-0.8693272921435614,TIME_LIMIT,58614,0,0,12,5
2,8,211669.0,-1.137890452094941,-0.8693272921435614,TIME_LIMIT,58633,0,0,13,8
2,8,211736.0,-1.1378557352252223,-0.8693272921435614,TIME_LIMIT,58667,0,0,12,4
2,8,211782.0,-1.1378557352252223,-0.8693272921435614,TIME_LIMIT,58686,0,0,9,18
2,8,211877.0,-1.137833426622017,-0.8693272921435614,TIME_LIMIT,58715,0,0,11,7
2,8,211918.0,-1.137833426622017,-0.8693272921435614,TIME_LIMIT,58734,0,0,13,7
2,8,211957.0,-1.137764389923513,-0.8693272921435614,TIME_LIMIT,58754,0,0,6,7
2,8,212152.0,-1.137764389923513,-0.8693272921435614,TIME_LIMIT,58785,0,0,25,10
2,8,212206.0,-1.1376614436466201,-0.8693272921435614,TIME_LIMIT,58808,0,0,20,12
2,8,212238.0,-1.1376614436466201,-0.8693272921435614,TIME_LIMIT,58827,0,0,8,4
2,8,212243.0,-1.137654055038279,-0.8693272921435614,TIME_LIMIT,58834,0,0,5,11
2,8,212329.0,-1.137654055038279,-0.8693272921435614,TIME_LIMIT,58860,0,0,16,7
2,8,212387.0,-1.13765182714394,-0.8693272921435614,TIME_LIMIT,58876,0,0,12,7
2,8,212422.0,-1.13765182714394,-0.8693272921435614,TIME_LIMIT,58893,0,0,13,9
2,8,212487.0,-1.1376384588865105,-0.8693272921435614,TIME_LIMIT,58921,0,0,11,6
2,8,212649.0,-1.1376384588865105,-0.8693272921435614,TIME_LIMIT,58942,0,0,14,14
2,8,212812.0,-1.1375348139611967,-0.8693272921435614,TIME_LIMIT,58968,0,0,10,6
2,8,212868.0,-1.1375348139611967,-0.8693272921435614,TIME_LIMIT,58988,0,0,13,6
2,8,212983.0,-1.1374826671713973,-0.8693272921435614,TIME_LIMIT,59019,0,0,8,8
2,8,213003.0,-1.1374826671713973,-0.8693272921435614,TIME_LIMIT,59033,0,0,12,7
2,8,213040.0,-1.1374583689771727,-0.8693272921435614,TIME_LIMIT,59057,0,0,12,1
2,8,213101.0,-1.1374583689771727,-0.8693272921435614,TIME_LIMIT,59081,0,0,16,7
2,8,213307.0,-1.1374381501719824,-0.8693272921435614,TIME_LIMIT,59110,0,0,11,8
2,8,213374.0,-1.1374381501719824,-0.8693272921435614,TIME_LIMIT,59132,0,0,17,13
2,8,213419.0,-1.1373083085215732,-0.8693272921435614,TIME_LIMIT,59151,0,0,11,5
2,8,213488.0,-1.1373083085215732,-0.8693272921435614,TIME_LIMIT,59174,0,0,18,8
2,8,213547.0,-1.1372094858580568,-0.8693272921435614,TIME_LIMIT,59200,0,0,3,8
2,8,213656.0,-1.1372094858580568,-0.8693272921435614,TIME_LIMIT,59221,0,0,14,17
2,8,213789.0,-1.1372084577658734,-0.8693272921435614,TIME_LIMIT,59252,0,0,13,2
2,8,213858.0,-1.1372084577658734,-0.8693272921435614,TIME_LIMIT,59271,0,0,19,7
2,8,213932.0,-1.1371912556386976,-0.8693272921435614,TIME_LIMIT,59290,0,0,21,6
2,8,214071.0,-1.1371912556386976,-0.8693272921435614,TIME_LIMIT,59314,0,0,15,14
2,8,214146.0,-1.137187406580031,-0.8693272921435614,TIME_LIMIT,59337,0,0,17,3
2,8,214265.0,-1.137187406580031,-0.8693272921435614,TIME_LIMIT,59358,0,0,9,5
2,8,214396.0,-1.1370593004917517,-0.8693272921435614,TIME_LIMIT,59394,0,0,19,9
2,8,214478.0,-1.1370593004917517,-0.8693272921435614,TIME_LIMIT,59420,0,0,19,18
2,8,214602.0,-1.1370458527499785,-0.8693272921435614,TIME_LIMIT,59452,0,0,11,4
2,8,214684.0,-1.1370458527499785,-0.8693272921435614,TIME_LIMIT,59475,0,0,9,13
2,8,214768.0,-1.1370418222036356,-0.8693272921435614,TIME_LIMIT,59503,0,0,10,4
2,8,214846.0,-1.1370418222036356,-0.8693272921435614,TIME_LIMIT,59524,0,0,14,13
2,8,214958.0,-1.1370303718638193,-0.8693272921435614,TIME_LIMIT,59554,0,0,10,10
2,8,215027.0,-1.1370303718638193,-0.8693272921435614,TIME_LIMIT,59572,0,0,16,12
2,8,215095.0,-1.1370276112474127,-0.8693272921435614,TIME_LIMIT,59597,0,0,7,7
2,8,215167.0,-1.1370276112474127,-0.8693272921435614,TIME_LIMIT,59621,0,0,18,16
2,8,215338.0,-1.1369657028566915,-0.8693272921435614,TIME_LIMIT,59651,0,0,15,7
2,8,215410.0,-1.1369657028566915,-0.8693272921435614,TIME_LIMIT,59678,0,0,19,10
2,8,215462.0,-1.136946274161523,-0.8693272921435614,TIME_LIMIT,59698,0,0,10,3
2,8,215573.0,-1.136946274161523,-0.8693272921435614,TIME_LIMIT,59718,0,0,17,14
2,8,215780.0,-1.1369255003708763,-0.8693272921435614,TIME_LIMIT,59752,0,0,6,6
2,8,215846.0,-1.1369255003708763,-0.8693272921435614,TIME_LIMIT,59776,0,0,19,12
2,8,215925.0,-1.1369063272202595,-0.8693272921435614,TIME_LIMIT,59800,0,0,18,9
2,8,216121.0,-1.1369063272202595,-0.8693272921435614,TIME_LIMIT,59822,0,0,17,21
2,8,216188.0,-1.1368847792650758,-0.8693272921435614,TIME_LIMIT,59855,0,0,15,8
2,8,216401.0,-1.1368847792650758,-0.8693272921435614,TIME_LIMIT,59878,0,0,23,18
2,8,216614.0,-1.1368402695097102,-0.8693272921435614,TIME_LIMIT,59908,0,0,19,20
2,8,216702.0,-1.1368402695097102,-0.8693272921435614,TIME_LIMIT,59932,0,0,18,10
2,8,216796.0,-1.1368227469690981,-0.8693272921435614,TIME_LIMIT,59961,0,0,11,4
2,8,216888.0,-1.1368227469690981,-0.8693272921435614,TIME_LIMIT,59984,0,0,23,16
2,8,217100.0,-1.1367828882216267,-0.8693272921435614,TIME_LIMIT,60017,0,0,15,10
2,8,217317.0,-1.1367828882216267,-0.8693272921435614,TIME_LIMIT,60035,0,0,13,16
2,8,217527.0,-1.136759330772613,-0.8693272921435614,TIME_LIMIT,60078,0,0,18,6
2,8,217707.0,-1.136759330772613,-0.8693272921435614,TIME_LIMIT,60111,0,0,27,26
2,8,217877.0,-1.1367018418309889,-0.8693272921435614,TIME_LIMIT,60151,0,0,22,12
2,8,217955.0,-1.1367018418309889,-0.8693272921435614,TIME_LIMIT,60171,0,0,15,13
2,8,217994.0,-1.1366963130640602,-0.8693272921435614,TIME_LIMIT,60197,0,0,14,8
2,8,218085.0,-1.1366963130640602,-0.8693272921435614,TIME_LIMIT,60212,0,0,15,26
2,8,218223.0,-1.1366413447926613,-0.8693272921435614,TIME_LIMIT,60245,0,0,15,12
2,8,218349.0,-1.1366413447926613,-0.8693272921435614,TIME_LIMIT,60268,0,0,11,16
2,8,218421.0,-1.136630165856643,-0.8693272921435614,TIME_LIMIT,60296,0,0,14,8
2,8,218445.0,-1.136630165856643,-0.8693272921435614,TIME_LIMIT,60314,0,0,11,7
2,8,218490.0,-1.1366152905859206,-0.8693272921435614,TIME_LIMIT,60336,0,0,8,4
2,8,218565.0,-1.1366152905859206,-0.8693272921435614,TIME_LIMIT,60358,0,0,17,10
2,8,218621.0,-1.1365594547598545,-0.8693272921435614,TIME_LIMIT,60382,0,0,9,3
2,8,218831.0,-1.1365594547598545,-0.8693272921435614,TIME_LIMIT,60407,0,0,18,27
2,8,219012.0,-1.13649936019943,-0.8693272921435614,TIME_LIMIT,60444,0,0,16,11
2,8,219081.0,-1.13649936019943,-0.8693272921435614,TIME_LIMIT,60468,0,0,14,14
2,8,219191.0,-1.1364631150681603,-0.8693272921435614,TIME_LIMIT,60493,0,0,12,6
2,8,219331.0,-1.1364631150681603,-0.8693272921435614,TIME_LIMIT,60512,0,0,13,20
2,8,219452.0,-1.1364131767934758,-0.8693272921435614,TIME_LIMIT,60546,0,0,17,8
2,8,219590.0,-1.1364131767934758,-0.8693272921435614,TIME_LIMIT,60568,0,0,16,21
2,8,219712.0,-1.1364095368034302,-0.8693272921435614,TIME_LIMIT,60600,0,0,12,5
2,8,219835.0,-1.1364095368034302,-0.8693272921435614,TIME_LIMIT,60626,0,0,11,18
2,8,219965.0,-1.1363835161317006,-0.8693272921435614,TIME_LIMIT,60658,0,0,5,3
2,8,220017.0,-1.1363835161317006,-0.8693272921435614,TIME_LIMIT,60679,0,0,11,11
2,8,220158.0,-1.13637623848571,-0.8693272921435614,TIME_LIMIT,60712,0,0,18,7
2,8,220247.0,-1.13637623848571,-0.8693272921435614,TIME_LIMIT,60735,0,0,22,10
2,8,220439.0,-1.1363708929060983,-0.8693272921435614,TIME_LIMIT,60775,0,0,17,8
2,8,220572.0,-1.1363708929060983,-0.8693272921435614,TIME_LIMIT,60801,0,0,18,10
2,8,220648.0,-1.1363160266129941,-0.8693272921435614,TIME_LIMIT,60834,0,0,18,4
2,8,220765.0,-1.1363160266129941,-0.8693272921435614,TIME_LIMIT,60856,0,0,10,2
2,8,220810.0,-1.1362508537657834,-0.8693272921435614,TIME_LIMIT,60874,0,0,12,5
2,8,220893.0,-1.1362508537657834,-0.8693272921435614,TIME_LIMIT,60901,0,0,17,20
2,8,221017.0,-1.1361967936127642,-0.8693272921435614,TIME_LIMIT,60930,0,0,7,6
2,8,221089.0,-1.1361967936127642,-0.8693272921435614,TIME_LIMIT,60948,0,0,15,21
2,8,221305.0,-1.1361650891874362,-0.8693272921435614,TIME_LIMIT,60984,0,0,21,8
2,8,221487.0,-1.1361650891874362,-0.8693272921435614,TIME_LIMIT,61008,0,0,23,18
2,8,221617.0,-1.1361387921618826,-0.8693272921435614,TIME_LIMIT,61045,0,0,10,9
2,8,221675.0,-1.1361387921618826,-0.8693272921435614,TIME_LIMIT,61056,0,0,10,12
2,8,221747.0,-1.1361216810497596,-0.8693272921435614,TIME_LIMIT,61083,0,0,9,8
2,8,221958.0,-1.1361216810497596,-0.8693272921435614,TIME_LIMIT,61112,0,0,12,17
2,8,222171.0,-1.136102792327803,-0.8693272921435614,TIME_LIMIT,61147,0,0,15,10
2,8,222197.0,-1.136102792327803,-0.8693272921435614,TIME_LIMIT,61166,0,0,9,8
2,8,222221.0,-1.1360435515289629,-0.8693272921435614,TIME_LIMIT,61181,0,0,7,5
2,8,222282.0,-1.1360435515289629,-0.8693272921435614,TIME_LIMIT,61200,0,0,12,6
2,8,222307.0,-1.136027129349126,-0.8693272921435614,TIME_LIMIT,61224,0,0,10,6
2,8,222429.0,-1.136027129349126,-0.8693272921435614,TIME_LIMIT,61241,0,0,16,12
2,8,222501.0,-1.1359976505110367,-0.8693272921435614,TIME_LIMIT,61267,0,0,14,19
2,8,222584.0,-1.1359976505110367,-0.8693272921435614,TIME_LIMIT,61293,0,0,14,6
2,8,222672.0,-1.1359586198368898,-0.8693272921435614,TIME_LIMIT,61313,0,0,16,8
2,8,222768.0,-1.1359586198368898,-0.8693272921435614,TIME_LIMIT,61338,0,0,10,8
2,8,222913.0,-1.1359386814539776,-0.8693272921435614,TIME_LIMIT,61367,0,0,4,7
2,8,222946.0,-1.1359386814539776,-0.8693272921435614,TIME_LIMIT,61390,0,0,14,5
2,8,222992.0,-1.135902780636588,-0.8693272921435614,TIME_LIMIT,61413,0,0,5,4
2,8,223149.0,-1.135902780636588,-0.8693272921435614,TIME_LIMIT,61439,0,0,20,14
2,8,223199.0,-1.1359000100232886,-0.8693272921435614,TIME_LIMIT,61469,0,0,12,9
2,8,223226.0,-1.1359000100232886,-0.8693272921435614,TIME_LIMIT,61488,0,0,14,11
2,8,223246.0,-1.1358990892888963,-0.8693272921435614,TIME_LIMIT,61508,0,0,10,6
2,8,223339.0,-1.1358990892888963,-0.8693272921435614,TIME_LIMIT,61532,0,0,17,13
2,8,223459.0,-1.1358879329813822,-0.8693272921435614,TIME_LIMIT,61565,0,0,16,11
2,8,223557.0,-1.1358879329813822,-0.8693272921435614,TIME_LIMIT,61583,0,0,11,7
2,8,223647.0,-1.1358405881587288,-0.8693272921435614,TIME_LIMIT,61610,0,0,5,3
2,8,223735.0,-1.1358405881587288,-0.8693272921435614,TIME_LIMIT,61631,0,0,21,18
2,8,223801.0,-1.1358350313208059,-0.8693272921435614,TIME_LIMIT,61667,0,0,15,5
2,8,223865.0,-1.1358350313208059,-0.8693272921435614,TIME_LIMIT,61683,0,0,12,5
2,8,223901.0,-1.1358271133230238,-0.8693272921435614,TIME_LIMIT,61712,0,0,13,7
2,8,223950.0,-1.1358271133230238,-0.8693272921435614,TIME_LIMIT,61733,0,0,16,9
2,8,223994.0,-1.1358162655807789,-0.8693272921435614,TIME_LIMIT,61763,0,0,14,4
2,8,224015.0,-1.1358162655807789,-0.8693272921435614,TIME_LIMIT,61779,0,0,7,7
2,8,224057.0,-1.135803803300779,-0.8693272921435614,TIME_LIMIT,61792,0,0,4,7
2,8,224259.0,-1.135803803300779,-0.8693272921435614,TIME_LIMIT,61810,0,0,4,10
2,8,224469.0,-1.1357792578899257,-0.8693272921435614,TIME_LIMIT,61846,0,0,16,7
2,8,224549.0,-1.1357792578899257,-0.8693272921435614,TIME_LIMIT,61874,0,0,14,5
2,8,224617.0,-1.1357631976680822,-0.8693272921435614,TIME_LIMIT,61904,0,0,6,4
2,8,224674.0,-1.1357631976680822,-0.8693272921435614,TIME_LIMIT,61925,0,0,13,18
2,8,224807.0,-1.1357144342084526,-0.8693272921435614,TIME_LIMIT,61953,0,0,13,12
2,8,224897.0,-1.1357144342084526,-0.8693272921435614,TIME_LIMIT,61976,0,0,16,11
2,8,225025.0,-1.1356393812549674,-0.8693272921435614,TIME_LIMIT,62008,0,0,17,4
2,8,225085.0,-1.1356393812549674,-0.8693272921435614,TIME_LIMIT,62024,0,0,18,15
2,8,225151.0,-1.1355989652013436,-0.8693272921435614,TIME_LIMIT,62050,0,0,12,5
2,8,225330.0,-1.1355989652013436,-0.8693272921435614,TIME_LIMIT,62078,0,0,20,13
2,8,225450.0,-1.1355898414388235,-0.8693272921435614,TIME_LIMIT,62116,0,0,8,12
2,8,225486.0,-1.1355898414388235,-0.8693272921435614,TIME_LIMIT,62133,0,0,10,10
2,8,225573.0,-1.1355618518688608,-0.8693272921435614,TIME_LIMIT,62158,0,0,6,4
2,8,225637.0,-1.1355618518688608,-0.8693272921435614,TIME_LIMIT,62173,0,0,5,8
2,8,225684.0,-1.1355578222961955,-0.8693272921435614,TIME_LIMIT,62199,0,0,12,7
2,8,225848.0,-1.1355578222961955,-0.8693272921435614,TIME_LIMIT,62227,0,0,15,15
2,8,225935.0,-1.1355476729772662,-0.8693272921435614,TIME_LIMIT,62248,0,0,13,9
2,8,225963.0,-1.1355476729772662,-0.8693272921435614,TIME_LIMIT,62267,0,0,18,18
2,8,226057.0,-1.1355288186074708,-0.8693272921435614,TIME_LIMIT,62300,0,0,14,9
2,8,226214.0,-1.1355288186074708,-0.8693272921435614,TIME_LIMIT,62322,0,0,12,7
2,8,226336.0,-1.1355097198124735,-0.8693272921435614,TIME_LIMIT,62352,0,0,5,2
2,8,226389.0,-1.1355097198124735,-0.8693272921435614,TIME_LIMIT,62377,0,0,14,12
2,8,226429.0,-1.135506580614777,-0.8693272921435614,TIME_LIMIT,62401,0,0,10,4
2,8,226629.0,-1.135506580614777,-0.8693272921435614,TIME_LIMIT,62420,0,0,23,19
2,8,226755.0,-1.1354804293325353,-0.8693272921435614,TIME_LIMIT,62454,0,0,19,7
2,8,226940.0,-1.1354804293325353,-0.8693272921435614,TIME_LIMIT,62482,0,0,17,21
2,8,227144.0,-1.1354735388490518,-0.8693272921435614,TIME_LIMIT,62511,0,0,17,16
2,8,227211.0,-1.1354735388490518,-0.8693272921435614,TIME_LIMIT,62532,0,0,14,4
2,8,227273.0,-1.1354688348946165,-0.8693272921435614,TIME_LIMIT,62552,0,0,13,5
2,8,227340.0,-1.1354688348946165,-0.8693272921435614,TIME_LIMIT,62563,0,0,6,5
2,8,227384.0,-1.1354682983564222,-0.8693272921435614,TIME_LIMIT,62587,0,0,5,8
2,8,227477.0,-1.1354682983564222,-0.8693272921435614,TIME_LIMIT,62610,0,0,13,10
2,8,227594.0,-1.1354269859466535,-0.8693272921435614,TIME_LIMIT,62629,0,0,14,9
2,8,227723.0,-1.1354269859466535,-0.8693272921435614,TIME_LIMIT,62650,0,0,21,15
2,8,227821.0,-1.135392271559314,-0.8693272921435614,TIME_LIMIT,62676,0,0,18,10
2,8,227896.0,-1.135392271559314,-0.8693272921435614,TIME_LIMIT,62699,0,0,11,10
2,8,228029.0,-1.135386135917038,-0.8693272921435614,TIME_LIMIT,62727,0,0,13,6
2,8,228105.0,-1.135386135917038,-0.8693272921435614,TIME_LIMIT,62747,0,0,13,9
2,8,228174.0,-1.1353713292544447,-0.8693272921435614,TIME_LIMIT,62770,0,0,8,3
2,8,228247.0,-1.1353713292544447,-0.8693272921435614,TIME_LIMIT,62788,0,0,16,19
2,8,228367.0,-1.1353550840365307,-0.8693272921435614,TIME_LIMIT,62827,0,0,13,13
2,8,228446.0,-1.1353550840365307,-0.8693272921435614,TIME_LIMIT,62841,0,0,9,6
2,8,228486.0,-1.1353468736178849,-0.8693272921435614,TIME_LIMIT,62864,0,0,4,4
2,8,228540.0,-1.1353468736178849,-0.8693272921435614,TIME_LIMIT,62883,0,0,13,10
2,8,228642.0,-1.1353313129979519,-0.8693272921435614,TIME_LIMIT,62912,0,0,9,3
2,8,228691.0,-1.1353313129979519,-0.8693272921435614,TIME_LIMIT,62928,0,0,11,5
2,8,228745.0,-1.1353130705124816,-0.8693272921435614,TIME_LIMIT,62947,0,0,8,3
2,8,228767.0,-1.1353130705124816,-0.8693272921435614,TIME_LIMIT,62958,0,0,6,2
2,8,228789.0,-1.1353001590712761,-0.8693272921435614,TIME_LIMIT,62975,0,0,8,3
2,8,228883.0,-1.1353001590712761,-0.8693272921435614,TIME_LIMIT,62994,0,0,12,21
2,8,228928.0,-1.1352900981137628,-0.8693272921435614,TIME_LIMIT,63021,0,0,12,8
2,8,229085.0,-1.1352900981137628,-0.8693272921435614,TIME_LIMIT,63044,0,0,22,15
2,8,229174.0,-1.135234987912023,-0.8693272921435614,TIME_LIMIT,63071,0,0,16,13
2,8,229302.0,-1.135234987912023,-0.8693272921435614,TIME_LIMIT,63094,0,0,16,17
2,8,229499.0,-1.1352069756756116,-0.8693272921435614,TIME_LIMIT,63128,0,0,16,5
2,8,229611.0,-1.1352069756756116,-0.8693272921435614,TIME_LIMIT,63151,0,0,22,13
2,8,229758.0,-1.1352046491334684,-0.8693272921435614,TIME_LIMIT,63190,0,0,22,10
2,8,229975.0,-1.1352046491334684,-0.8693272921435614,TIME_LIMIT,63208,0,0,20,20
2,8,230148.0,-1.135200961964557,-0.8693272921435614,TIME_LIMIT,63247,0,0,10,9
2,8,230293.0,-1.135200961964557,-0.8693272921435614,TIME_LIMIT,63269,0,0,15,10
2,8,230416.0,-1.135189724524995,-0.8693272921435614,TIME_LIMIT,63298,0,0,10,8
2,8,230436.0,-1.135189724524995,-0.8693272921435614,TIME_LIMIT,63313,0,0,16,9
2,8,230526.0,-1.135172796642826,-0.8693272921435614,TIME_LIMIT,63343,0,0,15,4
2,8,230552.0,-1.135172796642826,-0.8693272921435614,TIME_LIMIT,63359,0,0,12,7
2,8,230632.0,-1.1351504158277208,-0.8693272921435614,TIME_LIMIT,63384,0,0,3,6
2,8,230746.0,-1.1351504158277208,-0.8693272921435614,TIME_LIMIT,63405,0,0,22,25
2,8,230954.0,-1.1351150863591664,-0.8693272921435614,TIME_LIMIT,63443,0,0,18,11
2,8,231156.0,-1.1351150863591664,-0.8693272921435614,TIME_LIMIT,63464,0,0,22,25
2,8,231266.0,-1.1350912412911567,-0.8693272921435614,TIME_LIMIT,63501,0,0,11,5
2,8,231401.0,-1.1350912412911567,-0.8693272921435614,TIME_LIMIT,63528,0,0,7,13
2,8,231474.0,-1.1350419983378948,-0.8693272921435614,TIME_LIMIT,63556,0,0,8,4
2,8,231558.0,-1.1350419983378948,-0.8693272921435614,TIME_LIMIT,63581,0,0,13,8
2,8,231688.0,-1.135041081285839,-0.8693272921435614,TIME_LIMIT,63607,0,0,11,8
2,8,231780.0,-1.135041081285839,-0.8693272921435614,TIME_LIMIT,63628,0,0,16,14
2,8,231865.0,-1.1350060354814746,-0.8693272921435614,TIME_LIMIT,63662,0,0,15,7
2,8,232356.0,-1.1350060354814746,-0.8693272921435614,TIME_LIMIT,63680,0,0,22,16
2,8,232516.0,-1.1349940861012326,-0.8693272921435614,TIME_LIMIT,63717,0,0,23,10
2,8,232532.0,-1.1349940861012326,-0.8693272921435614,TIME_LIMIT,63737,0,0,8,3
2,8,232542.0,-1.1349561982913001,-0.8693272921435614,TIME_LIMIT,63750,0,0,8,6
2,8,232586.0,-1.1349561982913001,-0.8693272921435614,TIME_LIMIT,63771,0,0,13,8
2,8,232733.0,-1.1349208778181163,-0.8693272921435614,TIME_LIMIT,63804,0,0,16,10
2,8,232809.0,-1.1349208778181163,-0.8693272921435614,TIME_LIMIT,63824,0,0,14,12
2,8,232898.0,-1.134908697505664,-0.8693272921435614,TIME_LIMIT,63859,0,0,18,9
2,8,233028.0,-1.134908697505664,-0.8693272921435614,TIME_LIMIT,63883,0,0,6,8
2,8,233245.0,-1.13490658915175,-0.8693272921435614,TIME_LIMIT,63919,0,0,12,7
2,8,233411.0,-1.13490658915175,-0.8693272921435614,TIME_LIMIT,63941,0,0,19,21
2,8,233524.0,-1.134850723161678,-0.8693272921435614,TIME_LIMIT,63973,0,0,16,12
2,8,233659.0,-1.134850723161678,-0.8693272921435614,TIME_LIMIT,63994,0,0,22,25
2,8,233801.0,-1.1347834230901466,-0.8693272921435614,TIME_LIMIT,64032,0,0,16,10
2,8,233893.0,-1.1347834230901466,-0.8693272921435614,TIME_LIMIT,64055,0,0,18,19
2,8,233971.0,-1.1347820147263248,-0.8693272921435614,TIME_LIMIT,64085,0,0,14,6
2,8,234199.0,-1.1347820147263248,-0.8693272921435614,TIME_LIMIT,64106,0,0,20,34
2,8,234419.0,-1.134762764039614,-0.8693272921435614,TIME_LIMIT,64144,0,0,15,14
2,8,234502.0,-1.134762764039614,-0.8693272921435614,TIME_LIMIT,64169,0,0,15,12
2,8,234635.0,-1.1346387708113963,-0.8693272921435614,TIME_LIMIT,64200,0,0,14,10
2,8,234678.0,-1.1346387708113963,-0.8693272921435614,TIME_LIMIT,64219,0,0,11,11
2,8,234769.0,-1.1346294278997466,-0.8693272921435614,TIME_LIMIT,64242,0,0,9,8
2,8,234810.0,-1.1346294278997466,-0.8693272921435614,TIME_LIMIT,64260,0,0,16,8
2,8,234868.0,-1.134621692723295,-0.8693272921435614,TIME_LIMIT,64287,0,0,14,3
2,8,234965.0,-1.134621692723295,-0.8693272921435614,TIME_LIMIT,64312,0,0,21,7
2,8,235041.0,-1.1346015510184482,-0.8693272921435614,TIME_LIMIT,64336,0,0,10,10
2,8,235150.0,-1.1346015510184482,-0.8693272921435614,TIME_LIMIT,64355,0,0,16,22
2,8,235252.0,-1.1345994214979156,-0.8693272921435614,TIME_LIMIT,64387,0,0,14,11
2,8,235294.0,-1.1345994214979156,-0.8693272921435614,TIME_LIMIT,64404,0,0,15,12
2,8,235408.0,-1.1345831387689063,-0.8693272921435614,TIME_LIMIT,64440,0,0,16,8
2,8,235543.0,-1.1345831387689063,-0.8693272921435614,TIME_LIMIT,64460,0,0,14,11
2,8,235616.0,-1.13445403933195,-0.8693272921435614,TIME_LIMIT,64490,0,0,14,4
2,8,235732.0,-1.13445403933195,-0.8693272921435614,TIME_LIMIT,64514,0,0,20,20
2,8,235924.0,-1.1344527595614828,-0.8693272921435614,TIME_LIMIT,64551,0,0,18,11
2,8,235981.0,-1.1344527595614828,-0.8693272921435614,TIME_LIMIT,64570,0,0,13,11
2,8,236131.0,-1.1343818324485382,-0.8693272921435614,TIME_LIMIT,64603,0,0,14,10
2,8,236243.0,-1.1343818324485382,-0.8693272921435614,TIME_LIMIT,64628,0,0,20,28
2,8,236463.0,-1.13437887442812,-0.8693272921435614,TIME_LIMIT,64664,0,0,2,10
2,8,236613.0,-1.13437887442812,-0.8693272921435614,TIME_LIMIT,64690,0,0,18,28
2,8,236708.0,-1.1343549367423584,-0.8693272921435614,TIME_LIMIT,64726,0,0,12,9
2,8,236741.0,-1.1343549367423584,-0.8693272921435614,TIME_LIMIT,64742,0,0,11,9
2,8,236882.0,-1.1343396830407926,-0.8693272921435614,TIME_LIMIT,64768,0,0,3,4
2,8,237037.0,-1.1343396830407926,-0.8693272921435614,TIME_LIMIT,64792,0,0,17,15
2,8,237085.0,-1.1342911662410284,-0.8693272921435614,TIME_LIMIT,64816,0,0,11,6
2,8,237137.0,-1.1342911662410284,-0.8693272921435614,TIME_LIMIT,64834,0,0,9,8
2,8,237189.0,-1.13423489698412,-0.8693272921435614,TIME_LIMIT,64857,0,0,10,6
2,8,237238.0,-1.13423489698412,-0.8693272921435614,TIME_LIMIT,64871,0,0,15,9
2,8,237298.0,-1.134196978897816,-0.8693272921435614,TIME_LIMIT,64893,0,0,12,5
2,8,237432.0,-1.134196978897816,-0.8693272921435614,TIME_LIMIT,64916,0,0,15,13
2,8,237502.0,-1.1341841569415558,-0.8693272921435614,TIME_LIMIT,64945,0,0,13,9
2,8,237544.0,-1.1341841569415558,-0.8693272921435614,TIME_LIMIT,64964,0,0,15,8
2,8,237592.0,-1.1341794150797884,-0.8693272921435614,TIME_LIMIT,64988,0,0,12,5
2,8,237785.0,-1.1341794150797884,-0.8693272921435614,TIME_LIMIT,65015,0,0,20,5
2,8,237844.0,-1.1341706837746401,-0.8693272921435614,TIME_LIMIT,65045,0,0,15,5
2,8,237892.0,-1.1341706837746401,-0.8693272921435614,TIME_LIMIT,65061,0,0,7,6
2,8,237938.0,-1.1341073709081337,-0.8693272921435614,TIME_LIMIT,65084,0,0,13,9
2,8,238047.0,-1.1341073709081337,-0.8693272921435614,TIME_LIMIT,65101,0,0,12,8
2,8,238121.0,-1.1340671835997493,-0.8693272921435614,TIME_LIMIT,65127,0,0,11,5
2,8,238273.0,-1.1340671835997493,-0.8693272921435614,TIME_LIMIT,65149,0,0,18,12
2,8,238378.0,-1.1340498826819891,-0.8693272921435614,TIME_LIMIT,65183,0,0,17,6
2,8,238529.0,-1.1340498826819891,-0.8693272921435614,TIME_LIMIT,65213,0,0,18,27
2,8,238720.0,-1.134025206825295,-0.8693272921435614,TIME_LIMIT,65251,0,0,16,11
2,8,238840.0,-1.134025206825295,-0.8693272921435614,TIME_LIMIT,65276,0,0,18,4
2,8,238939.0,-1.1340059798414845,-0.8693272921435614,TIME_LIMIT,65294,0,0,11,7
2,8,238983.0,-1.1340059798414845,-0.8693272921435614,TIME_LIMIT,65317,0,0,13,8
2,8,239032.0,-1.1340043533571544,-0.8693272921435614,TIME_LIMIT,65344,0,0,4,8
2,8,239122.0,-1.1340043533571544,-0.8693272921435614,TIME_LIMIT,65374,0,0,22,15
2,8,239191.0,-1.1339997180423824,-0.8693272921435614,TIME_LIMIT,65398,0,0,14,12
2,8,239212.0,-1.1339997180423824,-0.8693272921435614,TIME_LIMIT,65413,0,0,12,11
2,8,239244.0,-1.1339985561783763,-0.8693272921435614,TIME_LIMIT,65437,0,0,6,4
2,8,239341.0,-1.1339985561783763,-0.8693272921435614,TIME_LIMIT,65459,0,0,14,8
2,8,239433.0,-1.1339878259045442,-0.8693272921435614,TIME_LIMIT,65492,0,0,12,6
2,8,239582.0,-1.1339878259045442,-0.8693272921435614,TIME_LIMIT,65513,0,0,13,4
2,8,239635.0,-1.1339862612084195,-0.8693272921435614,TIME_LIMIT,65535,0,0,12,5
2,8,239859.0,-1.1339862612084195,-0.8693272921435614,TIME_LIMIT,65565,0,0,22,29
2,8,240081.0,-1.133975182173868,-0.8693272921435614,TIME_LIMIT,65603,0,0,15,10
2,8,240122.0,-1.133975182173868,-0.8693272921435614,TIME_LIMIT,65619,0,0,14,12
2,8,240172.0,-1.1339738101349572,-0.8693272921435614,TIME_LIMIT,65647,0,0,14,4
2,8,240389.0,-1.1339738101349572,-0.8693272921435614,TIME_LIMIT,65666,0,0,9,15
2,8,240606.0,-1.1339523569845822,-0.8693272921435614,TIME_LIMIT,65698,0,0,15,10
2,8,240678.0,-1.1339523569845822,-0.8693272921435614,TIME_LIMIT,65719,0,0,21,15
2,8,240765.0,-1.1339323243878656,-0.8693272921435614,TIME_LIMIT,65749,0,0,14,5
2,8,240844.0,-1.1339323243878656,-0.8693272921435614,TIME_LIMIT,65772,0,0,14,14
2,8,241067.0,-1.1339266887669452,-0.8693272921435614,TIME_LIMIT,65813,0,0,17,17
2,8,241148.0,-1.1339266887669452,-0.8693272921435614,TIME_LIMIT,65838,0,0,24,18
2,8,241311.0,-1.1338991142772055,-0.8693272921435614,TIME_LIMIT,65874,0,0,21,11
2,8,241402.0,-1.1338991142772055,-0.8693272921435614,TIME_LIMIT,65896,0,0,12,15
2,8,241484.0,-1.1338838862009675,-0.8693272921435614,TIME_LIMIT,65929,0,0,13,5
2,8,241547.0,-1.1338838862009675,-0.8693272921435614,TIME_LIMIT,65951,0,0,8,4
2,8,241605.0,-1.133852893787533,-0.8693272921435614,TIME_LIMIT,65973,0,0,13,5
2,8,241710.0,-1.133852893787533,-0.8693272921435614,TIME_LIMIT,65996,0,0,13,13
2,8,241732.0,-1.1337900775496998,-0.8693272921435614,TIME_LIMIT,66016,0,0,8,2
2,8,241873.0,-1.1337900775496998,-0.8693272921435614,TIME_LIMIT,66040,0,0,8,12
2,8,241925.0,-1.1337531829067544,-0.8693272921435614,TIME_LIMIT,66067,0,0,6,4
2,8,242141.0,-1.1337531829067544,-0.8693272921435614,TIME_LIMIT,66097,0,0,21,29
2,8,242244.0,-1.1337466109576533,-0.8693272921435614,TIME_LIMIT,66134,0,0,17,8
2,8,242419.0,-1.1337466109576533,-0.8693272921435614,TIME_LIMIT,66162,0,0,21,21
2,8,242579.0,-1.1337220800068168,-0.8693272921435614,TIME_LIMIT,66199,0,0,17,8
2,8,242730.0,-1.1337220800068168,-0.8693272921435614,TIME_LIMIT,66221,0,0,10,10
2,8,242791.0,-1.1337155040205642,-0.8693272921435614,TIME_LIMIT,66249,0,0,6,5
2,8,242946.0,-1.1337155040205642,-0.8693272921435614,TIME_LIMIT,66276,0,0,19,9
2,8,243053.0,-1.1336664457218486,-0.8693272921435614,TIME_LIMIT,66303,0,0,9,7
2,8,243251.0,-1.1336664457218486,-0.8693272921435614,TIME_LIMIT,66337,0,0,20,12
2,8,243467.0,-1.1336643178943002,-0.8693272921435614,TIME_LIMIT,66360,0,0,19,21
2,8,243599.0,-1.1336643178943002,-0.8693272921435614,TIME_LIMIT,66384,0,0,7,5
2,8,243821.0,-1.1336184181285074,-0.8693272921435614,TIME_LIMIT,66415,0,0,13,14
2,8,243870.0,-1.1336184181285074,-0.8693272921435614,TIME_LIMIT,66429,0,0,10,7
2,8,243896.0,-1.1335895639532951,-0.8693272921435614,TIME_LIMIT,66448,0,0,2,4
2,8,243979.0,-1.1335895639532951,-0.8693272921435614,TIME_LIMIT,66479,0,0,15,20
2,8,244034.0,-1.1335751233329865,-0.8693272921435614,TIME_LIMIT,66503,0,0,10,6
2,8,244204.0,-1.1335751233329865,-0.8693272921435614,TIME_LIMIT,66525,0,0,18,16
2,8,244433.0,-1.1335483341685764,-0.8693272921435614,TIME_LIMIT,66558,0,0,7,10
2,8,244621.0,-1.1335483341685764,-0.8693272921435614,TIME_LIMIT,66576,0,0,14,9
2,8,244770.0,-1.1335331232058539,-0.8693272921435614,TIME_LIMIT,66608,0,0,14,7
2,8,244938.0,-1.1335331232058539,-0.8693272921435614,TIME_LIMIT,66637,0,0,25,24
2,8,245026.0,-1.1335254626783537,-0.8693272921435614,TIME_LIMIT,66672,0,0,19,7
2,8,245056.0,-1.1335254626783537,-0.8693272921435614,TIME_LIMIT,66691,0,0,14,8
2,8,245081.0,-1.1335006242420878,-0.8693272921435614,TIME_LIMIT,66705,0,0,11,4
2,8,245154.0,-1.1335006242420878,-0.8693272921435614,TIME_LIMIT,66730,0,0,16,5
2,8,245197.0,-1.133487090395866,-0.8693272921435614,TIME_LIMIT,66748,0,0,10,8
2,8,245257.0,-1.133487090395866,-0.8693272921435614,TIME_LIMIT,66767,0,0,9,13
2,8,245333.0,-1.1334700040512309,-0.8693272921435614,TIME_LIMIT,66798,0,0,14,3
2,8,245466.0,-1.1334700040512309,-0.8693272921435614,TIME_LIMIT,66819,0,0,15,8
2,8,245520.0,-1.1334246800892955,-0.8693272921435614,TIME_LIMIT,66844,0,0,11,6
2,8,245605.0,-1.1334246800892955,-0.8693272921435614,TIME_LIMIT,66863,0,0,16,7
2,8,245686.0,-1.1333707761786556,-0.8693272921435614,TIME_LIMIT,66892,0,0,12,5
2,8,245756.0,-1.1333707761786556,-0.8693272921435614,TIME_LIMIT,66908,0,0,9,16
2,8,245989.0,-1.1333494145807377,-0.8693272921435614,TIME_LIMIT,66942,0,0,11,9
2,8,246018.0,-1.1333494145807377,-0.8693272921435614,TIME_LIMIT,66963,0,0,13,3
2,8,246085.0,-1.1332884833991372,-0.8693272921435614,TIME_LIMIT,66980,0,0,11,8
2,8,246135.0,-1.1332884833991372,-0.8693272921435614,TIME_LIMIT,67000,0,0,15,24
2,8,246356.0,-1.1332566866008835,-0.8693272921435614,TIME_LIMIT,67031,0,0,12,7
2,8,246464.0,-1.1332566866008835,-0.8693272921435614,TIME_LIMIT,67055,0,0,15,4
2,8,246484.0,-1.1332372499902181,-0.8693272921435614,TIME_LIMIT,67069,0,0,12,1
2,8,246547.0,-1.1332372499902181,-0.8693272921435614,TIME_LIMIT,67087,0,0,7,6
2,8,246595.0,-1.133200420304865,-0.8693272921435614,TIME_LIMIT,67108,0,0,6,3
2,8,246653.0,-1.133200420304865,-0.8693272921435614,TIME_LIMIT,67128,0,0,8,4
2,8,246759.0,-1.133134430628266,-0.8693272921435614,TIME_LIMIT,67158,0,0,7,6
2,8,246813.0,-1.133134430628266,-0.8693272921435614,TIME_LIMIT,67180,0,0,16,5
2,8,246864.0,-1.1331201897065148,-0.8693272921435614,TIME_LIMIT,67203,0,0,15,7
2,8,246925.0,-1.1331201897065148,-0.8693272921435614,TIME_LIMIT,67219,0,0,13,8
2,8,247083.0,-1.1330688412455232,-0.8693272921435614,TIME_LIMIT,67253,0,0,17,5
2,8,247172.0,-1.1330688412455232,-0.8693272921435614,TIME_LIMIT,67279,0,0,21,9
2,8,247224.0,-1.1330368530181256,-0.8693272921435614,TIME_LIMIT,67310,0,0,8,4
2,8,247326.0,-1.1330368530181256,-0.8693272921435614,TIME_LIMIT,67333,0,0,18,10
2,8,247422.0,-1.1330213644663698,-0.8693272921435614,TIME_LIMIT,67362,0,0,10,10
2,8,247582.0,-1.1330213644663698,-0.8693272921435614,TIME_LIMIT,67390,0,0,27,13
2,8,247716.0,-1.1329868051068033,-0.8693272921435614,TIME_LIMIT,67429,0,0,16,3
2,8,247860.0,-1.1329868051068033,-0.8693272921435614,TIME_LIMIT,67451,0,0,22,12
2,8,247948.0,-1.1329836165778224,-0.8693272921435614,TIME_LIMIT,67481,0,0,14,4
2,8,248142.0,-1.1329836165778224,-0.8693272921435614,TIME_LIMIT,67508,0,0,17,28
2,8,248362.0,-1.1329795233334072,-0.8693272921435614,TIME_LIMIT,67547,0,0,19,5
2,8,248445.0,-1.1329795233334072,-0.8693272921435614,TIME_LIMIT,67572,0,0,6,18
2,8,248610.0,-1.1329248946750403,-0.8693272921435614,TIME_LIMIT,67606,0,0,18,3
2,8,248706.0,-1.1329248946750403,-0.8693272921435614,TIME_LIMIT,67628,0,0,19,12
2,8,248803.0,-1.1329128526773937,-0.8693272921435614,TIME_LIMIT,67652,0,0,4,12
2,8,248863.0,-1.1329128526773937,-0.8693272921435614,TIME_LIMIT,67671,0,0,15,13
2,8,248956.0,-1.1329047849939085,-0.8693272921435614,TIME_LIMIT,67699,0,0,14,4
2,8,249137.0,-1.1329047849939085,-0.8693272921435614,TIME_LIMIT,67722,0,0,20,20
2,8,249237.0,-1.1328677883471738,-0.8693272921435614,TIME_LIMIT,67753,0,0,11,8
2,8,249405.0,-1.1328677883471738,-0.8693272921435614,TIME_LIMIT,67777,0,0,12,12
2,8,249534.0,-1.132856609741633,-0.8693272921435614,TIME_LIMIT,67804,0,0,12,7
2,8,249616.0,-1.132856609741633,-0.8693272921435614,TIME_LIMIT,67827,0,0,17,24
2,8,249708.0,-1.1328493896579543,-0.8693272921435614,TIME_LIMIT,67858,0,0,7,2
2,8,249752.0,-1.1328493896579543,-0.8693272921435614,TIME_LIMIT,67880,0,0,12,12
2,8,249803.0,-1.1328197519474845,-0.8693272921435614,TIME_LIMIT,67899,0,0,13,7
2,8,249856.0,-1.1328197519474845,-0.8693272921435614,TIME_LIMIT,67920,0,0,17,10
2,8,249959.0,-1.1327747794613288,-0.8693272921435614,TIME_LIMIT,67942,0,0,14,6
2,8,250003.0,-1.1327747794613288,-0.8693272921435614,TIME_LIMIT,67960,0,0,16,8
2,8,250040.0,-1.1326951478503922,-0.8693272921435614,TIME_LIMIT,67982,0,0,9,5
2,8,250158.0,-1.1326951478503922,-0.8693272921435614,TIME_LIMIT,68002,0,0,7,4
2,8,250254.0,-1.132659304854028,-0.8693272921435614,TIME_LIMIT,68034,0,0,15,6
2,8,250299.0,-1.132659304854028,-0.8693272921435614,TIME_LIMIT,68058,0,0,15,4
2,8,250328.0,-1.132640475121709,-0.8693272921435614,TIME_LIMIT,68080,0,0,8,4
2,8,250364.0,-1.132640475121709,-0.8693272921435614,TIME_LIMIT,68098,0,0,12,6
2,8,250398.0,-1.1326001132862287,-0.8693272921435614,TIME_LIMIT,68121,0,0,11,6
2,8,250462.0,-1.1326001132862287,-0.8693272921435614,TIME_LIMIT,68140,0,0,16,9
2,8,250540.0,-1.1325825291283447,-0.8693272921435614,TIME_LIMIT,68171,0,0,14,3
2,8,250647.0,-1.1325825291283447,-0.8693272921435614,TIME_LIMIT,68193,0,0,12,7
2,8,250690.0,-1.1325398965888782,-0.8693272921435614,TIME_LIMIT,68216,0,0,5,6
2,8,250778.0,-1.1325398965888782,-0.8693272921435614,TIME_LIMIT,68239,0,0,13,8
2,8,250871.0,-1.132453938356995,-0.8693272921435614,TIME_LIMIT,68275,0,0,15,7
2,8,251077.0,-1.132453938356995,-0.8693272921435614,TIME_LIMIT,68305,0,0,19,11
2,8,251296.0,-1.1323995303479062,-0.8693272921435614,TIME_LIMIT,68350,0,0,19,16
2,8,251501.0,-1.1323995303479062,-0.8693272921435614,TIME_LIMIT,68375,0,0,12,10
2,8,251703.0,-1.132305334725455,-0.8693272921435614,TIME_LIMIT,68409,0,0,5,3
2,8,251926.0,-1.132305334725455,-0.8693272921435614,TIME_LIMIT,68432,0,0,19,13
2,8,251976.0,-1.1322450070426202,-0.8693272921435614,TIME_LIMIT,68459,0,0,8,6
2,8,252015.0,-1.1322450070426202,-0.8693272921435614,TIME_LIMIT,68474,0,0,13,10
2,8,252087.0,-1.1321860587623216,-0.8693272921435614,TIME_LIMIT,68507,0,0,13,6
2,8,252243.0,-1.1321860587623216,-0.8693272921435614,TIME_LIMIT,68530,0,0,20,8
2,8,252297.0,-1.132145661385577,-0.8693272921435614,TIME_LIMIT,68555,0,0,15,17
2,8,252486.0,-1.132145661385577,-0.8693272921435614,TIME_LIMIT,68577,0,0,21,19
2,8,252587.0,-1.1321122174012026,-0.8693272921435614,TIME_LIMIT,68603,0,0,23,8
2,8,252650.0,-1.1321122174012026,-0.8693272921435614,TIME_LIMIT,68624,0,0,17,12
2,8,252745.0,-1.1321069784888431,-0.8693272921435614,TIME_LIMIT,68651,0,0,12,7
2,8,252940.0,-1.1321069784888431,-0.8693272921435614,TIME_LIMIT,68677,0,0,21,33
2,8,253077.0,-1.1320716924913916,-0.8693272921435614,TIME_LIMIT,68717,0,0,16,16
2,8,253146.0,-1.1320716924913916,-0.8693272921435614,TIME_LIMIT,68738,0,0,22,16
2,8,253256.0,-1.1320382154552853,-0.8693272921435614,TIME_LIMIT,68772,0,0,15,8
2,8,253358.0,-1.1320382154552853,-0.8693272921435614,TIME_LIMIT,68791,0,0,18,13
2,8,253507.0,-1.131939118961122,-0.8693272921435614,TIME_LIMIT,68828,0,0,19,7
2,8,253616.0,-1.131939118961122,-0.8693272921435614,TIME_LIMIT,68855,0,0,12,14
2,8,253817.0,-1.13193470663957,-0.8693272921435614,TIME_LIMIT,68889,0,0,13,14
2,8,253864.0,-1.13193470663957,-0.8693272921435614,TIME_LIMIT,68908,0,0,6,9
2,8,253902.0,-1.1318936208879715,-0.8693272921435614,TIME_LIMIT,68928,0,0,9,2
2,8,253924.0,-1.1318936208879715,-0.8693272921435614,TIME_LIMIT,68941,0,0,9,13
2,8,253998.0,-1.131835430828289,-0.8693272921435614,TIME_LIMIT,68965,0,0,10,8
2,8,254203.0,-1.131835430828289,-0.8693272921435614,TIME_LIMIT,68984,0,0,21,31
2,8,254411.0,-1.1317743334375812,-0.8693272921435614,TIME_LIMIT,69019,0,0,21,9
2,8,254518.0,-1.1317743334375812,-0.8693272921435614,TIME_LIMIT,69041,0,0,14,15
2,8,254726.0,-1.1317462422758446,-0.8693272921435614,TIME_LIMIT,69073,0,0,13,11
2,8,254819.0,-1.1317462422758446,-0.8693272921435614,TIME_LIMIT,69090,0,0,19,15
2,8,255015.0,-1.131666477976792,-0.8693272921435614,TIME_LIMIT,69127,0,0,24,8
2,8,255181.0,-1.131666477976792,-0.8693272921435614,TIME_LIMIT,69150,0,0,18,15
2,8,255318.0,-1.131655228980371,-0.8693272921435614,TIME_LIMIT,69184,0,0,13,8
2,8,255413.0,-1.131655228980371,-0.8693272921435614,TIME_LIMIT,69205,0,0,16,16
2,8,255591.0,-1.1316529990063247,-0.8693272921435614,TIME_LIMIT,69236,0,0,14,10
2,8,255728.0,-1.1316529990063247,-0.8693272921435614,TIME_LIMIT,69268,0,0,24,12
2,8,255791.0,-1.1315773513366962,-0.8693272921435614,TIME_LIMIT,69289,0,0,15,7
2,8,255954.0,-1.1315773513366962,-0.8693272921435614,TIME_LIMIT,69309,0,0,16,19
2,8,256056.0,-1.1315686985457987,-0.8693272921435614,TIME_LIMIT,69344,0,0,18,6
2,8,256100.0,-1.1315686985457987,-0.8693272921435614,TIME_LIMIT,69362,0,0,16,4
2,8,256169.0,-1.1315157631670476,-0.8693272921435614,TIME_LIMIT,69393,0,0,14,6
2,8,256313.0,-1.1315157631670476,-0.8693272921435614,TIME_LIMIT,69408,0,0,13,15
2,8,256391.0,-1.131511963688519,-0.8693272921435614,TIME_LIMIT,69434,0,0,11,5
2,8,256438.0,-1.131511963688519,-0.8693272921435614,TIME_LIMIT,69450,0,0,13,18
2,8,256498.0,-1.1315032922266983,-0.8693272921435614,TIME_LIMIT,69478,0,0,12,6
2,8,256694.0,-1.1315032922266983,-0.8693272921435614,TIME_LIMIT,69499,0,0,16,10
2,8,256759.0,-1.1314610360755155,-0.8693272921435614,TIME_LIMIT,69522,0,0,13,6
2,8,256856.0,-1.1314610360755155,-0.8693272921435614,TIME_LIMIT,69543,0,0,10,9
2,8,256897.0,-1.1314532744981918,-0.8693272921435614,TIME_LIMIT,69561,0,0,8,5
2,8,257007.0,-1.1314532744981918,-0.8693272921435614,TIME_LIMIT,69578,0,0,19,8
2,8,257104.0,-1.1313653888633692,-0.8693272921435614,TIME_LIMIT,69608,0,0,15,5
2,8,257147.0,-1.1313653888633692,-0.8693272921435614,TIME_LIMIT,69625,0,0,12,12
2,8,257176.0,-1.131312389330103,-0.8693272921435614,TIME_LIMIT,69645,0,0,4,5
2,8,257262.0,-1.131312389330103,-0.8693272921435614,TIME_LIMIT,69669,0,0,7,6
2,8,257311.0,-1.131308293759016,-0.8693272921435614,TIME_LIMIT,69689,0,0,10,3
2,8,257393.0,-1.131308293759016,-0.8693272921435614,TIME_LIMIT,69708,0,0,20,28
2,8,257558.0,-1.131263055435784,-0.8693272921435614,TIME_LIMIT,69744,0,0,16,5
2,8,257628.0,-1.131263055435784,-0.8693272921435614,TIME_LIMIT,69763,0,0,9,6
2,8,257677.0,-1.131206421732204,-0.8693272921435614,TIME_LIMIT,69781,0,0,8,4
2,8,257823.0,-1.131206421732204,-0.8693272921435614,TIME_LIMIT,69803,0,0,18,13
2,8,258029.0,-1.1311913196492864,-0.8693272921435614,TIME_LIMIT,69836,0,0,8,4
2,8,258134.0,-1.1311913196492864,-0.8693272921435614,TIME_LIMIT,69866,0,0,18,16
2,8,258178.0,-1.1311794944182019,-0.8693272921435614,TIME_LIMIT,69889,0,0,15,7
2,8,258277.0,-1.1311794944182019,-0.8693272921435614,TIME_LIMIT,69911,0,0,17,8
2,8,258339.0,-1.1311432583481666,-0.8693272921435614,TIME_LIMIT,69932,0,0,16,9
2,8,258454.0,-1.1311432583481666,-0.8693272921435614,TIME_LIMIT,69957,0,0,16,14
2,8,258647.0,-1.1311238725514887,-0.8693272921435614,TIME_LIMIT,69987,0,0,19,10
2,8,258712.0,-1.1311238725514887,-0.8693272921435614,TIME_LIMIT,70006,0,0,16,13
2,8,258787.0,-1.131122550147802,-0.8693272921435614,TIME_LIMIT,70031,0,0,12,8
2,8,259013.0,-1.131122550147802,-0.8693272921435614,TIME_LIMIT,70062,0,0,26,7
2,8,259165.0,-1.131121876949622,-0.8693272921435614,TIME_LIMIT,70090,0,0,26,12
2,8,259209.0,-1.131121876949622,-0.8693272921435614,TIME_LIMIT,70103,0,0,16,9
2,8,259302.0,-1.1310920827454982,-0.8693272921435614,TIME_LIMIT,70131,0,0,7,3
2,8,259364.0,-1.1310920827454982,-0.8693272921435614,TIME_LIMIT,70149,0,0,22,20
2,8,259448.0,-1.1310693372633116,-0.8693272921435614,TIME_LIMIT,70184,0,0,16,5
2,8,259569.0,-1.1310693372633116,-0.8693272921435614,TIME_LIMIT,70209,0,0,18,4
2,8,259635.0,-1.1310524638573125,-0.8693272921435614,TIME_LIMIT,70230,0,0,11,7
2,8,259703.0,-1.1310524638573125,-0.8693272921435614,TIME_LIMIT,70247,0,0,12,14
2,8,259878.0,-1.1310295643862887,-0.8693272921435614,TIME_LIMIT,70283,0,0,15,17
2,8,260103.0,-1.1310295643862887,-0.8693272921435614,TIME_LIMIT,70307,0,0,21,15
2,8,260198.0,-1.1310215233616117,-0.8693272921435614,TIME_LIMIT,70333,0,0,19,11
2,8,260285.0,-1.1310215233616117,-0.8693272921435614,TIME_LIMIT,70356,0,0,18,16
2,8,260510.0,-1.13100861976538,-0.8693272921435614,TIME_LIMIT,70389,0,0,14,14
2,8,260556.0,-1.13100861976538,-0.8693272921435614,TIME_LIMIT,70410,0,0,17,9
2,8,260604.0,-1.1309821593832403,-0.8693272921435614,TIME_LIMIT,70428,0,0,11,7
2,8,260679.0,-1.1309821593832403,-0.8693272921435614,TIME_LIMIT,70451,0,0,10,9
2,8,260784.0,-1.1309511448814609,-0.8693272921435614,TIME_LIMIT,70476,0,0,11,3
2,8,260866.0,-1.1309511448814609,-0.8693272921435614,TIME_LIMIT,70496,0,0,19,11
2,8,260969.0,-1.130943826983174,-0.8693272921435614,TIME_LIMIT,70527,0,0,11,9
2,8,261026.0,-1.130943826983174,-0.8693272921435614,TIME_LIMIT,70546,0,0,12,6
2,8,261118.0,-1.1309257975051503,-0.8693272921435614,TIME_LIMIT,70568,0,0,18,3
2,8,261181.0,-1.1309257975051503,-0.8693272921435614,TIME_LIMIT,70589,0,0,10,4
2,8,261311.0,-1.130919604149539,-0.8693272921435614,TIME_LIMIT,70612,0,0,12,6
2,8,261421.0,-1.130919604149539,-0.8693272921435614,TIME_LIMIT,70633,0,0,12,8
2,8,261465.0,-1.1308637518319546,-0.8693272921435614,TIME_LIMIT,70652,0,0,14,4
2,8,261552.0,-1.1308637518319546,-0.8693272921435614,TIME_LIMIT,70673,0,0,11,11
2,8,261576.0,-1.1308538770650447,-0.8693272921435614,TIME_LIMIT,70689,0,0,9,8
2,8,261795.0,-1.1308538770650447,-0.8693272921435614,TIME_LIMIT,70712,0,0,23,20
2,8,261891.0,-1.130831977361396,-0.8693272921435614,TIME_LIMIT,70750,0,0,18,7
2,8,262010.0,-1.130831977361396,-0.8693272921435614,TIME_LIMIT,70774,0,0,19,19
2,8,262164.0,-1.1307849444875677,-0.8693272921435614,TIME_LIMIT,70797,0,0,15,6
2,8,262213.0,-1.1307849444875677,-0.8693272921435614,TIME_LIMIT,70815,0,0,15,18
2,8,262316.0,-1.1307590700304317,-0.8693272921435614,TIME_LIMIT,70844,0,0,13,4
2,8,262354.0,-1.1307590700304317,-0.8693272921435614,TIME_LIMIT,70864,0,0,14,4
2,8,262399.0,-1.1307537660489806,-0.8693272921435614,TIME_LIMIT,70889,0,0,12,2
2,8,262421.0,-1.1307537660489806,-0.8693272921435614,TIME_LIMIT,70903,0,0,15,15
2,8,262507.0,-1.1307529663824123,-0.8693272921435614,TIME_LIMIT,70933,0,0,10,7
2,8,262584.0,-1.1307529663824123,-0.8693272921435614,TIME_LIMIT,70957,0,0,20,28
2,8,262678.0,-1.1307271472553786,-0.8693272921435614,TIME_LIMIT,70994,0,0,19,7
2,8,262730.0,-1.1307271472553786,-0.8693272921435614,TIME_LIMIT,71009,0,0,13,13
2,8,262859.0,-1.130709677676883,-0.8693272921435614,TIME_LIMIT,71041,0,0,15,5
2,8,262936.0,-1.130709677676883,-0.8693272921435614,TIME_LIMIT,71066,0,0,17,13
2,8,263082.0,-1.1306946230970674,-0.8693272921435614,TIME_LIMIT,71099,0,0,18,9
2,8,263299.0,-1.1306946230970674,-0.8693272921435614,TIME_LIMIT,71131,0,0,25,30
2,8,263526.0,-1.1306520692995778,-0.8693272921435614,TIME_LIMIT,71163,0,0,15,9
2,8,263567.0,-1.1306520692995778,-0.8693272921435614,TIME_LIMIT,71183,0,0,15,5
2,8,263644.0,-1.1306464621424046,-0.8693272921435614,TIME_LIMIT,71207,0,0,15,11
2,8,263709.0,-1.1306464621424046,-0.8693272921435614,TIME_LIMIT,71221,0,0,10,4
2,8,263742.0,-1.1306247207987234,-0.8693272921435614,TIME_LIMIT,71237,0,0,9,3
2,8,263862.0,-1.1306247207987234,-0.8693272921435614,TIME_LIMIT,71258,0,0,15,6
2,8,263969.0,-1.1305117509457618,-0.8693272921435614,TIME_LIMIT,71285,0,0,13,8
2,8,264135.0,-1.1305117509457618,-0.8693272921435614,TIME_LIMIT,71308,0,0,20,8
2,8,264300.0,-1.1305095585671756,-0.8693272921435614,TIME_LIMIT,71341,0,0,11,9
2,8,264519.0,-1.1305095585671756,-0.8693272921435614,TIME_LIMIT,71367,0,0,8,4
2,8,264580.0,-1.1304932966930386,-0.8693272921435614,TIME_LIMIT,71394,0,0,21,11
2,8,264610.0,-1.1304932966930386,-0.8693272921435614,TIME_LIMIT,71411,0,0,12,13
2,8,264663.0,-1.1304723265672516,-0.8693272921435614,TIME_LIMIT,71440,0,0,11,6
2,8,264746.0,-1.1304723265672516,-0.8693272921435614,TIME_LIMIT,71461,0,0,15,7
2,8,264929.0,-1.1304666459498958,-0.8693272921435614,TIME_LIMIT,71491,0,0,19,15
2,8,265012.0,-1.1304666459498958,-0.8693272921435614,TIME_LIMIT,71517,0,0,23,13
2,8,265232.0,-1.1304409168258658,-0.8693272921435614,TIME_LIMIT,71550,0,0,13,14
2,8,265326.0,-1.1304409168258658,-0.8693272921435614,TIME_LIMIT,71574,0,0,9,15
2,8,265441.0,-1.1304283809262943,-0.8693272921435614,TIME_LIMIT,71609,0,0,15,17
2,8,265570.0,-1.1304283809262943,-0.8693272921435614,TIME_LIMIT,71632,0,0,18,9
2,8,265614.0,-1.1303750500139766,-0.8693272921435614,TIME_LIMIT,71653,0,0,10,9
2,8,265711.0,-1.1303750500139766,-0.8693272921435614,TIME_LIMIT,71675,0,0,18,7
2,8,265871.0,-1.1303659036367142,-0.8693272921435614,TIME_LIMIT,71713,0,0,6,5
2,8,266012.0,-1.1303659036367142,-0.8693272921435614,TIME_LIMIT,71736,0,0,14,10
2,8,266167.0,-1.1303591520975012,-0.8693272921435614,TIME_LIMIT,71771,0,0,13,11
2,8,266270.0,-1.1303591520975012,-0.8693272921435614,TIME_LIMIT,71793,0,0,17,19
2,8,266407.0,-1.1303509526295104,-0.8693272921435614,TIME_LIMIT,71830,0,0,9,6
2,8,266468.0,-1.1303509526295104,-0.8693272921435614,TIME_LIMIT,71852,0,0,17,10
2,8,266515.0,-1.130349780213702,-0.8693272921435614,TIME_LIMIT,71878,0,0,16,5
2,8,266574.0,-1.130349780213702,-0.8693272921435614,TIME_LIMIT,71899,0,0,11,8
2,8,266619.0,-1.1303375203580304,-0.8693272921435614,TIME_LIMIT,71922,0,0,5,6
2,8,266830.0,-1.1303375203580304,-0.8693272921435614,TIME_LIMIT,71949,0,0,22,9
2,8,266930.0,-1.1302990178916346,-0.8693272921435614,TIME_LIMIT,71974,0,0,13,8
2,8,266966.0,-1.1302990178916346,-0.8693272921435614,TIME_LIMIT,71993,0,0,19,6
2,8,267041.0,-1.1302792321991033,-0.8693272921435614,TIME_LIMIT,72027,0,0,13,8
2,8,267112.0,-1.1302792321991033,-0.8693272921435614,TIME_LIMIT,72055,0,0,14,6
2,8,267132.0,-1.1302735008936935,-0.8693272921435614,TIME_LIMIT,72067,0,0,8,8
2,8,267339.0,-1.1302735008936935,-0.8693272921435614,TIME_LIMIT,72103,0,0,24,30
2,8,267565.0,-1.1302724088883107,-0.8693272921435614,TIME_LIMIT,72143,0,0,19,18
2,8,267616.0,-1.1302724088883107,-0.8693272921435614,TIME_LIMIT,72161,0,0,18,15
2,8,267775.0,-1.1302583972328644,-0.8693272921435614,TIME_LIMIT,72195,0,0,5,8
2,8,267838.0,-1.1302583972328644,-0.8693272921435614,TIME_LIMIT,72216,0,0,19,12
2,8,267918.0,-1.1300446577157817,-0.8693272921435614,TIME_LIMIT,72250,0,0,16,6
2,8,267984.0,-1.1300446577157817,-0.8693272921435614,TIME_LIMIT,72265,0,0,9,5
2,8,268187.0,-1.1299968257863742,-0.8693272921435614,TIME_LIMIT,72302,0,0,6,8
2,8,268358.0,-1.1299968257863742,-0.8693272921435614,TIME_LIMIT,72328,0,0,9,10
2,8,268436.0,-1.1299919832570866,-0.8693272921435614,TIME_LIMIT,72358,0,0,11,12
2,8,268572.0,-1.1299919832570866,-0.8693272921435614,TIME_LIMIT,72381,0,0,17,9
2,8,268717.0,-1.129991046534578,-0.8693272921435614,TIME_LIMIT,72409,0,0,13,6
2,8,268824.0,-1.129991046534578,-0.8693272921435614,TIME_LIMIT,72433,0,0,13,9
2,8,268847.0,-1.129989821744551,-0.8693272921435614,TIME_LIMIT,72450,0,0,10,8
2,8,268964.0,-1.129989821744551,-0.8693272921435614,TIME_LIMIT,72466,0,0,12,23
2,8,269111.0,-1.129952393231921,-0.8693272921435614,TIME_LIMIT,72502,0,0,23,5
2,8,269224.0,-1.129952393231921,-0.8693272921435614,TIME_LIMIT,72522,0,0,10,5
2,8,269381.0,-1.1299481168424834,-0.8693272921435614,TIME_LIMIT,72551,0,0,8,2
2,8,269401.0,-1.1299481168424834,-0.8693272921435614,TIME_LIMIT,72560,0,0,8,6
2,8,269471.0,-1.1299167250453308,-0.8693272921435614,TIME_LIMIT,72584,0,0,10,2
2,8,269492.0,-1.1299167250453308,-0.8693272921435614,TIME_LIMIT,72601,0,0,7,10
2,8,269514.0,-1.1298566504321241,-0.8693272921435614,TIME_LIMIT,72618,0,0,7,2
2,8,269621.0,-1.1298566504321241,-0.8693272921435614,TIME_LIMIT,72635,0,0,15,15
2,8,269758.0,-1.1298251032499174,-0.8693272921435614,TIME_LIMIT,72662,0,0,13,6
2,8,269830.0,-1.1298251032499174,-0.8693272921435614,TIME_LIMIT,72685,0,0,12,9
2,8,269877.0,-1.1297883535797566,-0.8693272921435614,TIME_LIMIT,72705,0,0,11,8
2,8,269993.0,-1.1297883535797566,-0.8693272921435614,TIME_LIMIT,72728,0,0,13,25
2,8,270150.0,-1.12971491275491,-0.8693272921435614,TIME_LIMIT,72765,0,0,21,7
2,8,270211.0,-1.12971491275491,-0.8693272921435614,TIME_LIMIT,72784,0,0,12,5
2,8,270248.0,-1.1296057132351045,-0.8693272921435614,TIME_LIMIT,72806,0,0,11,3
2,8,270374.0,-1.1296057132351045,-0.8693272921435614,TIME_LIMIT,72825,0,0,16,17
2,8,270480.0,-1.1296038476803467,-0.8693272921435614,TIME_LIMIT,72854,0,0,8,5
2,8,270623.0,-1.1296038476803467,-0.8693272921435614,TIME_LIMIT,72876,0,0,19,19
2,8,270704.0,-1.1295808118693687,-0.8693272921435614,TIME_LIMIT,72905,0,0,11,7
2,8,270944.0,-1.1295808118693687,-0.8693272921435614,TIME_LIMIT,72926,0,0,14,12
2,8,271063.0,-1.1295757375897646,-0.8693272921435614,TIME_LIMIT,72961,0,0,18,6
2,8,271216.0,-1.1295757375897646,-0.8693272921435614,TIME_LIMIT,72983,0,0,22,14
2,8,271276.0,-1.1295690341624038,-0.8693272921435614,TIME_LIMIT,73012,0,0,14,4
2,8,271330.0,-1.1295690341624038,-0.8693272921435614,TIME_LIMIT,73030,0,0,9,11
2,8,271401.0,-1.1295593919489422,-0.8693272921435614,TIME_LIMIT,73057,0,0,9,6
2,8,271627.0,-1.1295593919489422,-0.8693272921435614,TIME_LIMIT,73080,0,0,15,20
2,8,271793.0,-1.1295511125110924,-0.8693272921435614,TIME_LIMIT,73120,0,0,11,10
2,8,271953.0,-1.1295511125110924,-0.8693272921435614,TIME_LIMIT,73146,0,0,14,23
2,8,272021.0,-1.12955086189743,-0.8693272921435614,TIME_LIMIT,73177,0,0,13,9
2,8,272244.0,-1.12955086189743,-0.8693272921435614,TIME_LIMIT,73201,0,0,11,19
2,8,272420.0,-1.1295231724216686,-0.8693272921435614,TIME_LIMIT,73240,0,0,15,12
2,8,272500.0,-1.1295231724216686,-0.8693272921435614,TIME_LIMIT,73265,0,0,20,13
2,8,272560.0,-1.1294970969228033,-0.8693272921435614,TIME_LIMIT,73295,0,0,9,4
2,8,272589.0,-1.1294970969228033,-0.8693272921435614,TIME_LIMIT,73311,0,0,8,5
2,8,272633.0,-1.1294893911421324,-0.8693272921435614,TIME_LIMIT,73330,0,0,4,2
2,8,272682.0,-1.1294893911421324,-0.8693272921435614,TIME_LIMIT,73350,0,0,14,11
2,8,272733.0,-1.1294885265068029,-0.8693272921435614,TIME_LIMIT,73374,0,0,10,2
2,8,272869.0,-1.1294885265068029,-0.8693272921435614,TIME_LIMIT,73401,0,0,12,19
2,8,273019.0,-1.1294566781222908,-0.8693272921435614,TIME_LIMIT,73441,0,0,18,14
2,8,273177.0,-1.1294566781222908,-0.8693272921435614,TIME_LIMIT,73468,0,0,23,17
2,8,273250.0,-1.1294378798736608,-0.8693272921435614,TIME_LIMIT,73498,0,0,9,4
2,8,273416.0,-1.1294378798736608,-0.8693272921435614,TIME_LIMIT,73523,0,0,17,18
2,8,273516.0,-1.1293772813105258,-0.8693272921435614,TIME_LIMIT,73555,0,0,13,11
2,8,273663.0,-1.1293772813105258,-0.8693272921435614,TIME_LIMIT,73581,0,0,23,18
2,8,273849.0,-1.1292799128718989,-0.8693272921435614,TIME_LIMIT,73614,0,0,16,11
2,8,273955.0,-1.1292799128718989,-0.8693272921435614,TIME_LIMIT,73637,0,0,15,17
2,8,274066.0,-1.1292774187756045,-0.8693272921435614,TIME_LIMIT,73670,0,0,11,9
2,8,274247.0,-1.1292774187756045,-0.8693272921435614,TIME_LIMIT,73699,0,0,16,22
2,8,274307.0,-1.1292703585949162,-0.8693272921435614,TIME_LIMIT,73720,0,0,14,13
2,8,274373.0,-1.1292703585949162,-0.8693272921435614,TIME_LIMIT,73738,0,0,13,16
2,8,274475.0,-1.1292596930699397,-0.8693272921435614,TIME_LIMIT,73768,0,0,17,4
2,8,274580.0,-1.1292596930699397,-0.8693272921435614,TIME_LIMIT,73795,0,0,4,11
2,8,274651.0,-1.1292345246403561,-0.8693272921435614,TIME_LIMIT,73822,0,0,10,8
2,8,274678.0,-1.1292345246403561,-0.8693272921435614,TIME_LIMIT,73840,0,0,14,8
2,8,274744.0,-1.1292143506071102,-0.8693272921435614,TIME_LIMIT,73865,0,0,4,5
2,8,274804.0,-1.1292143506071102,-0.8693272921435614,TIME_LIMIT,73885,0,0,18,10
2,8,274983.0,-1.129209180556269,-0.8693272921435614,TIME_LIMIT,73923,0,0,16,7
2,8,275104.0,-1.129209180556269,-0.8693272921435614,TIME_LIMIT,73945,0,0,18,20
2,8,275197.0,-1.12920816423728,-0.8693272921435614,TIME_LIMIT,73974,0,0,11,5
2,8,275350.0,-1.12920816423728,-0.8693272921435614,TIME_LIMIT,74002,0,0,16,10
2,8,275457.0,-1.129160245238431,-0.8693272921435614,TIME_LIMIT,74024,0,0,13,10
2,8,275566.0,-1.129160245238431,-0.8693272921435614,TIME_LIMIT,74047,0,0,20,16
2,8,275733.0,-1.129159137713223,-0.8693272921435614,TIME_LIMIT,74083,0,0,17,8
2,8,275801.0,-1.129159137713223,-0.8693272921435614,TIME_LIMIT,74104,0,0,15,20
2,8,275959.0,-1.1291392187618063,-0.8693272921435614,TIME_LIMIT,74137,0,0,10,4
2,8,276144.0,-1.1291392187618063,-0.8693272921435614,TIME_LIMIT,74166,0,0,26,28
2,8,276353.0,-1.1291339782109968,-0.8693272921435614,TIME_LIMIT,74205,0,0,15,19
2,8,276372.0,-1.1291339782109968,-0.8693272921435614,TIME_LIMIT,74219,0,0,11,8
2,8,276419.0,-1.1291202335180368,-0.8693272921435614,TIME_LIMIT,74242,0,0,7,7
2,8,276488.0,-1.1291202335180368,-0.8693272921435614,TIME_LIMIT,74253,0,0,15,13
2,8,276578.0,-1.1291071776929873,-0.8693272921435614,TIME_LIMIT,74280,0,0,14,9
2,8,276608.0,-1.1291071776929873,-0.8693272921435614,TIME_LIMIT,74293,0,0,11,3
2,8,276645.0,-1.1290779885356117,-0.8693272921435614,TIME_LIMIT,74317,0,0,12,3
2,8,276706.0,-1.1290779885356117,-0.8693272921435614,TIME_LIMIT,74336,0,0,14,4
2,8,276742.0,-1.1290701887712369,-0.8693272921435614,TIME_LIMIT,74355,0,0,5,7
2,8,276765.0,-1.1290701887712369,-0.8693272921435614,TIME_LIMIT,74369,0,0,12,8
2,8,276849.0,-1.1290602970466912,-0.8693272921435614,TIME_LIMIT,74397,0,0,5,2
2,8,277010.0,-1.1290602970466912,-0.8693272921435614,TIME_LIMIT,74426,0,0,21,22
2,8,277170.0,-1.1290576549482478,-0.8693272921435614,TIME_LIMIT,74459,0,0,6,5
2,8,277289.0,-1.1290576549482478,-0.8693272921435614,TIME_LIMIT,74479,0,0,16,9
2,8,277373.0,-1.1289764605038943,-0.8693272921435614,TIME_LIMIT,74505,0,0,10,4
2,8,277450.0,-1.1289764605038943,-0.8693272921435614,TIME_LIMIT,74526,0,0,12,21
2,8,277534.0,-1.1289620309847097,-0.8693272921435614,TIME_LIMIT,74556,0,0,11,4
2,8,277598.0,-1.1289620309847097,-0.8693272921435614,TIME_LIMIT,74578,0,0,19,12
2,8,277734.0,-1.1287717634338863,-0.8693272921435614,TIME_LIMIT,74612,0,0,17,5
2,8,277863.0,-1.1287717634338863,-0.8693272921435614,TIME_LIMIT,74637,0,0,22,5
2,8,277907.0,-1.1287159335438521,-0.8693272921435614,TIME_LIMIT,74665,0,0,8,7
2,8,277969.0,-1.1287159335438521,-0.8693272921435614,TIME_LIMIT,74688,0,0,23,11
2,8,278184.0,-1.128698975447737,-0.8693272921435614,TIME_LIMIT,74726,0,0,17,9
2,8,278245.0,-1.128698975447737,-0.8693272921435614,TIME_LIMIT,74748,0,0,15,20
2,8,278434.0,-1.1286782911640536,-0.8693272921435614,TIME_LIMIT,74783,0,0,6,9
2,8,278483.0,-1.1286782911640536,-0.8693272921435614,TIME_LIMIT,74802,0,0,18,11
2,8,278646.0,-1.1286688265221254,-0.8693272921435614,TIME_LIMIT,74844,0,0,13,7
2,8,278728.0,-1.1286688265221254,-0.8693272921435614,TIME_LIMIT,74868,0,0,15,10
2,8,278781.0,-1.1286517043833375,-0.8693272921435614,TIME_LIMIT,74889,0,0,15,7
2,8,278888.0,-1.1286517043833375,-0.8693272921435614,TIME_LIMIT,74916,0,0,18,11
2,8,278942.0,-1.128608301149944,-0.8693272921435614,TIME_LIMIT,74943,0,0,4,3
2,8,279112.0,-1.128608301149944,-0.8693272921435614,TIME_LIMIT,74958,0,0,13,13
2,8,279154.0,-1.1285956977004128,-0.8693272921435614,TIME_LIMIT,74978,0,0,9,6
2,8,279222.0,-1.1285956977004128,-0.8693272921435614,TIME_LIMIT,75001,0,0,9,6
2,8,279347.0,-1.1285909621248347,-0.8693272921435614,TIME_LIMIT,75034,0,0,15,7
2,8,279431.0,-1.1285909621248347,-0.8693272921435614,TIME_LIMIT,75058,0,0,18,13
2,8,279577.0,-1.128586631108983,-0.8693272921435614,TIME_LIMIT,75089,0,0,15,5
2,8,279599.0,-1.128586631108983,-0.8693272921435614,TIME_LIMIT,75104,0,0,5,3
2,8,279620.0,-1.1285720133632036,-0.8693272921435614,TIME_LIMIT,75117,0,0,2,1
2,8,279665.0,-1.1285720133632036,-0.8693272921435614,TIME_LIMIT,75136,0,0,11,13
2,8,279784.0,-1.1285674051611383,-0.8693272921435614,TIME_LIMIT,75164,0,0,14,5
2,8,279857.0,-1.1285674051611383,-0.8693272921435614,TIME_LIMIT,75188,0,0,17,11
2,8,279986.0,-1.1285620986119547,-0.8693272921435614,TIME_LIMIT,75217,0,0,14,8
2,8,280019.0,-1.1285620986119547,-0.8693272921435614,TIME_LIMIT,75236,0,0,20,9
2,8,280118.0,-1.1285588028800466,-0.8693272921435614,TIME_LIMIT,75263,0,0,9,7
2,8,280139.0,-1.1285588028800466,-0.8693272921435614,TIME_LIMIT,75279,0,0,8,5
2,8,280215.0,-1.12853030766798,-0.8693272921435614,TIME_LIMIT,75307,0,0,10,9
2,8,280271.0,-1.12853030766798,-0.8693272921435614,TIME_LIMIT,75324,0,0,23,8
2,8,280317.0,-1.128529787717902,-0.8693272921435614,TIME_LIMIT,75354,0,0,15,6
2,8,280522.0,-1.128529787717902,-0.8693272921435614,TIME_LIMIT,75376,0,0,19,24
2,8,280729.0,-1.1285239990988998,-0.8693272921435614,TIME_LIMIT,75409,0,0,14,13
2,8,280799.0,-1.1285239990988998,-0.8693272921435614,TIME_LIMIT,75427,0,0,15,9
2,8,280950.0,-1.1285126383528912,-0.8693272921435614,TIME_LIMIT,75456,0,0,10,6
2,8,281033.0,-1.1285126383528912,-0.8693272921435614,TIME_LIMIT,75484,0,0,18,6
2,8,281139.0,-1.1284994600534042,-0.8693272921435614,TIME_LIMIT,75508,0,0,15,7
2,8,281298.0,-1.1284994600534042,-0.8693272921435614,TIME_LIMIT,75535,0,0,19,11
2,8,281446.0,-1.1284425800214422,-0.8693272921435614,TIME_LIMIT,75572,0,0,20,10
2,8,281495.0,-1.1284425800214422,-0.8693272921435614,TIME_LIMIT,75595,0,0,11,7
2,8,281567.0,-1.1284370508584258,-0.8693272921435614,TIME_LIMIT,75619,0,0,9,5
2,8,281627.0,-1.1284370508584258,-0.8693272921435614,TIME_LIMIT,75641,0,0,17,13
2,8,281713.0,-1.1284164261059733,-0.8693272921435614,TIME_LIMIT,75669,0,0,15,8
2,8,281773.0,-1.1284164261059733,-0.8693272921435614,TIME_LIMIT,75690,0,0,12,11
2,8,281919.0,-1.1283759148415742,-0.8693272921435614,TIME_LIMIT,75722,0,0,12,6
2,8,282132.0,-1.1283759148415742,-0.8693272921435614,TIME_LIMIT,75741,0,0,19,18
2,8,282200.0,-1.12823868375238,-0.8693272921435614,TIME_LIMIT,75769,0,0,12,11
2,8,282362.0,-1.12823868375238,-0.8693272921435614,TIME_LIMIT,75794,0,0,22,20
2,8,282491.0,-1.1281912663325147,-0.8693272921435614,TIME_LIMIT,75830,0,0,4,9
2,8,282597.0,-1.1281912663325147,-0.8693272921435614,TIME_LIMIT,75851,0,0,17,21
2,8,282771.0,-1.1281880235097435,-0.8693272921435614,TIME_LIMIT,75886,0,0,12,13
2,8,282904.0,-1.1281880235097435,-0.8693272921435614,TIME_LIMIT,75909,0,0,22,19
2,8,283064.0,-1.12816656684045,-0.8693272921435614,TIME_LIMIT,75945,0,0,9,10
2,8,283163.0,-1.12816656684045,-0.8693272921435614,TIME_LIMIT,75968,0,0,21,11
2,8,283286.0,-1.1281515043062569,-0.8693272921435614,TIME_LIMIT,75993,0,0,12,5
2,8,283335.0,-1.1281515043062569,-0.8693272921435614,TIME_LIMIT,76011,0,0,15,11
2,8,283463.0,-1.1281512633449868,-0.8693272921435614,TIME_LIMIT,76040,0,0,14,5
2,8,283675.0,-1.1281512633449868,-0.8693272921435614,TIME_LIMIT,76066,0,0,15,15
2,8,283882.0,-1.1281504868829981,-0.8693272921435614,TIME_LIMIT,76103,0,0,18,5
2,8,284093.0,-1.1281504868829981,-0.8693272921435614,TIME_LIMIT,76121,0,0,13,41
2,8,284305.0,-1.128145836150031,-0.8693272921435614,TIME_LIMIT,76155,0,0,20,5
2,8,284387.0,-1.128145836150031,-0.8693272921435614,TIME_LIMIT,76171,0,0,19,19
2,8,284511.0,-1.1281156460303308,-0.8693272921435614,TIME_LIMIT,76207,0,0,18,8
2,8,284592.0,-1.1281156460303308,-0.8693272921435614,TIME_LIMIT,76227,0,0,16,7
2,8,284652.0,-1.128093933321184,-0.8693272921435614,TIME_LIMIT,76253,0,0,13,4
2,8,284728.0,-1.128093933321184,-0.8693272921435614,TIME_LIMIT,76270,0,0,17,11
2,8,284935.0,-1.128074554333657,-0.8693272921435614,TIME_LIMIT,76299,0,0,10,7
2,8,285018.0,-1.128074554333657,-0.8693272921435614,TIME_LIMIT,76318,0,0,14,11
2,8,285119.0,-1.1280381200295453,-0.8693272921435614,TIME_LIMIT,76345,0,0,11,5
2,8,285267.0,-1.1280381200295453,-0.8693272921435614,TIME_LIMIT,76364,0,0,13,19
2,8,285437.0,-1.1279805323692682,-0.8693272921435614,TIME_LIMIT,76397,0,0,14,8
2,8,285604.0,-1.1279805323692682,-0.8693272921435614,TIME_LIMIT,76416,0,0,22,35
2,8,285740.0,-1.127919958553007,-0.8693272921435614,TIME_LIMIT,76453,0,0,17,12
2,8,285802.0,-1.127919958553007,-0.8693272921435614,TIME_LIMIT,76477,0,0,21,8
2,8,285991.0,-1.127894061709533,-0.8693272921435614,TIME_LIMIT,76510,0,0,14,9
2,8,286097.0,-1.127894061709533,-0.8693272921435614,TIME_LIMIT,76537,0,0,24,35
2,8,286306.0,-1.1278775312776652,-0.8693272921435614,TIME_LIMIT,76577,0,0,21,10
2,8,286515.0,-1.1278775312776652,-0.8693272921435614,TIME_LIMIT,76599,0,0,18,13
2,8,286591.0,-1.1278753357400466,-0.8693272921435614,TIME_LIMIT,76626,0,0,10,7
2,8,286633.0,-1.1278753357400466,-0.8693272921435614,TIME_LIMIT,76646,0,0,15,8
2,8,286658.0,-1.12787169834806,-0.8693272921435614,TIME_LIMIT,76667,0,0,7,2
2,8,286710.0,-1.12787169834806,-0.8693272921435614,TIME_LIMIT,76688,0,0,16,15
2,8,286836.0,-1.1278298956985737,-0.8693272921435614,TIME_LIMIT,76713,0,0,9,11
2,8,286859.0,-1.1278298956985737,-0.8693272921435614,TIME_LIMIT,76730,0,0,12,8
2,8,286889.0,-1.1277717023655567,-0.8693272921435614,TIME_LIMIT,76751,0,0,6,4
2,8,287094.0,-1.1277717023655567,-0.8693272921435614,TIME_LIMIT,76772,0,0,13,17
2,8,287167.0,-1.1277216107246697,-0.8693272921435614,TIME_LIMIT,76801,0,0,13,5
2,8,287327.0,-1.1277216107246697,-0.8693272921435614,TIME_LIMIT,76828,0,0,21,16
2,8,287377.0,-1.127716700712863,-0.8693272921435614,TIME_LIMIT,76849,0,0,21,3
2,8,287503.0,-1.127716700712863,-0.8693272921435614,TIME_LIMIT,76879,0,0,24,15
2,8,287714.0,-1.1276866895790942,-0.8693272921435614,TIME_LIMIT,76917,0,0,24,15
2,8,287926.0,-1.1276866895790942,-0.8693272921435614,TIME_LIMIT,76943,0,0,23,21
2,8,288038.0,-1.1276069932376929,-0.8693272921435614,TIME_LIMIT,76977,0,0,15,9
2,8,288242.0,-1.1276069932376929,-0.8693272921435614,TIME_LIMIT,77004,0,0,26,10
2,8,288370.0,-1.1275944139480898,-0.8693272921435614,TIME_LIMIT,77037,0,0,17,4
2,8,288542.0,-1.1275944139480898,-0.8693272921435614,TIME_LIMIT,77062,0,0,20,23
2,8,288619.0,-1.127575200514067,-0.8693272921435614,TIME_LIMIT,77081,0,0,16,6
2,8,288695.0,-1.127575200514067,-0.8693272921435614,TIME_LIMIT,77095,0,0,14,9
2,8,288779.0,-1.12757433046096,-0.8693272921435614,TIME_LIMIT,77126,0,0,3,7
2,8,288832.0,-1.12757433046096,-0.8693272921435614,TIME_LIMIT,77149,0,0,24,17
2,8,288983.0,-1.127499251854602,-0.8693272921435614,TIME_LIMIT,77187,0,0,17,6
2,8,289029.0,-1.127499251854602,-0.8693272921435614,TIME_LIMIT,77203,0,0,14,13
2,8,289114.0,-1.1274971746493274,-0.8693272921435614,TIME_LIMIT,77236,0,0,15,4
2,8,289269.0,-1.1274971746493274,-0.8693272921435614,TIME_LIMIT,77256,0,0,17,6
2,8,289381.0,-1.127399726347511,-0.8693272921435614,TIME_LIMIT,77289,0,0,16,8
2,8,289466.0,-1.127399726347511,-0.8693272921435614,TIME_LIMIT,77313,0,0,17,21
2,8,289567.0,-1.1273879404084384,-0.8693272921435614,TIME_LIMIT,77351,0,0,20,7
2,8,289606.0,-1.1273879404084384,-0.8693272921435614,TIME_LIMIT,77369,0,0,17,10
2,8,289661.0,-1.1273699012670773,-0.8693272921435614,TIME_LIMIT,77395,0,0,9,6
2,8,289751.0,-1.1273699012670773,-0.8693272921435614,TIME_LIMIT,77419,0,0,16,15
2,8,289859.0,-1.12735825724923,-0.8693272921435614,TIME_LIMIT,77438,0,0,9,7
2,8,290065.0,-1.12735825724923,-0.8693272921435614,TIME_LIMIT,77466,0,0,13,22
2,8,290239.0,-1.127348936926323,-0.8693272921435614,TIME_LIMIT,77506,0,0,16,13
2,8,290317.0,-1.127348936926323,-0.8693272921435614,TIME_LIMIT,77529,0,0,16,11
2,8,290382.0,-1.1272166975906406,-0.8693272921435614,TIME_LIMIT,77551,0,0,13,9
2,8,290510.0,-1.1272166975906406,-0.8693272921435614,TIME_LIMIT,77576,0,0,19,22
2,8,290702.0,-1.1271446788337638,-0.8693272921435614,TIME_LIMIT,77619,0,0,18,12
2,8,290914.0,-1.1271446788337638,-0.8693272921435614,TIME_LIMIT,77640,0,0,16,8
2,8,290973.0,-1.1271378832025623,-0.8693272921435614,TIME_LIMIT,77658,0,0,14,11
2,8,291002.0,-1.1271378832025623,-0.8693272921435614,TIME_LIMIT,77672,0,0,6,14
2,8,291049.0,-1.1271370331361232,-0.8693272921435614,TIME_LIMIT,77696,0,0,10,9
2,8,291136.0,-1.1271370331361232,-0.8693272921435614,TIME_LIMIT,77718,0,0,15,18
2,8,291202.0,-1.1271346258604233,-0.8693272921435614,TIME_LIMIT,77749,0,0,12,7
2,8,291243.0,-1.1271346258604233,-0.8693272921435614,TIME_LIMIT,77769,0,0,16,10
2,8,291348.0,-1.1271269043054755,-0.8693272921435614,TIME_LIMIT,77796,0,0,8,4
2,8,291539.0,-1.1271269043054755,-0.8693272921435614,TIME_LIMIT,77819,0,0,15,18
2,8,291677.0,-1.1271070643149175,-0.8693272921435614,TIME_LIMIT,77854,0,0,17,10
2,8,291741.0,-1.1271070643149175,-0.8693272921435614,TIME_LIMIT,77873,0,0,12,3
2,8,291842.0,-1.127081313865165,-0.8693272921435614,TIME_LIMIT,77900,0,0,14,8
2,8,291961.0,-1.127081313865165,-0.8693272921435614,TIME_LIMIT,77928,0,0,9,10
2,8,292151.0,-1.1270636166561077,-0.8693272921435614,TIME_LIMIT,77955,0,0,11,5
2,8,292171.0,-1.1270636166561077,-0.8693272921435614,TIME_LIMIT,77972,0,0,14,6
2,8,292227.0,-1.1270189009774338,-0.8693272921435614,TIME_LIMIT,77996,0,0,7,7
2,8,292429.0,-1.1270189009774338,-0.8693272921435614,TIME_LIMIT,78024,0,0,18,17
2,8,292641.0,-1.1270152545514502,-0.8693272921435614,TIME_LIMIT,78057,0,0,14,5
2,8,292747.0,-1.1270152545514502,-0.8693272921435614,TIME_LIMIT,78079,0,0,26,18
2,8,292850.0,-1.127005423452492,-0.8693272921435614,TIME_LIMIT,78113,0,0,18,7
2,8,292937.0,-1.127005423452492,-0.8693272921435614,TIME_LIMIT,78139,0,0,15,10
2,8,293026.0,-1.1269930188432649,-0.8693272921435614,TIME_LIMIT,78166,0,0,5,4
2,8,293086.0,-1.1269930188432649,-0.8693272921435614,TIME_LIMIT,78183,0,0,9,19
2,8,293247.0,-1.126957387435009,-0.8693272921435614,TIME_LIMIT,78220,0,0,17,10
2,8,293332.0,-1.126957387435009,-0.8693272921435614,TIME_LIMIT,78240,0,0,19,12
2,8,293544.0,-1.12692804686492,-0.8693272921435614,TIME_LIMIT,78277,0,0,15,12
2,8,293619.0,-1.12692804686492,-0.8693272921435614,TIME_LIMIT,78302,0,0,16,14
2,8,293699.0,-1.1269129028837805,-0.8693272921435614,TIME_LIMIT,78330,0,0,10,7
2,8,293789.0,-1.1269129028837805,-0.8693272921435614,TIME_LIMIT,78356,0,0,19,12
2,8,293901.0,-1.1268717522964984,-0.8693272921435614,TIME_LIMIT,78379,0,0,18,6
2,8,293946.0,-1.1268717522964984,-0.8693272921435614,TIME_LIMIT,78394,0,0,17,13
2,8,294092.0,-1.126857694709736,-0.8693272921435614,TIME_LIMIT,78430,0,0,15,6
2,8,294215.0,-1.126857694709736,-0.8693272921435614,TIME_LIMIT,78457,0,0,22,8
2,8,294336.0,-1.126787601305925,-0.8693272921435614,TIME_LIMIT,78494,0,0,14,8
2,8,294403.0,-1.126787601305925,-0.8693272921435614,TIME_LIMIT,78515,0,0,16,12
2,8,294491.0,-1.1267524520765568,-0.8693272921435614,TIME_LIMIT,78541,0,0,12,7
2,8,294600.0,-1.1267524520765568,-0.8693272921435614,TIME_LIMIT,78568,0,0,10,10
2,8,294696.0,-1.1267366579988214,-0.8693272921435614,TIME_LIMIT,78585,0,0,15,10
2,8,294902.0,-1.1267366579988214,-0.8693272921435614,TIME_LIMIT,78607,0,0,26,29
2,8,295053.0,-1.1267178335386885,-0.8693272921435614,TIME_LIMIT,78652,0,0,17,7
2,8,295097.0,-1.1267178335386885,-0.8693272921435614,TIME_LIMIT,78671,0,0,13,14
2,8,295226.0,-1.1266972044406793,-0.8693272921435614,TIME_LIMIT,78700,0,0,8,6
2,8,295292.0,-1.1266972044406793,-0.8693272921435614,TIME_LIMIT,78736,0,0,25,4
2,8,295339.0,-1.1266773735248372,-0.8693272921435614,TIME_LIMIT,78749,0,0,10,10
2,8,295479.0,-1.1266773735248372,-0.8693272921435614,TIME_LIMIT,78773,0,0,20,13
2,8,295655.0,-1.1266665950601487,-0.8693272921435614,TIME_LIMIT,78804,0,0,16,6
2,8,295711.0,-1.1266665950601487,-0.8693272921435614,TIME_LIMIT,78825,0,0,18,16
2,8,295909.0,-1.1266635314254438,-0.8693272921435614,TIME_LIMIT,78865,0,0,17,11
2,8,296005.0,-1.1266635314254438,-0.8693272921435614,TIME_LIMIT,78881,0,0,11,7
2,8,296027.0,-1.1266454079872987,-0.8693272921435614,TIME_LIMIT,78901,0,0,8,3
2,8,296078.0,-1.1266454079872987,-0.8693272921435614,TIME_LIMIT,78918,0,0,18,13
2,8,296202.0,-1.1266396054124368,-0.8693272921435614,TIME_LIMIT,78951,0,0,14,9
2,8,296254.0,-1.1266396054124368,-0.8693272921435614,TIME_LIMIT,78971,0,0,15,14
2,8,296297.0,-1.1266023394625857,-0.8693272921435614,TIME_LIMIT,78991,0,0,7,2
2,8,296371.0,-1.1266023394625857,-0.8693272921435614,TIME_LIMIT,79007,0,0,11,8
2,8,296417.0,-1.1266017900667682,-0.8693272921435614,TIME_LIMIT,79034,0,0,10,6
2,8,296473.0,-1.1266017900667682,-0.8693272921435614,TIME_LIMIT,79052,0,0,9,5
2,8,296556.0,-1.1265466569530844,-0.8693272921435614,TIME_LIMIT,79077,0,0,9,5
2,8,296626.0,-1.1265466569530844,-0.8693272921435614,TIME_LIMIT,79100,0,0,11,32
2,8,296789.0,-1.1265099449255644,-0.8693272921435614,TIME_LIMIT,79137,0,0,13,9
2,8,296868.0,-1.1265099449255644,-0.8693272921435614,TIME_LIMIT,79160,0,0,16,21
2,8,296901.0,-1.126495188229501,-0.8693272921435614,TIME_LIMIT,79182,0,0,9,6
2,8,297088.0,-1.126495188229501,-0.8693272921435614,TIME_LIMIT,79214,0,0,28,15
2,8,297222.0,-1.1264641083177036,-0.8693272921435614,TIME_LIMIT,79243,0,0,12,7
2,8,297271.0,-1.1264641083177036,-0.8693272921435614,TIME_LIMIT,79264,0,0,9,3
2,8,297476.0,-1.1264619504724709,-0.8693272921435614,TIME_LIMIT,79288,0,0,13,6
2,8,297600.0,-1.1264619504724709,-0.8693272921435614,TIME_LIMIT,79312,0,0,18,14
2,8,297655.0,-1.126455627016171,-0.8693272921435614,TIME_LIMIT,79337,0,0,8,2
2,8,297709.0,-1.126455627016171,-0.8693272921435614,TIME_LIMIT,79359,0,0,17,20
2,8,297839.0,-1.126397853720469,-0.8693272921435614,TIME_LIMIT,79391,0,0,11,6
2,8,297896.0,-1.126397853720469,-0.8693272921435614,TIME_LIMIT,79408,0,0,15,13
2,8,297970.0,-1.1263698593389977,-0.8693272921435614,TIME_LIMIT,79439,0,0,14,5
2,8,297995.0,-1.1263698593389977,-0.8693272921435614,TIME_LIMIT,79453,0,0,12,15
2,8,298052.0,-1.126334170579793,-0.8693272921435614,TIME_LIMIT,79477,0,0,10,2
2,8,298168.0,-1.126334170579793,-0.8693272921435614,TIME_LIMIT,79496,0,0,17,16
2,8,298247.0,-1.1263131413539147,-0.8693272921435614,TIME_LIMIT,79530,0,0,18,4
2,8,298283.0,-1.1263131413539147,-0.8693272921435614,TIME_LIMIT,79548,0,0,12,8
2,8,298309.0,-1.1262961488608985,-0.8693272921435614,TIME_LIMIT,79568,0,0,8,5
2,8,298384.0,-1.1262961488608985,-0.8693272921435614,TIME_LIMIT,79588,0,0,17,17
2,8,298506.0,-1.126246388337439,-0.8693272921435614,TIME_LIMIT,79622,0,0,15,10
2,8,298549.0,-1.126246388337439,-0.8693272921435614,TIME_LIMIT,79640,0,0,17,13
2,8,298597.0,-1.1262347844574223,-0.8693272921435614,TIME_LIMIT,79667,0,0,13,3
2,8,298669.0,-1.1262347844574223,-0.8693272921435614,TIME_LIMIT,79688,0,0,17,15
2,8,298858.0,-1.1262149444356253,-0.8693272921435614,TIME_LIMIT,79722,0,0,18,5
2,8,298971.0,-1.1262149444356253,-0.8693272921435614,TIME_LIMIT,79741,0,0,18,16
2,8,299115.0,-1.1261936775472305,-0.8693272921435614,TIME_LIMIT,79777,0,0,16,12
2,8,299288.0,-1.1261936775472305,-0.8693272921435614,TIME_LIMIT,79806,0,0,16,11
2,8,299339.0,-1.1261924860559824,-0.8693272921435614,TIME_LIMIT,79832,0,0,4,9
2,8,299490.0,-1.1261924860559824,-0.8693272921435614,TIME_LIMIT,79853,0,0,11,10
2,8,299546.0,-1.1261669023565024,-0.8693272921435614,TIME_LIMIT,79879,0,0,8,5
2,8,299606.0,-1.1261669023565024,-0.8693272921435614,TIME_LIMIT,79899,0,0,19,12
2,8,299694.0,-1.1261415231490461,-0.8693272921435614,TIME_LIMIT,79932,0,0,15,5
2,8,299770.0,-1.1261415231490461,-0.8693272921435614,TIME_LIMIT,79954,0,0,14,11
2,8,299871.0,-1.126117801216352,-0.8693272921435614,TIME_LIMIT,79987,0,0,16,7
2,8,299898.0,-1.126117801216352,-0.8693272921435614,TIME_LIMIT,80001,0,0,8,4
2,8,299925.0,-1.1261063456717484,-0.8693272921435614,TIME_LIMIT,80017,0,0,3,3
2,8,299982.0,-1.1261063456717484,-0.8693272921435614,TIME_LIMIT,80041,0,0,14,2
2,8,300001.0,-1.126069351894154,-0.8693272921435614,TIME_LIMIT,80056,0,0,9,3
2,8,300079.0,-1.126069351894154,-0.8693272921435614,TIME_LIMIT,80071,0,0,20,13
2,8,300199.0,-1.1260596697783378,-0.8693272921435614,TIME_LIMIT,80103,0,0,14,6
2,8,300293.0,-1.1260596697783378,-0.8693272921435614,TIME_LIMIT,80127,0,0,17,14
2,8,300338.0,-1.1260537259633054,-0.8693272921435614,TIME_LIMIT,80155,0,0,11,5
2,8,300415.0,-1.1260537259633054,-0.8693272921435614,TIME_LIMIT,80178,0,0,9,12
2,8,300631.0,-1.1260524910338952,-0.8693272921435614,TIME_LIMIT,80209,0,0,16,9
2,8,300740.0,-1.1260524910338952,-0.8693272921435614,TIME_LIMIT,80228,0,0,12,10
2,8,300801.0,-1.125997817632158,-0.8693272921435614,TIME_LIMIT,80254,0,0,11,5
2,8,300851.0,-1.125997817632158,-0.8693272921435614,TIME_LIMIT,80277,0,0,12,6
2,8,300901.0,-1.1259951592178634,-0.8693272921435614,TIME_LIMIT,80299,0,0,13,4
2,8,301015.0,-1.1259951592178634,-0.8693272921435614,TIME_LIMIT,80319,0,0,9,7
2,8,301090.0,-1.1259863890624875,-0.8693272921435614,TIME_LIMIT,80346,0,0,11,11
2,8,301230.0,-1.1259863890624875,-0.8693272921435614,TIME_LIMIT,80372,0,0,18,16
2,8,301303.0,-1.1259613340493113,-0.8693272921435614,TIME_LIMIT,80397,0,0,11,7
2,8,301365.0,-1.1259613340493113,-0.8693272921435614,TIME_LIMIT,80413,0,0,12,7
2,8,301445.0,-1.1259043760394254,-0.8693272921435614,TIME_LIMIT,80440,0,0,12,6
2,8,301557.0,-1.1259043760394254,-0.8693272921435614,TIME_LIMIT,80467,0,0,14,6
2,8,301577.0,-1.1259043139741416,-0.8693272921435614,TIME_LIMIT,80480,0,0,7,6
2,8,301707.0,-1.1259043139741416,-0.8693272921435614,TIME_LIMIT,80505,0,0,21,19
2,8,301828.0,-1.1258613978333725,-0.8693272921435614,TIME_LIMIT,80538,0,0,8,7
2,8,301924.0,-1.1258613978333725,-0.8693272921435614,TIME_LIMIT,80560,0,0,24,17
2,8,302029.0,-1.125819140976665,-0.8693272921435614,TIME_LIMIT,80589,0,0,11,6
2,8,302071.0,-1.125819140976665,-0.8693272921435614,TIME_LIMIT,80606,0,0,11,1
2,8,302094.0,-1.1257887538389344,-0.8693272921435614,TIME_LIMIT,80624,0,0,6,3
2,8,302170.0,-1.1257887538389344,-0.8693272921435614,TIME_LIMIT,80648,0,0,26,12
2,8,302212.0,-1.1257743519295653,-0.8693272921435614,TIME_LIMIT,80666,0,0,17,4
2,8,302314.0,-1.1257743519295653,-0.8693272921435614,TIME_LIMIT,80691,0,0,5,12
2,8,302403.0,-1.1257585537263215,-0.8693272921435614,TIME_LIMIT,80714,0,0,8,5
2,8,302473.0,-1.1257585537263215,-0.8693272921435614,TIME_LIMIT,80736,0,0,18,12
2,8,302660.0,-1.1257216841376236,-0.8693272921435614,TIME_LIMIT,80775,0,0,15,16
2,8,302753.0,-1.1257216841376236,-0.8693272921435614,TIME_LIMIT,80794,0,0,14,18
2,8,302906.0,-1.1257065857420987,-0.8693272921435614,TIME_LIMIT,80832,0,0,13,6
2,8,303003.0,-1.1257065857420987,-0.8693272921435614,TIME_LIMIT,80855,0,0,9,12
2,8,303055.0,-1.1256657640541554,-0.8693272921435614,TIME_LIMIT,80881,0,0,11,6
2,8,303176.0,-1.1256657640541554,-0.8693272921435614,TIME_LIMIT,80912,0,0,17,11
2,8,303349.0,-1.1256316570399019,-0.8693272921435614,TIME_LIMIT,80940,0,0,18,10
2,8,303557.0,-1.1256316570399019,-0.8693272921435614,TIME_LIMIT,80962,0,0,18,20
2,8,303625.0,-1.1256137116720004,-0.8693272921435614,TIME_LIMIT,80992,0,0,7,4
2,8,303651.0,-1.1256137116720004,-0.8693272921435614,TIME_LIMIT,81010,0,0,11,23
2,8,303844.0,-1.1256126683448437,-0.8693272921435614,TIME_LIMIT,81048,0,0,16,11
2,8,303905.0,-1.1256126683448437,-0.8693272921435614,TIME_LIMIT,81067,0,0,7,10
2,8,304026.0,-1.1255615004035093,-0.8693272921435614,TIME_LIMIT,81097,0,0,8,6
2,8,304165.0,-1.1255615004035093,-0.8693272921435614,TIME_LIMIT,81117,0,0,18,18
2,8,304304.0,-1.1255523815864623,-0.8693272921435614,TIME_LIMIT,81150,0,0,16,6
2,8,304415.0,-1.1255523815864623,-0.8693272921435614,TIME_LIMIT,81176,0,0,19,9
2,8,304485.0,-1.125507479030538,-0.8693272921435614,TIME_LIMIT,81194,0,0,13,10
2,8,304541.0,-1.125507479030538,-0.8693272921435614,TIME_LIMIT,81215,0,0,22,10
2,8,304647.0,-1.1254616933301862,-0.8693272921435614,TIME_LIMIT,81244,0,0,15,5
2,8,304678.0,-1.1254616933301862,-0.8693272921435614,TIME_LIMIT,81262,0,0,12,8
2,8,304758.0,-1.1254047900829132,-0.8693272921435614,TIME_LIMIT,81287,0,0,11,10
2,8,304850.0,-1.1254047900829132,-0.8693272921435614,TIME_LIMIT,81307,0,0,15,11
2,8,304922.0,-1.1253847678169526,-0.8693272921435614,TIME_LIMIT,81336,0,0,14,8
2,8,304951.0,-1.1253847678169526,-0.8693272921435614,TIME_LIMIT,81354,0,0,14,8
2,8,305012.0,-1.1253644476821996,-0.8693272921435614,TIME_LIMIT,81381,0,0,11,6
2,8,305064.0,-1.1253644476821996,-0.8693272921435614,TIME_LIMIT,81403,0,0,20,12
2,8,305277.0,-1.1253456995380313,-0.8693272921435614,TIME_LIMIT,81434,0,0,14,11
2,8,305452.0,-1.1253456995380313,-0.8693272921435614,TIME_LIMIT,81454,0,0,18,14
2,8,305600.0,-1.1253128067513365,-0.8693272921435614,TIME_LIMIT,81486,0,0,9,5
2,8,305681.0,-1.1253128067513365,-0.8693272921435614,TIME_LIMIT,81509,0,0,15,8
2,8,305785.0,-1.1253024265894498,-0.8693272921435614,TIME_LIMIT,81532,0,0,5,3
2,8,305891.0,-1.1253024265894498,-0.8693272921435614,TIME_LIMIT,81556,0,0,9,9
2,8,306056.0,-1.1252991116621736,-0.8693272921435614,TIME_LIMIT,81587,0,0,8,4
2,8,306147.0,-1.1252991116621736,-0.8693272921435614,TIME_LIMIT,81608,0,0,17,11
2,8,306234.0,-1.1252878956536132,-0.8693272921435614,TIME_LIMIT,81635,0,0,5,3
2,8,306327.0,-1.1252878956536132,-0.8693272921435614,TIME_LIMIT,81655,0,0,15,9
2,8,306394.0,-1.1252622310918445,-0.8693272921435614,TIME_LIMIT,81682,0,0,13,3
2,8,306436.0,-1.1252622310918445,-0.8693272921435614,TIME_LIMIT,81702,0,0,12,6
2,8,306447.0,-1.1251808012536153,-0.8693272921435614,TIME_LIMIT,81719,0,0,11,4
2,8,306546.0,-1.1251808012536153,-0.8693272921435614,TIME_LIMIT,81739,0,0,15,20
2,8,306699.0,-1.1251755067340132,-0.8693272921435614,TIME_LIMIT,81780,0,0,18,10
2,8,306823.0,-1.1251755067340132,-0.8693272921435614,TIME_LIMIT,81802,0,0,18,13
2,8,306950.0,-1.1251730215148659,-0.8693272921435614,TIME_LIMIT,81830,0,0,14,10
2,8,307002.0,-1.1251730215148659,-0.8693272921435614,TIME_LIMIT,81849,0,0,12,6
2,8,307129.0,-1.125158676418628,-0.8693272921435614,TIME_LIMIT,81883,0,0,15,10
2,8,307197.0,-1.125158676418628,-0.8693272921435614,TIME_LIMIT,81904,0,0,16,17
2,8,307304.0,-1.1250855726292766,-0.8693272921435614,TIME_LIMIT,81941,0,0,19,8
2,8,307460.0,-1.1250855726292766,-0.8693272921435614,TIME_LIMIT,81966,0,0,23,25
2,8,307660.0,-1.1250722866253167,-0.8693272921435614,TIME_LIMIT,82005,0,0,16,9
2,8,307724.0,-1.1250722866253167,-0.8693272921435614,TIME_LIMIT,82023,0,0,20,6
2,8,307877.0,-1.1250352281097826,-0.8693272921435614,TIME_LIMIT,82054,0,0,12,5
2,8,308017.0,-1.1250352281097826,-0.8693272921435614,TIME_LIMIT,82075,0,0,16,8
2,8,308227.0,-1.1250322858891246,-0.8693272921435614,TIME_LIMIT,82108,0,0,20,16
2,8,308296.0,-1.1250322858891246,-0.8693272921435614,TIME_LIMIT,82128,0,0,22,10
2,8,308439.0,-1.125006705122986,-0.8693272921435614,TIME_LIMIT,82160,0,0,13,10
2,8,308535.0,-1.125006705122986,-0.8693272921435614,TIME_LIMIT,82190,0,0,15,9
2,8,308632.0,-1.1249920001344154,-0.8693272921435614,TIME_LIMIT,82209,0,0,13,11
2,8,308754.0,-1.1249920001344154,-0.8693272921435614,TIME_LIMIT,82232,0,0,18,9
2,8,308864.0,-1.1249746241562013,-0.8693272921435614,TIME_LIMIT,82265,0,0,16,8
2,8,308940.0,-1.1249746241562013,-0.8693272921435614,TIME_LIMIT,82287,0,0,18,7
2,8,308980.0,-1.1249712393637443,-0.8693272921435614,TIME_LIMIT,82312,0,0,5,4
2,8,309067.0,-1.1249712393637443,-0.8693272921435614,TIME_LIMIT,82331,0,0,11,19
2,8,309195.0,-1.124968488323161,-0.8693272921435614,TIME_LIMIT,82366,0,0,16,9
2,8,309275.0,-1.124968488323161,-0.8693272921435614,TIME_LIMIT,82382,0,0,8,8
2,8,309328.0,-1.1249418731797811,-0.8693272921435614,TIME_LIMIT,82406,0,0,8,2
2,8,309404.0,-1.1249418731797811,-0.8693272921435614,TIME_LIMIT,82427,0,0,16,13
2,8,309579.0,-1.1249337098089032,-0.8693272921435614,TIME_LIMIT,82456,0,0,12,5
2,8,309634.0,-1.1249337098089032,-0.8693272921435614,TIME_LIMIT,82470,0,0,8,2
2,8,309674.0,-1.1249305670812735,-0.8693272921435614,TIME_LIMIT,82489,0,0,7,3
2,8,309713.0,-1.1249305670812735,-0.8693272921435614,TIME_LIMIT,82506,0,0,16,13
2,8,309761.0,-1.1249098920313019,-0.8693272921435614,TIME_LIMIT,82531,0,0,12,4
2,8,309837.0,-1.1249098920313019,-0.8693272921435614,TIME_LIMIT,82551,0,0,16,12
2,8,310018.0,-1.1249053889912166,-0.8693272921435614,TIME_LIMIT,82589,0,0,5,8
2,8,310095.0,-1.1249053889912166,-0.8693272921435614,TIME_LIMIT,82609,0,0,11,7
2,8,310148.0,-1.1248886155819273,-0.8693272921435614,TIME_LIMIT,82625,0,0,9,8
2,8,310266.0,-1.1248886155819273,-0.8693272921435614,TIME_LIMIT,82643,0,0,17,12
2,8,310438.0,-1.1248624244539533,-0.8693272921435614,TIME_LIMIT,82680,0,0,15,5
2,8,310489.0,-1.1248624244539533,-0.8693272921435614,TIME_LIMIT,82701,0,0,21,22
2,8,310538.0,-1.12485679401533,-0.8693272921435614,TIME_LIMIT,82728,0,0,12,8
2,8,310580.0,-1.12485679401533,-0.8693272921435614,TIME_LIMIT,82750,0,0,12,6
2,8,310646.0,-1.1248190964871014,-0.8693272921435614,TIME_LIMIT,82775,0,0,12,10
2,8,310843.0,-1.1248190964871014,-0.8693272921435614,TIME_LIMIT,82800,0,0,16,6
2,8,310966.0,-1.1248110448249593,-0.8693272921435614,TIME_LIMIT,82820,0,0,16,6
2,8,311083.0,-1.1248110448249593,-0.8693272921435614,TIME_LIMIT,82842,0,0,21,12
2,8,311208.0,-1.1247965971733864,-0.8693272921435614,TIME_LIMIT,82876,0,0,8,3
2,8,311352.0,-1.1247965971733864,-0.8693272921435614,TIME_LIMIT,82897,0,0,22,16
2,8,311461.0,-1.1247783572781087,-0.8693272921435614,TIME_LIMIT,82930,0,0,15,3
2,8,311572.0,-1.1247783572781087,-0.8693272921435614,TIME_LIMIT,82952,0,0,24,21
2,8,311614.0,-1.1247593889278844,-0.8693272921435614,TIME_LIMIT,82982,0,0,13,4
2,8,311664.0,-1.1247593889278844,-0.8693272921435614,TIME_LIMIT,83000,0,0,16,7
2,8,311725.0,-1.1246693974552828,-0.8693272921435614,TIME_LIMIT,83029,0,0,10,7
2,8,311764.0,-1.1246693974552828,-0.8693272921435614,TIME_LIMIT,83052,0,0,10,3
2,8,311829.0,-1.1246380281283257,-0.8693272921435614,TIME_LIMIT,83074,0,0,12,4
2,8,312044.0,-1.1246380281283257,-0.8693272921435614,TIME_LIMIT,83100,0,0,21,12
2,8,312144.0,-1.1246065760112383,-0.8693272921435614,TIME_LIMIT,83127,0,0,21,7
2,8,312298.0,-1.1246065760112383,-0.8693272921435614,TIME_LIMIT,83147,0,0,12,10
2,8,312372.0,-1.1245892302572063,-0.8693272921435614,TIME_LIMIT,83177,0,0,14,5
2,8,312462.0,-1.1245892302572063,-0.8693272921435614,TIME_LIMIT,83202,0,0,6,7
2,8,312520.0,-1.124564552214569,-0.8693272921435614,TIME_LIMIT,83224,0,0,5,2
2,8,312724.0,-1.124564552214569,-0.8693272921435614,TIME_LIMIT,83245,0,0,19,14
2,8,312936.0,-1.124550100406093,-0.8693272921435614,TIME_LIMIT,83275,0,0,13,7
2,8,313152.0,-1.124550100406093,-0.8693272921435614,TIME_LIMIT,83294,0,0,13,11
2,8,313182.0,-1.1245178590718155,-0.8693272921435614,TIME_LIMIT,83312,0,0,6,4
2,8,313205.0,-1.1245178590718155,-0.8693272921435614,TIME_LIMIT,83329,0,0,8,7
2,8,313210.0,-1.124513015842468,-0.8693272921435614,TIME_LIMIT,83339,0,0,3,1
2,8,313436.0,-1.124513015842468,-0.8693272921435614,TIME_LIMIT,83369,0,0,26,7
2,8,313600.0,-1.1244945980357226,-0.8693272921435614,TIME_LIMIT,83401,0,0,21,3
2,8,313680.0,-1.1244945980357226,-0.8693272921435614,TIME_LIMIT,83417,0,0,9,3
2,8,313897.0,-1.1244754833504833,-0.8693272921435614,TIME_LIMIT,83447,0,0,15,8
2,8,313928.0,-1.1244754833504833,-0.8693272921435614,TIME_LIMIT,83465,0,0,9,5
2,8,313998.0,-1.124456517034342,-0.8693272921435614,TIME_LIMIT,83484,0,0,12,7
2,8,314109.0,-1.124456517034342,-0.8693272921435614,TIME_LIMIT,83513,0,0,11,9
2,8,314140.0,-1.1244334768167557,-0.8693272921435614,TIME_LIMIT,83529,0,0,10,6
2,8,314209.0,-1.1244334768167557,-0.8693272921435614,TIME_LIMIT,83547,0,0,16,12
2,8,314343.0,-1.1243918042239787,-0.8693272921435614,TIME_LIMIT,83578,0,0,13,6
2,8,314500.0,-1.1243918042239787,-0.8693272921435614,TIME_LIMIT,83595,0,0,20,11
2,8,314593.0,-1.1243655794561593,-0.8693272921435614,TIME_LIMIT,83626,0,0,12,5
2,8,314674.0,-1.1243655794561593,-0.8693272921435614,TIME_LIMIT,83641,0,0,9,2
2,8,314787.0,-1.124353144925885,-0.8693272921435614,TIME_LIMIT,83669,0,0,11,3
2,8,314951.0,-1.124353144925885,-0.8693272921435614,TIME_LIMIT,83700,0,0,22,13
2,8,315169.0,-1.1243466123262085,-0.8693272921435614,TIME_LIMIT,83731,0,0,14,11
2,8,315229.0,-1.1243466123262085,-0.8693272921435614,TIME_LIMIT,83752,0,0,9,9
2,8,315303.0,-1.1243439524201906,-0.8693272921435614,TIME_LIMIT,83782,0,0,14,6
2,8,315348.0,-1.1243439524201906,-0.8693272921435614,TIME_LIMIT,83799,0,0,16,9
2,8,315566.0,-1.1243344595368079,-0.8693272921435614,TIME_LIMIT,83826,0,0,11,5
2,8,315647.0,-1.1243344595368079,-0.8693272921435614,TIME_LIMIT,83848,0,0,18,10
2,8,315868.0,-1.1243238026618272,-0.8693272921435614,TIME_LIMIT,83879,0,0,12,11
2,8,315917.0,-1.1243238026618272,-0.8693272921435614,TIME_LIMIT,83898,0,0,13,20
2,8,315985.0,-1.1242941994397784,-0.8693272921435614,TIME_LIMIT,83928,0,0,9,4
2,8,316188.0,-1.1242941994397784,-0.8693272921435614,TIME_LIMIT,83955,0,0,19,12
2,8,316293.0,-1.1242878072579194,-0.8693272921435614,TIME_LIMIT,83976,0,0,15,14
2,8,316354.0,-1.1242878072579194,-0.8693272921435614,TIME_LIMIT,83996,0,0,7,19
2,8,316442.0,-1.124263129131676,-0.8693272921435614,TIME_LIMIT,84029,0,0,9,5
2,8,316506.0,-1.124263129131676,-0.8693272921435614,TIME_LIMIT,84052,0,0,17,26
2,8,316667.0,-1.1241850900928647,-0.8693272921435614,TIME_LIMIT,84077,0,0,17,11
2,8,316733.0,-1.1241850900928647,-0.8693272921435614,TIME_LIMIT,84094,0,0,16,11
2,8,316823.0,-1.1241708643870778,-0.8693272921435614,TIME_LIMIT,84123,0,0,11,5
2,8,316858.0,-1.1241708643870778,-0.8693272921435614,TIME_LIMIT,84142,0,0,12,8
2,8,316944.0,-1.1241672100117968,-0.8693272921435614,TIME_LIMIT,84173,0,0,12,6
2,8,316974.0,-1.1241672100117968,-0.8693272921435614,TIME_LIMIT,84192,0,0,10,7
2,8,317099.0,-1.1241085147224845,-0.8693272921435614,TIME_LIMIT,84225,0,0,14,8
2,8,317157.0,-1.1241085147224845,-0.8693272921435614,TIME_LIMIT,84246,0,0,24,24
2,8,317199.0,-1.1240754929627486,-0.8693272921435614,TIME_LIMIT,84274,0,0,12,4
2,8,317379.0,-1.1240754929627486,-0.8693272921435614,TIME_LIMIT,84298,0,0,21,19
2,8,317606.0,-1.12404590939342,-0.8693272921435614,TIME_LIMIT,84331,0,0,11,4
2,8,317688.0,-1.12404590939342,-0.8693272921435614,TIME_LIMIT,84350,0,0,10,6
2,8,317737.0,-1.1240020273568474,-0.8693272921435614,TIME_LIMIT,84371,0,0,11,1
2,8,317890.0,-1.1240020273568474,-0.8693272921435614,TIME_LIMIT,84393,0,0,24,11
2,8,318042.0,-1.123981100294423,-0.8693272921435614,TIME_LIMIT,84431,0,0,6,8
2,8,318172.0,-1.123981100294423,-0.8693272921435614,TIME_LIMIT,84457,0,0,24,9
2,8,318380.0,-1.1239514033954463,-0.8693272921435614,TIME_LIMIT,84490,0,0,13,18
2,8,318461.0,-1.1239514033954463,-0.8693272921435614,TIME_LIMIT,84512,0,0,18,24
2,8,318686.0,-1.1239495572986984,-0.8693272921435614,TIME_LIMIT,84546,0,0,11,11
2,8,318832.0,-1.1239495572986984,-0.8693272921435614,TIME_LIMIT,84574,0,0,10,16
2,8,319018.0,-1.1239483860905906,-0.8693272921435614,TIME_LIMIT,84616,0,0,22,9
2,8,319131.0,-1.1239483860905906,-0.8693272921435614,TIME_LIMIT,84638,0,0,12,13
2,8,319279.0,-1.1239434092546101,-0.8693272921435614,TIME_LIMIT,84666,0,0,12,9
2,8,319329.0,-1.1239434092546101,-0.8693272921435614,TIME_LIMIT,84684,0,0,11,8
2,8,319406.0,-1.1239219201164472,-0.8693272921435614,TIME_LIMIT,84714,0,0,15,7
2,8,319548.0,-1.1239219201164472,-0.8693272921435614,TIME_LIMIT,84738,0,0,12,13
2,8,319732.0,-1.123920806602011,-0.8693272921435614,TIME_LIMIT,84768,0,0,12,12
2,8,319834.0,-1.123920806602011,-0.8693272921435614,TIME_LIMIT,84795,0,0,13,9
2,8,319909.0,-1.1239194449037322,-0.8693272921435614,TIME_LIMIT,84823,0,0,10,10
2,8,320058.0,-1.1239194449037322,-0.8693272921435614,TIME_LIMIT,84848,0,0,19,13
2,8,320246.0,-1.123906218606956,-0.8693272921435614,TIME_LIMIT,84888,0,0,12,14
2,8,320358.0,-1.123906218606956,-0.8693272921435614,TIME_LIMIT,84910,0,0,20,10
2,8,320461.0,-1.1238896533754894,-0.8693272921435614,TIME_LIMIT,84939,0,0,15,8
2,8,320669.0,-1.1238896533754894,-0.8693272921435614,TIME_LIMIT,84964,0,0,19,28
2,8,320813.0,-1.123879080938335,-0.8693272921435614,TIME_LIMIT,84995,0,0,13,9
2,8,320872.0,-1.123879080938335,-0.8693272921435614,TIME_LIMIT,85020,0,0,17,4
2,8,321013.0,-1.1238396083412974,-0.8693272921435614,TIME_LIMIT,85040,0,0,4,10
2,8,321073.0,-1.1238396083412974,-0.8693272921435614,TIME_LIMIT,85059,0,0,16,9
2,8,321184.0,-1.1238268737632782,-0.8693272921435614,TIME_LIMIT,85087,0,0,12,4
2,8,321286.0,-1.1238268737632782,-0.8693272921435614,TIME_LIMIT,85114,0,0,15,11
2,8,321318.0,-1.1238129912483243,-0.8693272921435614,TIME_LIMIT,85136,0,0,8,4
2,8,321462.0,-1.1238129912483243,-0.8693272921435614,TIME_LIMIT,85159,0,0,15,8
2,8,321541.0,-1.1238087685180442,-0.8693272921435614,TIME_LIMIT,85184,0,0,11,7
2,8,321637.0,-1.1238087685180442,-0.8693272921435614,TIME_LIMIT,85207,0,0,21,30
2,8,321771.0,-1.1238052518373496,-0.8693272921435614,TIME_LIMIT,85238,0,0,15,10
2,8,321818.0,-1.1238052518373496,-0.8693272921435614,TIME_LIMIT,85256,0,0,17,13
2,8,321871.0,-1.1237911825267206,-0.8693272921435614,TIME_LIMIT,85286,0,0,15,8
2,8,322057.0,-1.1237911825267206,-0.8693272921435614,TIME_LIMIT,85307,0,0,9,21
2,8,322282.0,-1.1237874546775553,-0.8693272921435614,TIME_LIMIT,85344,0,0,19,10
2,8,322366.0,-1.1237874546775553,-0.8693272921435614,TIME_LIMIT,85368,0,0,18,17
2,8,322486.0,-1.1237729907103033,-0.8693272921435614,TIME_LIMIT,85396,0,0,12,10
2,8,322532.0,-1.1237729907103033,-0.8693272921435614,TIME_LIMIT,85415,0,0,13,20
2,8,322615.0,-1.1237348191762024,-0.8693272921435614,TIME_LIMIT,85443,0,0,11,6
2,8,322721.0,-1.1237348191762024,-0.8693272921435614,TIME_LIMIT,85468,0,0,17,21
2,8,322853.0,-1.1236500261417046,-0.8693272921435614,TIME_LIMIT,85499,0,0,15,5
2,8,322903.0,-1.1236500261417046,-0.8693272921435614,TIME_LIMIT,85521,0,0,15,11
2,8,322940.0,-1.123575061065153,-0.8693272921435614,TIME_LIMIT,85547,0,0,8,8
2,8,323030.0,-1.123575061065153,-0.8693272921435614,TIME_LIMIT,85572,0,0,19,12
2,8,323119.0,-1.123505000252131,-0.8693272921435614,TIME_LIMIT,85601,0,0,14,4
2,8,323336.0,-1.123505000252131,-0.8693272921435614,TIME_LIMIT,85622,0,0,19,12
2,8,323567.0,-1.123491378360046,-0.8693272921435614,TIME_LIMIT,85655,0,0,8,7
2,8,323626.0,-1.123491378360046,-0.8693272921435614,TIME_LIMIT,85677,0,0,7,19
2,8,323736.0,-1.12339848205322,-0.8693272921435614,TIME_LIMIT,85705,0,0,9,8
2,8,323881.0,-1.12339848205322,-0.8693272921435614,TIME_LIMIT,85733,0,0,16,12
2,8,324011.0,-1.1233787204414494,-0.8693272921435614,TIME_LIMIT,85754,0,0,11,11
2,8,324165.0,-1.1233787204414494,-0.8693272921435614,TIME_LIMIT,85782,0,0,21,28
2,8,324305.0,-1.1233551332126277,-0.8693272921435614,TIME_LIMIT,85821,0,0,15,16
2,8,324515.0,-1.1233551332126277,-0.8693272921435614,TIME_LIMIT,85843,0,0,16,12
2,8,324625.0,-1.123335296391026,-0.8693272921435614,TIME_LIMIT,85874,0,0,14,7
2,8,324746.0,-1.123335296391026,-0.8693272921435614,TIME_LIMIT,85903,0,0,14,6
2,8,324905.0,-1.1232950671901933,-0.8693272921435614,TIME_LIMIT,85925,0,0,14,8
2,8,325025.0,-1.1232950671901933,-0.8693272921435614,TIME_LIMIT,85950,0,0,14,5
2,8,325113.0,-1.1232411764044303,-0.8693272921435614,TIME_LIMIT,85965,0,0,14,13
2,8,325135.0,-1.1232411764044303,-0.8693272921435614,TIME_LIMIT,85982,0,0,10,7
2,8,325231.0,-1.1232396071618884,-0.8693272921435614,TIME_LIMIT,86012,0,0,16,7
2,8,325449.0,-1.1232396071618884,-0.8693272921435614,TIME_LIMIT,86038,0,0,22,27
2,8,325658.0,-1.1232338576235226,-0.8693272921435614,TIME_LIMIT,86082,0,0,12,8
2,8,325708.0,-1.1232338576235226,-0.8693272921435614,TIME_LIMIT,86100,0,0,6,3
2,8,325736.0,-1.1232307165473039,-0.8693272921435614,TIME_LIMIT,86118,0,0,6,1
2,8,325848.0,-1.1232307165473039,-0.8693272921435614,TIME_LIMIT,86143,0,0,16,7
2,8,326063.0,-1.1232263428011513,-0.8693272921435614,TIME_LIMIT,86162,0,0,13,15
2,8,326159.0,-1.1232263428011513,-0.8693272921435614,TIME_LIMIT,86186,0,0,15,15
2,8,326378.0,-1.1232178015194076,-0.8693272921435614,TIME_LIMIT,86205,0,0,14,17
2,8,326530.0,-1.1232178015194076,-0.8693272921435614,TIME_LIMIT,86229,0,0,20,19
2,8,326711.0,-1.1231655190869914,-0.8693272921435614,TIME_LIMIT,86265,0,0,14,3
2,8,326837.0,-1.1231655190869914,-0.8693272921435614,TIME_LIMIT,86294,0,0,26,11
2,8,326919.0,-1.1231298303514552,-0.8693272921435614,TIME_LIMIT,86321,0,0,11,6
2,8,327138.0,-1.1231298303514552,-0.8693272921435614,TIME_LIMIT,86340,0,0,17,27
2,8,327363.0,-1.1230956510843728,-0.8693272921435614,TIME_LIMIT,86379,0,0,21,17
2,8,327391.0,-1.1230956510843728,-0.8693272921435614,TIME_LIMIT,86403,0,0,18,10
2,8,327585.0,-1.1230825259629025,-0.8693272921435614,TIME_LIMIT,86433,0,0,13,13
2,8,327634.0,-1.1230825259629025,-0.8693272921435614,TIME_LIMIT,86454,0,0,14,19
2,8,327766.0,-1.1230655455060203,-0.8693272921435614,TIME_LIMIT,86482,0,0,14,3
2,8,327823.0,-1.1230655455060203,-0.8693272921435614,TIME_LIMIT,86500,0,0,10,18
2,8,327908.0,-1.1230496730352968,-0.8693272921435614,TIME_LIMIT,86529,0,0,10,4
2,8,327985.0,-1.1230496730352968,-0.8693272921435614,TIME_LIMIT,86545,0,0,14,17
2,8,328194.0,-1.1230256965750371,-0.8693272921435614,TIME_LIMIT,86576,0,0,11,5
2,8,328273.0,-1.1230256965750371,-0.8693272921435614,TIME_LIMIT,86599,0,0,21,14
2,8,328337.0,-1.1229912430289601,-0.8693272921435614,TIME_LIMIT,86625,0,0,11,12
2,8,328446.0,-1.1229912430289601,-0.8693272921435614,TIME_LIMIT,86645,0,0,16,23
2,8,328582.0,-1.1229371798656147,-0.8693272921435614,TIME_LIMIT,86681,0,0,17,8
2,8,328805.0,-1.1229371798656147,-0.8693272921435614,TIME_LIMIT,86702,0,0,19,20
2,8,328932.0,-1.122914003295422,-0.8693272921435614,TIME_LIMIT,86738,0,0,19,8
2,8,328977.0,-1.122914003295422,-0.8693272921435614,TIME_LIMIT,86756,0,0,16,14
2,8,329063.0,-1.122894937003906,-0.8693272921435614,TIME_LIMIT,86783,0,0,10,5
2,8,329104.0,-1.122894937003906,-0.8693272921435614,TIME_LIMIT,86800,0,0,12,19
2,8,329262.0,-1.1228901893994763,-0.8693272921435614,TIME_LIMIT,86839,0,0,13,13
2,8,329487.0,-1.1228901893994763,-0.8693272921435614,TIME_LIMIT,86862,0,0,21,24
2,8,329567.0,-1.1228839228529481,-0.8693272921435614,TIME_LIMIT,86892,0,0,9,5
2,8,329608.0,-1.1228839228529481,-0.8693272921435614,TIME_LIMIT,86912,0,0,18,11
2,8,329714.0,-1.1228651121647677,-0.8693272921435614,TIME_LIMIT,86940,0,0,15,5
2,8,329933.0,-1.1228651121647677,-0.8693272921435614,TIME_LIMIT,86973,0,0,16,22
2,8,330016.0,-1.122857543389498,-0.8693272921435614,TIME_LIMIT,87002,0,0,11,5
2,8,330089.0,-1.122857543389498,-0.8693272921435614,TIME_LIMIT,87025,0,0,18,12
2,8,330315.0,-1.1227996637937978,-0.8693272921435614,TIME_LIMIT,87061,0,0,9,4
2,8,330398.0,-1.1227996637937978,-0.8693272921435614,TIME_LIMIT,87088,0,0,21,15
2,8,330615.0,-1.1227750745204648,-0.8693272921435614,TIME_LIMIT,87112,0,0,16,10
2,8,330761.0,-1.1227750745204648,-0.8693272921435614,TIME_LIMIT,87139,0,0,24,32
2,8,330997.0,-1.1227218320628198,-0.8693272921435614,TIME_LIMIT,87180,0,0,23,12
2,8,331083.0,-1.1227218320628198,-0.8693272921435614,TIME_LIMIT,87200,0,0,18,14
2,8,331204.0,-1.1227195743487082,-0.8693272921435614,TIME_LIMIT,87236,0,0,21,7
2,8,331335.0,-1.1227195743487082,-0.8693272921435614,TIME_LIMIT,87257,0,0,18,13
2,8,331416.0,-1.1227068992859102,-0.8693272921435614,TIME_LIMIT,87289,0,0,11,3
2,8,331620.0,-1.1227068992859102,-0.8693272921435614,TIME_LIMIT,87313,0,0,21,7
2,8,331781.0,-1.1226971204154554,-0.8693272921435614,TIME_LIMIT,87348,0,0,15,14
2,8,331980.0,-1.1226971204154554,-0.8693272921435614,TIME_LIMIT,87373,0,0,21,17
2,8,332150.0,-1.1226599828377641,-0.8693272921435614,TIME_LIMIT,87408,0,0,14,6
2,8,332320.0,-1.1226599828377641,-0.8693272921435614,TIME_LIMIT,87427,0,0,23,22
2,8,332387.0,-1.1225812878762187,-0.8693272921435614,TIME_LIMIT,87460,0,0,13,9
2,8,332558.0,-1.1225812878762187,-0.8693272921435614,TIME_LIMIT,87481,0,0,8,12
2,8,332621.0,-1.1225465096282312,-0.8693272921435614,TIME_LIMIT,87511,0,0,14,5
2,8,332735.0,-1.1225465096282312,-0.8693272921435614,TIME_LIMIT,87531,0,0,17,16
2,8,332860.0,-1.122507502935342,-0.8693272921435614,TIME_LIMIT,87562,0,0,18,15
2,8,333023.0,-1.122507502935342,-0.8693272921435614,TIME_LIMIT,87586,0,0,20,9
2,8,333115.0,-1.1224723915496242,-0.8693272921435614,TIME_LIMIT,87617,0,0,14,8
2,8,333338.0,-1.1224723915496242,-0.8693272921435614,TIME_LIMIT,87639,0,0,22,18
2,8,333549.0,-1.1224571900863705,-0.8693272921435614,TIME_LIMIT,87679,0,0,8,5
2,8,333614.0,-1.1224571900863705,-0.8693272921435614,TIME_LIMIT,87698,0,0,12,7
2,8,333668.0,-1.1224494818080262,-0.8693272921435614,TIME_LIMIT,87725,0,0,13,5
2,8,333832.0,-1.1224494818080262,-0.8693272921435614,TIME_LIMIT,87750,0,0,11,32
2,8,333942.0,-1.1224443246541425,-0.8693272921435614,TIME_LIMIT,87782,0,0,17,8
2,8,334151.0,-1.1224443246541425,-0.8693272921435614,TIME_LIMIT,87805,0,0,21,17
2,8,334266.0,-1.1224173349903679,-0.8693272921435614,TIME_LIMIT,87840,0,0,18,7
2,8,334482.0,-1.1224173349903679,-0.8693272921435614,TIME_LIMIT,87862,0,0,26,18
2,8,334707.0,-1.122364110751122,-0.8693272921435614,TIME_LIMIT,87896,0,0,13,3
2,8,334927.0,-1.122364110751122,-0.8693272921435614,TIME_LIMIT,87919,0,0,24,21
2,8,335147.0,-1.1223636141988076,-0.8693272921435614,TIME_LIMIT,87956,0,0,19,10
2,8,335192.0,-1.1223636141988076,-0.8693272921435614,TIME_LIMIT,87968,0,0,16,9
2,8,335272.0,-1.1223625123808332,-0.8693272921435614,TIME_LIMIT,87994,0,0,15,1
2,8,335360.0,-1.1223625123808332,-0.8693272921435614,TIME_LIMIT,88009,0,0,13,14
2,8,335399.0,-1.1223280334360541,-0.8693272921435614,TIME_LIMIT,88031,0,0,10,3
2,8,335493.0,-1.1223280334360541,-0.8693272921435614,TIME_LIMIT,88050,0,0,11,15
2,8,335554.0,-1.1223250905119098,-0.8693272921435614,TIME_LIMIT,88075,0,0,9,5
2,8,335617.0,-1.1223250905119098,-0.8693272921435614,TIME_LIMIT,88093,0,0,17,10
2,8,335757.0,-1.1222750353334319,-0.8693272921435614,TIME_LIMIT,88128,0,0,15,11
2,8,335961.0,-1.1222750353334319,-0.8693272921435614,TIME_LIMIT,88155,0,0,20,13
2,8,336110.0,-1.1222560028899515,-0.8693272921435614,TIME_LIMIT,88189,0,0,17,11
2,8,336156.0,-1.1222560028899515,-0.8693272921435614,TIME_LIMIT,88209,0,0,17,11
2,8,336223.0,-1.1222470610438147,-0.8693272921435614,TIME_LIMIT,88236,0,0,10,6
2,8,336369.0,-1.1222470610438147,-0.8693272921435614,TIME_LIMIT,88262,0,0,27,15
2,8,336573.0,-1.1222285181741,-0.8693272921435614,TIME_LIMIT,88295,0,0,15,10
2,8,336705.0,-1.1222285181741,-0.8693272921435614,TIME_LIMIT,88315,0,0,14,16
2,8,336815.0,-1.122218541071827,-0.8693272921435614,TIME_LIMIT,88346,0,0,15,11
2,8,337001.0,-1.122218541071827,-0.8693272921435614,TIME_LIMIT,88376,0,0,26,24
2,8,337201.0,-1.1222024110538762,-0.8693272921435614,TIME_LIMIT,88416,0,0,19,15
2,8,337272.0,-1.1222024110538762,-0.8693272921435614,TIME_LIMIT,88444,0,0,7,3
2,8,337316.0,-1.12217905281492,-0.8693272921435614,TIME_LIMIT,88463,0,0,14,5
2,8,337458.0,-1.12217905281492,-0.8693272921435614,TIME_LIMIT,88489,0,0,9,9
2,8,337588.0,-1.1221385758761167,-0.8693272921435614,TIME_LIMIT,88521,0,0,20,6
2,8,337791.0,-1.1221385758761167,-0.8693272921435614,TIME_LIMIT,88544,0,0,17,11
2,8,337989.0,-1.1221177264367779,-0.8693272921435614,TIME_LIMIT,88573,0,0,13,9
2,8,338077.0,-1.1221177264367779,-0.8693272921435614,TIME_LIMIT,88603,0,0,13,6
2,8,338161.0,-1.122070605148214,-0.8693272921435614,TIME_LIMIT,88622,0,0,15,9
2,8,338301.0,-1.122070605148214,-0.8693272921435614,TIME_LIMIT,88649,0,0,20,12
2,8,338421.0,-1.1220487051662966,-0.8693272921435614,TIME_LIMIT,88672,0,0,17,11
2,8,338577.0,-1.1220487051662966,-0.8693272921435614,TIME_LIMIT,88699,0,0,11,15
2,8,338725.0,-1.121989038202396,-0.8693272921435614,TIME_LIMIT,88737,0,0,13,7
2,8,338897.0,-1.121989038202396,-0.8693272921435614,TIME_LIMIT,88757,0,0,13,9
2,8,338935.0,-1.1219779365080536,-0.8693272921435614,TIME_LIMIT,88777,0,0,6,5
2,8,339134.0,-1.1219779365080536,-0.8693272921435614,TIME_LIMIT,88801,0,0,18,14
2,8,339320.0,-1.1219732174717603,-0.8693272921435614,TIME_LIMIT,88838,0,0,13,18
2,8,339430.0,-1.1219732174717603,-0.8693272921435614,TIME_LIMIT,88861,0,0,23,24
2,8,339621.0,-1.1219573446027713,-0.8693272921435614,TIME_LIMIT,88898,0,0,14,6
2,8,339764.0,-1.1219573446027713,-0.8693272921435614,TIME_LIMIT,88922,0,0,14,17
2,8,339974.0,-1.1219118050779828,-0.8693272921435614,TIME_LIMIT,88959,0,0,17,11
2,8,340048.0,-1.1219118050779828,-0.8693272921435614,TIME_LIMIT,88981,0,0,6,9
2,8,340094.0,-1.121902673783645,-0.8693272921435614,TIME_LIMIT,89001,0,0,5,3
2,8,340142.0,-1.121902673783645,-0.8693272921435614,TIME_LIMIT,89019,0,0,18,16
2,8,340285.0,-1.1218845376464515,-0.8693272921435614,TIME_LIMIT,89056,0,0,15,6
2,8,340415.0,-1.1218845376464515,-0.8693272921435614,TIME_LIMIT,89076,0,0,13,17
2,8,340607.0,-1.1218635142184588,-0.8693272921435614,TIME_LIMIT,89110,0,0,20,13
2,8,340632.0,-1.1218635142184588,-0.8693272921435614,TIME_LIMIT,89123,0,0,7,9
2,8,340707.0,-1.1218268989064266,-0.8693272921435614,TIME_LIMIT,89143,0,0,5,5
2,8,340765.0,-1.1218268989064266,-0.8693272921435614,TIME_LIMIT,89160,0,0,11,3
2,8,340809.0,-1.1218218139483693,-0.8693272921435614,TIME_LIMIT,89181,0,0,9,5
2,8,340840.0,-1.1218218139483693,-0.8693272921435614,TIME_LIMIT,89201,0,0,21,7
2,8,341008.0,-1.1218073171901977,-0.8693272921435614,TIME_LIMIT,89230,0,0,13,9
2,8,341056.0,-1.1218073171901977,-0.8693272921435614,TIME_LIMIT,89250,0,0,21,15
2,8,341227.0,-1.121805722594776,-0.8693272921435614,TIME_LIMIT,89287,0,0,15,14
2,8,341443.0,-1.121805722594776,-0.8693272921435614,TIME_LIMIT,89317,0,0,22,19
2,8,341592.0,-1.1217889513720092,-0.8693272921435614,TIME_LIMIT,89355,0,0,18,12
2,8,341650.0,-1.1217889513720092,-0.8693272921435614,TIME_LIMIT,89370,0,0,14,10
2,8,341785.0,-1.1217880411855563,-0.8693272921435614,TIME_LIMIT,89400,0,0,14,7
2,8,341899.0,-1.1217880411855563,-0.8693272921435614,TIME_LIMIT,89424,0,0,19,21
2,8,342103.0,-1.1216541775839342,-0.8693272921435614,TIME_LIMIT,89455,0,0,13,6
2,8,342175.0,-1.1216541775839342,-0.8693272921435614,TIME_LIMIT,89476,0,0,18,19
2,8,342306.0,-1.1216514457999467,-0.8693272921435614,TIME_LIMIT,89511,0,0,15,8
2,8,342382.0,-1.1216514457999467,-0.8693272921435614,TIME_LIMIT,89533,0,0,21,15
2,8,342584.0,-1.1215706351422887,-0.8693272921435614,TIME_LIMIT,89567,0,0,19,13
2,8,342687.0,-1.1215706351422887,-0.8693272921435614,TIME_LIMIT,89590,0,0,13,11
2,8,342733.0,-1.121562459558774,-0.8693272921435614,TIME_LIMIT,89608,0,0,13,7
2,8,342871.0,-1.121562459558774,-0.8693272921435614,TIME_LIMIT,89629,0,0,13,9
2,8,342909.0,-1.1215545942395662,-0.8693272921435614,TIME_LIMIT,89642,0,0,8,2
2,8,342975.0,-1.1215545942395662,-0.8693272921435614,TIME_LIMIT,89664,0,0,9,2
2,8,343090.0,-1.1215260560880995,-0.8693272921435614,TIME_LIMIT,89688,0,0,3,5
2,8,343159.0,-1.1215260560880995,-0.8693272921435614,TIME_LIMIT,89712,0,0,21,10
2,8,343273.0,-1.121500898926704,-0.8693272921435614,TIME_LIMIT,89744,0,0,10,12
2,8,343367.0,-1.121500898926704,-0.8693272921435614,TIME_LIMIT,89763,0,0,15,11
2,8,343578.0,-1.1214846243128362,-0.8693272921435614,TIME_LIMIT,89791,0,0,12,9
2,8,343626.0,-1.1214846243128362,-0.8693272921435614,TIME_LIMIT,89814,0,0,15,15
2,8,343680.0,-1.1214453038671315,-0.8693272921435614,TIME_LIMIT,89836,0,0,11,5
2,8,343770.0,-1.1214453038671315,-0.8693272921435614,TIME_LIMIT,89859,0,0,16,18
2,8,343890.0,-1.121435696054804,-0.8693272921435614,TIME_LIMIT,89891,0,0,14,8
2,8,344000.0,-1.121435696054804,-0.8693272921435614,TIME_LIMIT,89916,0,0,13,8
2,8,344048.0,-1.121284389381267,-0.8693272921435614,TIME_LIMIT,89942,0,0,8,7
2,8,344245.0,-1.121284389381267,-0.8693272921435614,TIME_LIMIT,89965,0,0,16,9
2,8,344395.0,-1.121218968959337,-0.8693272921435614,TIME_LIMIT,89993,0,0,19,6
2,8,344497.0,-1.121218968959337,-0.8693272921435614,TIME_LIMIT,90015,0,0,11,8
2,8,344613.0,-1.1212127023119765,-0.8693272921435614,TIME_LIMIT,90047,0,0,9,7
2,8,344713.0,-1.1212127023119765,-0.8693272921435614,TIME_LIMIT,90068,0,0,9,12
2,8,344866.0,-1.121202058783796,-0.8693272921435614,TIME_LIMIT,90102,0,0,15,7
2,8,345090.0,-1.121202058783796,-0.8693272921435614,TIME_LIMIT,90127,0,0,21,14
2,8,345291.0,-1.1211940369441846,-0.8693272921435614,TIME_LIMIT,90161,0,0,8,13
2,8,345407.0,-1.1211940369441846,-0.8693272921435614,TIME_LIMIT,90188,0,0,21,21
2,8,345473.0,-1.121188781428939,-0.8693272921435614,TIME_LIMIT,90222,0,0,6,5
2,8,345666.0,-1.121188781428939,-0.8693272921435614,TIME_LIMIT,90251,0,0,26,29
2,8,345890.0,-1.1211213639076698,-0.8693272921435614,TIME_LIMIT,90288,0,0,14,12
2,8,345952.0,-1.1211213639076698,-0.8693272921435614,TIME_LIMIT,90312,0,0,15,8
2,8,346055.0,-1.1211165060777617,-0.8693272921435614,TIME_LIMIT,90342,0,0,8,9
2,8,346112.0,-1.1211165060777617,-0.8693272921435614,TIME_LIMIT,90363,0,0,13,11
2,8,346203.0,-1.1211082325503607,-0.8693272921435614,TIME_LIMIT,90385,0,0,15,5
2,8,346235.0,-1.1211082325503607,-0.8693272921435614,TIME_LIMIT,90401,0,0,4,8
2,8,346244.0,-1.1210980366655294,-0.8693272921435614,TIME_LIMIT,90415,0,0,7,1
2,8,346304.0,-1.1210980366655294,-0.8693272921435614,TIME_LIMIT,90437,0,0,28,14
2,8,346499.0,-1.121069556735939,-0.8693272921435614,TIME_LIMIT,90477,0,0,5,6
2,8,346620.0,-1.121069556735939,-0.8693272921435614,TIME_LIMIT,90502,0,0,21,8
2,8,346836.0,-1.1210312814022265,-0.8693272921435614,TIME_LIMIT,90536,0,0,17,9
2,8,347021.0,-1.1210312814022265,-0.8693272921435614,TIME_LIMIT,90558,0,0,19,16
2,8,347201.0,-1.1210135290987084,-0.8693272921435614,TIME_LIMIT,90591,0,0,16,9
2,8,347402.0,-1.1210135290987084,-0.8693272921435614,TIME_LIMIT,90623,0,0,23,22
2,8,347549.0,-1.121012516681208,-0.8693272921435614,TIME_LIMIT,90664,0,0,17,10
2,8,347604.0,-1.121012516681208,-0.8693272921435614,TIME_LIMIT,90680,0,0,14,16
2,8,347814.0,-1.1209902389214792,-0.8693272921435614,TIME_LIMIT,90711,0,0,19,4
2,8,347857.0,-1.1209902389214792,-0.8693272921435614,TIME_LIMIT,90730,0,0,16,14
2,8,347977.0,-1.1209563058359235,-0.8693272921435614,TIME_LIMIT,90761,0,0,10,4
2,8,348126.0,-1.1209563058359235,-0.8693272921435614,TIME_LIMIT,90784,0,0,19,29
2,8,348309.0,-1.1209323495537573,-0.8693272921435614,TIME_LIMIT,90825,0,0,22,7
2,8,348526.0,-1.1209323495537573,-0.8693272921435614,TIME_LIMIT,90850,0,0,27,22
2,8,348696.0,-1.1209027593255172,-0.8693272921435614,TIME_LIMIT,90887,0,0,17,12
2,8,348745.0,-1.1209027593255172,-0.8693272921435614,TIME_LIMIT,90908,0,0,12,7
2,8,348762.0,-1.1208985495495956,-0.8693272921435614,TIME_LIMIT,90921,0,0,8,3
2,8,348801.0,-1.1208985495495956,-0.8693272921435614,TIME_LIMIT,90941,0,0,13,17
2,8,348898.0,-1.1208806743000626,-0.8693272921435614,TIME_LIMIT,90966,0,0,9,5
2,8,348956.0,-1.1208806743000626,-0.8693272921435614,TIME_LIMIT,90983,0,0,13,14
2,8,349025.0,-1.1208629228362745,-0.8693272921435614,TIME_LIMIT,91010,0,0,11,4
2,8,349248.0,-1.1208629228362745,-0.8693272921435614,TIME_LIMIT,91036,0,0,20,11
2,8,349472.0,-1.1208399423581967,-0.8693272921435614,TIME_LIMIT,91076,0,0,15,13
2,8,349696.0,-1.1208399423581967,-0.8693272921435614,TIME_LIMIT,91097,0,0,28,31
2,8,349884.0,-1.1208374429846006,-0.8693272921435614,TIME_LIMIT,91138,0,0,15,17
2,8,350020.0,-1.1208374429846006,-0.8693272921435614,TIME_LIMIT,91163,0,0,18,20
2,8,350095.0,-1.1208201497628498,-0.8693272921435614,TIME_LIMIT,91187,0,0,12,7
2,8,350240.0,-1.1208201497628498,-0.8693272921435614,TIME_LIMIT,91208,0,0,23,18
2,8,350332.0,-1.1207955419600102,-0.8693272921435614,TIME_LIMIT,91241,0,0,18,11
2,8,350451.0,-1.1207955419600102,-0.8693272921435614,TIME_LIMIT,91269,0,0,21,16
2,8,350630.0,-1.1207790381687266,-0.8693272921435614,TIME_LIMIT,91311,0,0,12,15
2,8,350764.0,-1.1207790381687266,-0.8693272921435614,TIME_LIMIT,91330,0,0,9,8
2,8,350862.0,-1.1207491222436745,-0.8693272921435614,TIME_LIMIT,91359,0,0,11,5
2,8,351066.0,-1.1207491222436745,-0.8693272921435614,TIME_LIMIT,91388,0,0,17,10
2,8,351109.0,-1.120721181702927,-0.8693272921435614,TIME_LIMIT,91411,0,0,13,11
2,8,351233.0,-1.120721181702927,-0.8693272921435614,TIME_LIMIT,91439,0,0,9,19
2,8,351356.0,-1.1207017207355143,-0.8693272921435614,TIME_LIMIT,91470,0,0,9,15
2,8,351410.0,-1.1207017207355143,-0.8693272921435614,TIME_LIMIT,91490,0,0,10,5
2,8,351449.0,-1.1206967406584551,-0.8693272921435614,TIME_LIMIT,91505,0,0,8,7
2,8,351505.0,-1.1206967406584551,-0.8693272921435614,TIME_LIMIT,91527,0,0,19,6
2,8,351557.0,-1.1206860051952467,-0.8693272921435614,TIME_LIMIT,91550,0,0,7,7
2,8,351613.0,-1.1206860051952467,-0.8693272921435614,TIME_LIMIT,91567,0,0,21,18
2,8,351775.0,-1.120667572137272,-0.8693272921435614,TIME_LIMIT,91601,0,0,11,11
2,8,351878.0,-1.120667572137272,-0.8693272921435614,TIME_LIMIT,91624,0,0,16,7
2,8,351899.0,-1.1206607202561703,-0.8693272921435614,TIME_LIMIT,91640,0,0,12,9
2,8,351962.0,-1.1206607202561703,-0.8693272921435614,TIME_LIMIT,91660,0,0,10,6
2,8,351992.0,-1.1206335945059636,-0.8693272921435614,TIME_LIMIT,91680,0,0,7,1
2,8,352142.0,-1.1206335945059636,-0.8693272921435614,TIME_LIMIT,91705,0,0,11,7
2,8,352324.0,-1.1206264329459084,-0.8693272921435614,TIME_LIMIT,91741,0,0,5,6
2,8,352424.0,-1.1206264329459084,-0.8693272921435614,TIME_LIMIT,91766,0,0,23,17
2,8,352578.0,-1.1205314620827904,-0.8693272921435614,TIME_LIMIT,91801,0,0,14,7
2,8,352625.0,-1.1205314620827904,-0.8693272921435614,TIME_LIMIT,91819,0,0,17,12
2,8,352701.0,-1.120524992180633,-0.8693272921435614,TIME_LIMIT,91847,0,0,8,5
2,8,352749.0,-1.120524992180633,-0.8693272921435614,TIME_LIMIT,91862,0,0,15,13
2,8,352831.0,-1.1205096994829917,-0.8693272921435614,TIME_LIMIT,91891,0,0,15,5
2,8,352923.0,-1.1205096994829917,-0.8693272921435614,TIME_LIMIT,91913,0,0,21,11
2,8,353062.0,-1.1205038226584443,-0.8693272921435614,TIME_LIMIT,91949,0,0,18,12
2,8,353175.0,-1.1205038226584443,-0.8693272921435614,TIME_LIMIT,91968,0,0,17,19
2,8,353378.0,-1.1204914924654612,-0.8693272921435614,TIME_LIMIT,92006,0,0,13,9
2,8,353601.0,-1.1204914924654612,-0.8693272921435614,TIME_LIMIT,92029,0,0,15,25
2,8,353747.0,-1.120478287813376,-0.8693272921435614,TIME_LIMIT,92066,0,0,8,6
2,8,353842.0,-1.120478287813376,-0.8693272921435614,TIME_LIMIT,92098,0,0,26,20
2,8,354066.0,-1.1204630941089666,-0.8693272921435614,TIME_LIMIT,92135,0,0,12,10
2,8,354250.0,-1.1204630941089666,-0.8693272921435614,TIME_LIMIT,92153,0,0,18,15
2,8,354446.0,-1.1204376833618959,-0.8693272921435614,TIME_LIMIT,92191,0,0,12,10
2,8,354488.0,-1.1204376833618959,-0.8693272921435614,TIME_LIMIT,92217,0,0,13,4
2,8,354568.0,-1.1204135862846933,-0.8693272921435614,TIME_LIMIT,92236,0,0,8,8
2,8,354658.0,-1.1204135862846933,-0.8693272921435614,TIME_LIMIT,92256,0,0,16,13
2,8,354864.0,-1.120386967682829,-0.8693272921435614,TIME_LIMIT,92285,0,0,10,8
2,8,355070.0,-1.120386967682829,-0.8693272921435614,TIME_LIMIT,92306,0,0,14,11
2,8,355208.0,-1.1203154475585406,-0.8693272921435614,TIME_LIMIT,92342,0,0,18,10
2,8,355251.0,-1.1203154475585406,-0.8693272921435614,TIME_LIMIT,92362,0,0,12,5
2,8,355274.0,-1.1202936346602466,-0.8693272921435614,TIME_LIMIT,92383,0,0,4,2
2,8,355382.0,-1.1202936346602466,-0.8693272921435614,TIME_LIMIT,92408,0,0,7,6
2,8,355483.0,-1.1202854474200405,-0.8693272921435614,TIME_LIMIT,92434,0,0,12,6
2,8,355577.0,-1.1202854474200405,-0.8693272921435614,TIME_LIMIT,92461,0,0,19,16
2,8,355641.0,-1.120263859781475,-0.8693272921435614,TIME_LIMIT,92493,0,0,15,8
2,8,355709.0,-1.120263859781475,-0.8693272921435614,TIME_LIMIT,92513,0,0,14,9
2,8,355761.0,-1.1202444455872287,-0.8693272921435614,TIME_LIMIT,92542,0,0,13,7
2,8,355981.0,-1.1202444455872287,-0.8693272921435614,TIME_LIMIT,92563,0,0,19,22
2,8,356169.0,-1.120147656083327,-0.8693272921435614,TIME_LIMIT,92600,0,0,19,15
2,8,356282.0,-1.120147656083327,-0.8693272921435614,TIME_LIMIT,92621,0,0,11,15
2,8,356505.0,-1.1201451936280646,-0.8693272921435614,TIME_LIMIT,92659,0,0,15,7
2,8,356602.0,-1.1201451936280646,-0.8693272921435614,TIME_LIMIT,92678,0,0,17,17
2,8,356679.0,-1.1201301736808669,-0.8693272921435614,TIME_LIMIT,92707,0,0,13,8
2,8,356752.0,-1.1201301736808669,-0.8693272921435614,TIME_LIMIT,92731,0,0,9,23
2,8,356806.0,-1.1201200655723988,-0.8693272921435614,TIME_LIMIT,92755,0,0,9,6
2,8,356863.0,-1.1201200655723988,-0.8693272921435614,TIME_LIMIT,92776,0,0,12,14
2,8,356937.0,-1.12011429154224,-0.8693272921435614,TIME_LIMIT,92807,0,0,10,10
2,8,356986.0,-1.12011429154224,-0.8693272921435614,TIME_LIMIT,92826,0,0,18,9
2,8,357100.0,-1.1201066491711382,-0.8693272921435614,TIME_LIMIT,92859,0,0,14,7
2,8,357250.0,-1.1201066491711382,-0.8693272921435614,TIME_LIMIT,92881,0,0,19,14
2,8,357355.0,-1.1201012524813723,-0.8693272921435614,TIME_LIMIT,92914,0,0,13,4
2,8,357386.0,-1.1201012524813723,-0.8693272921435614,TIME_LIMIT,92930,0,0,8,14
2,8,357415.0,-1.1200888430740417,-0.8693272921435614,TIME_LIMIT,92953,0,0,8,6
2,8,357470.0,-1.1200888430740417,-0.8693272921435614,TIME_LIMIT,92976,0,0,14,13
2,8,357694.0,-1.1200816568163594,-0.8693272921435614,TIME_LIMIT,92999,0,0,17,7
2,8,357919.0,-1.1200816568163594,-0.8693272921435614,TIME_LIMIT,93019,0,0,13,3
2,8,358149.0,-1.120070426439843,-0.8693272921435614,TIME_LIMIT,93048,0,0,10,8
2,8,358207.0,-1.120070426439843,-0.8693272921435614,TIME_LIMIT,93066,0,0,6,6
2,8,358259.0,-1.1200535112653587,-0.8693272921435614,TIME_LIMIT,93097,0,0,11,3
2,8,358335.0,-1.1200535112653587,-0.8693272921435614,TIME_LIMIT,93120,0,0,10,18
2,8,358390.0,-1.1200511407044718,-0.8693272921435614,TIME_LIMIT,93147,0,0,13,6
2,8,358600.0,-1.1200511407044718,-0.8693272921435614,TIME_LIMIT,93169,0,0,9,25
2,8,358690.0,-1.1200445997705186,-0.8693272921435614,TIME_LIMIT,93204,0,0,16,9
2,8,358896.0,-1.1200445997705186,-0.8693272921435614,TIME_LIMIT,93229,0,0,20,26
2,8,359102.0,-1.12004398903931,-0.8693272921435614,TIME_LIMIT,93269,0,0,17,9
2,8,359308.0,-1.12004398903931,-0.8693272921435614,TIME_LIMIT,93293,0,0,19,30
2,8,359528.0,-1.1200106879236065,-0.8693272921435614,TIME_LIMIT,93330,0,0,17,16
2,8,359654.0,-1.1200106879236065,-0.8693272921435614,TIME_LIMIT,93349,0,0,5,7
2,8,359707.0,-1.120009703132869,-0.8693272921435614,TIME_LIMIT,93376,0,0,16,9
2,8,359748.0,-1.120009703132869,-0.8693272921435614,TIME_LIMIT,93398,0,0,18,9
2,8,359810.0,-1.1199693799871508,-0.8693272921435614,TIME_LIMIT,93421,0,0,9,7
2,8,360033.0,-1.1199693799871508,-0.8693272921435614,TIME_LIMIT,93440,0,0,9,18
2,8,360223.0,-1.1199617250587741,-0.8693272921435614,TIME_LIMIT,93478,0,0,9,14
2,8,360323.0,-1.1199617250587741,-0.8693272921435614,TIME_LIMIT,93503,0,0,13,32
2,8,360547.0,-1.1199520636996678,-0.8693272921435614,TIME_LIMIT,93540,0,0,14,16
2,8,360642.0,-1.1199520636996678,-0.8693272921435614,TIME_LIMIT,93559,0,0,17,11
2,8,360787.0,-1.1198932692906554,-0.8693272921435614,TIME_LIMIT,93585,0,0,12,5
2,8,361003.0,-1.1198932692906554,-0.8693272921435614,TIME_LIMIT,93606,0,0,16,18
2,8,361107.0,-1.1198549106728555,-0.8693272921435614,TIME_LIMIT,93636,0,0,13,6
2,8,361145.0,-1.1198549106728555,-0.8693272921435614,TIME_LIMIT,93653,0,0,15,6
2,8,361195.0,-1.1198453423406378,-0.8693272921435614,TIME_LIMIT,93675,0,0,9,6
2,8,361231.0,-1.1198453423406378,-0.8693272921435614,TIME_LIMIT,93697,0,0,22,13
2,8,361401.0,-1.1198328838300364,-0.8693272921435614,TIME_LIMIT,93732,0,0,19,14
2,8,361623.0,-1.1198328838300364,-0.8693272921435614,TIME_LIMIT,93762,0,0,19,12
2,8,361846.0,-1.119799343338989,-0.8693272921435614,TIME_LIMIT,93780,0,0,18,9
2,8,361983.0,-1.119799343338989,-0.8693272921435614,TIME_LIMIT,93797,0,0,23,22
2,8,362195.0,-1.1197875207334684,-0.8693272921435614,TIME_LIMIT,93840,0,0,20,10
2,8,362385.0,-1.1197875207334684,-0.8693272921435614,TIME_LIMIT,93860,0,0,9,12
2,8,362452.0,-1.1197779388546363,-0.8693272921435614,TIME_LIMIT,93890,0,0,14,8
2,8,362487.0,-1.1197779388546363,-0.8693272921435614,TIME_LIMIT,93912,0,0,12,11
2,8,362534.0,-1.1197700001609996,-0.8693272921435614,TIME_LIMIT,93941,0,0,11,8
2,8,362595.0,-1.1197700001609996,-0.8693272921435614,TIME_LIMIT,93963,0,0,13,3
2,8,362638.0,-1.1197498424345438,-0.8693272921435614,TIME_LIMIT,93985,0,0,12,10
2,8,362778.0,-1.1197498424345438,-0.8693272921435614,TIME_LIMIT,94009,0,0,17,22
2,8,362972.0,-1.1197326318673548,-0.8693272921435614,TIME_LIMIT,94047,0,0,4,8
2,8,363046.0,-1.1197326318673548,-0.8693272921435614,TIME_LIMIT,94071,0,0,4,13
2,8,363114.0,-1.1197209345917043,-0.8693272921435614,TIME_LIMIT,94089,0,0,9,2
2,8,363171.0,-1.1197209345917043,-0.8693272921435614,TIME_LIMIT,94112,0,0,10,9
2,8,363197.0,-1.1197043594553262,-0.8693272921435614,TIME_LIMIT,94131,0,0,15,6
2,8,363256.0,-1.1197043594553262,-0.8693272921435614,TIME_LIMIT,94152,0,0,13,5
2,8,363300.0,-1.1196757520322662,-0.8693272921435614,TIME_LIMIT,94174,0,0,5,2
2,8,363439.0,-1.1196757520322662,-0.8693272921435614,TIME_LIMIT,94199,0,0,21,20
2,8,363661.0,-1.1196632999423664,-0.8693272921435614,TIME_LIMIT,94234,0,0,18,7
2,8,363742.0,-1.1196632999423664,-0.8693272921435614,TIME_LIMIT,94258,0,0,17,10
2,8,363877.0,-1.1195970137889506,-0.8693272921435614,TIME_LIMIT,94289,0,0,16,11
2,8,364066.0,-1.1195970137889506,-0.8693272921435614,TIME_LIMIT,94311,0,0,17,16
2,8,364168.0,-1.1195941808751833,-0.8693272921435614,TIME_LIMIT,94340,0,0,10,5
2,8,364233.0,-1.1195941808751833,-0.8693272921435614,TIME_LIMIT,94358,0,0,8,4
2,8,364428.0,-1.1195921747046456,-0.8693272921435614,TIME_LIMIT,94392,0,0,14,12
2,8,364480.0,-1.1195921747046456,-0.8693272921435614,TIME_LIMIT,94413,0,0,14,15
2,8,364556.0,-1.1195669540003457,-0.8693272921435614,TIME_LIMIT,94443,0,0,11,7
2,8,364598.0,-1.1195669540003457,-0.8693272921435614,TIME_LIMIT,94458,0,0,8,5
2,8,364636.0,-1.1195594635447013,-0.8693272921435614,TIME_LIMIT,94480,0,0,4,4
2,8,364688.0,-1.1195594635447013,-0.8693272921435614,TIME_LIMIT,94495,0,0,9,6
2,8,364731.0,-1.1195363273678907,-0.8693272921435614,TIME_LIMIT,94518,0,0,3,1
2,8,364842.0,-1.1195363273678907,-0.8693272921435614,TIME_LIMIT,94541,0,0,13,18
2,8,364936.0,-1.119534138824502,-0.8693272921435614,TIME_LIMIT,94572,0,0,13,4
2,8,364993.0,-1.119534138824502,-0.8693272921435614,TIME_LIMIT,94602,0,0,9,3
2,8,365089.0,-1.1195325150655804,-0.8693272921435614,TIME_LIMIT,94626,0,0,13,12
2,8,365149.0,-1.1195325150655804,-0.8693272921435614,TIME_LIMIT,94643,0,0,17,16
2,8,365207.0,-1.1195296996800517,-0.8693272921435614,TIME_LIMIT,94672,0,0,4,5
2,8,365264.0,-1.1195296996800517,-0.8693272921435614,TIME_LIMIT,94694,0,0,20,10
2,8,365334.0,-1.1195179837860496,-0.8693272921435614,TIME_LIMIT,94722,0,0,13,7
2,8,365469.0,-1.1195179837860496,-0.8693272921435614,TIME_LIMIT,94741,0,0,27,31
2,8,365604.0,-1.119488785743117,-0.8693272921435614,TIME_LIMIT,94778,0,0,19,6
2,8,365768.0,-1.119488785743117,-0.8693272921435614,TIME_LIMIT,94806,0,0,19,16
2,8,365967.0,-1.1194845932705513,-0.8693272921435614,TIME_LIMIT,94842,0,0,15,14
2,8,366130.0,-1.1194845932705513,-0.8693272921435614,TIME_LIMIT,94869,0,0,21,20
2,8,366221.0,-1.1194727480437627,-0.8693272921435614,TIME_LIMIT,94895,0,0,12,17
2,8,366350.0,-1.1194727480437627,-0.8693272921435614,TIME_LIMIT,94913,0,0,13,10
2,8,366419.0,-1.1194720546821961,-0.8693272921435614,TIME_LIMIT,94933,0,0,13,6
2,8,366448.0,-1.1194720546821961,-0.8693272921435614,TIME_LIMIT,94948,0,0,12,5
2,8,366493.0,-1.119464763777296,-0.8693272921435614,TIME_LIMIT,94974,0,0,13,4
2,8,366627.0,-1.119464763777296,-0.8693272921435614,TIME_LIMIT,94998,0,0,19,25
2,8,366702.0,-1.1194314141351347,-0.8693272921435614,TIME_LIMIT,95029,0,0,17,5
2,8,366726.0,-1.1194314141351347,-0.8693272921435614,TIME_LIMIT,95045,0,0,13,7
2,8,366757.0,-1.1194284215224748,-0.8693272921435614,TIME_LIMIT,95070,0,0,5,2
2,8,366964.0,-1.1194284215224748,-0.8693272921435614,TIME_LIMIT,95100,0,0,12,5
2,8,367014.0,-1.119418971224268,-0.8693272921435614,TIME_LIMIT,95119,0,0,15,11
2,8,367083.0,-1.119418971224268,-0.8693272921435614,TIME_LIMIT,95143,0,0,23,11
2,8,367216.0,-1.1194002534349083,-0.8693272921435614,TIME_LIMIT,95182,0,0,21,10
2,8,367429.0,-1.1194002534349083,-0.8693272921435614,TIME_LIMIT,95213,0,0,21,37
2,8,367595.0,-1.1193811791520174,-0.8693272921435614,TIME_LIMIT,95239,0,0,17,18
2,8,367679.0,-1.1193811791520174,-0.8693272921435614,TIME_LIMIT,95257,0,0,13,9
2,8,367794.0,-1.119376471123724,-0.8693272921435614,TIME_LIMIT,95281,0,0,11,10
2,8,367984.0,-1.119376471123724,-0.8693272921435614,TIME_LIMIT,95305,0,0,20,13
2,8,368143.0,-1.1193418186074153,-0.8693272921435614,TIME_LIMIT,95344,0,0,19,11
2,8,368168.0,-1.1193418186074153,-0.8693272921435614,TIME_LIMIT,95362,0,0,18,8
2,8,368361.0,-1.1193073211559033,-0.8693272921435614,TIME_LIMIT,95391,0,0,10,5
2,8,368395.0,-1.1193073211559033,-0.8693272921435614,TIME_LIMIT,95410,0,0,17,8
2,8,368444.0,-1.1193062823502578,-0.8693272921435614,TIME_LIMIT,95439,0,0,4,4
2,8,368540.0,-1.1193062823502578,-0.8693272921435614,TIME_LIMIT,95460,0,0,17,6
2,8,368630.0,-1.119283945124446,-0.8693272921435614,TIME_LIMIT,95497,0,0,17,14
2,8,368707.0,-1.119283945124446,-0.8693272921435614,TIME_LIMIT,95517,0,0,15,13
2,8,368750.0,-1.1192719560615112,-0.8693272921435614,TIME_LIMIT,95544,0,0,14,5
2,8,368834.0,-1.1192719560615112,-0.8693272921435614,TIME_LIMIT,95570,0,0,19,22
2,8,368991.0,-1.1192629541827388,-0.8693272921435614,TIME_LIMIT,95601,0,0,10,15
2,8,369098.0,-1.1192629541827388,-0.8693272921435614,TIME_LIMIT,95623,0,0,16,16
2,8,369231.0,-1.1192358737977899,-0.8693272921435614,TIME_LIMIT,95654,0,0,19,3
2,8,369381.0,-1.1192358737977899,-0.8693272921435614,TIME_LIMIT,95684,0,0,20,12
2,8,369448.0,-1.11914380491011,-0.8693272921435614,TIME_LIMIT,95706,0,0,6,7
2,8,369471.0,-1.11914380491011,-0.8693272921435614,TIME_LIMIT,95720,0,0,6,1
2,8,369503.0,-1.1191165928427873,-0.8693272921435614,TIME_LIMIT,95741,0,0,6,4
2,8,369652.0,-1.1191165928427873,-0.8693272921435614,TIME_LIMIT,95765,0,0,22,12
2,8,369739.0,-1.1191076865174328,-0.8693272921435614,TIME_LIMIT,95800,0,0,13,6
2,8,369922.0,-1.1191076865174328,-0.8693272921435614,TIME_LIMIT,95823,0,0,21,15
2,8,370076.0,-1.1191073907160334,-0.8693272921435614,TIME_LIMIT,95860,0,0,17,16
2,8,370122.0,-1.1191073907160334,-0.8693272921435614,TIME_LIMIT,95879,0,0,8,12
2,8,370163.0,-1.1191056793835024,-0.8693272921435614,TIME_LIMIT,95903,0,0,13,5
2,8,370237.0,-1.1191056793835024,-0.8693272921435614,TIME_LIMIT,95925,0,0,18,13
2,8,370410.0,-1.1190567190588616,-0.8693272921435614,TIME_LIMIT,95958,0,0,11,10
2,8,370548.0,-1.1190567190588616,-0.8693272921435614,TIME_LIMIT,95986,0,0,13,23
2,8,370627.0,-1.1190564395288394,-0.8693272921435614,TIME_LIMIT,96023,0,0,13,8
2,8,370726.0,-1.1190564395288394,-0.8693272921435614,TIME_LIMIT,96044,0,0,18,14
2,8,370880.0,-1.1190317219391082,-0.8693272921435614,TIME_LIMIT,96073,0,0,19,13
2,8,370905.0,-1.1190317219391082,-0.8693272921435614,TIME_LIMIT,96088,0,0,14,28
2,8,371097.0,-1.119031599937527,-0.8693272921435614,TIME_LIMIT,96128,0,0,18,13
2,8,371186.0,-1.119031599937527,-0.8693272921435614,TIME_LIMIT,96149,0,0,17,14
2,8,371223.0,-1.1190207554092684,-0.8693272921435614,TIME_LIMIT,96177,0,0,5,3
2,8,371410.0,-1.1190207554092684,-0.8693272921435614,TIME_LIMIT,96197,0,0,19,19
2,8,371617.0,-1.119013734877792,-0.8693272921435614,TIME_LIMIT,96228,0,0,14,17
2,8,371688.0,-1.119013734877792,-0.8693272921435614,TIME_LIMIT,96250,0,0,11,6
2,8,371792.0,-1.1190131702438584,-0.8693272921435614,TIME_LIMIT,96283,0,0,18,10
2,8,371838.0,-1.1190131702438584,-0.8693272921435614,TIME_LIMIT,96301,0,0,12,16
2,8,371929.0,-1.1190097824625336,-0.8693272921435614,TIME_LIMIT,96331,0,0,9,5
2,8,372121.0,-1.1190097824625336,-0.8693272921435614,TIME_LIMIT,96358,0,0,18,7
2,8,372255.0,-1.1189682914052768,-0.8693272921435614,TIME_LIMIT,96387,0,0,10,9
2,8,372328.0,-1.1189682914052768,-0.8693272921435614,TIME_LIMIT,96405,0,0,18,5
2,8,372421.0,-1.1189611581261492,-0.8693272921435614,TIME_LIMIT,96437,0,0,18,4
2,8,372470.0,-1.1189611581261492,-0.8693272921435614,TIME_LIMIT,96454,0,0,11,11
2,8,372534.0,-1.1189546754759396,-0.8693272921435614,TIME_LIMIT,96482,0,0,11,6
2,8,372626.0,-1.1189546754759396,-0.8693272921435614,TIME_LIMIT,96515,0,0,13,8
2,8,372750.0,-1.1189431841460735,-0.8693272921435614,TIME_LIMIT,96547,0,0,24,14
2,8,372953.0,-1.1189431841460735,-0.8693272921435614,TIME_LIMIT,96563,0,0,18,21
2,8,373146.0,-1.118942051324631,-0.8693272921435614,TIME_LIMIT,96599,0,0,18,13
2,8,373237.0,-1.118942051324631,-0.8693272921435614,TIME_LIMIT,96621,0,0,10,7
2,8,373282.0,-1.1188981808026468,-0.8693272921435614,TIME_LIMIT,96637,0,0,9,5
2,8,373335.0,-1.1188981808026468,-0.8693272921435614,TIME_LIMIT,96661,0,0,20,14
2,8,373448.0,-1.1188793006531872,-0.8693272921435614,TIME_LIMIT,96692,0,0,14,5
2,8,373491.0,-1.1188793006531872,-0.8693272921435614,TIME_LIMIT,96710,0,0,12,7
2,8,373526.0,-1.118871725133027,-0.8693272921435614,TIME_LIMIT,96733,0,0,11,3
2,8,373618.0,-1.118871725133027,-0.8693272921435614,TIME_LIMIT,96753,0,0,18,25
2,8,373743.0,-1.1188221657825994,-0.8693272921435614,TIME_LIMIT,96785,0,0,15,10
2,8,373878.0,-1.1188221657825994,-0.8693272921435614,TIME_LIMIT,96810,0,0,14,21
2,8,373972.0,-1.1188105114144915,-0.8693272921435614,TIME_LIMIT,96839,0,0,5,3
2,8,374095.0,-1.1188105114144915,-0.8693272921435614,TIME_LIMIT,96864,0,0,15,9
2,8,374171.0,-1.1187614564331925,-0.8693272921435614,TIME_LIMIT,96887,0,0,12,1
2,8,374248.0,-1.1187614564331925,-0.8693272921435614,TIME_LIMIT,96912,0,0,8,15
2,8,374369.0,-1.1187588285540375,-0.8693272921435614,TIME_LIMIT,96938,0,0,11,7
2,8,374442.0,-1.1187588285540375,-0.8693272921435614,TIME_LIMIT,96953,0,0,18,12
2,8,374557.0,-1.1187316263844986,-0.8693272921435614,TIME_LIMIT,96985,0,0,14,6
2,8,374703.0,-1.1187316263844986,-0.8693272921435614,TIME_LIMIT,97011,0,0,18,17
2,8,374825.0,-1.1187234425641317,-0.8693272921435614,TIME_LIMIT,97042,0,0,9,6
2,8,374870.0,-1.1187234425641317,-0.8693272921435614,TIME_LIMIT,97061,0,0,11,12
2,8,374926.0,-1.1187207266594954,-0.8693272921435614,TIME_LIMIT,97080,0,0,10,7
2,8,375040.0,-1.1187207266594954,-0.8693272921435614,TIME_LIMIT,97104,0,0,18,11
2,8,375113.0,-1.1187114106834495,-0.8693272921435614,TIME_LIMIT,97124,0,0,11,4
2,8,375200.0,-1.1187114106834495,-0.8693272921435614,TIME_LIMIT,97140,0,0,21,16
2,8,375265.0,-1.1186053173690387,-0.8693272921435614,TIME_LIMIT,97173,0,0,16,8
2,8,375355.0,-1.1186053173690387,-0.8693272921435614,TIME_LIMIT,97195,0,0,7,10
2,8,375563.0,-1.118601813779767,-0.8693272921435614,TIME_LIMIT,97236,0,0,16,9
2,8,375637.0,-1.118601813779767,-0.8693272921435614,TIME_LIMIT,97253,0,0,10,9
2,8,375750.0,-1.1185969151953947,-0.8693272921435614,TIME_LIMIT,97286,0,0,10,9
2,8,375805.0,-1.1185969151953947,-0.8693272921435614,TIME_LIMIT,97307,0,0,15,9
2,8,375831.0,-1.1185831602734826,-0.8693272921435614,TIME_LIMIT,97329,0,0,9,1
2,8,375949.0,-1.1185831602734826,-0.8693272921435614,TIME_LIMIT,97355,0,0,15,18
2,8,376110.0,-1.1185693383579878,-0.8693272921435614,TIME_LIMIT,97389,0,0,14,13
2,8,376180.0,-1.1185693383579878,-0.8693272921435614,TIME_LIMIT,97412,0,0,19,8
2,8,376203.0,-1.118553073897127,-0.8693272921435614,TIME_LIMIT,97429,0,0,10,5
2,8,376341.0,-1.118553073897127,-0.8693272921435614,TIME_LIMIT,97454,0,0,5,43
2,8,376555.0,-1.1185462817029128,-0.8693272921435614,TIME_LIMIT,97492,0,0,16,9
2,8,376634.0,-1.1185462817029128,-0.8693272921435614,TIME_LIMIT,97506,0,0,10,6
2,8,376694.0,-1.1185225877029712,-0.8693272921435614,TIME_LIMIT,97531,0,0,11,10
2,8,376832.0,-1.1185225877029712,-0.8693272921435614,TIME_LIMIT,97555,0,0,11,10
2,8,376897.0,-1.1185155071685415,-0.8693272921435614,TIME_LIMIT,97572,0,0,10,8
2,8,377017.0,-1.1185155071685415,-0.8693272921435614,TIME_LIMIT,97591,0,0,16,10
2,8,377101.0,-1.1184754343027774,-0.8693272921435614,TIME_LIMIT,97623,0,0,11,4
2,8,377165.0,-1.1184754343027774,-0.8693272921435614,TIME_LIMIT,97642,0,0,15,9
2,8,377235.0,-1.1184691002772391,-0.8693272921435614,TIME_LIMIT,97670,0,0,11,6
2,8,377290.0,-1.1184691002772391,-0.8693272921435614,TIME_LIMIT,97691,0,0,21,16
2,8,377403.0,-1.1184510195042514,-0.8693272921435614,TIME_LIMIT,97722,0,0,17,7
2,8,377485.0,-1.1184510195042514,-0.8693272921435614,TIME_LIMIT,97745,0,0,16,11
2,8,377577.0,-1.1184409186844837,-0.8693272921435614,TIME_LIMIT,97768,0,0,5,4
2,8,377632.0,-1.1184409186844837,-0.8693272921435614,TIME_LIMIT,97790,0,0,14,14
2,8,377676.0,-1.1184344518371376,-0.8693272921435614,TIME_LIMIT,97809,0,0,9,8
2,8,377713.0,-1.1184344518371376,-0.8693272921435614,TIME_LIMIT,97823,0,0,8,4
2,8,377799.0,-1.1184310853439932,-0.8693272921435614,TIME_LIMIT,97843,0,0,12,7
2,8,377844.0,-1.1184310853439932,-0.8693272921435614,TIME_LIMIT,97860,0,0,14,5
2,8,377936.0,-1.118397743814302,-0.8693272921435614,TIME_LIMIT,97893,0,0,16,6
2,8,378014.0,-1.118397743814302,-0.8693272921435614,TIME_LIMIT,97914,0,0,16,17
2,8,378152.0,-1.1183832814903427,-0.8693272921435614,TIME_LIMIT,97942,0,0,20,7
2,8,378213.0,-1.1183832814903427,-0.8693272921435614,TIME_LIMIT,97964,0,0,19,14
2,8,378405.0,-1.1183796996566344,-0.8693272921435614,TIME_LIMIT,97998,0,0,13,9
2,8,378547.0,-1.1183796996566344,-0.8693272921435614,TIME_LIMIT,98024,0,0,13,17
2,8,378763.0,-1.118347191802855,-0.8693272921435614,TIME_LIMIT,98055,0,0,15,14
2,8,378832.0,-1.118347191802855,-0.8693272921435614,TIME_LIMIT,98071,0,0,12,8
2,8,378876.0,-1.1183469419174303,-0.8693272921435614,TIME_LIMIT,98096,0,0,13,2
2,8,379002.0,-1.1183469419174303,-0.8693272921435614,TIME_LIMIT,98121,0,0,16,13
2,8,379215.0,-1.1183441669699938,-0.8693272921435614,TIME_LIMIT,98154,0,0,13,14
2,8,379325.0,-1.1183441669699938,-0.8693272921435614,TIME_LIMIT,98185,0,0,22,10
2,8,379387.0,-1.1183335146615971,-0.8693272921435614,TIME_LIMIT,98206,0,0,9,1
2,8,379409.0,-1.1183335146615971,-0.8693272921435614,TIME_LIMIT,98223,0,0,12,4
2,8,379419.0,-1.1183249926923233,-0.8693272921435614,TIME_LIMIT,98237,0,0,8,4
2,8,379576.0,-1.1183249926923233,-0.8693272921435614,TIME_LIMIT,98254,0,0,15,8
2,8,379729.0,-1.1183171107019267,-0.8693272921435614,TIME_LIMIT,98283,0,0,15,6
2,8,379809.0,-1.1183171107019267,-0.8693272921435614,TIME_LIMIT,98306,0,0,22,12
2,8,379898.0,-1.1182892997686853,-0.8693272921435614,TIME_LIMIT,98336,0,0,13,11
2,8,380006.0,-1.1182892997686853,-0.8693272921435614,TIME_LIMIT,98362,0,0,19,13
2,8,380188.0,-1.1182464177014424,-0.8693272921435614,TIME_LIMIT,98390,0,0,13,18
2,8,380275.0,-1.1182464177014424,-0.8693272921435614,TIME_LIMIT,98408,0,0,4,10
2,8,380384.0,-1.1182261705464656,-0.8693272921435614,TIME_LIMIT,98444,0,0,6,6
2,8,380448.0,-1.1182261705464656,-0.8693272921435614,TIME_LIMIT,98467,0,0,14,10
2,8,380570.0,-1.1182115802745405,-0.8693272921435614,TIME_LIMIT,98490,0,0,14,11
2,8,380739.0,-1.1182115802745405,-0.8693272921435614,TIME_LIMIT,98513,0,0,19,11
2,8,380832.0,-1.1181874139897214,-0.8693272921435614,TIME_LIMIT,98542,0,0,18,1
2,8,380898.0,-1.1181874139897214,-0.8693272921435614,TIME_LIMIT,98565,0,0,17,15
2,8,380986.0,-1.1181838016678014,-0.8693272921435614,TIME_LIMIT,98595,0,0,15,8
2,8,381092.0,-1.1181838016678014,-0.8693272921435614,TIME_LIMIT,98619,0,0,16,7
2,8,381173.0,-1.1181700469994902,-0.8693272921435614,TIME_LIMIT,98645,0,0,19,19
2,8,381217.0,-1.1181700469994902,-0.8693272921435614,TIME_LIMIT,98665,0,0,19,12
2,8,381333.0,-1.1181700244776773,-0.8693272921435614,TIME_LIMIT,98701,0,0,13,5
2,8,381380.0,-1.1181700244776773,-0.8693272921435614,TIME_LIMIT,98719,0,0,13,7
2,8,381428.0,-1.1181521476142593,-0.8693272921435614,TIME_LIMIT,98746,0,0,11,9
2,8,381512.0,-1.1181521476142593,-0.8693272921435614,TIME_LIMIT,98763,0,0,11,13
2,8,381599.0,-1.1181486588203473,-0.8693272921435614,TIME_LIMIT,98792,0,0,14,6
2,8,381680.0,-1.1181486588203473,-0.8693272921435614,TIME_LIMIT,98821,0,0,22,18
2,8,381849.0,-1.1181278929499308,-0.8693272921435614,TIME_LIMIT,98857,0,0,16,8
2,8,382005.0,-1.1181278929499308,-0.8693272921435614,TIME_LIMIT,98882,0,0,9,7
2,8,382087.0,-1.1180650808133217,-0.8693272921435614,TIME_LIMIT,98908,0,0,10,5
2,8,382293.0,-1.1180650808133217,-0.8693272921435614,TIME_LIMIT,98935,0,0,17,11
2,8,382349.0,-1.1180480108549529,-0.8693272921435614,TIME_LIMIT,98956,0,0,7,4
2,8,382419.0,-1.1180480108549529,-0.8693272921435614,TIME_LIMIT,98978,0,0,17,16
2,8,382480.0,-1.1180232680581894,-0.8693272921435614,TIME_LIMIT,99002,0,0,12,5
2,8,382552.0,-1.1180232680581894,-0.8693272921435614,TIME_LIMIT,99022,0,0,13,10
2,8,382704.0,-1.1179642257558031,-0.8693272921435614,TIME_LIMIT,99054,0,0,8,11
2,8,382732.0,-1.1179642257558031,-0.8693272921435614,TIME_LIMIT,99067,0,0,4,6
2,8,382813.0,-1.117964082627755,-0.8693272921435614,TIME_LIMIT,99095,0,0,10,8
2,8,382838.0,-1.117964082627755,-0.8693272921435614,TIME_LIMIT,99111,0,0,10,6
2,8,382871.0,-1.1179622230752533,-0.8693272921435614,TIME_LIMIT,99132,0,0,3,4
2,8,382904.0,-1.1179622230752533,-0.8693272921435614,TIME_LIMIT,99148,0,0,11,6
2,8,382945.0,-1.1179257697055247,-0.8693272921435614,TIME_LIMIT,99166,0,0,8,4
2,8,383122.0,-1.1179257697055247,-0.8693272921435614,TIME_LIMIT,99195,0,0,19,10
2,8,383176.0,-1.1179239808396213,-0.8693272921435614,TIME_LIMIT,99217,0,0,15,7
2,8,383312.0,-1.1179239808396213,-0.8693272921435614,TIME_LIMIT,99233,0,0,10,16
2,8,383391.0,-1.1179231205364328,-0.8693272921435614,TIME_LIMIT,99261,0,0,3,4
2,8,383460.0,-1.1179231205364328,-0.8693272921435614,TIME_LIMIT,99283,0,0,18,11
2,8,383558.0,-1.117914395738712,-0.8693272921435614,TIME_LIMIT,99319,0,0,12,5
2,8,383674.0,-1.117914395738712,-0.8693272921435614,TIME_LIMIT,99338,0,0,22,15
2,8,383810.0,-1.117905064090879,-0.8693272921435614,TIME_LIMIT,99380,0,0,19,16
2,8,383973.0,-1.117905064090879,-0.8693272921435614,TIME_LIMIT,99408,0,0,23,17
2,8,384183.0,-1.1179004384771092,-0.8693272921435614,TIME_LIMIT,99439,0,0,13,6
2,8,384347.0,-1.1179004384771092,-0.8693272921435614,TIME_LIMIT,99464,0,0,21,14
2,8,384402.0,-1.1178971413731862,-0.8693272921435614,TIME_LIMIT,99488,0,0,16,8
2,8,384460.0,-1.1178971413731862,-0.8693272921435614,TIME_LIMIT,99506,0,0,14,5
2,8,384542.0,-1.1178497532877807,-0.8693272921435614,TIME_LIMIT,99533,0,0,3,4
2,8,384643.0,-1.1178497532877807,-0.8693272921435614,TIME_LIMIT,99550,0,0,14,9
2,8,384748.0,-1.1178365212703913,-0.8693272921435614,TIME_LIMIT,99579,0,0,14,5
2,8,384830.0,-1.1178365212703913,-0.8693272921435614,TIME_LIMIT,99597,0,0,12,11
2,8,384920.0,-1.117835337999039,-0.8693272921435614,TIME_LIMIT,99627,0,0,13,5
2,8,384990.0,-1.117835337999039,-0.8693272921435614,TIME_LIMIT,99650,0,0,7,9
2,8,385157.0,-1.117833151602547,-0.8693272921435614,TIME_LIMIT,99676,0,0,9,7
2,8,385268.0,-1.117833151602547,-0.8693272921435614,TIME_LIMIT,99703,0,0,13,16
2,8,385290.0,-1.1178223863559347,-0.8693272921435614,TIME_LIMIT,99723,0,0,8,6
2,8,385383.0,-1.1178223863559347,-0.8693272921435614,TIME_LIMIT,99745,0,0,18,11
2,8,385420.0,-1.1178201055586081,-0.8693272921435614,TIME_LIMIT,99763,0,0,7,7
2,8,385506.0,-1.1178201055586081,-0.8693272921435614,TIME_LIMIT,99786,0,0,14,3
2,8,385557.0,-1.1178190564376624,-0.8693272921435614,TIME_LIMIT,99813,0,0,6,3
2,8,385682.0,-1.1178190564376624,-0.8693272921435614,TIME_LIMIT,99838,0,0,27,19
2,8,385888.0,-1.1178162027046725,-0.8693272921435614,TIME_LIMIT,99878,0,0,14,6
2,8,386072.0,-1.1178162027046725,-0.8693272921435614,TIME_LIMIT,99910,0,0,13,12
2,8,386267.0,-1.1177798813330801,-0.8693272921435614,TIME_LIMIT,99944,0,0,5,2
2,8,386467.0,-1.1177798813330801,-0.8693272921435614,TIME_LIMIT,99967,0,0,20,13
2,8,386559.0,-1.1177188460084815,-0.8693272921435614,TIME_LIMIT,100002,0,0,15,8
2,8,386726.0,-1.1177188460084815,-0.8693272921435614,TIME_LIMIT,100026,0,0,20,17
2,8,386919.0,-1.1176970148515055,-0.8693272921435614,TIME_LIMIT,100064,0,0,21,5
2,8,386953.0,-1.1176970148515055,-0.8693272921435614,TIME_LIMIT,100083,0,0,14,7
2,8,387034.0,-1.1176557326030414,-0.8693272921435614,TIME_LIMIT,100113,0,0,11,10
2,8,387071.0,-1.1176557326030414,-0.8693272921435614,TIME_LIMIT,100131,0,0,15,9
2,8,387182.0,-1.1176495422035768,-0.8693272921435614,TIME_LIMIT,100158,0,0,10,4
2,8,387245.0,-1.1176495422035768,-0.8693272921435614,TIME_LIMIT,100180,0,0,16,12
2,8,387340.0,-1.1176196017462925,-0.8693272921435614,TIME_LIMIT,100208,0,0,13,13
2,8,387458.0,-1.1176196017462925,-0.8693272921435614,TIME_LIMIT,100231,0,0,10,10
2,8,387498.0,-1.117609480263443,-0.8693272921435614,TIME_LIMIT,100250,0,0,10,7
2,8,387567.0,-1.117609480263443,-0.8693272921435614,TIME_LIMIT,100273,0,0,23,25
2,8,387694.0,-1.117581970974706,-0.8693272921435614,TIME_LIMIT,100311,0,0,20,11
2,8,387750.0,-1.117581970974706,-0.8693272921435614,TIME_LIMIT,100330,0,0,13,7
2,8,387781.0,-1.1174551276018108,-0.8693272921435614,TIME_LIMIT,100354,0,0,10,4
2,8,387948.0,-1.1174551276018108,-0.8693272921435614,TIME_LIMIT,100378,0,0,11,15
2,8,388053.0,-1.1174154049273741,-0.8693272921435614,TIME_LIMIT,100412,0,0,10,5
2,8,388105.0,-1.1174154049273741,-0.8693272921435614,TIME_LIMIT,100431,0,0,23,15
2,8,388266.0,-1.1173877098702236,-0.8693272921435614,TIME_LIMIT,100467,0,0,14,8
2,8,388429.0,-1.1173877098702236,-0.8693272921435614,TIME_LIMIT,100489,0,0,12,14
2,8,388509.0,-1.1173173168797415,-0.8693272921435614,TIME_LIMIT,100521,0,0,16,4
2,8,388650.0,-1.1173173168797415,-0.8693272921435614,TIME_LIMIT,100547,0,0,16,9
2,8,388702.0,-1.1173122373316924,-0.8693272921435614,TIME_LIMIT,100578,0,0,14,8
2,8,388810.0,-1.1173122373316924,-0.8693272921435614,TIME_LIMIT,100601,0,0,22,10
2,8,388861.0,-1.1172924278805807,-0.8693272921435614,TIME_LIMIT,100627,0,0,9,8
2,8,388983.0,-1.1172924278805807,-0.8693272921435614,TIME_LIMIT,100650,0,0,16,4
2,8,389170.0,-1.117278291694844,-0.8693272921435614,TIME_LIMIT,100687,0,0,17,12
2,8,389374.0,-1.117278291694844,-0.8693272921435614,TIME_LIMIT,100715,0,0,18,30
2,8,389478.0,-1.1172768303156762,-0.8693272921435614,TIME_LIMIT,100733,0,0,5,16
2,8,389541.0,-1.1172768303156762,-0.8693272921435614,TIME_LIMIT,100751,0,0,9,9
2,8,389585.0,-1.1172748495859732,-0.8693272921435614,TIME_LIMIT,100770,0,0,7,5
2,8,389642.0,-1.1172748495859732,-0.8693272921435614,TIME_LIMIT,100789,0,0,22,11
2,8,389840.0,-1.1172228760540728,-0.8693272921435614,TIME_LIMIT,100825,0,0,16,7
2,8,389910.0,-1.1172228760540728,-0.8693272921435614,TIME_LIMIT,100851,0,0,20,8
2,8,390114.0,-1.1172136216784203,-0.8693272921435614,TIME_LIMIT,100884,0,0,16,12
2,8,390257.0,-1.1172136216784203,-0.8693272921435614,TIME_LIMIT,100910,0,0,13,9
2,8,390456.0,-1.1172051621137424,-0.8693272921435614,TIME_LIMIT,100946,0,0,13,8
2,8,390543.0,-1.1172051621137424,-0.8693272921435614,TIME_LIMIT,100968,0,0,14,3
2,8,390573.0,-1.1172006251528288,-0.8693272921435614,TIME_LIMIT,100981,0,0,11,6
2,8,390772.0,-1.1172006251528288,-0.8693272921435614,TIME_LIMIT,101005,0,0,13,13
2,8,390862.0,-1.1171880728512895,-0.8693272921435614,TIME_LIMIT,101039,0,0,15,11
2,8,391071.0,-1.1171880728512895,-0.8693272921435614,TIME_LIMIT,101059,0,0,12,10
2,8,391164.0,-1.1171610383720028,-0.8693272921435614,TIME_LIMIT,101080,0,0,15,3
2,8,391226.0,-1.1171610383720028,-0.8693272921435614,TIME_LIMIT,101095,0,0,9,4
2,8,391278.0,-1.1171110411335679,-0.8693272921435614,TIME_LIMIT,101119,0,0,3,5
2,8,391485.0,-1.1171110411335679,-0.8693272921435614,TIME_LIMIT,101146,0,0,22,20
2,8,391698.0,-1.1170984884615187,-0.8693272921435614,TIME_LIMIT,101179,0,0,13,12
2,8,391914.0,-1.1170984884615187,-0.8693272921435614,TIME_LIMIT,101199,0,0,15,13
2,8,392024.0,-1.1170854174867624,-0.8693272921435614,TIME_LIMIT,101235,0,0,18,10
2,8,392058.0,-1.1170854174867624,-0.8693272921435614,TIME_LIMIT,101251,0,0,12,8
2,8,392104.0,-1.1170501826399293,-0.8693272921435614,TIME_LIMIT,101274,0,0,7,8
2,8,392156.0,-1.1170501826399293,-0.8693272921435614,TIME_LIMIT,101292,0,0,16,24
2,8,392286.0,-1.1170464234374533,-0.8693272921435614,TIME_LIMIT,101326,0,0,15,11
2,8,392353.0,-1.1170464234374533,-0.8693272921435614,TIME_LIMIT,101346,0,0,15,14
2,8,392411.0,-1.1170448677817626,-0.8693272921435614,TIME_LIMIT,101373,0,0,14,5
2,8,392493.0,-1.1170448677817626,-0.8693272921435614,TIME_LIMIT,101395,0,0,23,31
2,8,392654.0,-1.117035258156894,-0.8693272921435614,TIME_LIMIT,101430,0,0,8,4
2,8,392681.0,-1.117035258156894,-0.8693272921435614,TIME_LIMIT,101442,0,0,9,3
2,8,392701.0,-1.1170312766934534,-0.8693272921435614,TIME_LIMIT,101457,0,0,6,2
2,8,392823.0,-1.1170312766934534,-0.8693272921435614,TIME_LIMIT,101479,0,0,12,9
2,8,392872.0,-1.1170249559189345,-0.8693272921435614,TIME_LIMIT,101504,0,0,10,6
2,8,392963.0,-1.1170249559189345,-0.8693272921435614,TIME_LIMIT,101522,0,0,20,6
2,8,393054.0,-1.1170214255873532,-0.8693272921435614,TIME_LIMIT,101554,0,0,14,6
2,8,393162.0,-1.1170214255873532,-0.8693272921435614,TIME_LIMIT,101581,0,0,20,11
2,8,393370.0,-1.1170202135021017,-0.8693272921435614,TIME_LIMIT,101614,0,0,18,11
2,8,393562.0,-1.1170202135021017,-0.8693272921435614,TIME_LIMIT,101644,0,0,25,29
2,8,393721.0,-1.1170060410825449,-0.8693272921435614,TIME_LIMIT,101687,0,0,15,12
2,8,393941.0,-1.1170060410825449,-0.8693272921435614,TIME_LIMIT,101705,0,0,14,21
2,8,394024.0,-1.1170031239832903,-0.8693272921435614,TIME_LIMIT,101730,0,0,10,4
2,8,394152.0,-1.1170031239832903,-0.8693272921435614,TIME_LIMIT,101753,0,0,23,12
2,8,394285.0,-1.1169601144268597,-0.8693272921435614,TIME_LIMIT,101783,0,0,15,6
2,8,394303.0,-1.1169601144268597,-0.8693272921435614,TIME_LIMIT,101797,0,0,9,8
2,8,394320.0,-1.1169038103160243,-0.8693272921435614,TIME_LIMIT,101817,0,0,7,4
2,8,394359.0,-1.1169038103160243,-0.8693272921435614,TIME_LIMIT,101836,0,0,10,6
2,8,394376.0,-1.1168949511197444,-0.8693272921435614,TIME_LIMIT,101851,0,0,8,3
2,8,394514.0,-1.1168949511197444,-0.8693272921435614,TIME_LIMIT,101880,0,0,16,19
2,8,394726.0,-1.1168883873922337,-0.8693272921435614,TIME_LIMIT,101912,0,0,13,10
2,8,394830.0,-1.1168883873922337,-0.8693272921435614,TIME_LIMIT,101940,0,0,17,13
2,8,395025.0,-1.1168512655227611,-0.8693272921435614,TIME_LIMIT,101963,0,0,20,7
2,8,395089.0,-1.1168512655227611,-0.8693272921435614,TIME_LIMIT,101986,0,0,16,9
2,8,395181.0,-1.1167857540465496,-0.8693272921435614,TIME_LIMIT,102018,0,0,15,9
2,8,395205.0,-1.1167857540465496,-0.8693272921435614,TIME_LIMIT,102032,0,0,13,8
2,8,395236.0,-1.1167747491023048,-0.8693272921435614,TIME_LIMIT,102053,0,0,11,5
2,8,395384.0,-1.1167747491023048,-0.8693272921435614,TIME_LIMIT,102066,0,0,13,21
2,8,395516.0,-1.1167722905132376,-0.8693272921435614,TIME_LIMIT,102101,0,0,14,4
2,8,395608.0,-1.1167722905132376,-0.8693272921435614,TIME_LIMIT,102124,0,0,19,15
2,8,395803.0,-1.1167694580264769,-0.8693272921435614,TIME_LIMIT,102159,0,0,19,12
2,8,395901.0,-1.1167694580264769,-0.8693272921435614,TIME_LIMIT,102182,0,0,15,9
2,8,396004.0,-1.1167635681240227,-0.8693272921435614,TIME_LIMIT,102210,0,0,13,6
2,8,396072.0,-1.1167635681240227,-0.8693272921435614,TIME_LIMIT,102233,0,0,18,17
2,8,396134.0,-1.1167550539670699,-0.8693272921435614,TIME_LIMIT,102259,0,0,11,3
2,8,396290.0,-1.1167550539670699,-0.8693272921435614,TIME_LIMIT,102280,0,0,16,9
2,8,396349.0,-1.1167500932343772,-0.8693272921435614,TIME_LIMIT,102306,0,0,13,8
2,8,396426.0,-1.1167500932343772,-0.8693272921435614,TIME_LIMIT,102325,0,0,10,8
2,8,396552.0,-1.1167222018039706,-0.8693272921435614,TIME_LIMIT,102357,0,0,7,7
2,8,396685.0,-1.1167222018039706,-0.8693272921435614,TIME_LIMIT,102381,0,0,19,12
2,8,396900.0,-1.1167045924498273,-0.8693272921435614,TIME_LIMIT,102418,0,0,10,6
2,8,397029.0,-1.1167045924498273,-0.8693272921435614,TIME_LIMIT,102441,0,0,26,27
2,8,397174.0,-1.1166968690750347,-0.8693272921435614,TIME_LIMIT,102475,0,0,19,11
2,8,397202.0,-1.1166968690750347,-0.8693272921435614,TIME_LIMIT,102496,0,0,11,4
2,8,397243.0,-1.116687126822246,-0.8693272921435614,TIME_LIMIT,102515,0,0,14,7
2,8,397272.0,-1.116687126822246,-0.8693272921435614,TIME_LIMIT,102530,0,0,15,12
2,8,397362.0,-1.1166548532199752,-0.8693272921435614,TIME_LIMIT,102563,0,0,14,8
2,8,397476.0,-1.1166548532199752,-0.8693272921435614,TIME_LIMIT,102588,0,0,20,4
2,8,397686.0,-1.1166524380127876,-0.8693272921435614,TIME_LIMIT,102622,0,0,13,8
2,8,397777.0,-1.1166524380127876,-0.8693272921435614,TIME_LIMIT,102645,0,0,20,16
2,8,397830.0,-1.1166476733018138,-0.8693272921435614,TIME_LIMIT,102676,0,0,14,5
2,8,398047.0,-1.1166476733018138,-0.8693272921435614,TIME_LIMIT,102696,0,0,18,21
2,8,398228.0,-1.1166443127797225,-0.8693272921435614,TIME_LIMIT,102725,0,0,14,11
2,8,398372.0,-1.1166443127797225,-0.8693272921435614,TIME_LIMIT,102744,0,0,17,23
2,8,398486.0,-1.1166285104305098,-0.8693272921435614,TIME_LIMIT,102778,0,0,13,15
2,8,398622.0,-1.1166285104305098,-0.8693272921435614,TIME_LIMIT,102804,0,0,15,14
2,8,398710.0,-1.1165788433445085,-0.8693272921435614,TIME_LIMIT,102825,0,0,14,11
2,8,398896.0,-1.1165788433445085,-0.8693272921435614,TIME_LIMIT,102853,0,0,10,10
2,8,399061.0,-1.1165333259243813,-0.8693272921435614,TIME_LIMIT,102879,0,0,13,10
2,8,399118.0,-1.1165333259243813,-0.8693272921435614,TIME_LIMIT,102904,0,0,12,16
2,8,399168.0,-1.1165309000776027,-0.8693272921435614,TIME_LIMIT,102927,0,0,9,5
2,8,399370.0,-1.1165309000776027,-0.8693272921435614,TIME_LIMIT,102953,0,0,18,13
2,8,399587.0,-1.116507436789099,-0.8693272921435614,TIME_LIMIT,102983,0,0,11,7
2,8,399629.0,-1.116507436789099,-0.8693272921435614,TIME_LIMIT,103000,0,0,10,6
2,8,399694.0,-1.1164950737484745,-0.8693272921435614,TIME_LIMIT,103023,0,0,8,4
2,8,399754.0,-1.1164950737484745,-0.8693272921435614,TIME_LIMIT,103043,0,0,9,4
2,8,399820.0,-1.1164585715812918,-0.8693272921435614,TIME_LIMIT,103070,0,0,6,2
2,8,399885.0,-1.1164585715812918,-0.8693272921435614,TIME_LIMIT,103089,0,0,11,14
2,8,400105.0,-1.1164504705177634,-0.8693272921435614,TIME_LIMIT,103123,0,0,16,10
2,8,400158.0,-1.1164504705177634,-0.8693272921435614,TIME_LIMIT,103145,0,0,11,4
2,8,400205.0,-1.116448898058641,-0.8693272921435614,TIME_LIMIT,103169,0,0,12,2
2,8,400255.0,-1.116448898058641,-0.8693272921435614,TIME_LIMIT,103190,0,0,22,12
2,8,400468.0,-1.1164196634201642,-0.8693272921435614,TIME_LIMIT,103226,0,0,18,9
2,8,400549.0,-1.1164196634201642,-0.8693272921435614,TIME_LIMIT,103247,0,0,8,17
2,8,400613.0,-1.1163474877210855,-0.8693272921435614,TIME_LIMIT,103269,0,0,11,4
2,8,400676.0,-1.1163474877210855,-0.8693272921435614,TIME_LIMIT,103286,0,0,18,13
2,8,400730.0,-1.1163336595623807,-0.8693272921435614,TIME_LIMIT,103315,0,0,15,5
2,8,400822.0,-1.1163336595623807,-0.8693272921435614,TIME_LIMIT,103337,0,0,17,7
2,8,400935.0,-1.1163311395444806,-0.8693272921435614,TIME_LIMIT,103363,0,0,16,10
2,8,400973.0,-1.1163311395444806,-0.8693272921435614,TIME_LIMIT,103381,0,0,21,16
2,8,401081.0,-1.1163307552723842,-0.8693272921435614,TIME_LIMIT,103416,0,0,13,5
2,8,401159.0,-1.1163307552723842,-0.8693272921435614,TIME_LIMIT,103440,0,0,15,5
2,8,401201.0,-1.1162963187766237,-0.8693272921435614,TIME_LIMIT,103454,0,0,9,6
2,8,401328.0,-1.1162963187766237,-0.8693272921435614,TIME_LIMIT,103467,0,0,16,18
2,8,401547.0,-1.1162863218335377,-0.8693272921435614,TIME_LIMIT,103499,0,0,14,7
2,8,401765.0,-1.1162863218335377,-0.8693272921435614,TIME_LIMIT,103527,0,0,16,18
2,8,401891.0,-1.1162769984915437,-0.8693272921435614,TIME_LIMIT,103558,0,0,15,13
2,8,402107.0,-1.1162769984915437,-0.8693272921435614,TIME_LIMIT,103580,0,0,17,41
2,8,402293.0,-1.1162229171310973,-0.8693272921435614,TIME_LIMIT,103619,0,0,11,11
2,8,402346.0,-1.1162229171310973,-0.8693272921435614,TIME_LIMIT,103640,0,0,8,8
2,8,402376.0,-1.1162148092777242,-0.8693272921435614,TIME_LIMIT,103656,0,0,7,3
2,8,402385.0,-1.1162148092777242,-0.8693272921435614,TIME_LIMIT,103668,0,0,7,4
2,8,402408.0,-1.1161723270119872,-0.8693272921435614,TIME_LIMIT,103682,0,0,9,5
2,8,402488.0,-1.1161723270119872,-0.8693272921435614,TIME_LIMIT,103705,0,0,17,9
2,8,402575.0,-1.1161605206170826,-0.8693272921435614,TIME_LIMIT,103734,0,0,12,7
2,8,402740.0,-1.1161605206170826,-0.8693272921435614,TIME_LIMIT,103763,0,0,19,11
2,8,402899.0,-1.1161583269166409,-0.8693272921435614,TIME_LIMIT,103793,0,0,16,16
2,8,403059.0,-1.1161583269166409,-0.8693272921435614,TIME_LIMIT,103828,0,0,27,11
2,8,403135.0,-1.1161312498758265,-0.8693272921435614,TIME_LIMIT,103862,0,0,17,7
2,8,403182.0,-1.1161312498758265,-0.8693272921435614,TIME_LIMIT,103881,0,0,16,18
2,8,403313.0,-1.1161099229388958,-0.8693272921435614,TIME_LIMIT,103910,0,0,11,5
2,8,403399.0,-1.1161099229388958,-0.8693272921435614,TIME_LIMIT,103931,0,0,14,20
2,8,403585.0,-1.1160780138794313,-0.8693272921435614,TIME_LIMIT,103962,0,0,10,7
2,8,403636.0,-1.1160780138794313,-0.8693272921435614,TIME_LIMIT,103975,0,0,14,7
2,8,403664.0,-1.1160587996303613,-0.8693272921435614,TIME_LIMIT,103998,0,0,9,4
2,8,403866.0,-1.1160587996303613,-0.8693272921435614,TIME_LIMIT,104027,0,0,10,10
2,8,403942.0,-1.1160493519902133,-0.8693272921435614,TIME_LIMIT,104045,0,0,8,18
2,8,404007.0,-1.1160493519902133,-0.8693272921435614,TIME_LIMIT,104070,0,0,17,18
2,8,404223.0,-1.1160373978835048,-0.8693272921435614,TIME_LIMIT,104105,0,0,17,12
2,8,404319.0,-1.1160373978835048,-0.8693272921435614,TIME_LIMIT,104125,0,0,17,18
2,8,404446.0,-1.1160331564639827,-0.8693272921435614,TIME_LIMIT,104151,0,0,11,5
2,8,404500.0,-1.1160331564639827,-0.8693272921435614,TIME_LIMIT,104174,0,0,15,10
2,8,404576.0,-1.116027283736654,-0.8693272921435614,TIME_LIMIT,104199,0,0,12,6
2,8,404655.0,-1.116027283736654,-0.8693272921435614,TIME_LIMIT,104224,0,0,25,8
2,8,404786.0,-1.115993038857182,-0.8693272921435614,TIME_LIMIT,104260,0,0,16,8
2,8,404832.0,-1.115993038857182,-0.8693272921435614,TIME_LIMIT,104281,0,0,14,9
2,8,404905.0,-1.1159875024417876,-0.8693272921435614,TIME_LIMIT,104305,0,0,8,6
2,8,404946.0,-1.1159875024417876,-0.8693272921435614,TIME_LIMIT,104322,0,0,10,4
2,8,404997.0,-1.1159648806434728,-0.8693272921435614,TIME_LIMIT,104347,0,0,5,3
2,8,405099.0,-1.1159648806434728,-0.8693272921435614,TIME_LIMIT,104366,0,0,16,9
2,8,405175.0,-1.1159072203443787,-0.8693272921435614,TIME_LIMIT,104399,0,0,16,5
2,8,405301.0,-1.1159072203443787,-0.8693272921435614,TIME_LIMIT,104427,0,0,13,6
2,8,405398.0,-1.1158840429129941,-0.8693272921435614,TIME_LIMIT,104455,0,0,21,13
2,8,405443.0,-1.1158840429129941,-0.8693272921435614,TIME_LIMIT,104480,0,0,16,9
2,8,405565.0,-1.115881481098525,-0.8693272921435614,TIME_LIMIT,104505,0,0,10,5
2,8,405625.0,-1.115881481098525,-0.8693272921435614,TIME_LIMIT,104527,0,0,3,12
2,8,405660.0,-1.1158519280071684,-0.8693272921435614,TIME_LIMIT,104549,0,0,10,6
2,8,405758.0,-1.1158519280071684,-0.8693272921435614,TIME_LIMIT,104576,0,0,7,16
2,8,405885.0,-1.1158491605848453,-0.8693272921435614,TIME_LIMIT,104606,0,0,13,13
2,8,406098.0,-1.1158491605848453,-0.8693272921435614,TIME_LIMIT,104626,0,0,13,9
2,8,406196.0,-1.115845537613248,-0.8693272921435614,TIME_LIMIT,104656,0,0,13,2
2,8,406406.0,-1.115845537613248,-0.8693272921435614,TIME_LIMIT,104676,0,0,20,24
2,8,406568.0,-1.1158385480718955,-0.8693272921435614,TIME_LIMIT,104712,0,0,19,10
2,8,406671.0,-1.1158385480718955,-0.8693272921435614,TIME_LIMIT,104738,0,0,16,12
2,8,406766.0,-1.1157980878064315,-0.8693272921435614,TIME_LIMIT,104762,0,0,8,11
2,8,406908.0,-1.1157980878064315,-0.8693272921435614,TIME_LIMIT,104782,0,0,14,13
2,8,406985.0,-1.115790852421143,-0.8693272921435614,TIME_LIMIT,104813,0,0,10,5
2,8,407191.0,-1.115790852421143,-0.8693272921435614,TIME_LIMIT,104831,0,0,18,17
2,8,407350.0,-1.1157904043655646,-0.8693272921435614,TIME_LIMIT,104860,0,0,18,15
2,8,407427.0,-1.1157904043655646,-0.8693272921435614,TIME_LIMIT,104878,0,0,15,8
2,8,407546.0,-1.1157849186156794,-0.8693272921435614,TIME_LIMIT,104910,0,0,16,4
2,8,407580.0,-1.1157849186156794,-0.8693272921435614,TIME_LIMIT,104929,0,0,14,4
2,8,407610.0,-1.115738211765752,-0.8693272921435614,TIME_LIMIT,104948,0,0,6,1
2,8,407792.0,-1.115738211765752,-0.8693272921435614,TIME_LIMIT,104975,0,0,22,28
2,8,408004.0,-1.1157360190945556,-0.8693272921435614,TIME_LIMIT,105018,0,0,16,21
2,8,408076.0,-1.1157360190945556,-0.8693272921435614,TIME_LIMIT,105039,0,0,14,15
2,8,408286.0,-1.1157350887693307,-0.8693272921435614,TIME_LIMIT,105074,0,0,16,11
2,8,408379.0,-1.1157350887693307,-0.8693272921435614,TIME_LIMIT,105100,0,0,12,17
2,8,408495.0,-1.1157345051026426,-0.8693272921435614,TIME_LIMIT,105129,0,0,10,9
2,8,408569.0,-1.1157345051026426,-0.8693272921435614,TIME_LIMIT,105153,0,0,4,8
2,8,408597.0,-1.1156599353238146,-0.8693272921435614,TIME_LIMIT,105171,0,0,3,6
2,8,408670.0,-1.1156599353238146,-0.8693272921435614,TIME_LIMIT,105192,0,0,7,4
2,8,408711.0,-1.1156557460570253,-0.8693272921435614,TIME_LIMIT,105213,0,0,14,3
2,8,408778.0,-1.1156557460570253,-0.8693272921435614,TIME_LIMIT,105231,0,0,17,26
2,8,408932.0,-1.1156503392772157,-0.8693272921435614,TIME_LIMIT,105266,0,0,11,6
2,8,409148.0,-1.1156503392772157,-0.8693272921435614,TIME_LIMIT,105302,0,0,12,7
2,8,409194.0,-1.1156000959740417,-0.8693272921435614,TIME_LIMIT,105324,0,0,18,11
2,8,409257.0,-1.1156000959740417,-0.8693272921435614,TIME_LIMIT,105341,0,0,12,15
2,8,409362.0,-1.1155954649096351,-0.8693272921435614,TIME_LIMIT,105368,0,0,6,1
2,8,409580.0,-1.1155954649096351,-0.8693272921435614,TIME_LIMIT,105387,0,0,19,24
2,8,409766.0,-1.1155945686807878,-0.8693272921435614,TIME_LIMIT,105418,0,0,12,10
2,8,409875.0,-1.1155945686807878,-0.8693272921435614,TIME_LIMIT,105437,0,0,7,11
2,8,409965.0,-1.1155930306847395,-0.8693272921435614,TIME_LIMIT,105462,0,0,12,9
2,8,410074.0,-1.1155930306847395,-0.8693272921435614,TIME_LIMIT,105487,0,0,22,9
2,8,410126.0,-1.115586074788045,-0.8693272921435614,TIME_LIMIT,105518,0,0,10,5
2,8,410335.0,-1.115586074788045,-0.8693272921435614,TIME_LIMIT,105541,0,0,24,20
2,8,410547.0,-1.1155846469315822,-0.8693272921435614,TIME_LIMIT,105582,0,0,22,6
2,8,410589.0,-1.1155846469315822,-0.8693272921435614,TIME_LIMIT,105596,0,0,10,2
2,8,410611.0,-1.115555584634091,-0.8693272921435614,TIME_LIMIT,105608,0,0,7,4
2,8,410703.0,-1.115555584634091,-0.8693272921435614,TIME_LIMIT,105630,0,0,16,21
2,8,410800.0,-1.1154472117654315,-0.8693272921435614,TIME_LIMIT,105667,0,0,13,6
2,8,410995.0,-1.1154472117654315,-0.8693272921435614,TIME_LIMIT,105690,0,0,19,26
2,8,411155.0,-1.1153941596657693,-0.8693272921435614,TIME_LIMIT,105730,0,0,20,9
2,8,411250.0,-1.1153941596657693,-0.8693272921435614,TIME_LIMIT,105751,0,0,13,9
2,8,411306.0,-1.1153782435995319,-0.8693272921435614,TIME_LIMIT,105770,0,0,5,4
2,8,411357.0,-1.1153782435995319,-0.8693272921435614,TIME_LIMIT,105791,0,0,7,6
2,8,411366.0,-1.1153461951257715,-0.8693272921435614,TIME_LIMIT,105806,0,0,5,2
2,8,411579.0,-1.1153461951257715,-0.8693272921435614,TIME_LIMIT,105828,0,0,19,31
2,8,411758.0,-1.1152982562326406,-0.8693272921435614,TIME_LIMIT,105868,0,0,19,14
2,8,411954.0,-1.1152982562326406,-0.8693272921435614,TIME_LIMIT,105896,0,0,18,20
2,8,412165.0,-1.1152722267850743,-0.8693272921435614,TIME_LIMIT,105925,0,0,14,6
2,8,412245.0,-1.1152722267850743,-0.8693272921435614,TIME_LIMIT,105945,0,0,17,14
2,8,412399.0,-1.1152362485230554,-0.8693272921435614,TIME_LIMIT,105979,0,0,17,4
2,8,412491.0,-1.1152362485230554,-0.8693272921435614,TIME_LIMIT,105999,0,0,18,11
2,8,412550.0,-1.1152185238845136,-0.8693272921435614,TIME_LIMIT,106028,0,0,7,4
2,8,412675.0,-1.1152185238845136,-0.8693272921435614,TIME_LIMIT,106053,0,0,17,19
2,8,412850.0,-1.1152045224353122,-0.8693272921435614,TIME_LIMIT,106093,0,0,19,15
2,8,412948.0,-1.1152045224353122,-0.8693272921435614,TIME_LIMIT,106115,0,0,14,17
2,8,413054.0,-1.1151772387206194,-0.8693272921435614,TIME_LIMIT,106151,0,0,18,14
2,8,413276.0,-1.1151772387206194,-0.8693272921435614,TIME_LIMIT,106172,0,0,20,19
2,8,413449.0,-1.1151684512067148,-0.8693272921435614,TIME_LIMIT,106212,0,0,20,8
2,8,413572.0,-1.1151684512067148,-0.8693272921435614,TIME_LIMIT,106236,0,0,17,9
2,8,413653.0,-1.11516593834943,-0.8693272921435614,TIME_LIMIT,106261,0,0,5,5
2,8,413706.0,-1.11516593834943,-0.8693272921435614,TIME_LIMIT,106283,0,0,19,15
2,8,413868.0,-1.1151634889138264,-0.8693272921435614,TIME_LIMIT,106314,0,0,10,8
2,8,413948.0,-1.1151634889138264,-0.8693272921435614,TIME_LIMIT,106333,0,0,14,15
2,8,414089.0,-1.1151399189986086,-0.8693272921435614,TIME_LIMIT,106361,0,0,12,5
2,8,414184.0,-1.1151399189986086,-0.8693272921435614,TIME_LIMIT,106379,0,0,11,20
2,8,414405.0,-1.115126687418548,-0.8693272921435614,TIME_LIMIT,106411,0,0,11,7
2,8,414587.0,-1.115126687418548,-0.8693272921435614,TIME_LIMIT,106436,0,0,18,18
2,8,414731.0,-1.115094753120677,-0.8693272921435614,TIME_LIMIT,106471,0,0,14,8
2,8,414772.0,-1.115094753120677,-0.8693272921435614,TIME_LIMIT,106491,0,0,16,21
2,8,414930.0,-1.1150813681974996,-0.8693272921435614,TIME_LIMIT,106520,0,0,12,6
2,8,415001.0,-1.1150813681974996,-0.8693272921435614,TIME_LIMIT,106541,0,0,7,5
2,8,415040.0,-1.115077470875395,-0.8693272921435614,TIME_LIMIT,106559,0,0,5,6
2,8,415234.0,-1.115077470875395,-0.8693272921435614,TIME_LIMIT,106588,0,0,12,25
2,8,415448.0,-1.1150534527592413,-0.8693272921435614,TIME_LIMIT,106626,0,0,19,11
2,8,415520.0,-1.1150534527592413,-0.8693272921435614,TIME_LIMIT,106650,0,0,16,12
2,8,415607.0,-1.1150506401330036,-0.8693272921435614,TIME_LIMIT,106677,0,0,7,7
2,8,415682.0,-1.1150506401330036,-0.8693272921435614,TIME_LIMIT,106702,0,0,3,4
2,8,415728.0,-1.1150356424034418,-0.8693272921435614,TIME_LIMIT,106722,0,0,10,3
2,8,415840.0,-1.1150356424034418,-0.8693272921435614,TIME_LIMIT,106743,0,0,18,19
2,8,416061.0,-1.1150277800811037,-0.8693272921435614,TIME_LIMIT,106777,0,0,10,4
2,8,416188.0,-1.1150277800811037,-0.8693272921435614,TIME_LIMIT,106797,0,0,20,7
2,8,416262.0,-1.1150100253606317,-0.8693272921435614,TIME_LIMIT,106828,0,0,11,3
2,8,416418.0,-1.1150100253606317,-0.8693272921435614,TIME_LIMIT,106853,0,0,27,14
2,8,416629.0,-1.1149245928064553,-0.8693272921435614,TIME_LIMIT,106894,0,0,8,6
2,8,416712.0,-1.1149245928064553,-0.8693272921435614,TIME_LIMIT,106913,0,0,6,4
2,8,416731.0,-1.1148994071910217,-0.8693272921435614,TIME_LIMIT,106927,0,0,5,2
2,8,416794.0,-1.1148994071910217,-0.8693272921435614,TIME_LIMIT,106948,0,0,10,13
2,8,416986.0,-1.114844849376944,-0.8693272921435614,TIME_LIMIT,106978,0,0,8,8
2,8,417030.0,-1.114844849376944,-0.8693272921435614,TIME_LIMIT,106996,0,0,6,9
2,8,417052.0,-1.1148337671421011,-0.8693272921435614,TIME_LIMIT,107012,0,0,4,3
2,8,417101.0,-1.1148337671421011,-0.8693272921435614,TIME_LIMIT,107029,0,0,11,14
2,8,417227.0,-1.1148216872006418,-0.8693272921435614,TIME_LIMIT,107061,0,0,12,6
2,8,417299.0,-1.1148216872006418,-0.8693272921435614,TIME_LIMIT,107083,0,0,17,6
2,8,417384.0,-1.1148078699771782,-0.8693272921435614,TIME_LIMIT,107111,0,0,15,3
2,8,417596.0,-1.1148078699771782,-0.8693272921435614,TIME_LIMIT,107136,0,0,23,18
2,8,417807.0,-1.1148032550122267,-0.8693272921435614,TIME_LIMIT,107166,0,0,17,11
2,8,417919.0,-1.1148032550122267,-0.8693272921435614,TIME_LIMIT,107188,0,0,13,9
2,8,418025.0,-1.1148006181082786,-0.8693272921435614,TIME_LIMIT,107218,0,0,17,3
2,8,418127.0,-1.1148006181082786,-0.8693272921435614,TIME_LIMIT,107237,0,0,12,24
2,8,418208.0,-1.114764832407391,-0.8693272921435614,TIME_LIMIT,107272,0,0,17,9
2,8,418296.0,-1.114764832407391,-0.8693272921435614,TIME_LIMIT,107289,0,0,16,5
2,8,418381.0,-1.1147182839526555,-0.8693272921435614,TIME_LIMIT,107315,0,0,10,5
2,8,418443.0,-1.1147182839526555,-0.8693272921435614,TIME_LIMIT,107336,0,0,11,8
2,8,418465.0,-1.1146901689902238,-0.8693272921435614,TIME_LIMIT,107354,0,0,7,4
2,8,418489.0,-1.1146901689902238,-0.8693272921435614,TIME_LIMIT,107365,0,0,6,9
2,8,418580.0,-1.1146870407464715,-0.8693272921435614,TIME_LIMIT,107390,0,0,8,6
2,8,418663.0,-1.1146870407464715,-0.8693272921435614,TIME_LIMIT,107414,0,0,13,17
2,8,418781.0,-1.1146697437802948,-0.8693272921435614,TIME_LIMIT,107446,0,0,11,8
2,8,418933.0,-1.1146697437802948,-0.8693272921435614,TIME_LIMIT,107474,0,0,25,18
2,8,419026.0,-1.1146669468792698,-0.8693272921435614,TIME_LIMIT,107498,0,0,16,11
2,8,419055.0,-1.1146669468792698,-0.8693272921435614,TIME_LIMIT,107511,0,0,11,6
2,8,419076.0,-1.1146547216215354,-0.8693272921435614,TIME_LIMIT,107526,0,0,6,6
2,8,419151.0,-1.1146547216215354,-0.8693272921435614,TIME_LIMIT,107548,0,0,18,9
2,8,419200.0,-1.1146060523753212,-0.8693272921435614,TIME_LIMIT,107571,0,0,6,7
2,8,419340.0,-1.1146060523753212,-0.8693272921435614,TIME_LIMIT,107592,0,0,15,14
2,8,419398.0,-1.1144649654982497,-0.8693272921435614,TIME_LIMIT,107618,0,0,10,5
2,8,419560.0,-1.1144649654982497,-0.8693272921435614,TIME_LIMIT,107642,0,0,19,7
2,8,419706.0,-1.1144628887828831,-0.8693272921435614,TIME_LIMIT,107683,0,0,18,10
2,8,419839.0,-1.1144628887828831,-0.8693272921435614,TIME_LIMIT,107704,0,0,23,18
2,8,419920.0,-1.1144362525853666,-0.8693272921435614,TIME_LIMIT,107731,0,0,12,7
2,8,419961.0,-1.1144362525853666,-0.8693272921435614,TIME_LIMIT,107750,0,0,9,7
2,8,419973.0,-1.114433825905572,-0.8693272921435614,TIME_LIMIT,107762,0,0,6,2
2,8,420184.0,-1.114433825905572,-0.8693272921435614,TIME_LIMIT,107786,0,0,20,27
2,8,420394.0,-1.1144147044961563,-0.8693272921435614,TIME_LIMIT,107824,0,0,17,12
2,8,420542.0,-1.1144147044961563,-0.8693272921435614,TIME_LIMIT,107850,0,0,18,13
2,8,420603.0,-1.1144005162776864,-0.8693272921435614,TIME_LIMIT,107879,0,0,14,3
2,8,420695.0,-1.1144005162776864,-0.8693272921435614,TIME_LIMIT,107896,0,0,16,13
2,8,420804.0,-1.1143945506297088,-0.8693272921435614,TIME_LIMIT,107924,0,0,12,6
2,8,420892.0,-1.1143945506297088,-0.8693272921435614,TIME_LIMIT,107940,0,0,18,11
2,8,421015.0,-1.1143749245117327,-0.8693272921435614,TIME_LIMIT,107963,0,0,7,7
2,8,421218.0,-1.1143749245117327,-0.8693272921435614,TIME_LIMIT,107985,0,0,11,17
2,8,421261.0,-1.1143726816865065,-0.8693272921435614,TIME_LIMIT,108014,0,0,8,4
2,8,421319.0,-1.1143726816865065,-0.8693272921435614,TIME_LIMIT,108035,0,0,18,12
2,8,421433.0,-1.114359488339494,-0.8693272921435614,TIME_LIMIT,108067,0,0,16,7
2,8,421473.0,-1.114359488339494,-0.8693272921435614,TIME_LIMIT,108084,0,0,8,2
2,8,421504.0,-1.1143546610760326,-0.8693272921435614,TIME_LIMIT,108101,0,0,12,3
2,8,421524.0,-1.1143546610760326,-0.8693272921435614,TIME_LIMIT,108114,0,0,10,7
2,8,421551.0,-1.114354584934916,-0.8693272921435614,TIME_LIMIT,108135,0,0,5,4
2,8,421618.0,-1.114354584934916,-0.8693272921435614,TIME_LIMIT,108148,0,0,6,11
2,8,421683.0,-1.114312843881872,-0.8693272921435614,TIME_LIMIT,108178,0,0,10,10
2,8,421803.0,-1.114312843881872,-0.8693272921435614,TIME_LIMIT,108197,0,0,18,24
2,8,422017.0,-1.1142317751237458,-0.8693272921435614,TIME_LIMIT,108231,0,0,21,4
2,8,422065.0,-1.1142317751237458,-0.8693272921435614,TIME_LIMIT,108252,0,0,11,6
2,8,422175.0,-1.1142224158015774,-0.8693272921435614,TIME_LIMIT,108270,0,0,5,4
2,8,422319.0,-1.1142224158015774,-0.8693272921435614,TIME_LIMIT,108298,0,0,20,17
2,8,422536.0,-1.1141916266150536,-0.8693272921435614,TIME_LIMIT,108335,0,0,20,11
2,8,422756.0,-1.1141916266150536,-0.8693272921435614,TIME_LIMIT,108355,0,0,17,22
2,8,422922.0,-1.1141914903482424,-0.8693272921435614,TIME_LIMIT,108392,0,0,18,7
2,8,423137.0,-1.1141914903482424,-0.8693272921435614,TIME_LIMIT,108413,0,0,18,14
2,8,423316.0,-1.1141899415002823,-0.8693272921435614,TIME_LIMIT,108450,0,0,14,9
2,8,423383.0,-1.1141899415002823,-0.8693272921435614,TIME_LIMIT,108468,0,0,16,17
2,8,423520.0,-1.1141456246383115,-0.8693272921435614,TIME_LIMIT,108495,0,0,8,2
2,8,423632.0,-1.1141456246383115,-0.8693272921435614,TIME_LIMIT,108517,0,0,9,30
2,8,423837.0,-1.1141407632420155,-0.8693272921435614,TIME_LIMIT,108552,0,0,16,7
2,8,423961.0,-1.1141407632420155,-0.8693272921435614,TIME_LIMIT,108579,0,0,16,13
2,8,424134.0,-1.1141257470500332,-0.8693272921435614,TIME_LIMIT,108603,0,0,16,7
2,8,424210.0,-1.1141257470500332,-0.8693272921435614,TIME_LIMIT,108622,0,0,14,7
2,8,424271.0,-1.1140904978880102,-0.8693272921435614,TIME_LIMIT,108655,0,0,13,9
2,8,424369.0,-1.1140904978880102,-0.8693272921435614,TIME_LIMIT,108676,0,0,15,10
2,8,424564.0,-1.1140841099365284,-0.8693272921435614,TIME_LIMIT,108702,0,0,11,4
2,8,424588.0,-1.1140841099365284,-0.8693272921435614,TIME_LIMIT,108719,0,0,13,7
2,8,424630.0,-1.1140703258432376,-0.8693272921435614,TIME_LIMIT,108745,0,0,12,4
2,8,424754.0,-1.1140703258432376,-0.8693272921435614,TIME_LIMIT,108765,0,0,18,16
2,8,424856.0,-1.114053074591816,-0.8693272921435614,TIME_LIMIT,108797,0,0,16,7
2,8,424972.0,-1.114053074591816,-0.8693272921435614,TIME_LIMIT,108817,0,0,19,14
2,8,425103.0,-1.114018833924299,-0.8693272921435614,TIME_LIMIT,108851,0,0,10,8
2,8,425158.0,-1.114018833924299,-0.8693272921435614,TIME_LIMIT,108871,0,0,18,11
2,8,425323.0,-1.1139979843765655,-0.8693272921435614,TIME_LIMIT,108901,0,0,6,7
2,8,425412.0,-1.1139979843765655,-0.8693272921435614,TIME_LIMIT,108926,0,0,19,17
2,8,425484.0,-1.1139406286843485,-0.8693272921435614,TIME_LIMIT,108951,0,0,5,2
2,8,425673.0,-1.1139406286843485,-0.8693272921435614,TIME_LIMIT,108979,0,0,18,15
2,8,425729.0,-1.1139285288314498,-0.8693272921435614,TIME_LIMIT,109005,0,0,6,2
2,8,425854.0,-1.1139285288314498,-0.8693272921435614,TIME_LIMIT,109020,0,0,17,12
2,8,425922.0,-1.1139246324892826,-0.8693272921435614,TIME_LIMIT,109052,0,0,11,4
2,8,426004.0,-1.1139246324892826,-0.8693272921435614,TIME_LIMIT,109076,0,0,14,5
2,8,426053.0,-1.1139108282945682,-0.8693272921435614,TIME_LIMIT,109094,0,0,11,8
2,8,426135.0,-1.1139108282945682,-0.8693272921435614,TIME_LIMIT,109119,0,0,16,5
2,8,426234.0,-1.1138997391933805,-0.8693272921435614,TIME_LIMIT,109151,0,0,14,8
2,8,426307.0,-1.1138997391933805,-0.8693272921435614,TIME_LIMIT,109170,0,0,16,12
2,8,426381.0,-1.1138816578067876,-0.8693272921435614,TIME_LIMIT,109196,0,0,8,5
2,8,426479.0,-1.1138816578067876,-0.8693272921435614,TIME_LIMIT,109216,0,0,13,11
2,8,426546.0,-1.113877410434545,-0.8693272921435614,TIME_LIMIT,109241,0,0,10,3
2,8,426618.0,-1.113877410434545,-0.8693272921435614,TIME_LIMIT,109257,0,0,14,10
2,8,426652.0,-1.1138765725515458,-0.8693272921435614,TIME_LIMIT,109280,0,0,4,1
2,8,426699.0,-1.1138765725515458,-0.8693272921435614,TIME_LIMIT,109303,0,0,17,7
2,8,426745.0,-1.1138260774487267,-0.8693272921435614,TIME_LIMIT,109323,0,0,3,4
2,8,426863.0,-1.1138260774487267,-0.8693272921435614,TIME_LIMIT,109353,0,0,26,16
2,8,426904.0,-1.1138067065526764,-0.8693272921435614,TIME_LIMIT,109371,0,0,14,4
2,8,426982.0,-1.1138067065526764,-0.8693272921435614,TIME_LIMIT,109390,0,0,11,8
2,8,427064.0,-1.1137628168414815,-0.8693272921435614,TIME_LIMIT,109412,0,0,16,2
2,8,427105.0,-1.1137628168414815,-0.8693272921435614,TIME_LIMIT,109430,0,0,12,11
2,8,427137.0,-1.113753758384588,-0.8693272921435614,TIME_LIMIT,109452,0,0,8,4
2,8,427208.0,-1.113753758384588,-0.8693272921435614,TIME_LIMIT,109479,0,0,15,9
2,8,427282.0,-1.1137536063505378,-0.8693272921435614,TIME_LIMIT,109493,0,0,10,8
2,8,427332.0,-1.1137536063505378,-0.8693272921435614,TIME_LIMIT,109510,0,0,15,17
2,8,427454.0,-1.113734304055707,-0.8693272921435614,TIME_LIMIT,109546,0,0,13,6
2,8,427662.0,-1.113734304055707,-0.8693272921435614,TIME_LIMIT,109567,0,0,14,21
2,8,427772.0,-1.1137076598178695,-0.8693272921435614,TIME_LIMIT,109604,0,0,18,4
2,8,427853.0,-1.1137076598178695,-0.8693272921435614,TIME_LIMIT,109629,0,0,21,16
2,8,427969.0,-1.1137015596936823,-0.8693272921435614,TIME_LIMIT,109662,0,0,15,9
2,8,428135.0,-1.1137015596936823,-0.8693272921435614,TIME_LIMIT,109682,0,0,19,12
2,8,428299.0,-1.1136922638400066,-0.8693272921435614,TIME_LIMIT,109715,0,0,14,9
2,8,428457.0,-1.1136922638400066,-0.8693272921435614,TIME_LIMIT,109741,0,0,18,21
2,8,428621.0,-1.113687423913769,-0.8693272921435614,TIME_LIMIT,109780,0,0,20,16
2,8,428683.0,-1.113687423913769,-0.8693272921435614,TIME_LIMIT,109799,0,0,18,12
2,8,428755.0,-1.1136816952638755,-0.8693272921435614,TIME_LIMIT,109824,0,0,9,4
2,8,428839.0,-1.1136816952638755,-0.8693272921435614,TIME_LIMIT,109844,0,0,9,5
2,8,428922.0,-1.1136793620785803,-0.8693272921435614,TIME_LIMIT,109870,0,0,4,4
2,8,428945.0,-1.1136793620785803,-0.8693272921435614,TIME_LIMIT,109888,0,0,9,3
2,8,428954.0,-1.1136323594612887,-0.8693272921435614,TIME_LIMIT,109902,0,0,3,2
2,8,429018.0,-1.1136323594612887,-0.8693272921435614,TIME_LIMIT,109920,0,0,9,5
2,8,429133.0,-1.1136242312498001,-0.8693272921435614,TIME_LIMIT,109946,0,0,8,4
2,8,429340.0,-1.1136242312498001,-0.8693272921435614,TIME_LIMIT,109971,0,0,19,26
2,8,429409.0,-1.1136230003313337,-0.8693272921435614,TIME_LIMIT,110000,0,0,15,9
2,8,429486.0,-1.1136230003313337,-0.8693272921435614,TIME_LIMIT,110018,0,0,6,7
2,8,429535.0,-1.1135997030572058,-0.8693272921435614,TIME_LIMIT,110045,0,0,6,6
2,8,429656.0,-1.1135997030572058,-0.8693272921435614,TIME_LIMIT,110071,0,0,13,11
2,8,429765.0,-1.113593997340057,-0.8693272921435614,TIME_LIMIT,110104,0,0,19,7
2,8,429885.0,-1.113593997340057,-0.8693272921435614,TIME_LIMIT,110126,0,0,16,20
2,8,430046.0,-1.1135835648729209,-0.8693272921435614,TIME_LIMIT,110161,0,0,16,11
2,8,430196.0,-1.1135835648729209,-0.8693272921435614,TIME_LIMIT,110178,0,0,5,12
2,8,430228.0,-1.1135559541173694,-0.8693272921435614,TIME_LIMIT,110200,0,0,10,1
2,8,430262.0,-1.1135559541173694,-0.8693272921435614,TIME_LIMIT,110221,0,0,10,9
2,8,430363.0,-1.1135498034409022,-0.8693272921435614,TIME_LIMIT,110240,0,0,17,9
2,8,430454.0,-1.1135498034409022,-0.8693272921435614,TIME_LIMIT,110260,0,0,19,13
2,8,430658.0,-1.1135395789300495,-0.8693272921435614,TIME_LIMIT,110293,0,0,16,7
2,8,430823.0,-1.1135395789300495,-0.8693272921435614,TIME_LIMIT,110317,0,0,8,12
2,8,430916.0,-1.113537245574888,-0.8693272921435614,TIME_LIMIT,110342,0,0,6,6
2,8,431029.0,-1.113537245574888,-0.8693272921435614,TIME_LIMIT,110364,0,0,16,9
2,8,431092.0,-1.1135245862291208,-0.8693272921435614,TIME_LIMIT,110392,0,0,15,7
2,8,431174.0,-1.1135245862291208,-0.8693272921435614,TIME_LIMIT,110413,0,0,15,13
2,8,431302.0,-1.1135204198878166,-0.8693272921435614,TIME_LIMIT,110444,0,0,10,14
2,8,431511.0,-1.1135204198878166,-0.8693272921435614,TIME_LIMIT,110460,0,0,15,22
2,8,431722.0,-1.1134862251581024,-0.8693272921435614,TIME_LIMIT,110493,0,0,15,12
2,8,431865.0,-1.1134862251581024,-0.8693272921435614,TIME_LIMIT,110518,0,0,19,18
2,8,431988.0,-1.1134858926650322,-0.8693272921435614,TIME_LIMIT,110556,0,0,20,10
2,8,432101.0,-1.1134858926650322,-0.8693272921435614,TIME_LIMIT,110570,0,0,17,11
2,8,432269.0,-1.1134791016635057,-0.8693272921435614,TIME_LIMIT,110604,0,0,9,2
2,8,432352.0,-1.1134791016635057,-0.8693272921435614,TIME_LIMIT,110628,0,0,24,11
2,8,432552.0,-1.1134650388205012,-0.8693272921435614,TIME_LIMIT,110665,0,0,19,11
2,8,432732.0,-1.1134650388205012,-0.8693272921435614,TIME_LIMIT,110691,0,0,18,21
2,8,432942.0,-1.1134462831822969,-0.8693272921435614,TIME_LIMIT,110711,0,0,14,7
2,8,432987.0,-1.1134462831822969,-0.8693272921435614,TIME_LIMIT,110733,0,0,14,3
2,8,433034.0,-1.113439524460078,-0.8693272921435614,TIME_LIMIT,110749,0,0,9,11
2,8,433236.0,-1.113439524460078,-0.8693272921435614,TIME_LIMIT,110776,0,0,14,9
2,8,433294.0,-1.1134133853801444,-0.8693272921435614,TIME_LIMIT,110794,0,0,14,9
2,8,433337.0,-1.1134133853801444,-0.8693272921435614,TIME_LIMIT,110813,0,0,11,2
2,8,433372.0,-1.1134086603608973,-0.8693272921435614,TIME_LIMIT,110828,0,0,9,5
2,8,433493.0,-1.1134086603608973,-0.8693272921435614,TIME_LIMIT,110847,0,0,15,8
2,8,433694.0,-1.1133924141731086,-0.8693272921435614,TIME_LIMIT,110887,0,0,14,13
2,8,433898.0,-1.1133924141731086,-0.8693272921435614,TIME_LIMIT,110911,0,0,22,34
2,8,434113.0,-1.1133641779877985,-0.8693272921435614,TIME_LIMIT,110948,0,0,20,11
2,8,434256.0,-1.1133641779877985,-0.8693272921435614,TIME_LIMIT,110972,0,0,17,13
2,8,434374.0,-1.113331207494823,-0.8693272921435614,TIME_LIMIT,111002,0,0,14,4
2,8,434419.0,-1.113331207494823,-0.8693272921435614,TIME_LIMIT,111020,0,0,14,8
2,8,434478.0,-1.1133263417105284,-0.8693272921435614,TIME_LIMIT,111040,0,0,7,6
2,8,434529.0,-1.1133263417105284,-0.8693272921435614,TIME_LIMIT,111058,0,0,16,15
2,8,434694.0,-1.1133143174405782,-0.8693272921435614,TIME_LIMIT,111098,0,0,14,10
2,8,434741.0,-1.1133143174405782,-0.8693272921435614,TIME_LIMIT,111112,0,0,10,11
2,8,434813.0,-1.1133059865365587,-0.8693272921435614,TIME_LIMIT,111133,0,0,8,3
2,8,434942.0,-1.1133059865365587,-0.8693272921435614,TIME_LIMIT,111154,0,0,16,21
2,8,435002.0,-1.1132900227227291,-0.8693272921435614,TIME_LIMIT,111182,0,0,11,6
2,8,435164.0,-1.1132900227227291,-0.8693272921435614,TIME_LIMIT,111204,0,0,17,18
2,8,435277.0,-1.1132612537226798,-0.8693272921435614,TIME_LIMIT,111237,0,0,11,7
2,8,435396.0,-1.1132612537226798,-0.8693272921435614,TIME_LIMIT,111258,0,0,13,15
2,8,435608.0,-1.1132467353029494,-0.8693272921435614,TIME_LIMIT,111294,0,0,10,3
2,8,435686.0,-1.1132467353029494,-0.8693272921435614,TIME_LIMIT,111312,0,0,20,10
2,8,435894.0,-1.1132166044334595,-0.8693272921435614,TIME_LIMIT,111347,0,0,18,7
2,8,436007.0,-1.1132166044334595,-0.8693272921435614,TIME_LIMIT,111366,0,0,18,14
2,8,436129.0,-1.1132080086595884,-0.8693272921435614,TIME_LIMIT,111402,0,0,14,6
2,8,436195.0,-1.1132080086595884,-0.8693272921435614,TIME_LIMIT,111424,0,0,25,17
2,8,436340.0,-1.1131794171683598,-0.8693272921435614,TIME_LIMIT,111461,0,0,15,10
2,8,436547.0,-1.1131794171683598,-0.8693272921435614,TIME_LIMIT,111484,0,0,23,17
2,8,436695.0,-1.113163276338509,-0.8693272921435614,TIME_LIMIT,111517,0,0,9,8
2,8,436862.0,-1.113163276338509,-0.8693272921435614,TIME_LIMIT,111546,0,0,20,22
2,8,437070.0,-1.113162614216902,-0.8693272921435614,TIME_LIMIT,111574,0,0,16,6
2,8,437125.0,-1.113162614216902,-0.8693272921435614,TIME_LIMIT,111593,0,0,17,10
2,8,437330.0,-1.1131600919206646,-0.8693272921435614,TIME_LIMIT,111617,0,0,11,3
2,8,437410.0,-1.1131600919206646,-0.8693272921435614,TIME_LIMIT,111641,0,0,19,9
2,8,437478.0,-1.113156101252125,-0.8693272921435614,TIME_LIMIT,111662,0,0,9,2
2,8,437555.0,-1.113156101252125,-0.8693272921435614,TIME_LIMIT,111687,0,0,16,7
2,8,437623.0,-1.113139763625568,-0.8693272921435614,TIME_LIMIT,111709,0,0,13,16
2,8,437696.0,-1.113139763625568,-0.8693272921435614,TIME_LIMIT,111730,0,0,12,8
2,8,437743.0,-1.1131208882281012,-0.8693272921435614,TIME_LIMIT,111748,0,0,14,5
2,8,437867.0,-1.1131208882281012,-0.8693272921435614,TIME_LIMIT,111770,0,0,20,23
2,8,438023.0,-1.1131188071664238,-0.8693272921435614,TIME_LIMIT,111807,0,0,20,12
2,8,438075.0,-1.1131188071664238,-0.8693272921435614,TIME_LIMIT,111826,0,0,17,13
2,8,438234.0,-1.1131015180117432,-0.8693272921435614,TIME_LIMIT,111857,0,0,14,6
2,8,438275.0,-1.1131015180117432,-0.8693272921435614,TIME_LIMIT,111873,0,0,15,11
2,8,438357.0,-1.1130968605299791,-0.8693272921435614,TIME_LIMIT,111904,0,0,9,5
2,8,438483.0,-1.1130968605299791,-0.8693272921435614,TIME_LIMIT,111931,0,0,15,18
2,8,438527.0,-1.1130678730892254,-0.8693272921435614,TIME_LIMIT,111952,0,0,16,14
2,8,438578.0,-1.1130678730892254,-0.8693272921435614,TIME_LIMIT,111969,0,0,15,11
2,8,438614.0,-1.1130480258897593,-0.8693272921435614,TIME_LIMIT,111994,0,0,9,6
2,8,438723.0,-1.1130480258897593,-0.8693272921435614,TIME_LIMIT,112012,0,0,15,10
2,8,438750.0,-1.1130376541952163,-0.8693272921435614,TIME_LIMIT,112031,0,0,10,4
2,8,438857.0,-1.1130376541952163,-0.8693272921435614,TIME_LIMIT,112057,0,0,14,33
2,8,439060.0,-1.1130361396436874,-0.8693272921435614,TIME_LIMIT,112096,0,0,18,25
2,8,439273.0,-1.1130361396436874,-0.8693272921435614,TIME_LIMIT,112119,0,0,22,33
2,8,439466.0,-1.1129682820082147,-0.8693272921435614,TIME_LIMIT,112153,0,0,15,11
2,8,439561.0,-1.1129682820082147,-0.8693272921435614,TIME_LIMIT,112173,0,0,7,7
2,8,439773.0,-1.1129506218332312,-0.8693272921435614,TIME_LIMIT,112207,0,0,17,7
2,8,439856.0,-1.1129506218332312,-0.8693272921435614,TIME_LIMIT,112223,0,0,12,7
2,8,439885.0,-1.1129416459303023,-0.8693272921435614,TIME_LIMIT,112241,0,0,7,6
2,8,439934.0,-1.1129416459303023,-0.8693272921435614,TIME_LIMIT,112262,0,0,14,7
2,8,439966.0,-1.1128881390304988,-0.8693272921435614,TIME_LIMIT,112277,0,0,8,5
2,8,440172.0,-1.1128881390304988,-0.8693272921435614,TIME_LIMIT,112305,0,0,24,34
2,8,440383.0,-1.11287157716141,-0.8693272921435614,TIME_LIMIT,112340,0,0,14,12
2,8,440547.0,-1.11287157716141,-0.8693272921435614,TIME_LIMIT,112363,0,0,12,6
2,8,440660.0,-1.1128563711791872,-0.8693272921435614,TIME_LIMIT,112393,0,0,8,6
2,8,440719.0,-1.1128563711791872,-0.8693272921435614,TIME_LIMIT,112414,0,0,18,13
2,8,440747.0,-1.1128545247567283,-0.8693272921435614,TIME_LIMIT,112436,0,0,11,8
2,8,440792.0,-1.1128545247567283,-0.8693272921435614,TIME_LIMIT,112451,0,0,15,15
2,8,440829.0,-1.112849493825261,-0.8693272921435614,TIME_LIMIT,112478,0,0,9,5
2,8,441034.0,-1.112849493825261,-0.8693272921435614,TIME_LIMIT,112501,0,0,14,12
2,8,441097.0,-1.1128460632335109,-0.8693272921435614,TIME_LIMIT,112531,0,0,22,6
2,8,441195.0,-1.1128460632335109,-0.8693272921435614,TIME_LIMIT,112555,0,0,22,19
2,8,441300.0,-1.1128191214867995,-0.8693272921435614,TIME_LIMIT,112587,0,0,10,8
2,8,441365.0,-1.1128191214867995,-0.8693272921435614,TIME_LIMIT,112603,0,0,6,7
2,8,441412.0,-1.1127807627817905,-0.8693272921435614,TIME_LIMIT,112627,0,0,7,5
2,8,441550.0,-1.1127807627817905,-0.8693272921435614,TIME_LIMIT,112657,0,0,13,8
2,8,441660.0,-1.1127679112820499,-0.8693272921435614,TIME_LIMIT,112686,0,0,17,9
2,8,441708.0,-1.1127679112820499,-0.8693272921435614,TIME_LIMIT,112705,0,0,12,14
2,8,441765.0,-1.1127285723073093,-0.8693272921435614,TIME_LIMIT,112733,0,0,4,3
2,8,441880.0,-1.1127285723073093,-0.8693272921435614,TIME_LIMIT,112760,0,0,20,10
2,8,441932.0,-1.1127232789889963,-0.8693272921435614,TIME_LIMIT,112791,0,0,12,7
2,8,442115.0,-1.1127232789889963,-0.8693272921435614,TIME_LIMIT,112815,0,0,17,13
2,8,442191.0,-1.1126720369118954,-0.8693272921435614,TIME_LIMIT,112844,0,0,8,9
2,8,442224.0,-1.1126720369118954,-0.8693272921435614,TIME_LIMIT,112865,0,0,12,8
2,8,442255.0,-1.1126208124943073,-0.8693272921435614,TIME_LIMIT,112886,0,0,4,4
2,8,442417.0,-1.1126208124943073,-0.8693272921435614,TIME_LIMIT,112910,0,0,17,10
2,8,442620.0,-1.1126208050106792,-0.8693272921435614,TIME_LIMIT,112949,0,0,19,9
2,8,442775.0,-1.1126208050106792,-0.8693272921435614,TIME_LIMIT,112972,0,0,20,19
2,8,442845.0,-1.1126184426326904,-0.8693272921435614,TIME_LIMIT,112999,0,0,14,10
2,8,442941.0,-1.1126184426326904,-0.8693272921435614,TIME_LIMIT,113018,0,0,15,4
2,8,443035.0,-1.1125973399860476,-0.8693272921435614,TIME_LIMIT,113053,0,0,16,8
2,8,443187.0,-1.1125973399860476,-0.8693272921435614,TIME_LIMIT,113076,0,0,15,11
2,8,443252.0,-1.1125929756353048,-0.8693272921435614,TIME_LIMIT,113100,0,0,14,6
2,8,443362.0,-1.1125929756353048,-0.8693272921435614,TIME_LIMIT,113121,0,0,17,6
2,8,443431.0,-1.1125764530837619,-0.8693272921435614,TIME_LIMIT,113150,0,0,16,12
2,8,443575.0,-1.1125764530837619,-0.8693272921435614,TIME_LIMIT,113176,0,0,13,10
2,8,443646.0,-1.1125528079612323,-0.8693272921435614,TIME_LIMIT,113196,0,0,17,11
2,8,443736.0,-1.1125528079612323,-0.8693272921435614,TIME_LIMIT,113215,0,0,12,24
2,8,443886.0,-1.112547700037485,-0.8693272921435614,TIME_LIMIT,113246,0,0,14,9
2,8,444002.0,-1.112547700037485,-0.8693272921435614,TIME_LIMIT,113269,0,0,15,12
2,8,444082.0,-1.1125056732460208,-0.8693272921435614,TIME_LIMIT,113297,0,0,11,10
2,8,444108.0,-1.1125056732460208,-0.8693272921435614,TIME_LIMIT,113308,0,0,7,10
2,8,444138.0,-1.1124797678205878,-0.8693272921435614,TIME_LIMIT,113328,0,0,3,4
2,8,444216.0,-1.1124797678205878,-0.8693272921435614,TIME_LIMIT,113357,0,0,24,12
2,8,444314.0,-1.112471337752865,-0.8693272921435614,TIME_LIMIT,113391,0,0,16,9
2,8,444524.0,-1.112471337752865,-0.8693272921435614,TIME_LIMIT,113416,0,0,11,26
2,8,444740.0,-1.1123940775775396,-0.8693272921435614,TIME_LIMIT,113454,0,0,13,14
2,8,444912.0,-1.1123940775775396,-0.8693272921435614,TIME_LIMIT,113479,0,0,23,16
2,8,445029.0,-1.1123883328296444,-0.8693272921435614,TIME_LIMIT,113510,0,0,15,8
2,8,445126.0,-1.1123883328296444,-0.8693272921435614,TIME_LIMIT,113525,0,0,6,17
2,8,445219.0,-1.1123855358866868,-0.8693272921435614,TIME_LIMIT,113554,0,0,15,3
2,8,445289.0,-1.1123855358866868,-0.8693272921435614,TIME_LIMIT,113574,0,0,19,7
2,8,445385.0,-1.1123800652133027,-0.8693272921435614,TIME_LIMIT,113598,0,0,13,7
2,8,445506.0,-1.1123800652133027,-0.8693272921435614,TIME_LIMIT,113617,0,0,17,10
2,8,445594.0,-1.1123548828863052,-0.8693272921435614,TIME_LIMIT,113644,0,0,12,5
2,8,445785.0,-1.1123548828863052,-0.8693272921435614,TIME_LIMIT,113673,0,0,18,22
2,8,445980.0,-1.1123468152780176,-0.8693272921435614,TIME_LIMIT,113708,0,0,12,6
2,8,446088.0,-1.1123468152780176,-0.8693272921435614,TIME_LIMIT,113732,0,0,15,13
2,8,446205.0,-1.1123295697426068,-0.8693272921435614,TIME_LIMIT,113761,0,0,12,4
2,8,446299.0,-1.1123295697426068,-0.8693272921435614,TIME_LIMIT,113783,0,0,16,9
2,8,446344.0,-1.1123064127559315,-0.8693272921435614,TIME_LIMIT,113806,0,0,12,5
2,8,446406.0,-1.1123064127559315,-0.8693272921435614,TIME_LIMIT,113831,0,0,13,6
2,8,446471.0,-1.112298817195661,-0.8693272921435614,TIME_LIMIT,113856,0,0,12,5
2,8,446590.0,-1.112298817195661,-0.8693272921435614,TIME_LIMIT,113881,0,0,18,13
2,8,446736.0,-1.1122954268627512,-0.8693272921435614,TIME_LIMIT,113909,0,0,20,15
2,8,446918.0,-1.1122954268627512,-0.8693272921435614,TIME_LIMIT,113933,0,0,21,32
2,8,447109.0,-1.112265915896797,-0.8693272921435614,TIME_LIMIT,113966,0,0,16,11
2,8,447198.0,-1.112265915896797,-0.8693272921435614,TIME_LIMIT,113992,0,0,16,6
2,8,447302.0,-1.112257833656428,-0.8693272921435614,TIME_LIMIT,114007,0,0,12,11
2,8,447359.0,-1.112257833656428,-0.8693272921435614,TIME_LIMIT,114024,0,0,12,8
2,8,447427.0,-1.1122549883810344,-0.8693272921435614,TIME_LIMIT,114049,0,0,8,8
2,8,447469.0,-1.1122549883810344,-0.8693272921435614,TIME_LIMIT,114065,0,0,9,2
2,8,447562.0,-1.1122537941252733,-0.8693272921435614,TIME_LIMIT,114093,0,0,16,7
2,8,447645.0,-1.1122537941252733,-0.8693272921435614,TIME_LIMIT,114115,0,0,17,11
2,8,447721.0,-1.1122504817251593,-0.8693272921435614,TIME_LIMIT,114143,0,0,9,7
2,8,447845.0,-1.1122504817251593,-0.8693272921435614,TIME_LIMIT,114170,0,0,15,15
2,8,447942.0,-1.112240428450296,-0.8693272921435614,TIME_LIMIT,114190,0,0,13,13
2,8,448015.0,-1.112240428450296,-0.8693272921435614,TIME_LIMIT,114218,0,0,20,33
2,8,448222.0,-1.1122304812162471,-0.8693272921435614,TIME_LIMIT,114258,0,0,20,7
2,8,448429.0,-1.1122304812162471,-0.8693272921435614,TIME_LIMIT,114283,0,0,15,14
2,8,448528.0,-1.1122015202603506,-0.8693272921435614,TIME_LIMIT,114318,0,0,20,6
2,8,448619.0,-1.1122015202603506,-0.8693272921435614,TIME_LIMIT,114340,0,0,17,7
2,8,448682.0,-1.112185461103137,-0.8693272921435614,TIME_LIMIT,114371,0,0,15,11
2,8,448756.0,-1.112185461103137,-0.8693272921435614,TIME_LIMIT,114396,0,0,15,19
2,8,448957.0,-1.1121473522687255,-0.8693272921435614,TIME_LIMIT,114426,0,0,15,10
2,8,449153.0,-1.1121473522687255,-0.8693272921435614,TIME_LIMIT,114453,0,0,20,17
2,8,449261.0,-1.1121382281873844,-0.8693272921435614,TIME_LIMIT,114489,0,0,13,9
2,8,449377.0,-1.1121382281873844,-0.8693272921435614,TIME_LIMIT,114510,0,0,20,21
2,8,449578.0,-1.1121141830533958,-0.8693272921435614,TIME_LIMIT,114557,0,0,12,3
2,8,449621.0,-1.1121141830533958,-0.8693272921435614,TIME_LIMIT,114575,0,0,14,12
2,8,449694.0,-1.1121140850947024,-0.8693272921435614,TIME_LIMIT,114606,0,0,17,10
2,8,449834.0,-1.1121140850947024,-0.8693272921435614,TIME_LIMIT,114631,0,0,21,9
2,8,449879.0,-1.1120920178375706,-0.8693272921435614,TIME_LIMIT,114658,0,0,8,6
2,8,449937.0,-1.1120920178375706,-0.8693272921435614,TIME_LIMIT,114677,0,0,14,8
2,8,450007.0,-1.112085744748545,-0.8693272921435614,TIME_LIMIT,114704,0,0,10,7
2,8,450089.0,-1.112085744748545,-0.8693272921435614,TIME_LIMIT,114723,0,0,10,10
2,8,450234.0,-1.1120366951063378,-0.8693272921435614,TIME_LIMIT,114753,0,0,6,2
2,8,450361.0,-1.1120366951063378,-0.8693272921435614,TIME_LIMIT,114787,0,0,13,14
2,8,450480.0,-1.11199011958263,-0.8693272921435614,TIME_LIMIT,114811,0,0,17,7
2,8,450612.0,-1.11199011958263,-0.8693272921435614,TIME_LIMIT,114834,0,0,15,14
2,8,450661.0,-1.1119796594514688,-0.8693272921435614,TIME_LIMIT,114854,0,0,10,2
2,8,450799.0,-1.1119796594514688,-0.8693272921435614,TIME_LIMIT,114873,0,0,20,15
2,8,450987.0,-1.1119736770010773,-0.8693272921435614,TIME_LIMIT,114907,0,0,16,8
2,8,451071.0,-1.1119736770010773,-0.8693272921435614,TIME_LIMIT,114928,0,0,8,4
2,8,451144.0,-1.111964870789333,-0.8693272921435614,TIME_LIMIT,114951,0,0,10,4
2,8,451223.0,-1.111964870789333,-0.8693272921435614,TIME_LIMIT,114978,0,0,19,10
2,8,451321.0,-1.1119521005212238,-0.8693272921435614,TIME_LIMIT,115009,0,0,13,8
2,8,451537.0,-1.1119521005212238,-0.8693272921435614,TIME_LIMIT,115031,0,0,16,14
2,8,451669.0,-1.1119447709236594,-0.8693272921435614,TIME_LIMIT,115066,0,0,13,10
2,8,451764.0,-1.1119447709236594,-0.8693272921435614,TIME_LIMIT,115084,0,0,15,8
2,8,451862.0,-1.111921812781225,-0.8693272921435614,TIME_LIMIT,115113,0,0,12,5
2,8,451936.0,-1.111921812781225,-0.8693272921435614,TIME_LIMIT,115128,0,0,13,16
2,8,452021.0,-1.1119113328078654,-0.8693272921435614,TIME_LIMIT,115158,0,0,8,7
2,8,452200.0,-1.1119113328078654,-0.8693272921435614,TIME_LIMIT,115186,0,0,21,26
2,8,452321.0,-1.1118832212180174,-0.8693272921435614,TIME_LIMIT,115224,0,0,18,9
2,8,452533.0,-1.1118832212180174,-0.8693272921435614,TIME_LIMIT,115245,0,0,19,24
2,8,452742.0,-1.1118630282250317,-0.8693272921435614,TIME_LIMIT,115283,0,0,13,14
2,8,452833.0,-1.1118630282250317,-0.8693272921435614,TIME_LIMIT,115300,0,0,13,5
2,8,452929.0,-1.1118569228998227,-0.8693272921435614,TIME_LIMIT,115331,0,0,4,6
2,8,453016.0,-1.1118569228998227,-0.8693272921435614,TIME_LIMIT,115349,0,0,14,10
2,8,453106.0,-1.111821960410579,-0.8693272921435614,TIME_LIMIT,115378,0,0,14,6
2,8,453133.0,-1.111821960410579,-0.8693272921435614,TIME_LIMIT,115392,0,0,10,4
2,8,453186.0,-1.111810099923976,-0.8693272921435614,TIME_LIMIT,115416,0,0,8,6
2,8,453243.0,-1.111810099923976,-0.8693272921435614,TIME_LIMIT,115433,0,0,13,7
2,8,453272.0,-1.1117907426567781,-0.8693272921435614,TIME_LIMIT,115454,0,0,10,3
2,8,453337.0,-1.1117907426567781,-0.8693272921435614,TIME_LIMIT,115479,0,0,9,6
2,8,453448.0,-1.1117736986590705,-0.8693272921435614,TIME_LIMIT,115498,0,0,17,12
2,8,453650.0,-1.1117736986590705,-0.8693272921435614,TIME_LIMIT,115523,0,0,14,10
2,8,453827.0,-1.111766303222707,-0.8693272921435614,TIME_LIMIT,115546,0,0,12,8
2,8,453964.0,-1.111766303222707,-0.8693272921435614,TIME_LIMIT,115567,0,0,15,15
2,8,454041.0,-1.111752359654775,-0.8693272921435614,TIME_LIMIT,115594,0,0,16,5
2,8,454136.0,-1.111752359654775,-0.8693272921435614,TIME_LIMIT,115619,0,0,12,8
2,8,454339.0,-1.1117409942590437,-0.8693272921435614,TIME_LIMIT,115648,0,0,14,8
2,8,454427.0,-1.1117409942590437,-0.8693272921435614,TIME_LIMIT,115663,0,0,12,15
2,8,454510.0,-1.1117403745480223,-0.8693272921435614,TIME_LIMIT,115693,0,0,8,3
2,8,454663.0,-1.1117403745480223,-0.8693272921435614,TIME_LIMIT,115716,0,0,10,14
2,8,454728.0,-1.11173705119968,-0.8693272921435614,TIME_LIMIT,115736,0,0,7,4
2,8,454784.0,-1.11173705119968,-0.8693272921435614,TIME_LIMIT,115753,0,0,18,15
2,8,454873.0,-1.1117085441691748,-0.8693272921435614,TIME_LIMIT,115780,0,0,11,10
2,8,454998.0,-1.1117085441691748,-0.8693272921435614,TIME_LIMIT,115802,0,0,25,10
2,8,455163.0,-1.1116979597731602,-0.8693272921435614,TIME_LIMIT,115832,0,0,15,3
2,8,455353.0,-1.1116979597731602,-0.8693272921435614,TIME_LIMIT,115856,0,0,21,21
2,8,455564.0,-1.1116619449114562,-0.8693272921435614,TIME_LIMIT,115892,0,0,9,5
2,8,455774.0,-1.1116619449114562,-0.8693272921435614,TIME_LIMIT,115917,0,0,17,20
2,8,455894.0,-1.1116526542425658,-0.8693272921435614,TIME_LIMIT,115955,0,0,17,14
2,8,455954.0,-1.1116526542425658,-0.8693272921435614,TIME_LIMIT,115969,0,0,14,6
2,8,456087.0,-1.1116494840021274,-0.8693272921435614,TIME_LIMIT,115998,0,0,11,5
2,8,456197.0,-1.1116494840021274,-0.8693272921435614,TIME_LIMIT,116017,0,0,16,8
2,8,456253.0,-1.111643261187182,-0.8693272921435614,TIME_LIMIT,116044,0,0,15,6
2,8,456458.0,-1.111643261187182,-0.8693272921435614,TIME_LIMIT,116073,0,0,25,22
2,8,456660.0,-1.1116400041074657,-0.8693272921435614,TIME_LIMIT,116117,0,0,17,12
2,8,456833.0,-1.1116400041074657,-0.8693272921435614,TIME_LIMIT,116139,0,0,16,13
2,8,457012.0,-1.111639244518438,-0.8693272921435614,TIME_LIMIT,116176,0,0,13,8
2,8,457164.0,-1.111639244518438,-0.8693272921435614,TIME_LIMIT,116202,0,0,17,24
2,8,457326.0,-1.1116360146868645,-0.8693272921435614,TIME_LIMIT,116236,0,0,17,7
2,8,457532.0,-1.1116360146868645,-0.8693272921435614,TIME_LIMIT,116256,0,0,19,9
2,8,457737.0,-1.1116250147905302,-0.8693272921435614,TIME_LIMIT,116286,0,0,17,8
2,8,457866.0,-1.1116250147905302,-0.8693272921435614,TIME_LIMIT,116312,0,0,25,7
2,8,457969.0,-1.1116226688909647,-0.8693272921435614,TIME_LIMIT,116343,0,0,15,5
2,8,458099.0,-1.1116226688909647,-0.8693272921435614,TIME_LIMIT,116373,0,0,26,15
2,8,458159.0,-1.1115935940746018,-0.8693272921435614,TIME_LIMIT,116399,0,0,19,4
2,8,458171.0,-1.1115935940746018,-0.8693272921435614,TIME_LIMIT,116414,0,0,9,4
2,8,458196.0,-1.111572408003504,-0.8693272921435614,TIME_LIMIT,116431,0,0,4,5
2,8,458300.0,-1.111572408003504,-0.8693272921435614,TIME_LIMIT,116450,0,0,22,22
2,8,458398.0,-1.1115559224968794,-0.8693272921435614,TIME_LIMIT,116483,0,0,13,5
2,8,458509.0,-1.1115559224968794,-0.8693272921435614,TIME_LIMIT,116502,0,0,16,15
2,8,458650.0,-1.1115557350443792,-0.8693272921435614,TIME_LIMIT,116530,0,0,10,5
2,8,458716.0,-1.1115557350443792,-0.8693272921435614,TIME_LIMIT,116544,0,0,12,10
2,8,458757.0,-1.1115437508385324,-0.8693272921435614,TIME_LIMIT,116571,0,0,9,6
2,8,458845.0,-1.1115437508385324,-0.8693272921435614,TIME_LIMIT,116593,0,0,14,11
2,8,458961.0,-1.1115435335502477,-0.8693272921435614,TIME_LIMIT,116626,0,0,7,5
2,8,459054.0,-1.1115435335502477,-0.8693272921435614,TIME_LIMIT,116652,0,0,21,14
2,8,459261.0,-1.1114449151503345,-0.8693272921435614,TIME_LIMIT,116685,0,0,16,12
2,8,459368.0,-1.1114449151503345,-0.8693272921435614,TIME_LIMIT,116708,0,0,15,7
2,8,459485.0,-1.1114382427344567,-0.8693272921435614,TIME_LIMIT,116736,0,0,3,5
2,8,459547.0,-1.1114382427344567,-0.8693272921435614,TIME_LIMIT,116755,0,0,20,15
2,8,459705.0,-1.111433276813211,-0.8693272921435614,TIME_LIMIT,116789,0,0,17,9
2,8,459781.0,-1.111433276813211,-0.8693272921435614,TIME_LIMIT,116809,0,0,13,14
2,8,459815.0,-1.1114229439447616,-0.8693272921435614,TIME_LIMIT,116828,0,0,11,5
2,8,459887.0,-1.1114229439447616,-0.8693272921435614,TIME_LIMIT,116848,0,0,22,21
2,8,459934.0,-1.1114166191657844,-0.8693272921435614,TIME_LIMIT,116871,0,0,7,2
2,8,460047.0,-1.1114166191657844,-0.8693272921435614,TIME_LIMIT,116893,0,0,19,13
2,8,460202.0,-1.111393796982186,-0.8693272921435614,TIME_LIMIT,116929,0,0,18,9
2,8,460319.0,-1.111393796982186,-0.8693272921435614,TIME_LIMIT,116954,0,0,22,13
2,8,460477.0,-1.1113518620936556,-0.8693272921435614,TIME_LIMIT,116993,0,0,15,8
2,8,460612.0,-1.1113518620936556,-0.8693272921435614,TIME_LIMIT,117015,0,0,21,13
2,8,460700.0,-1.1113326936384649,-0.8693272921435614,TIME_LIMIT,117044,0,0,14,9
2,8,460816.0,-1.1113326936384649,-0.8693272921435614,TIME_LIMIT,117062,0,0,16,9
2,8,460955.0,-1.1113313616438703,-0.8693272921435614,TIME_LIMIT,117096,0,0,16,8
2,8,461072.0,-1.1113313616438703,-0.8693272921435614,TIME_LIMIT,117126,0,0,15,7
2,8,461280.0,-1.111325278010738,-0.8693272921435614,TIME_LIMIT,117160,0,0,15,16
2,8,461307.0,-1.111325278010738,-0.8693272921435614,TIME_LIMIT,117173,0,0,12,8
2,8,461364.0,-1.1112929242412735,-0.8693272921435614,TIME_LIMIT,117192,0,0,3,4
2,8,461504.0,-1.1112929242412735,-0.8693272921435614,TIME_LIMIT,117212,0,0,8,14
2,8,461712.0,-1.111283253610034,-0.8693272921435614,TIME_LIMIT,117235,0,0,8,9
2,8,461778.0,-1.111283253610034,-0.8693272921435614,TIME_LIMIT,117257,0,0,12,20
2,8,461887.0,-1.111252746275186,-0.8693272921435614,TIME_LIMIT,117290,0,0,9,5
2,8,462093.0,-1.111252746275186,-0.8693272921435614,TIME_LIMIT,117316,0,0,18,16
2,8,462296.0,-1.1112454587326526,-0.8693272921435614,TIME_LIMIT,117350,0,0,12,6
2,8,462341.0,-1.1112454587326526,-0.8693272921435614,TIME_LIMIT,117367,0,0,11,10
2,8,462387.0,-1.111228554241235,-0.8693272921435614,TIME_LIMIT,117391,0,0,9,2
2,8,462597.0,-1.111228554241235,-0.8693272921435614,TIME_LIMIT,117414,0,0,17,27
2,8,462710.0,-1.1112205026708346,-0.8693272921435614,TIME_LIMIT,117449,0,0,8,5
2,8,462892.0,-1.1112205026708346,-0.8693272921435614,TIME_LIMIT,117478,0,0,23,19
2,8,463094.0,-1.1112171787938891,-0.8693272921435614,TIME_LIMIT,117508,0,0,14,10
2,8,463144.0,-1.1112171787938891,-0.8693272921435614,TIME_LIMIT,117528,0,0,14,10
2,8,463199.0,-1.1112062545392076,-0.8693272921435614,TIME_LIMIT,117552,0,0,11,2
2,8,463279.0,-1.1112062545392076,-0.8693272921435614,TIME_LIMIT,117572,0,0,21,6
2,8,463326.0,-1.111158433685015,-0.8693272921435614,TIME_LIMIT,117600,0,0,7,2
2,8,463358.0,-1.111158433685015,-0.8693272921435614,TIME_LIMIT,117620,0,0,18,7
2,8,463488.0,-1.1111060523519531,-0.8693272921435614,TIME_LIMIT,117652,0,0,11,9
2,8,463558.0,-1.1111060523519531,-0.8693272921435614,TIME_LIMIT,117667,0,0,16,5
2,8,463608.0,-1.111105209730101,-0.8693272921435614,TIME_LIMIT,117687,0,0,10,6
2,8,463688.0,-1.111105209730101,-0.8693272921435614,TIME_LIMIT,117703,0,0,16,10
2,8,463889.0,-1.1110922682358177,-0.8693272921435614,TIME_LIMIT,117738,0,0,15,9
2,8,463928.0,-1.1110922682358177,-0.8693272921435614,TIME_LIMIT,117754,0,0,12,14
2,8,463998.0,-1.1110774327648594,-0.8693272921435614,TIME_LIMIT,117782,0,0,12,5
2,8,464092.0,-1.1110774327648594,-0.8693272921435614,TIME_LIMIT,117809,0,0,21,13
2,8,464279.0,-1.111073580519931,-0.8693272921435614,TIME_LIMIT,117835,0,0,11,7
2,8,464333.0,-1.111073580519931,-0.8693272921435614,TIME_LIMIT,117851,0,0,15,8
2,8,464376.0,-1.1110475674498064,-0.8693272921435614,TIME_LIMIT,117873,0,0,7,4
2,8,464507.0,-1.1110475674498064,-0.8693272921435614,TIME_LIMIT,117894,0,0,18,19
2,8,464715.0,-1.1110438819519026,-0.8693272921435614,TIME_LIMIT,117923,0,0,17,10
2,8,464767.0,-1.1110438819519026,-0.8693272921435614,TIME_LIMIT,117943,0,0,13,3
2,8,464789.0,-1.1110305732482124,-0.8693272921435614,TIME_LIMIT,117955,0,0,11,7
2,8,464992.0,-1.1110305732482124,-0.8693272921435614,TIME_LIMIT,117980,0,0,14,8
2,8,465073.0,-1.1110258799349957,-0.8693272921435614,TIME_LIMIT,118011,0,0,13,13
2,8,465174.0,-1.1110258799349957,-0.8693272921435614,TIME_LIMIT,118032,0,0,15,9
2,8,465319.0,-1.1110093052696568,-0.8693272921435614,TIME_LIMIT,118068,0,0,18,5
2,8,465365.0,-1.1110093052696568,-0.8693272921435614,TIME_LIMIT,118084,0,0,19,16
2,8,465564.0,-1.1109850645322354,-0.8693272921435614,TIME_LIMIT,118118,0,0,13,6
2,8,465673.0,-1.1109850645322354,-0.8693272921435614,TIME_LIMIT,118140,0,0,15,1
2,8,465759.0,-1.1109730896346046,-0.8693272921435614,TIME_LIMIT,118169,0,0,11,3
2,8,465814.0,-1.1109730896346046,-0.8693272921435614,TIME_LIMIT,118197,0,0,20,10
2,8,466013.0,-1.1109411324499514,-0.8693272921435614,TIME_LIMIT,118230,0,0,12,8
2,8,466057.0,-1.1109411324499514,-0.8693272921435614,TIME_LIMIT,118247,0,0,8,15
2,8,466105.0,-1.1109065391248873,-0.8693272921435614,TIME_LIMIT,118272,0,0,9,3
2,8,466164.0,-1.1109065391248873,-0.8693272921435614,TIME_LIMIT,118299,0,0,24,8
2,8,466238.0,-1.1109033467022182,-0.8693272921435614,TIME_LIMIT,118325,0,0,13,6
2,8,466325.0,-1.1109033467022182,-0.8693272921435614,TIME_LIMIT,118347,0,0,16,15
2,8,466487.0,-1.1108900299569229,-0.8693272921435614,TIME_LIMIT,118385,0,0,12,4
2,8,466552.0,-1.1108900299569229,-0.8693272921435614,TIME_LIMIT,118403,0,0,15,6
2,8,466604.0,-1.1108870276197158,-0.8693272921435614,TIME_LIMIT,118432,0,0,12,8
2,8,466689.0,-1.1108870276197158,-0.8693272921435614,TIME_LIMIT,118449,0,0,17,10
2,8,466877.0,-1.1108342358933883,-0.8693272921435614,TIME_LIMIT,118487,0,0,18,12
2,8,466998.0,-1.1108342358933883,-0.8693272921435614,TIME_LIMIT,118507,0,0,13,12
2,8,467149.0,-1.1108091976389871,-0.8693272921435614,TIME_LIMIT,118536,0,0,15,8
2,8,467349.0,-1.1108091976389871,-0.8693272921435614,TIME_LIMIT,118558,0,0,19,21
2,8,467518.0,-1.1108033284517647,-0.8693272921435614,TIME_LIMIT,118590,0,0,16,13
2,8,467664.0,-1.1108033284517647,-0.8693272921435614,TIME_LIMIT,118614,0,0,11,21
2,8,467758.0,-1.1107925477725664,-0.8693272921435614,TIME_LIMIT,118648,0,0,12,3
2,8,467965.0,-1.1107925477725664,-0.8693272921435614,TIME_LIMIT,118677,0,0,19,24
2,8,468178.0,-1.1107894820365445,-0.8693272921435614,TIME_LIMIT,118711,0,0,14,8
2,8,468207.0,-1.1107894820365445,-0.8693272921435614,TIME_LIMIT,118722,0,0,6,2
2,8,468236.0,-1.1107680753774345,-0.8693272921435614,TIME_LIMIT,118745,0,0,10,3
2,8,468321.0,-1.1107680753774345,-0.8693272921435614,TIME_LIMIT,118765,0,0,17,13
2,8,468402.0,-1.1107244566327719,-0.8693272921435614,TIME_LIMIT,118790,0,0,11,6
2,8,468586.0,-1.1107244566327719,-0.8693272921435614,TIME_LIMIT,118816,0,0,17,19
2,8,468679.0,-1.1107192413095766,-0.8693272921435614,TIME_LIMIT,118845,0,0,17,9
2,8,468889.0,-1.1107192413095766,-0.8693272921435614,TIME_LIMIT,118869,0,0,18,26
2,8,469093.0,-1.11069948199538,-0.8693272921435614,TIME_LIMIT,118904,0,0,18,6
2,8,469146.0,-1.11069948199538,-0.8693272921435614,TIME_LIMIT,118930,0,0,13,7
2,8,469204.0,-1.110654808303618,-0.8693272921435614,TIME_LIMIT,118947,0,0,10,6
2,8,469386.0,-1.110654808303618,-0.8693272921435614,TIME_LIMIT,118977,0,0,11,12
2,8,469459.0,-1.1106471090602699,-0.8693272921435614,TIME_LIMIT,118994,0,0,7,9
2,8,469514.0,-1.1106471090602699,-0.8693272921435614,TIME_LIMIT,119017,0,0,8,6
2,8,469657.0,-1.1106302103295325,-0.8693272921435614,TIME_LIMIT,119036,0,0,12,9
2,8,469820.0,-1.1106302103295325,-0.8693272921435614,TIME_LIMIT,119065,0,0,22,26
2,8,469946.0,-1.1106297227891853,-0.8693272921435614,TIME_LIMIT,119095,0,0,13,6
2,8,470006.0,-1.1106297227891853,-0.8693272921435614,TIME_LIMIT,119117,0,0,10,15
2,8,470110.0,-1.1105746412177284,-0.8693272921435614,TIME_LIMIT,119146,0,0,8,4
2,8,470312.0,-1.1105746412177284,-0.8693272921435614,TIME_LIMIT,119167,0,0,13,15
2,8,470479.0,-1.1105731398108858,-0.8693272921435614,TIME_LIMIT,119206,0,0,10,2
2,8,470519.0,-1.1105731398108858,-0.8693272921435614,TIME_LIMIT,119218,0,0,14,18
2,8,470578.0,-1.1105714887438276,-0.8693272921435614,TIME_LIMIT,119249,0,0,11,9
2,8,470632.0,-1.1105714887438276,-0.8693272921435614,TIME_LIMIT,119266,0,0,14,12
2,8,470770.0,-1.1105695669525906,-0.8693272921435614,TIME_LIMIT,119294,0,0,13,9
2,8,470814.0,-1.1105695669525906,-0.8693272921435614,TIME_LIMIT,119314,0,0,11,10
2,8,470876.0,-1.110564480112202,-0.8693272921435614,TIME_LIMIT,119331,0,0,12,6
2,8,470991.0,-1.110564480112202,-0.8693272921435614,TIME_LIMIT,119356,0,0,9,19
2,8,471198.0,-1.1105611667595676,-0.8693272921435614,TIME_LIMIT,119388,0,0,13,17
2,8,471225.0,-1.1105611667595676,-0.8693272921435614,TIME_LIMIT,119402,0,0,11,6
2,8,471262.0,-1.1105471628540595,-0.8693272921435614,TIME_LIMIT,119419,0,0,7,2
2,8,471362.0,-1.1105471628540595,-0.8693272921435614,TIME_LIMIT,119441,0,0,16,6
2,8,471405.0,-1.110541636876192,-0.8693272921435614,TIME_LIMIT,119465,0,0,13,7
2,8,471472.0,-1.110541636876192,-0.8693272921435614,TIME_LIMIT,119486,0,0,21,13
2,8,471584.0,-1.1105312623875725,-0.8693272921435614,TIME_LIMIT,119521,0,0,19,9
2,8,471637.0,-1.1105312623875725,-0.8693272921435614,TIME_LIMIT,119545,0,0,21,15
2,8,471688.0,-1.1105149301702921,-0.8693272921435614,TIME_LIMIT,119569,0,0,12,8
2,8,471900.0,-1.1105149301702921,-0.8693272921435614,TIME_LIMIT,119591,0,0,16,17
2,8,472115.0,-1.1104965339118615,-0.8693272921435614,TIME_LIMIT,119629,0,0,18,8
2,8,472205.0,-1.1104965339118615,-0.8693272921435614,TIME_LIMIT,119649,0,0,12,2
2,8,472256.0,-1.110479978700745,-0.8693272921435614,TIME_LIMIT,119674,0,0,9,7
2,8,472303.0,-1.110479978700745,-0.8693272921435614,TIME_LIMIT,119697,0,0,18,6
2,8,472337.0,-1.1104485781031923,-0.8693272921435614,TIME_LIMIT,119720,0,0,8,4
2,8,472514.0,-1.1104485781031923,-0.8693272921435614,TIME_LIMIT,119749,0,0,21,12
2,8,472617.0,-1.1104447291238215,-0.8693272921435614,TIME_LIMIT,119776,0,0,11,4
2,8,472814.0,-1.1104447291238215,-0.8693272921435614,TIME_LIMIT,119802,0,0,4,8
2,8,472840.0,-1.1104276080872082,-0.8693272921435614,TIME_LIMIT,119821,0,0,7,7
2,8,472898.0,-1.1104276080872082,-0.8693272921435614,TIME_LIMIT,119844,0,0,21,21
2,8,473000.0,-1.1104074253127676,-0.8693272921435614,TIME_LIMIT,119877,0,0,16,4
2,8,473025.0,-1.1104074253127676,-0.8693272921435614,TIME_LIMIT,119893,0,0,10,12
2,8,473072.0,-1.110396184752177,-0.8693272921435614,TIME_LIMIT,119919,0,0,14,7
2,8,473120.0,-1.110396184752177,-0.8693272921435614,TIME_LIMIT,119940,0,0,15,9
2,8,473221.0,-1.110387916250157,-0.8693272921435614,TIME_LIMIT,119965,0,0,5,3
2,8,473278.0,-1.110387916250157,-0.8693272921435614,TIME_LIMIT,119987,0,0,22,14
2,8,473415.0,-1.1103830986812442,-0.8693272921435614,TIME_LIMIT,120019,0,0,16,9
2,8,473532.0,-1.1103830986812442,-0.8693272921435614,TIME_LIMIT,120045,0,0,15,10
2,8,473610.0,-1.1103777599975946,-0.8693272921435614,TIME_LIMIT,120074,0,0,7,7
2,8,473657.0,-1.1103777599975946,-0.8693272921435614,TIME_LIMIT,120089,0,0,14,13
2,8,473863.0,-1.1103674194370226,-0.8693272921435614,TIME_LIMIT,120120,0,0,13,5
2,8,473908.0,-1.1103674194370226,-0.8693272921435614,TIME_LIMIT,120139,0,0,12,5
2,8,473933.0,-1.1103544167234765,-0.8693272921435614,TIME_LIMIT,120160,0,0,5,0
2,8,474126.0,-1.1103544167234765,-0.8693272921435614,TIME_LIMIT,120188,0,0,31,24
2,8,474328.0,-1.1103540844946735,-0.8693272921435614,TIME_LIMIT,120226,0,0,23,6
2,8,474502.0,-1.1103540844946735,-0.8693272921435614,TIME_LIMIT,120248,0,0,15,11
2,8,474601.0,-1.1103220962658984,-0.8693272921435614,TIME_LIMIT,120279,0,0,14,14
2,8,474682.0,-1.1103220962658984,-0.8693272921435614,TIME_LIMIT,120301,0,0,19,11
2,8,474814.0,-1.110268337707065,-0.8693272921435614,TIME_LIMIT,120336,0,0,20,6
2,8,474895.0,-1.110268337707065,-0.8693272921435614,TIME_LIMIT,120357,0,0,16,11
2,8,474916.0,-1.1102631257204025,-0.8693272921435614,TIME_LIMIT,120370,0,0,9,5
2,8,475110.0,-1.1102631257204025,-0.8693272921435614,TIME_LIMIT,120394,0,0,15,20
2,8,475309.0,-1.1102470629417784,-0.8693272921435614,TIME_LIMIT,120434,0,0,20,12
2,8,475501.0,-1.1102470629417784,-0.8693272921435614,TIME_LIMIT,120459,0,0,25,19
2,8,475701.0,-1.1102138180810728,-0.8693272921435614,TIME_LIMIT,120498,0,0,23,11
2,8,475770.0,-1.1102138180810728,-0.8693272921435614,TIME_LIMIT,120519,0,0,18,16
2,8,475862.0,-1.1101988187045473,-0.8693272921435614,TIME_LIMIT,120547,0,0,15,3
2,8,475944.0,-1.1101988187045473,-0.8693272921435614,TIME_LIMIT,120570,0,0,11,6
2,8,475975.0,-1.1101973518711405,-0.8693272921435614,TIME_LIMIT,120584,0,0,8,5
2,8,475991.0,-1.1101973518711405,-0.8693272921435614,TIME_LIMIT,120593,0,0,8,7
2,8,476027.0,-1.1101732543189526,-0.8693272921435614,TIME_LIMIT,120617,0,0,11,3
2,8,476106.0,-1.1101732543189526,-0.8693272921435614,TIME_LIMIT,120639,0,0,15,15
2,8,476192.0,-1.1101389540037787,-0.8693272921435614,TIME_LIMIT,120670,0,0,16,4
2,8,476248.0,-1.1101389540037787,-0.8693272921435614,TIME_LIMIT,120692,0,0,10,3
2,8,476279.0,-1.1101268231595651,-0.8693272921435614,TIME_LIMIT,120706,0,0,11,5
2,8,476480.0,-1.1101268231595651,-0.8693272921435614,TIME_LIMIT,120730,0,0,19,21
2,8,476520.0,-1.1101199321560538,-0.8693272921435614,TIME_LIMIT,120751,0,0,14,2
2,8,476596.0,-1.1101199321560538,-0.8693272921435614,TIME_LIMIT,120774,0,0,21,15
2,8,476796.0,-1.1101015532307894,-0.8693272921435614,TIME_LIMIT,120808,0,0,21,12
2,8,476890.0,-1.1101015532307894,-0.8693272921435614,TIME_LIMIT,120827,0,0,15,15
2,8,476961.0,-1.11009383675371,-0.8693272921435614,TIME_LIMIT,120855,0,0,12,4
2,8,477021.0,-1.11009383675371,-0.8693272921435614,TIME_LIMIT,120875,0,0,22,19
2,8,477144.0,-1.1100823721758448,-0.8693272921435614,TIME_LIMIT,120908,0,0,16,12
2,8,477303.0,-1.1100823721758448,-0.8693272921435614,TIME_LIMIT,120934,0,0,22,11
2,8,477372.0,-1.110026565380245,-0.8693272921435614,TIME_LIMIT,120962,0,0,11,7
2,8,477465.0,-1.110026565380245,-0.8693272921435614,TIME_LIMIT,120982,0,0,22,17
2,8,477557.0,-1.1100089801543858,-0.8693272921435614,TIME_LIMIT,121013,0,0,10,4
2,8,477682.0,-1.1100089801543858,-0.8693272921435614,TIME_LIMIT,121031,0,0,12,9
2,8,477711.0,-1.110007620886852,-0.8693272921435614,TIME_LIMIT,121052,0,0,7,5
2,8,477772.0,-1.110007620886852,-0.8693272921435614,TIME_LIMIT,121071,0,0,13,13
2,8,477932.0,-1.1099495505237198,-0.8693272921435614,TIME_LIMIT,121103,0,0,10,10
2,8,478057.0,-1.1099495505237198,-0.8693272921435614,TIME_LIMIT,121127,0,0,16,11
2,8,478216.0,-1.1099330291918088,-0.8693272921435614,TIME_LIMIT,121158,0,0,15,14
2,8,478358.0,-1.1099330291918088,-0.8693272921435614,TIME_LIMIT,121182,0,0,19,16
2,8,478413.0,-1.1099309906949184,-0.8693272921435614,TIME_LIMIT,121212,0,0,8,6
2,8,478581.0,-1.1099309906949184,-0.8693272921435614,TIME_LIMIT,121234,0,0,18,9
2,8,478668.0,-1.1099045392384106,-0.8693272921435614,TIME_LIMIT,121262,0,0,15,8
2,8,478796.0,-1.1099045392384106,-0.8693272921435614,TIME_LIMIT,121294,0,0,12,25
2,8,478847.0,-1.109838267938147,-0.8693272921435614,TIME_LIMIT,121319,0,0,9,7
2,8,478878.0,-1.109838267938147,-0.8693272921435614,TIME_LIMIT,121339,0,0,12,7
2,8,478929.0,-1.1098308722368655,-0.8693272921435614,TIME_LIMIT,121365,0,0,11,3
2,8,479062.0,-1.1098308722368655,-0.8693272921435614,TIME_LIMIT,121389,0,0,17,13
2,8,479169.0,-1.1098256985490358,-0.8693272921435614,TIME_LIMIT,121421,0,0,14,6
2,8,479272.0,-1.1098256985490358,-0.8693272921435614,TIME_LIMIT,121444,0,0,16,10
2,8,479322.0,-1.1097931144836701,-0.8693272921435614,TIME_LIMIT,121473,0,0,11,10
2,8,479408.0,-1.1097931144836701,-0.8693272921435614,TIME_LIMIT,121493,0,0,12,13
2,8,479617.0,-1.1097813087961683,-0.8693272921435614,TIME_LIMIT,121525,0,0,16,6
2,8,479730.0,-1.1097813087961683,-0.8693272921435614,TIME_LIMIT,121554,0,0,23,7
2,8,479905.0,-1.1097777220938414,-0.8693272921435614,TIME_LIMIT,121596,0,0,15,9
2,8,479948.0,-1.1097777220938414,-0.8693272921435614,TIME_LIMIT,121615,0,0,16,9
2,8,480030.0,-1.1097760003152226,-0.8693272921435614,TIME_LIMIT,121647,0,0,11,14
2,8,480145.0,-1.1097760003152226,-0.8693272921435614,TIME_LIMIT,121669,0,0,15,6
2,8,480281.0,-1.1097753211543662,-0.8693272921435614,TIME_LIMIT,121700,0,0,14,10
2,8,480331.0,-1.1097753211543662,-0.8693272921435614,TIME_LIMIT,121725,0,0,15,6
2,8,480406.0,-1.1097742126299965,-0.8693272921435614,TIME_LIMIT,121740,0,0,9,4
2,8,480494.0,-1.1097742126299965,-0.8693272921435614,TIME_LIMIT,121761,0,0,19,15
2,8,480542.0,-1.1097436801923557,-0.8693272921435614,TIME_LIMIT,121788,0,0,12,10
2,8,480598.0,-1.1097436801923557,-0.8693272921435614,TIME_LIMIT,121807,0,0,14,11
2,8,480703.0,-1.1097383446961269,-0.8693272921435614,TIME_LIMIT,121839,0,0,13,11
2,8,480766.0,-1.1097383446961269,-0.8693272921435614,TIME_LIMIT,121863,0,0,21,18
2,8,480816.0,-1.109676308215596,-0.8693272921435614,TIME_LIMIT,121882,0,0,19,11
2,8,481015.0,-1.109676308215596,-0.8693272921435614,TIME_LIMIT,121907,0,0,26,34
2,8,481211.0,-1.109675802063419,-0.8693272921435614,TIME_LIMIT,121943,0,0,17,18
2,8,481261.0,-1.109675802063419,-0.8693272921435614,TIME_LIMIT,121967,0,0,16,17
2,8,481378.0,-1.109658849109279,-0.8693272921435614,TIME_LIMIT,121998,0,0,17,10
2,8,481429.0,-1.109658849109279,-0.8693272921435614,TIME_LIMIT,122012,0,0,10,7
2,8,481460.0,-1.1096507616925109,-0.8693272921435614,TIME_LIMIT,122026,0,0,6,3
2,8,481592.0,-1.1096507616925109,-0.8693272921435614,TIME_LIMIT,122053,0,0,17,5
2,8,481663.0,-1.1096406945000583,-0.8693272921435614,TIME_LIMIT,122076,0,0,11,6
2,8,481772.0,-1.1096406945000583,-0.8693272921435614,TIME_LIMIT,122095,0,0,5,5
2,8,481833.0,-1.1096123515743694,-0.8693272921435614,TIME_LIMIT,122119,0,0,11,2
2,8,481959.0,-1.1096123515743694,-0.8693272921435614,TIME_LIMIT,122141,0,0,10,10
2,8,482075.0,-1.1096080059964355,-0.8693272921435614,TIME_LIMIT,122176,0,0,16,10
2,8,482146.0,-1.1096080059964355,-0.8693272921435614,TIME_LIMIT,122196,0,0,16,6
2,8,482228.0,-1.1096001029155902,-0.8693272921435614,TIME_LIMIT,122215,0,0,12,10
2,8,482255.0,-1.1096001029155902,-0.8693272921435614,TIME_LIMIT,122236,0,0,12,7
2,8,482325.0,-1.1095664569159824,-0.8693272921435614,TIME_LIMIT,122265,0,0,7,9
2,8,482493.0,-1.1095664569159824,-0.8693272921435614,TIME_LIMIT,122292,0,0,22,11
2,8,482686.0,-1.1095330751887578,-0.8693272921435614,TIME_LIMIT,122326,0,0,19,12
2,8,482882.0,-1.1095330751887578,-0.8693272921435614,TIME_LIMIT,122348,0,0,15,24
2,8,483081.0,-1.1095250969177854,-0.8693272921435614,TIME_LIMIT,122381,0,0,17,1
2,8,483146.0,-1.1095250969177854,-0.8693272921435614,TIME_LIMIT,122408,0,0,20,14
2,8,483245.0,-1.1095130361587224,-0.8693272921435614,TIME_LIMIT,122427,0,0,17,5
2,8,483447.0,-1.1095130361587224,-0.8693272921435614,TIME_LIMIT,122448,0,0,20,23
2,8,483627.0,-1.1095101019636295,-0.8693272921435614,TIME_LIMIT,122488,0,0,17,6
2,8,483782.0,-1.1095101019636295,-0.8693272921435614,TIME_LIMIT,122517,0,0,19,9
2,8,483828.0,-1.1094995482384808,-0.8693272921435614,TIME_LIMIT,122539,0,0,15,11
2,8,483910.0,-1.1094995482384808,-0.8693272921435614,TIME_LIMIT,122558,0,0,19,18
2,8,484041.0,-1.1094881861809753,-0.8693272921435614,TIME_LIMIT,122591,0,0,11,3
2,8,484130.0,-1.1094881861809753,-0.8693272921435614,TIME_LIMIT,122613,0,0,9,3
2,8,484275.0,-1.1094689572543572,-0.8693272921435614,TIME_LIMIT,122643,0,0,12,6
2,8,484337.0,-1.1094689572543572,-0.8693272921435614,TIME_LIMIT,122663,0,0,10,12
2,8,484530.0,-1.1094603532113632,-0.8693272921435614,TIME_LIMIT,122694,0,0,15,7
2,8,484595.0,-1.1094603532113632,-0.8693272921435614,TIME_LIMIT,122716,0,0,15,14
2,8,484673.0,-1.1094486672848314,-0.8693272921435614,TIME_LIMIT,122749,0,0,12,15
2,8,484704.0,-1.1094486672848314,-0.8693272921435614,TIME_LIMIT,122758,0,0,8,5
2,8,484722.0,-1.1094419148530472,-0.8693272921435614,TIME_LIMIT,122775,0,0,7,1
2,8,484760.0,-1.1094419148530472,-0.8693272921435614,TIME_LIMIT,122794,0,0,15,4
2,8,484815.0,-1.1094384111329925,-0.8693272921435614,TIME_LIMIT,122823,0,0,10,5
2,8,484904.0,-1.1094384111329925,-0.8693272921435614,TIME_LIMIT,122843,0,0,15,12
2,8,484932.0,-1.1094177956195495,-0.8693272921435614,TIME_LIMIT,122864,0,0,11,2
2,8,485006.0,-1.1094177956195495,-0.8693272921435614,TIME_LIMIT,122889,0,0,25,10
2,8,485149.0,-1.1094030266238817,-0.8693272921435614,TIME_LIMIT,122924,0,0,15,7
2,8,485176.0,-1.1094030266238817,-0.8693272921435614,TIME_LIMIT,122940,0,0,10,9
2,8,485230.0,-1.1093993596850742,-0.8693272921435614,TIME_LIMIT,122956,0,0,7,0
2,8,485273.0,-1.1093993596850742,-0.8693272921435614,TIME_LIMIT,122974,0,0,9,9
2,8,485315.0,-1.1093917332451242,-0.8693272921435614,TIME_LIMIT,123000,0,0,13,9
2,8,485425.0,-1.1093917332451242,-0.8693272921435614,TIME_LIMIT,123019,0,0,18,13
2,8,485585.0,-1.1093807280795964,-0.8693272921435614,TIME_LIMIT,123051,0,0,8,5
2,8,485774.0,-1.1093807280795964,-0.8693272921435614,TIME_LIMIT,123078,0,0,23,25
2,8,485976.0,-1.1093690993648981,-0.8693272921435614,TIME_LIMIT,123116,0,0,8,8
2,8,485998.0,-1.1093690993648981,-0.8693272921435614,TIME_LIMIT,123130,0,0,7,10
2,8,486030.0,-1.1093545597124543,-0.8693272921435614,TIME_LIMIT,123154,0,0,11,7
2,8,486117.0,-1.1093545597124543,-0.8693272921435614,TIME_LIMIT,123182,0,0,17,9
2,8,486151.0,-1.1093436703010642,-0.8693272921435614,TIME_LIMIT,123203,0,0,12,6
2,8,486347.0,-1.1093436703010642,-0.8693272921435614,TIME_LIMIT,123223,0,0,19,23
2,8,486456.0,-1.1093196893764772,-0.8693272921435614,TIME_LIMIT,123257,0,0,12,7
2,8,486493.0,-1.1093196893764772,-0.8693272921435614,TIME_LIMIT,123269,0,0,7,6
2,8,486563.0,-1.109273014222126,-0.8693272921435614,TIME_LIMIT,123290,0,0,7,2
2,8,487133.0,-1.109273014222126,-0.8693272921435614,TIME_LIMIT,123320,0,0,20,10
2,8,487248.0,-1.1092387793587213,-0.8693272921435614,TIME_LIMIT,123349,0,0,13,10
2,8,487288.0,-1.1092387793587213,-0.8693272921435614,TIME_LIMIT,123367,0,0,13,4
2,8,487302.0,-1.109181888653432,-0.8693272921435614,TIME_LIMIT,123383,0,0,5,3
2,8,487463.0,-1.109181888653432,-0.8693272921435614,TIME_LIMIT,123412,0,0,16,12
2,8,487619.0,-1.1091641226359945,-0.8693272921435614,TIME_LIMIT,123433,0,0,14,12
2,8,487669.0,-1.1091641226359945,-0.8693272921435614,TIME_LIMIT,123451,0,0,14,9
2,8,487724.0,-1.1091524678104872,-0.8693272921435614,TIME_LIMIT,123474,0,0,18,5
2,8,487879.0,-1.1091524678104872,-0.8693272921435614,TIME_LIMIT,123497,0,0,15,14
2,8,487961.0,-1.1091506085868712,-0.8693272921435614,TIME_LIMIT,123531,0,0,9,4
2,8,488175.0,-1.1091506085868712,-0.8693272921435614,TIME_LIMIT,123551,0,0,16,23
2,8,488384.0,-1.1091419210562534,-0.8693272921435614,TIME_LIMIT,123581,0,0,15,9
2,8,488602.0,-1.1091419210562534,-0.8693272921435614,TIME_LIMIT,123605,0,0,12,16
2,8,488727.0,-1.1091163786669016,-0.8693272921435614,TIME_LIMIT,123640,0,0,11,7
2,8,488852.0,-1.1091163786669016,-0.8693272921435614,TIME_LIMIT,123661,0,0,21,9
2,8,488932.0,-1.1091159642603625,-0.8693272921435614,TIME_LIMIT,123692,0,0,9,6
2,8,489039.0,-1.1091159642603625,-0.8693272921435614,TIME_LIMIT,123719,0,0,17,23
2,8,489121.0,-1.109098357211139,-0.8693272921435614,TIME_LIMIT,123746,0,0,18,15
2,8,489303.0,-1.109098357211139,-0.8693272921435614,TIME_LIMIT,123779,0,0,22,19
2,8,489351.0,-1.1090766804469683,-0.8693272921435614,TIME_LIMIT,123804,0,0,15,4
2,8,489406.0,-1.1090766804469683,-0.8693272921435614,TIME_LIMIT,123823,0,0,11,3
2,8,489439.0,-1.109075799017991,-0.8693272921435614,TIME_LIMIT,123840,0,0,10,10
2,8,489513.0,-1.109075799017991,-0.8693272921435614,TIME_LIMIT,123856,0,0,13,10
2,8,489556.0,-1.1090626201778595,-0.8693272921435614,TIME_LIMIT,123881,0,0,8,3
2,8,489583.0,-1.1090626201778595,-0.8693272921435614,TIME_LIMIT,123892,0,0,6,4
2,8,489633.0,-1.109053721019285,-0.8693272921435614,TIME_LIMIT,123914,0,0,9,3
2,8,489784.0,-1.109053721019285,-0.8693272921435614,TIME_LIMIT,123942,0,0,13,18
2,8,490004.0,-1.1089538008428177,-0.8693272921435614,TIME_LIMIT,123972,0,0,13,12
2,8,490147.0,-1.1089538008428177,-0.8693272921435614,TIME_LIMIT,123990,0,0,16,19
2,8,490212.0,-1.108933610965491,-0.8693272921435614,TIME_LIMIT,124019,0,0,5,4
2,8,490257.0,-1.108933610965491,-0.8693272921435614,TIME_LIMIT,124039,0,0,13,7
2,8,490315.0,-1.108931981795136,-0.8693272921435614,TIME_LIMIT,124064,0,0,13,9
2,8,490398.0,-1.108931981795136,-0.8693272921435614,TIME_LIMIT,124082,0,0,17,23
2,8,490446.0,-1.108895196112046,-0.8693272921435614,TIME_LIMIT,124109,0,0,10,7
2,8,490556.0,-1.108895196112046,-0.8693272921435614,TIME_LIMIT,124130,0,0,20,10
2,8,490765.0,-1.1088949026706372,-0.8693272921435614,TIME_LIMIT,124163,0,0,18,5
2,8,490835.0,-1.1088949026706372,-0.8693272921435614,TIME_LIMIT,124186,0,0,12,5
2,8,491052.0,-1.1088792306935795,-0.8693272921435614,TIME_LIMIT,124216,0,0,7,5
2,8,491133.0,-1.1088792306935795,-0.8693272921435614,TIME_LIMIT,124242,0,0,13,9
2,8,491189.0,-1.1088539912440754,-0.8693272921435614,TIME_LIMIT,124269,0,0,13,6
2,8,491301.0,-1.1088539912440754,-0.8693272921435614,TIME_LIMIT,124295,0,0,14,5
2,8,491394.0,-1.1088450477792033,-0.8693272921435614,TIME_LIMIT,124320,0,0,6,1
2,8,491505.0,-1.1088450477792033,-0.8693272921435614,TIME_LIMIT,124346,0,0,16,12
2,8,491711.0,-1.1088352053197665,-0.8693272921435614,TIME_LIMIT,124377,0,0,12,14
2,8,491744.0,-1.1088352053197665,-0.8693272921435614,TIME_LIMIT,124399,0,0,12,6
2,8,491884.0,-1.108827125204125,-0.8693272921435614,TIME_LIMIT,124423,0,0,21,8
2,8,491973.0,-1.108827125204125,-0.8693272921435614,TIME_LIMIT,124450,0,0,15,16
2,8,492168.0,-1.1088254637012518,-0.8693272921435614,TIME_LIMIT,124488,0,0,17,13
2,8,492266.0,-1.1088254637012518,-0.8693272921435614,TIME_LIMIT,124510,0,0,9,23
2,8,492374.0,-1.1087969287831663,-0.8693272921435614,TIME_LIMIT,124546,0,0,16,17
2,8,492477.0,-1.1087969287831663,-0.8693272921435614,TIME_LIMIT,124569,0,0,11,9
2,8,492532.0,-1.108795760201039,-0.8693272921435614,TIME_LIMIT,124591,0,0,16,10
2,8,492607.0,-1.108795760201039,-0.8693272921435614,TIME_LIMIT,124617,0,0,25,16
2,8,492768.0,-1.1087747833728465,-0.8693272921435614,TIME_LIMIT,124659,0,0,20,6
2,8,492837.0,-1.1087747833728465,-0.8693272921435614,TIME_LIMIT,124676,0,0,9,10
2,8,492918.0,-1.1087625541825394,-0.8693272921435614,TIME_LIMIT,124697,0,0,15,13
2,8,493043.0,-1.1087625541825394,-0.8693272921435614,TIME_LIMIT,124717,0,0,20,10
2,8,493163.0,-1.1087446506871281,-0.8693272921435614,TIME_LIMIT,124746,0,0,13,10
2,8,493256.0,-1.1087446506871281,-0.8693272921435614,TIME_LIMIT,124770,0,0,17,9
2,8,493344.0,-1.1087377729377978,-0.8693272921435614,TIME_LIMIT,124788,0,0,12,7
2,8,493473.0,-1.1087377729377978,-0.8693272921435614,TIME_LIMIT,124819,0,0,19,7
2,8,493523.0,-1.1087322593794475,-0.8693272921435614,TIME_LIMIT,124835,0,0,13,10
2,8,493644.0,-1.1087322593794475,-0.8693272921435614,TIME_LIMIT,124859,0,0,22,16
2,8,493764.0,-1.1087218100901852,-0.8693272921435614,TIME_LIMIT,124881,0,0,15,13
2,8,493883.0,-1.1087218100901852,-0.8693272921435614,TIME_LIMIT,124901,0,0,12,6
2,8,494003.0,-1.1087166950187584,-0.8693272921435614,TIME_LIMIT,124928,0,0,11,7
2,8,494208.0,-1.1087166950187584,-0.8693272921435614,TIME_LIMIT,124952,0,0,20,18
2,8,494372.0,-1.108706560383713,-0.8693272921435614,TIME_LIMIT,124987,0,0,18,6
2,8,494578.0,-1.108706560383713,-0.8693272921435614,TIME_LIMIT,125013,0,0,25,20
2,8,494795.0,-1.1086827372035737,-0.8693272921435614,TIME_LIMIT,125049,0,0,16,7
2,8,494857.0,-1.1086827372035737,-0.8693272921435614,TIME_LIMIT,125069,0,0,17,13
2,8,494942.0,-1.108681750734088,-0.8693272921435614,TIME_LIMIT,125096,0,0,9,8
2,8,495011.0,-1.108681750734088,-0.8693272921435614,TIME_LIMIT,125118,0,0,21,30
2,8,495098.0,-1.1086795436013408,-0.8693272921435614,TIME_LIMIT,125150,0,0,8,7
2,8,495216.0,-1.1086795436013408,-0.8693272921435614,TIME_LIMIT,125173,0,0,16,12
2,8,495426.0,-1.1086623326416245,-0.8693272921435614,TIME_LIMIT,125209,0,0,19,13
2,8,495537.0,-1.1086623326416245,-0.8693272921435614,TIME_LIMIT,125232,0,0,9,4
2,8,495592.0,-1.108660521272842,-0.8693272921435614,TIME_LIMIT,125249,0,0,11,6
2,8,495699.0,-1.108660521272842,-0.8693272921435614,TIME_LIMIT,125272,0,0,14,9
2,8,495838.0,-1.1086230787895262,-0.8693272921435614,TIME_LIMIT,125304,0,0,9,9
2,8,495859.0,-1.1086230787895262,-0.8693272921435614,TIME_LIMIT,125318,0,0,8,6
2,8,495873.0,-1.1086123409548096,-0.8693272921435614,TIME_LIMIT,125337,0,0,6,2
2,8,495934.0,-1.1086123409548096,-0.8693272921435614,TIME_LIMIT,125353,0,0,12,11
2,8,496069.0,-1.108608595926428,-0.8693272921435614,TIME_LIMIT,125385,0,0,12,6
2,8,496173.0,-1.108608595926428,-0.8693272921435614,TIME_LIMIT,125404,0,0,20,10
2,8,496291.0,-1.1086070019437335,-0.8693272921435614,TIME_LIMIT,125433,0,0,12,9
2,8,496391.0,-1.1086070019437335,-0.8693272921435614,TIME_LIMIT,125453,0,0,21,15
2,8,496502.0,-1.1085599796406247,-0.8693272921435614,TIME_LIMIT,125483,0,0,14,8
2,8,496530.0,-1.1085599796406247,-0.8693272921435614,TIME_LIMIT,125498,0,0,5,4
2,8,496556.0,-1.108552190057255,-0.8693272921435614,TIME_LIMIT,125512,0,0,4,3
2,8,496596.0,-1.108552190057255,-0.8693272921435614,TIME_LIMIT,125533,0,0,17,14
2,8,496736.0,-1.1085357268818194,-0.8693272921435614,TIME_LIMIT,125563,0,0,8,4
2,8,496768.0,-1.1085357268818194,-0.8693272921435614,TIME_LIMIT,125580,0,0,9,7
2,8,496825.0,-1.1085258664074955,-0.8693272921435614,TIME_LIMIT,125604,0,0,13,2
2,8,496873.0,-1.1085258664074955,-0.8693272921435614,TIME_LIMIT,125621,0,0,16,13
2,8,496935.0,-1.1085064577875468,-0.8693272921435614,TIME_LIMIT,125652,0,0,14,4
2,8,497038.0,-1.1085064577875468,-0.8693272921435614,TIME_LIMIT,125677,0,0,9,14
2,8,497171.0,-1.1084979269408648,-0.8693272921435614,TIME_LIMIT,125709,0,0,12,5
2,8,497218.0,-1.1084979269408648,-0.8693272921435614,TIME_LIMIT,125728,0,0,17,7
2,8,497317.0,-1.1084963915082633,-0.8693272921435614,TIME_LIMIT,125754,0,0,13,5
2,8,497364.0,-1.1084963915082633,-0.8693272921435614,TIME_LIMIT,125771,0,0,11,14
2,8,497442.0,-1.1084883571741888,-0.8693272921435614,TIME_LIMIT,125804,0,0,13,9
2,8,497488.0,-1.1084883571741888,-0.8693272921435614,TIME_LIMIT,125825,0,0,12,12
2,8,497585.0,-1.1084455551804258,-0.8693272921435614,TIME_LIMIT,125859,0,0,16,7
2,8,497694.0,-1.1084455551804258,-0.8693272921435614,TIME_LIMIT,125886,0,0,22,8
2,8,497744.0,-1.1084442539192698,-0.8693272921435614,TIME_LIMIT,125912,0,0,13,8
2,8,497957.0,-1.1084442539192698,-0.8693272921435614,TIME_LIMIT,125939,0,0,26,15
2,8,498137.0,-1.1084093894160238,-0.8693272921435614,TIME_LIMIT,125978,0,0,12,13
2,8,498330.0,-1.1084093894160238,-0.8693272921435614,TIME_LIMIT,126002,0,0,11,11
2,8,498482.0,-1.1084075140254015,-0.8693272921435614,TIME_LIMIT,126037,0,0,12,9
2,8,498589.0,-1.1084075140254015,-0.8693272921435614,TIME_LIMIT,126065,0,0,21,14
2,8,498730.0,-1.108403506026114,-0.8693272921435614,TIME_LIMIT,126084,0,0,14,18
2,8,498821.0,-1.108403506026114,-0.8693272921435614,TIME_LIMIT,126105,0,0,13,8
2,8,498847.0,-1.108399200332688,-0.8693272921435614,TIME_LIMIT,126126,0,0,6,6
2,8,499060.0,-1.108399200332688,-0.8693272921435614,TIME_LIMIT,126148,0,0,9,19
2,8,499231.0,-1.1083881380284142,-0.8693272921435614,TIME_LIMIT,126189,0,0,12,8
2,8,499326.0,-1.1083881380284142,-0.8693272921435614,TIME_LIMIT,126216,0,0,12,14
2,8,499402.0,-1.1083772088190766,-0.8693272921435614,TIME_LIMIT,126242,0,0,23,8
2,8,499613.0,-1.1083772088190766,-0.8693272921435614,TIME_LIMIT,126264,0,0,19,21
2,8,499749.0,-1.108376439829549,-0.8693272921435614,TIME_LIMIT,126298,0,0,14,12
2,8,499853.0,-1.108376439829549,-0.8693272921435614,TIME_LIMIT,126321,0,0,12,14
2,8,499881.0,-1.1083654326005337,-0.8693272921435614,TIME_LIMIT,126336,0,0,5,4
2,8,500022.0,-1.1083654326005337,-0.8693272921435614,TIME_LIMIT,126361,0,0,16,5
2,8,500067.0,-1.1083531277571579,-0.8693272921435614,TIME_LIMIT,126385,0,0,14,5
2,8,500100.0,-1.1083531277571579,-0.8693272921435614,TIME_LIMIT,126402,0,0,15,16
2,8,500173.0,-1.1083492538991868,-0.8693272921435614,TIME_LIMIT,126427,0,0,11,7
2,8,500227.0,-1.1083492538991868,-0.8693272921435614,TIME_LIMIT,126446,0,0,9,15
2,8,500300.0,-1.1083355664026073,-0.8693272921435614,TIME_LIMIT,126469,0,0,15,6
2,8,500334.0,-1.1083355664026073,-0.8693272921435614,TIME_LIMIT,126487,0,0,11,4
2,8,500368.0,-1.108334091623492,-0.8693272921435614,TIME_LIMIT,126503,0,0,9,5
2,8,500548.0,-1.108334091623492,-0.8693272921435614,TIME_LIMIT,126527,0,0,28,10
2,8,500733.0,-1.1083329128842274,-0.8693272921435614,TIME_LIMIT,126563,0,0,21,6
2,8,500801.0,-1.1083329128842274,-0.8693272921435614,TIME_LIMIT,126579,0,0,15,11
2,8,500910.0,-1.1083207428195463,-0.8693272921435614,TIME_LIMIT,126608,0,0,9,6
2,8,500999.0,-1.1083207428195463,-0.8693272921435614,TIME_LIMIT,126626,0,0,18,11
2,8,501038.0,-1.1083106844688881,-0.8693272921435614,TIME_LIMIT,126650,0,0,9,10
2,8,501087.0,-1.1083106844688881,-0.8693272921435614,TIME_LIMIT,126664,0,0,14,5
2,8,501199.0,-1.108299952380872,-0.8693272921435614,TIME_LIMIT,126695,0,0,12,7
2,8,501269.0,-1.108299952380872,-0.8693272921435614,TIME_LIMIT,126715,0,0,16,9
2,8,501336.0,-1.108281322053387,-0.8693272921435614,TIME_LIMIT,126737,0,0,12,5
2,8,501416.0,-1.108281322053387,-0.8693272921435614,TIME_LIMIT,126761,0,0,14,12
2,8,501481.0,-1.108270678150025,-0.8693272921435614,TIME_LIMIT,126789,0,0,5,4
2,8,501656.0,-1.108270678150025,-0.8693272921435614,TIME_LIMIT,126809,0,0,10,11
2,8,501763.0,-1.1082414808270404,-0.8693272921435614,TIME_LIMIT,126830,0,0,11,9
2,8,501813.0,-1.1082414808270404,-0.8693272921435614,TIME_LIMIT,126847,0,0,19,17
2,8,501987.0,-1.108226990616091,-0.8693272921435614,TIME_LIMIT,126884,0,0,10,9
2,8,502044.0,-1.108226990616091,-0.8693272921435614,TIME_LIMIT,126904,0,0,9,8
2,8,502066.0,-1.1081876150145793,-0.8693272921435614,TIME_LIMIT,126918,0,0,5,1
2,8,502241.0,-1.1081876150145793,-0.8693272921435614,TIME_LIMIT,126945,0,0,19,16
2,8,502326.0,-1.1081873274047194,-0.8693272921435614,TIME_LIMIT,126977,0,0,17,8
2,8,502402.0,-1.1081873274047194,-0.8693272921435614,TIME_LIMIT,127000,0,0,18,9
2,8,502543.0,-1.1081812850375057,-0.8693272921435614,TIME_LIMIT,127026,0,0,14,13
2,8,502751.0,-1.1081812850375057,-0.8693272921435614,TIME_LIMIT,127049,0,0,16,9
2,8,502846.0,-1.1081604269072494,-0.8693272921435614,TIME_LIMIT,127081,0,0,9,5
2,8,502905.0,-1.1081604269072494,-0.8693272921435614,TIME_LIMIT,127105,0,0,14,10
2,8,503046.0,-1.108155090088413,-0.8693272921435614,TIME_LIMIT,127135,0,0,11,12
2,8,503258.0,-1.108155090088413,-0.8693272921435614,TIME_LIMIT,127165,0,0,5,8
2,8,503453.0,-1.1081185497748534,-0.8693272921435614,TIME_LIMIT,127189,0,0,18,13
2,8,503551.0,-1.1081185497748534,-0.8693272921435614,TIME_LIMIT,127209,0,0,12,3
2,8,503589.0,-1.1081083401948577,-0.8693272921435614,TIME_LIMIT,127231,0,0,8,5
2,8,503670.0,-1.1081083401948577,-0.8693272921435614,TIME_LIMIT,127256,0,0,17,12
2,8,503873.0,-1.1081070974420566,-0.8693272921435614,TIME_LIMIT,127284,0,0,13,2
2,8,503984.0,-1.1081070974420566,-0.8693272921435614,TIME_LIMIT,127299,0,0,14,10
2,8,504118.0,-1.1080545615029547,-0.8693272921435614,TIME_LIMIT,127329,0,0,6,3
2,8,504275.0,-1.1080545615029547,-0.8693272921435614,TIME_LIMIT,127350,0,0,17,13
2,8,504382.0,-1.108042481353,-0.8693272921435614,TIME_LIMIT,127381,0,0,12,4
2,8,504516.0,-1.108042481353,-0.8693272921435614,TIME_LIMIT,127412,0,0,20,17
2,8,504621.0,-1.1080208760274362,-0.8693272921435614,TIME_LIMIT,127448,0,0,17,9
2,8,504765.0,-1.1080208760274362,-0.8693272921435614,TIME_LIMIT,127469,0,0,20,18
2,8,504980.0,-1.1080134331922848,-0.8693272921435614,TIME_LIMIT,127504,0,0,14,15
2,8,505118.0,-1.1080134331922848,-0.8693272921435614,TIME_LIMIT,127529,0,0,19,10
2,8,505218.0,-1.107977474713748,-0.8693272921435614,TIME_LIMIT,127556,0,0,21,8
2,8,505343.0,-1.107977474713748,-0.8693272921435614,TIME_LIMIT,127582,0,0,23,12
2,8,505521.0,-1.1079764727325276,-0.8693272921435614,TIME_LIMIT,127620,0,0,20,9
2,8,505584.0,-1.1079764727325276,-0.8693272921435614,TIME_LIMIT,127641,0,0,19,7
2,8,505611.0,-1.1079727513579964,-0.8693272921435614,TIME_LIMIT,127663,0,0,9,2
2,8,505639.0,-1.1079727513579964,-0.8693272921435614,TIME_LIMIT,127676,0,0,15,11
2,8,505705.0,-1.1079703959204694,-0.8693272921435614,TIME_LIMIT,127707,0,0,13,4
2,8,505917.0,-1.1079703959204694,-0.8693272921435614,TIME_LIMIT,127741,0,0,19,8
2,8,506037.0,-1.1079671226517156,-0.8693272921435614,TIME_LIMIT,127767,0,0,16,11
2,8,506192.0,-1.1079671226517156,-0.8693272921435614,TIME_LIMIT,127790,0,0,18,10
2,8,506312.0,-1.1079649733661876,-0.8693272921435614,TIME_LIMIT,127815,0,0,18,5
2,8,506524.0,-1.1079649733661876,-0.8693272921435614,TIME_LIMIT,127838,0,0,25,16
2,8,506676.0,-1.1079455636424478,-0.8693272921435614,TIME_LIMIT,127875,0,0,20,14
2,8,506803.0,-1.1079455636424478,-0.8693272921435614,TIME_LIMIT,127900,0,0,14,11
2,8,506854.0,-1.1079077875445988,-0.8693272921435614,TIME_LIMIT,127919,0,0,8,9
2,8,506994.0,-1.1079077875445988,-0.8693272921435614,TIME_LIMIT,127941,0,0,22,38
2,8,507151.0,-1.1079039685681478,-0.8693272921435614,TIME_LIMIT,127975,0,0,15,12
2,8,507285.0,-1.1079039685681478,-0.8693272921435614,TIME_LIMIT,127998,0,0,20,11
2,8,507392.0,-1.1078845664401493,-0.8693272921435614,TIME_LIMIT,128028,0,0,14,7
2,8,507578.0,-1.1078845664401493,-0.8693272921435614,TIME_LIMIT,128054,0,0,20,15
2,8,507768.0,-1.1078729480351994,-0.8693272921435614,TIME_LIMIT,128084,0,0,13,5
2,8,507844.0,-1.1078729480351994,-0.8693272921435614,TIME_LIMIT,128108,0,0,14,25
2,8,507964.0,-1.1078472093786145,-0.8693272921435614,TIME_LIMIT,128137,0,0,5,4
2,8,508128.0,-1.1078472093786145,-0.8693272921435614,TIME_LIMIT,128156,0,0,17,17
2,8,508283.0,-1.1078281633293525,-0.8693272921435614,TIME_LIMIT,128190,0,0,14,10
2,8,508374.0,-1.1078281633293525,-0.8693272921435614,TIME_LIMIT,128204,0,0,20,31
2,8,508586.0,-1.1078129129313115,-0.8693272921435614,TIME_LIMIT,128239,0,0,15,16
2,8,508635.0,-1.1078129129313115,-0.8693272921435614,TIME_LIMIT,128258,0,0,9,7
2,8,508662.0,-1.1078110337302214,-0.8693272921435614,TIME_LIMIT,128275,0,0,7,4
2,8,508802.0,-1.1078110337302214,-0.8693272921435614,TIME_LIMIT,128296,0,0,23,13
2,8,509014.0,-1.1078070198142584,-0.8693272921435614,TIME_LIMIT,128334,0,0,18,12
2,8,509058.0,-1.1078070198142584,-0.8693272921435614,TIME_LIMIT,128356,0,0,14,7
2,8,509081.0,-1.1078050716355674,-0.8693272921435614,TIME_LIMIT,128375,0,0,8,6
2,8,509184.0,-1.1078050716355674,-0.8693272921435614,TIME_LIMIT,128400,0,0,21,26
2,8,509309.0,-1.1077788089881784,-0.8693272921435614,TIME_LIMIT,128440,0,0,13,15
2,8,509482.0,-1.1077788089881784,-0.8693272921435614,TIME_LIMIT,128472,0,0,21,16
2,8,509608.0,-1.107770983480451,-0.8693272921435614,TIME_LIMIT,128503,0,0,14,8
2,8,509648.0,-1.107770983480451,-0.8693272921435614,TIME_LIMIT,128521,0,0,16,12
2,8,509696.0,-1.1077674548093492,-0.8693272921435614,TIME_LIMIT,128547,0,0,8,6
2,8,509774.0,-1.1077674548093492,-0.8693272921435614,TIME_LIMIT,128566,0,0,13,5
2,8,509831.0,-1.1077551683296194,-0.8693272921435614,TIME_LIMIT,128582,0,0,10,4
2,8,509876.0,-1.1077551683296194,-0.8693272921435614,TIME_LIMIT,128596,0,0,13,10
2,8,509941.0,-1.1077470177971498,-0.8693272921435614,TIME_LIMIT,128626,0,0,8,7
2,8,510128.0,-1.1077470177971498,-0.8693272921435614,TIME_LIMIT,128647,0,0,15,13
2,8,510248.0,-1.1077424316381212,-0.8693272921435614,TIME_LIMIT,128674,0,0,13,8
2,8,510315.0,-1.1077424316381212,-0.8693272921435614,TIME_LIMIT,128698,0,0,16,7
2,8,510383.0,-1.1077413959269904,-0.8693272921435614,TIME_LIMIT,128718,0,0,14,7
2,8,510595.0,-1.1077413959269904,-0.8693272921435614,TIME_LIMIT,128742,0,0,24,16
2,8,510803.0,-1.107716894016097,-0.8693272921435614,TIME_LIMIT,128779,0,0,17,7
2,8,510824.0,-1.107716894016097,-0.8693272921435614,TIME_LIMIT,128789,0,0,9,9
2,8,510913.0,-1.1077071743438476,-0.8693272921435614,TIME_LIMIT,128820,0,0,10,5
2,8,511139.0,-1.1077071743438476,-0.8693272921435614,TIME_LIMIT,128839,0,0,18,25
2,8,511279.0,-1.107706519264898,-0.8693272921435614,TIME_LIMIT,128874,0,0,10,2
2,8,511495.0,-1.107706519264898,-0.8693272921435614,TIME_LIMIT,128896,0,0,17,19
2,8,511692.0,-1.1077024529948782,-0.8693272921435614,TIME_LIMIT,128931,0,0,16,7
2,8,511890.0,-1.1077024529948782,-0.8693272921435614,TIME_LIMIT,128956,0,0,8,8
2,8,512028.0,-1.1076871269209796,-0.8693272921435614,TIME_LIMIT,128985,0,0,12,8
2,8,512087.0,-1.1076871269209796,-0.8693272921435614,TIME_LIMIT,129005,0,0,10,7
2,8,512143.0,-1.1076574835025612,-0.8693272921435614,TIME_LIMIT,129036,0,0,13,5
2,8,512274.0,-1.1076574835025612,-0.8693272921435614,TIME_LIMIT,129063,0,0,24,6
2,8,512387.0,-1.1076556073981676,-0.8693272921435614,TIME_LIMIT,129092,0,0,16,8
2,8,512599.0,-1.1076556073981676,-0.8693272921435614,TIME_LIMIT,129108,0,0,21,18
2,8,512685.0,-1.1076294836938834,-0.8693272921435614,TIME_LIMIT,129138,0,0,9,3
2,8,512747.0,-1.1076294836938834,-0.8693272921435614,TIME_LIMIT,129168,0,0,20,7
2,8,512845.0,-1.1076291886071015,-0.8693272921435614,TIME_LIMIT,129190,0,0,16,8
2,8,512921.0,-1.1076291886071015,-0.8693272921435614,TIME_LIMIT,129210,0,0,12,15
2,8,513097.0,-1.1075576848482598,-0.8693272921435614,TIME_LIMIT,129241,0,0,16,7
2,8,513177.0,-1.1075576848482598,-0.8693272921435614,TIME_LIMIT,129264,0,0,13,8
2,8,513389.0,-1.1075479103083916,-0.8693272921435614,TIME_LIMIT,129293,0,0,10,3
2,8,513497.0,-1.1075479103083916,-0.8693272921435614,TIME_LIMIT,129316,0,0,21,21
2,8,513635.0,-1.107513109545597,-0.8693272921435614,TIME_LIMIT,129355,0,0,17,3
2,8,513673.0,-1.107513109545597,-0.8693272921435614,TIME_LIMIT,129369,0,0,14,9
2,8,513771.0,-1.1074882547518383,-0.8693272921435614,TIME_LIMIT,129393,0,0,7,2
2,8,513944.0,-1.1074882547518383,-0.8693272921435614,TIME_LIMIT,129412,0,0,18,18
2,8,514145.0,-1.1074709904820499,-0.8693272921435614,TIME_LIMIT,129446,0,0,14,12
2,8,514294.0,-1.1074709904820499,-0.8693272921435614,TIME_LIMIT,129468,0,0,14,13
2,8,514365.0,-1.1074689372006183,-0.8693272921435614,TIME_LIMIT,129498,0,0,12,13
2,8,514581.0,-1.1074689372006183,-0.8693272921435614,TIME_LIMIT,129521,0,0,16,13
2,8,514786.0,-1.1074419595566747,-0.8693272921435614,TIME_LIMIT,129561,0,0,13,13
2,8,514922.0,-1.1074419595566747,-0.8693272921435614,TIME_LIMIT,129585,0,0,7,7
2,8,515076.0,-1.107415653962472,-0.8693272921435614,TIME_LIMIT,129620,0,0,14,15
2,8,515192.0,-1.107415653962472,-0.8693272921435614,TIME_LIMIT,129648,0,0,14,7
2,8,515273.0,-1.107402884829189,-0.8693272921435614,TIME_LIMIT,129672,0,0,16,15
2,8,515400.0,-1.107402884829189,-0.8693272921435614,TIME_LIMIT,129694,0,0,13,13
2,8,515539.0,-1.107399707761315,-0.8693272921435614,TIME_LIMIT,129727,0,0,14,3
2,8,515584.0,-1.107399707761315,-0.8693272921435614,TIME_LIMIT,129749,0,0,12,9
2,8,515624.0,-1.1073823801326967,-0.8693272921435614,TIME_LIMIT,129766,0,0,9,6
2,8,515701.0,-1.1073823801326967,-0.8693272921435614,TIME_LIMIT,129787,0,0,19,6
2,8,515755.0,-1.1073811948163652,-0.8693272921435614,TIME_LIMIT,129814,0,0,13,2
2,8,515800.0,-1.1073811948163652,-0.8693272921435614,TIME_LIMIT,129829,0,0,10,8
2,8,515819.0,-1.107363808265771,-0.8693272921435614,TIME_LIMIT,129849,0,0,6,3
2,8,516025.0,-1.107363808265771,-0.8693272921435614,TIME_LIMIT,129867,0,0,17,17
2,8,516226.0,-1.1072481536156475,-0.8693272921435614,TIME_LIMIT,129896,0,0,3,8
2,8,516394.0,-1.1072481536156475,-0.8693272921435614,TIME_LIMIT,129916,0,0,22,12
2,8,516556.0,-1.10724327882824,-0.8693272921435614,TIME_LIMIT,129949,0,0,15,9
2,8,516662.0,-1.10724327882824,-0.8693272921435614,TIME_LIMIT,129974,0,0,20,41
2,8,516870.0,-1.1072411579371109,-0.8693272921435614,TIME_LIMIT,130012,0,0,14,17
2,8,516990.0,-1.1072411579371109,-0.8693272921435614,TIME_LIMIT,130048,0,0,21,20
2,8,517180.0,-1.107204546368397,-0.8693272921435614,TIME_LIMIT,130079,0,0,9,11
2,8,517337.0,-1.107204546368397,-0.8693272921435614,TIME_LIMIT,130104,0,0,19,10
2,8,517532.0,-1.107199001871878,-0.8693272921435614,TIME_LIMIT,130141,0,0,14,5
2,8,517605.0,-1.107199001871878,-0.8693272921435614,TIME_LIMIT,130159,0,0,8,13
2,8,517654.0,-1.107138543258436,-0.8693272921435614,TIME_LIMIT,130186,0,0,12,3
2,8,517683.0,-1.107138543258436,-0.8693272921435614,TIME_LIMIT,130203,0,0,12,10
2,8,517745.0,-1.1071287779548793,-0.8693272921435614,TIME_LIMIT,130227,0,0,12,8
2,8,517803.0,-1.1071287779548793,-0.8693272921435614,TIME_LIMIT,130248,0,0,16,17
2,8,517879.0,-1.1071015748269668,-0.8693272921435614,TIME_LIMIT,130278,0,0,14,8
2,8,517956.0,-1.1071015748269668,-0.8693272921435614,TIME_LIMIT,130297,0,0,14,9
2,8,517998.0,-1.1070824982001326,-0.8693272921435614,TIME_LIMIT,130316,0,0,8,3
2,8,518213.0,-1.1070824982001326,-0.8693272921435614,TIME_LIMIT,130343,0,0,16,21
2,8,518364.0,-1.1070662118837178,-0.8693272921435614,TIME_LIMIT,130379,0,0,5,8
2,8,518410.0,-1.1070662118837178,-0.8693272921435614,TIME_LIMIT,130399,0,0,16,8
2,8,518452.0,-1.1070445442615071,-0.8693272921435614,TIME_LIMIT,130415,0,0,7,7
2,8,518634.0,-1.1070445442615071,-0.8693272921435614,TIME_LIMIT,130442,0,0,15,18
2,8,518798.0,-1.1070237966515366,-0.8693272921435614,TIME_LIMIT,130471,0,0,14,9
2,8,519007.0,-1.1070237966515366,-0.8693272921435614,TIME_LIMIT,130493,0,0,16,16
2,8,519071.0,-1.107018166697454,-0.8693272921435614,TIME_LIMIT,130525,0,0,7,5
2,8,519283.0,-1.107018166697454,-0.8693272921435614,TIME_LIMIT,130555,0,0,25,19
2,8,519493.0,-1.10701149642163,-0.8693272921435614,TIME_LIMIT,130584,0,0,13,10
2,8,519585.0,-1.10701149642163,-0.8693272921435614,TIME_LIMIT,130606,0,0,14,8
2,8,519697.0,-1.1070022058400928,-0.8693272921435614,TIME_LIMIT,130630,0,0,13,5
2,8,519849.0,-1.1070022058400928,-0.8693272921435614,TIME_LIMIT,130655,0,0,22,21
2,8,519988.0,-1.1069873682622364,-0.8693272921435614,TIME_LIMIT,130689,0,0,15,10
2,8,520030.0,-1.1069873682622364,-0.8693272921435614,TIME_LIMIT,130704,0,0,9,8
2,8,520084.0,-1.1069854349465786,-0.8693272921435614,TIME_LIMIT,130731,0,0,15,4
2,8,520199.0,-1.1069854349465786,-0.8693272921435614,TIME_LIMIT,130756,0,0,22,26
2,8,520251.0,-1.1069696791918437,-0.8693272921435614,TIME_LIMIT,130785,0,0,11,6
2,8,520305.0,-1.1069696791918437,-0.8693272921435614,TIME_LIMIT,130809,0,0,11,7
2,8,520341.0,-1.1069694904127967,-0.8693272921435614,TIME_LIMIT,130824,0,0,10,4
2,8,520440.0,-1.1069694904127967,-0.8693272921435614,TIME_LIMIT,130843,0,0,13,9
2,8,520512.0,-1.1069617000281133,-0.8693272921435614,TIME_LIMIT,130870,0,0,12,5
2,8,520596.0,-1.1069617000281133,-0.8693272921435614,TIME_LIMIT,130896,0,0,26,13
2,8,520761.0,-1.106947796670616,-0.8693272921435614,TIME_LIMIT,130933,0,0,16,6
2,8,520813.0,-1.106947796670616,-0.8693272921435614,TIME_LIMIT,130949,0,0,10,3
2,8,520840.0,-1.106916137983915,-0.8693272921435614,TIME_LIMIT,130968,0,0,8,5
2,8,520850.0,-1.106916137983915,-0.8693272921435614,TIME_LIMIT,130982,0,0,7,4
2,8,520897.0,-1.106909219537667,-0.8693272921435614,TIME_LIMIT,131005,0,0,10,3
2,8,521086.0,-1.106909219537667,-0.8693272921435614,TIME_LIMIT,131026,0,0,12,8
2,8,521145.0,-1.1069035861046097,-0.8693272921435614,TIME_LIMIT,131054,0,0,10,8
2,8,521205.0,-1.1069035861046097,-0.8693272921435614,TIME_LIMIT,131072,0,0,15,8
2,8,521258.0,-1.106892951094047,-0.8693272921435614,TIME_LIMIT,131095,0,0,11,4
2,8,521423.0,-1.106892951094047,-0.8693272921435614,TIME_LIMIT,131118,0,0,23,19
2,8,521618.0,-1.1068781481429397,-0.8693272921435614,TIME_LIMIT,131155,0,0,17,6
2,8,521687.0,-1.1068781481429397,-0.8693272921435614,TIME_LIMIT,131179,0,0,21,21
2,8,521835.0,-1.1068547056635398,-0.8693272921435614,TIME_LIMIT,131210,0,0,16,8
2,8,521935.0,-1.1068547056635398,-0.8693272921435614,TIME_LIMIT,131228,0,0,11,12
2,8,522020.0,-1.1068497737815028,-0.8693272921435614,TIME_LIMIT,131253,0,0,9,8
2,8,522111.0,-1.1068497737815028,-0.8693272921435614,TIME_LIMIT,131276,0,0,16,11
2,8,522249.0,-1.1068484633214548,-0.8693272921435614,TIME_LIMIT,131310,0,0,15,10
2,8,522285.0,-1.1068484633214548,-0.8693272921435614,TIME_LIMIT,131326,0,0,15,9
2,8,522382.0,-1.1068333774115846,-0.8693272921435614,TIME_LIMIT,131358,0,0,14,4
2,8,522435.0,-1.1068333774115846,-0.8693272921435614,TIME_LIMIT,131379,0,0,16,6
2,8,522494.0,-1.106825882138913,-0.8693272921435614,TIME_LIMIT,131407,0,0,11,7
2,8,522560.0,-1.106825882138913,-0.8693272921435614,TIME_LIMIT,131422,0,0,6,9
2,8,522653.0,-1.1067970582013609,-0.8693272921435614,TIME_LIMIT,131454,0,0,17,6
2,8,522871.0,-1.1067970582013609,-0.8693272921435614,TIME_LIMIT,131481,0,0,18,14
2,8,522952.0,-1.1067885943353915,-0.8693272921435614,TIME_LIMIT,131510,0,0,14,12
2,8,523068.0,-1.1067885943353915,-0.8693272921435614,TIME_LIMIT,131529,0,0,13,6
2,8,523162.0,-1.1067798630731405,-0.8693272921435614,TIME_LIMIT,131555,0,0,9,8
2,8,523321.0,-1.1067798630731405,-0.8693272921435614,TIME_LIMIT,131579,0,0,13,7
2,8,523434.0,-1.106774882105355,-0.8693272921435614,TIME_LIMIT,131612,0,0,11,5
2,8,523623.0,-1.106774882105355,-0.8693272921435614,TIME_LIMIT,131638,0,0,16,13
2,8,523768.0,-1.1067738703519097,-0.8693272921435614,TIME_LIMIT,131667,0,0,12,6
2,8,523812.0,-1.1067738703519097,-0.8693272921435614,TIME_LIMIT,131686,0,0,7,9
2,8,524024.0,-1.1067662210543756,-0.8693272921435614,TIME_LIMIT,131714,0,0,9,9
2,8,524153.0,-1.1067662210543756,-0.8693272921435614,TIME_LIMIT,131734,0,0,18,25
2,8,524331.0,-1.1067658106082896,-0.8693272921435614,TIME_LIMIT,131773,0,0,21,11
2,8,524366.0,-1.1067658106082896,-0.8693272921435614,TIME_LIMIT,131795,0,0,21,19
2,8,524474.0,-1.106760125168556,-0.8693272921435614,TIME_LIMIT,131824,0,0,8,6
2,8,524695.0,-1.106760125168556,-0.8693272921435614,TIME_LIMIT,131847,0,0,12,6
2,8,524754.0,-1.1067585944804044,-0.8693272921435614,TIME_LIMIT,131866,0,0,11,6
2,8,524852.0,-1.1067585944804044,-0.8693272921435614,TIME_LIMIT,131884,0,0,18,15
2,8,525077.0,-1.1067476431647922,-0.8693272921435614,TIME_LIMIT,131921,0,0,18,12
2,8,525303.0,-1.1067476431647922,-0.8693272921435614,TIME_LIMIT,131947,0,0,26,21
2,8,525478.0,-1.1067451252387503,-0.8693272921435614,TIME_LIMIT,131977,0,0,17,11
2,8,525617.0,-1.1067451252387503,-0.8693272921435614,TIME_LIMIT,131996,0,0,18,21
2,8,525774.0,-1.1067422510748162,-0.8693272921435614,TIME_LIMIT,132027,0,0,11,15
2,8,525890.0,-1.1067422510748162,-0.8693272921435614,TIME_LIMIT,132052,0,0,16,7
2,8,525950.0,-1.10674156850388,-0.8693272921435614,TIME_LIMIT,132080,0,0,11,6
2,8,526124.0,-1.10674156850388,-0.8693272921435614,TIME_LIMIT,132107,0,0,21,8
2,8,526210.0,-1.1067405696265478,-0.8693272921435614,TIME_LIMIT,132137,0,0,11,8
2,8,526238.0,-1.1067405696265478,-0.8693272921435614,TIME_LIMIT,132153,0,0,9,5
2,8,526302.0,-1.1067266387005226,-0.8693272921435614,TIME_LIMIT,132176,0,0,8,5
2,8,526350.0,-1.1067266387005226,-0.8693272921435614,TIME_LIMIT,132192,0,0,13,7
2,8,526387.0,-1.1067061100721924,-0.8693272921435614,TIME_LIMIT,132213,0,0,7,6
2,8,526497.0,-1.1067061100721924,-0.8693272921435614,TIME_LIMIT,132237,0,0,18,13
2,8,526618.0,-1.1066800859209103,-0.8693272921435614,TIME_LIMIT,132260,0,0,14,10
2,8,526729.0,-1.1066800859209103,-0.8693272921435614,TIME_LIMIT,132283,0,0,17,15
2,8,526834.0,-1.1066797403119855,-0.8693272921435614,TIME_LIMIT,132318,0,0,18,7
2,8,526871.0,-1.1066797403119855,-0.8693272921435614,TIME_LIMIT,132334,0,0,15,11
2,8,526933.0,-1.1066610917094615,-0.8693272921435614,TIME_LIMIT,132363,0,0,13,4
2,8,527004.0,-1.1066610917094615,-0.8693272921435614,TIME_LIMIT,132380,0,0,13,11
2,8,527196.0,-1.1066406833207663,-0.8693272921435614,TIME_LIMIT,132417,0,0,12,8
2,8,527235.0,-1.1066406833207663,-0.8693272921435614,TIME_LIMIT,132435,0,0,17,6
2,8,527328.0,-1.106618058872417,-0.8693272921435614,TIME_LIMIT,132464,0,0,16,5
2,8,527382.0,-1.106618058872417,-0.8693272921435614,TIME_LIMIT,132486,0,0,15,8
2,8,527412.0,-1.106611040213695,-0.8693272921435614,TIME_LIMIT,132504,0,0,10,6
2,8,527474.0,-1.106611040213695,-0.8693272921435614,TIME_LIMIT,132528,0,0,15,9
2,8,527590.0,-1.106603758852427,-0.8693272921435614,TIME_LIMIT,132544,0,0,13,8
2,8,527656.0,-1.106603758852427,-0.8693272921435614,TIME_LIMIT,132562,0,0,10,12
2,8,527716.0,-1.106597152877479,-0.8693272921435614,TIME_LIMIT,132583,0,0,7,1
2,8,527869.0,-1.106597152877479,-0.8693272921435614,TIME_LIMIT,132608,0,0,21,16
2,8,527900.0,-1.1065962680047483,-0.8693272921435614,TIME_LIMIT,132633,0,0,13,3
2,8,527976.0,-1.1065962680047483,-0.8693272921435614,TIME_LIMIT,132649,0,0,3,3
2,8,528019.0,-1.1065924224168684,-0.8693272921435614,TIME_LIMIT,132668,0,0,8,7
2,8,528232.0,-1.1065924224168684,-0.8693272921435614,TIME_LIMIT,132694,0,0,13,14
2,8,528396.0,-1.1065897426342566,-0.8693272921435614,TIME_LIMIT,132729,0,0,16,12
2,8,528478.0,-1.1065897426342566,-0.8693272921435614,TIME_LIMIT,132747,0,0,19,8
2,8,528620.0,-1.1064966092266544,-0.8693272921435614,TIME_LIMIT,132784,0,0,10,3
2,8,528714.0,-1.1064966092266544,-0.8693272921435614,TIME_LIMIT,132805,0,0,16,13
2,8,528809.0,-1.1064944554968186,-0.8693272921435614,TIME_LIMIT,132835,0,0,9,5
2,8,529034.0,-1.1064944554968186,-0.8693272921435614,TIME_LIMIT,132863,0,0,25,19
2,8,529235.0,-1.1064808465650455,-0.8693272921435614,TIME_LIMIT,132904,0,0,9,9
2,8,529264.0,-1.1064808465650455,-0.8693272921435614,TIME_LIMIT,132917,0,0,5,3
2,8,529388.0,-1.106453280471968,-0.8693272921435614,TIME_LIMIT,132942,0,0,5,5
2,8,529489.0,-1.106453280471968,-0.8693272921435614,TIME_LIMIT,132957,0,0,7,10
2,8,529595.0,-1.1064514874804052,-0.8693272921435614,TIME_LIMIT,132982,0,0,9,6
2,8,529818.0,-1.1064514874804052,-0.8693272921435614,TIME_LIMIT,133009,0,0,21,11
2,8,530014.0,-1.1064450798881598,-0.8693272921435614,TIME_LIMIT,133044,0,0,14,9
2,8,530138.0,-1.1064450798881598,-0.8693272921435614,TIME_LIMIT,133065,0,0,11,10
2,8,530334.0,-1.1064298848321408,-0.8693272921435614,TIME_LIMIT,133099,0,0,6,5
2,8,530543.0,-1.1064298848321408,-0.8693272921435614,TIME_LIMIT,133120,0,0,14,12
2,8,530693.0,-1.1064230182964656,-0.8693272921435614,TIME_LIMIT,133148,0,0,11,5
2,8,530753.0,-1.1064230182964656,-0.8693272921435614,TIME_LIMIT,133162,0,0,13,11
2,8,530823.0,-1.1064092068958473,-0.8693272921435614,TIME_LIMIT,133185,0,0,10,6
2,8,530867.0,-1.1064092068958473,-0.8693272921435614,TIME_LIMIT,133202,0,0,12,16
2,8,531030.0,-1.1064068382615129,-0.8693272921435614,TIME_LIMIT,133230,0,0,12,13
2,8,531130.0,-1.1064068382615129,-0.8693272921435614,TIME_LIMIT,133255,0,0,15,22
2,8,531247.0,-1.1064061328217105,-0.8693272921435614,TIME_LIMIT,133295,0,0,18,20
2,8,531341.0,-1.1064061328217105,-0.8693272921435614,TIME_LIMIT,133316,0,0,18,14
2,8,531493.0,-1.1063794146629344,-0.8693272921435614,TIME_LIMIT,133344,0,0,13,6
2,8,531586.0,-1.1063794146629344,-0.8693272921435614,TIME_LIMIT,133377,0,0,13,16
2,8,531657.0,-1.1063450498242329,-0.8693272921435614,TIME_LIMIT,133401,0,0,2,5
2,8,531720.0,-1.1063450498242329,-0.8693272921435614,TIME_LIMIT,133427,0,0,14,10
2,8,531844.0,-1.1062959406836308,-0.8693272921435614,TIME_LIMIT,133458,0,0,11,5
2,8,531903.0,-1.1062959406836308,-0.8693272921435614,TIME_LIMIT,133484,0,0,20,11
2,8,532128.0,-1.1062683184487403,-0.8693272921435614,TIME_LIMIT,133517,0,0,11,8
2,8,532335.0,-1.1062683184487403,-0.8693272921435614,TIME_LIMIT,133541,0,0,18,20
2,8,532566.0,-1.1062595202026781,-0.8693272921435614,TIME_LIMIT,133581,0,0,19,13
2,8,532747.0,-1.1062595202026781,-0.8693272921435614,TIME_LIMIT,133612,0,0,23,23
2,8,532867.0,-1.106258406068768,-0.8693272921435614,TIME_LIMIT,133652,0,0,23,16
2,8,533034.0,-1.106258406068768,-0.8693272921435614,TIME_LIMIT,133681,0,0,16,14
2,8,533166.0,-1.106253248112849,-0.8693272921435614,TIME_LIMIT,133705,0,0,18,8
2,8,533207.0,-1.106253248112849,-0.8693272921435614,TIME_LIMIT,133722,0,0,11,4
2,8,533240.0,-1.106233745584696,-0.8693272921435614,TIME_LIMIT,133742,0,0,10,5
2,8,533272.0,-1.106233745584696,-0.8693272921435614,TIME_LIMIT,133760,0,0,14,2
2,8,533299.0,-1.1062305872130165,-0.8693272921435614,TIME_LIMIT,133778,0,0,5,6
2,8,533331.0,-1.1062305872130165,-0.8693272921435614,TIME_LIMIT,133797,0,0,15,23
2,8,533424.0,-1.1062289745987106,-0.8693272921435614,TIME_LIMIT,133827,0,0,16,8
2,8,533639.0,-1.1062289745987106,-0.8693272921435614,TIME_LIMIT,133849,0,0,20,14
2,8,533814.0,-1.1062153722083559,-0.8693272921435614,TIME_LIMIT,133884,0,0,7,6
2,8,534033.0,-1.1062153722083559,-0.8693272921435614,TIME_LIMIT,133910,0,0,15,11
2,8,534098.0,-1.106192732485959,-0.8693272921435614,TIME_LIMIT,133930,0,0,7,4
2,8,534240.0,-1.106192732485959,-0.8693272921435614,TIME_LIMIT,133947,0,0,18,19
2,8,534427.0,-1.106171098424876,-0.8693272921435614,TIME_LIMIT,133981,0,0,17,6
2,8,534560.0,-1.106171098424876,-0.8693272921435614,TIME_LIMIT,133997,0,0,12,13
2,8,534621.0,-1.1061645012131471,-0.8693272921435614,TIME_LIMIT,134021,0,0,10,5
2,8,534686.0,-1.1061645012131471,-0.8693272921435614,TIME_LIMIT,134038,0,0,9,7
2,8,534737.0,-1.1061461099956822,-0.8693272921435614,TIME_LIMIT,134060,0,0,10,5
2,8,534787.0,-1.1061461099956822,-0.8693272921435614,TIME_LIMIT,134079,0,0,16,15
2,8,534844.0,-1.1061309238456811,-0.8693272921435614,TIME_LIMIT,134109,0,0,14,3
2,8,534906.0,-1.1061309238456811,-0.8693272921435614,TIME_LIMIT,134130,0,0,13,14
2,8,535099.0,-1.1061191023666201,-0.8693272921435614,TIME_LIMIT,134169,0,0,13,11
2,8,535174.0,-1.1061191023666201,-0.8693272921435614,TIME_LIMIT,134187,0,0,20,11
2,8,535382.0,-1.106118964995777,-0.8693272921435614,TIME_LIMIT,134223,0,0,10,4
2,8,535464.0,-1.106118964995777,-0.8693272921435614,TIME_LIMIT,134248,0,0,19,4
2,8,535508.0,-1.1061174504266926,-0.8693272921435614,TIME_LIMIT,134265,0,0,15,7
2,8,535549.0,-1.1061174504266926,-0.8693272921435614,TIME_LIMIT,134283,0,0,10,5
2,8,535595.0,-1.106116775914471,-0.8693272921435614,TIME_LIMIT,134302,0,0,6,4
2,8,535717.0,-1.106116775914471,-0.8693272921435614,TIME_LIMIT,134326,0,0,25,28
2,8,535942.0,-1.1061155792998125,-0.8693272921435614,TIME_LIMIT,134361,0,0,19,11
2,8,535996.0,-1.1061155792998125,-0.8693272921435614,TIME_LIMIT,134377,0,0,6,5
2,8,536055.0,-1.106101697980119,-0.8693272921435614,TIME_LIMIT,134400,0,0,11,1
2,8,536173.0,-1.106101697980119,-0.8693272921435614,TIME_LIMIT,134425,0,0,19,11
2,8,536369.0,-1.106101520372343,-0.8693272921435614,TIME_LIMIT,134457,0,0,15,9
2,8,536594.0,-1.106101520372343,-0.8693272921435614,TIME_LIMIT,134481,0,0,15,11
2,8,536827.0,-1.1060974622852098,-0.8693272921435614,TIME_LIMIT,134507,0,0,18,8
2,8,536890.0,-1.1060974622852098,-0.8693272921435614,TIME_LIMIT,134526,0,0,13,23
2,8,537011.0,-1.1060811652159503,-0.8693272921435614,TIME_LIMIT,134556,0,0,14,7
2,8,537068.0,-1.1060811652159503,-0.8693272921435614,TIME_LIMIT,134577,0,0,15,4
2,8,537138.0,-1.106066868959787,-0.8693272921435614,TIME_LIMIT,134597,0,0,10,4
2,8,537208.0,-1.106066868959787,-0.8693272921435614,TIME_LIMIT,134620,0,0,18,11
2,8,537373.0,-1.106053157208556,-0.8693272921435614,TIME_LIMIT,134654,0,0,12,7
2,8,537592.0,-1.106053157208556,-0.8693272921435614,TIME_LIMIT,134673,0,0,11,9
2,8,537629.0,-1.1060519495036032,-0.8693272921435614,TIME_LIMIT,134696,0,0,9,5
2,8,537682.0,-1.1060519495036032,-0.8693272921435614,TIME_LIMIT,134715,0,0,16,6
2,8,537733.0,-1.1060406152232969,-0.8693272921435614,TIME_LIMIT,134741,0,0,12,4
2,8,537768.0,-1.1060406152232969,-0.8693272921435614,TIME_LIMIT,134763,0,0,15,7
2,8,537829.0,-1.1060207659007675,-0.8693272921435614,TIME_LIMIT,134785,0,0,11,7
2,8,538004.0,-1.1060207659007675,-0.8693272921435614,TIME_LIMIT,134808,0,0,21,22
2,8,538224.0,-1.1059789024368254,-0.8693272921435614,TIME_LIMIT,134845,0,0,10,11
2,8,538390.0,-1.1059789024368254,-0.8693272921435614,TIME_LIMIT,134872,0,0,17,9
2,8,538561.0,-1.1059696594154895,-0.8693272921435614,TIME_LIMIT,134897,0,0,17,19
2,8,538764.0,-1.1059696594154895,-0.8693272921435614,TIME_LIMIT,134919,0,0,18,12
2,8,538897.0,-1.105960134067387,-0.8693272921435614,TIME_LIMIT,134952,0,0,16,5
2,8,538940.0,-1.105960134067387,-0.8693272921435614,TIME_LIMIT,134973,0,0,11,6
2,8,538995.0,-1.1059454269564195,-0.8693272921435614,TIME_LIMIT,134999,0,0,12,2
2,8,539145.0,-1.1059454269564195,-0.8693272921435614,TIME_LIMIT,135023,0,0,17,15
2,8,539303.0,-1.1059336871593737,-0.8693272921435614,TIME_LIMIT,135047,0,0,10,9
2,8,539417.0,-1.1059336871593737,-0.8693272921435614,TIME_LIMIT,135064,0,0,14,9
2,8,539450.0,-1.1059257019172555,-0.8693272921435614,TIME_LIMIT,135087,0,0,11,3
2,8,539532.0,-1.1059257019172555,-0.8693272921435614,TIME_LIMIT,135103,0,0,15,10
2,8,539622.0,-1.1058950852128528,-0.8693272921435614,TIME_LIMIT,135131,0,0,13,1
2,8,539721.0,-1.1058950852128528,-0.8693272921435614,TIME_LIMIT,135152,0,0,17,20
2,8,539855.0,-1.1058592953503912,-0.8693272921435614,TIME_LIMIT,135192,0,0,21,7
2,8,539907.0,-1.1058592953503912,-0.8693272921435614,TIME_LIMIT,135208,0,0,10,7
2,8,540070.0,-1.1058238379042438,-0.8693272921435614,TIME_LIMIT,135240,0,0,10,9
2,8,540103.0,-1.1058238379042438,-0.8693272921435614,TIME_LIMIT,135252,0,0,9,4
2,8,540143.0,-1.105766642667596,-0.8693272921435614,TIME_LIMIT,135274,0,0,11,4
2,8,540221.0,-1.105766642667596,-0.8693272921435614,TIME_LIMIT,135298,0,0,17,5
2,8,540271.0,-1.1057666014949121,-0.8693272921435614,TIME_LIMIT,135314,0,0,8,5
2,8,540494.0,-1.1057666014949121,-0.8693272921435614,TIME_LIMIT,135337,0,0,16,12
2,8,540551.0,-1.1057288230208213,-0.8693272921435614,TIME_LIMIT,135362,0,0,12,7
2,8,540784.0,-1.1057288230208213,-0.8693272921435614,TIME_LIMIT,135380,0,0,15,15
2,8,541009.0,-1.1057234870487782,-0.8693272921435614,TIME_LIMIT,135418,0,0,21,8
2,8,541140.0,-1.1057234870487782,-0.8693272921435614,TIME_LIMIT,135445,0,0,11,23
2,8,541305.0,-1.1057008230861514,-0.8693272921435614,TIME_LIMIT,135480,0,0,14,16
2,8,541530.0,-1.1057008230861514,-0.8693272921435614,TIME_LIMIT,135510,0,0,20,11
2,8,541728.0,-1.1056973357948827,-0.8693272921435614,TIME_LIMIT,135532,0,0,17,7
2,8,541921.0,-1.1056973357948827,-0.8693272921435614,TIME_LIMIT,135559,0,0,11,17
2,8,542128.0,-1.1056680107582357,-0.8693272921435614,TIME_LIMIT,135591,0,0,8,7
2,8,542180.0,-1.1056680107582357,-0.8693272921435614,TIME_LIMIT,135612,0,0,11,7
2,8,542207.0,-1.1056657797377318,-0.8693272921435614,TIME_LIMIT,135632,0,0,5,3
2,8,542414.0,-1.1056657797377318,-0.8693272921435614,TIME_LIMIT,135658,0,0,19,23
2,8,542622.0,-1.1056440463794415,-0.8693272921435614,TIME_LIMIT,135699,0,0,18,11
2,8,542736.0,-1.1056440463794415,-0.8693272921435614,TIME_LIMIT,135717,0,0,19,14
2,8,542844.0,-1.105641219291774,-0.8693272921435614,TIME_LIMIT,135752,0,0,17,6
2,8,542956.0,-1.105641219291774,-0.8693272921435614,TIME_LIMIT,135776,0,0,25,14
2,8,543167.0,-1.1056235462269721,-0.8693272921435614,TIME_LIMIT,135807,0,0,8,0
2,8,543273.0,-1.1056235462269721,-0.8693272921435614,TIME_LIMIT,135831,0,0,17,14
2,8,543422.0,-1.1056228831351755,-0.8693272921435614,TIME_LIMIT,135854,0,0,17,9
2,8,543456.0,-1.1056228831351755,-0.8693272921435614,TIME_LIMIT,135878,0,0,13,8
2,8,543532.0,-1.1056204372637475,-0.8693272921435614,TIME_LIMIT,135899,0,0,17,11
2,8,543731.0,-1.1056204372637475,-0.8693272921435614,TIME_LIMIT,135926,0,0,10,11
2,8,543810.0,-1.1056081821854655,-0.8693272921435614,TIME_LIMIT,135954,0,0,12,7
2,8,543915.0,-1.1056081821854655,-0.8693272921435614,TIME_LIMIT,135977,0,0,18,18
2,8,544075.0,-1.105597024921039,-0.8693272921435614,TIME_LIMIT,136010,0,0,11,10
2,8,544236.0,-1.105597024921039,-0.8693272921435614,TIME_LIMIT,136041,0,0,25,18
2,8,544451.0,-1.1055831957524798,-0.8693272921435614,TIME_LIMIT,136069,0,0,11,9
2,8,544521.0,-1.1055831957524798,-0.8693272921435614,TIME_LIMIT,136090,0,0,15,8
2,8,544621.0,-1.1055818301929334,-0.8693272921435614,TIME_LIMIT,136122,0,0,11,6
2,8,544784.0,-1.1055818301929334,-0.8693272921435614,TIME_LIMIT,136143,0,0,18,18
2,8,544960.0,-1.1055751308658133,-0.8693272921435614,TIME_LIMIT,136186,0,0,21,7
2,8,545092.0,-1.1055751308658133,-0.8693272921435614,TIME_LIMIT,136209,0,0,16,22
2,8,545289.0,-1.1055070572197367,-0.8693272921435614,TIME_LIMIT,136242,0,0,14,6
2,8,545520.0,-1.1055070572197367,-0.8693272921435614,TIME_LIMIT,136263,0,0,11,12
2,8,545741.0,-1.1054920033283755,-0.8693272921435614,TIME_LIMIT,136294,0,0,14,7
2,8,545922.0,-1.1054920033283755,-0.8693272921435614,TIME_LIMIT,136311,0,0,14,27
2,8,546136.0,-1.1054890031566944,-0.8693272921435614,TIME_LIMIT,136349,0,0,15,11
2,8,546240.0,-1.1054890031566944,-0.8693272921435614,TIME_LIMIT,136369,0,0,15,18
2,8,546394.0,-1.1054755123484985,-0.8693272921435614,TIME_LIMIT,136400,0,0,13,7
2,8,546500.0,-1.1054755123484985,-0.8693272921435614,TIME_LIMIT,136417,0,0,19,15
2,8,546704.0,-1.105475258021265,-0.8693272921435614,TIME_LIMIT,136452,0,0,12,7
2,8,546775.0,-1.105475258021265,-0.8693272921435614,TIME_LIMIT,136475,0,0,8,3
2,8,546874.0,-1.1054708418544053,-0.8693272921435614,TIME_LIMIT,136493,0,0,3,4
2,8,546936.0,-1.1054708418544053,-0.8693272921435614,TIME_LIMIT,136512,0,0,8,17
2,8,547009.0,-1.1054458801955778,-0.8693272921435614,TIME_LIMIT,136542,0,0,12,10
2,8,547226.0,-1.1054458801955778,-0.8693272921435614,TIME_LIMIT,136563,0,0,20,13
2,8,547281.0,-1.1054378572445889,-0.8693272921435614,TIME_LIMIT,136591,0,0,12,8
2,8,547458.0,-1.1054378572445889,-0.8693272921435614,TIME_LIMIT,136622,0,0,16,12
2,8,547666.0,-1.1054290034412992,-0.8693272921435614,TIME_LIMIT,136649,0,0,21,14
2,8,547898.0,-1.1054290034412992,-0.8693272921435614,TIME_LIMIT,136671,0,0,20,22
2,8,547964.0,-1.1054104241631562,-0.8693272921435614,TIME_LIMIT,136700,0,0,14,4
2,8,548025.0,-1.1054104241631562,-0.8693272921435614,TIME_LIMIT,136730,0,0,16,5
2,8,548169.0,-1.1054012359203296,-0.8693272921435614,TIME_LIMIT,136752,0,0,13,11
2,8,548216.0,-1.1054012359203296,-0.8693272921435614,TIME_LIMIT,136772,0,0,10,8
2,8,548255.0,-1.105374852033718,-0.8693272921435614,TIME_LIMIT,136795,0,0,6,8
2,8,548314.0,-1.105374852033718,-0.8693272921435614,TIME_LIMIT,136820,0,0,3,4
2,8,548341.0,-1.1053546613679117,-0.8693272921435614,TIME_LIMIT,136833,0,0,7,8
2,8,548420.0,-1.1053546613679117,-0.8693272921435614,TIME_LIMIT,136861,0,0,8,5
2,8,548459.0,-1.1053349744550784,-0.8693272921435614,TIME_LIMIT,136879,0,0,5,2
2,8,548598.0,-1.1053349744550784,-0.8693272921435614,TIME_LIMIT,136904,0,0,14,14
2,8,548824.0,-1.1053311695510715,-0.8693272921435614,TIME_LIMIT,136937,0,0,16,8
2,8,549009.0,-1.1053311695510715,-0.8693272921435614,TIME_LIMIT,136956,0,0,12,9
2,8,549235.0,-1.1053147098830203,-0.8693272921435614,TIME_LIMIT,136992,0,0,19,14
2,8,549340.0,-1.1053147098830203,-0.8693272921435614,TIME_LIMIT,137014,0,0,17,11
2,8,549432.0,-1.1052846665900142,-0.8693272921435614,TIME_LIMIT,137043,0,0,8,7
2,8,549527.0,-1.1052846665900142,-0.8693272921435614,TIME_LIMIT,137062,0,0,18,14
2,8,549635.0,-1.1052696800042714,-0.8693272921435614,TIME_LIMIT,137097,0,0,15,6
2,8,549730.0,-1.1052696800042714,-0.8693272921435614,TIME_LIMIT,137117,0,0,9,11
2,8,549757.0,-1.1052670985382942,-0.8693272921435614,TIME_LIMIT,137138,0,0,4,3
2,8,549871.0,-1.1052670985382942,-0.8693272921435614,TIME_LIMIT,137161,0,0,17,18
2,8,550073.0,-1.1052602992353617,-0.8693272921435614,TIME_LIMIT,137199,0,0,11,5
2,8,550185.0,-1.1052602992353617,-0.8693272921435614,TIME_LIMIT,137225,0,0,18,11
2,8,550234.0,-1.10525406119431,-0.8693272921435614,TIME_LIMIT,137253,0,0,16,5
2,8,550309.0,-1.10525406119431,-0.8693272921435614,TIME_LIMIT,137275,0,0,19,39
2,8,550438.0,-1.1052487639433033,-0.8693272921435614,TIME_LIMIT,137313,0,0,16,3
2,8,550524.0,-1.1052487639433033,-0.8693272921435614,TIME_LIMIT,137339,0,0,19,13
2,8,550625.0,-1.1052419375237568,-0.8693272921435614,TIME_LIMIT,137369,0,0,13,7
2,8,550714.0,-1.1052419375237568,-0.8693272921435614,TIME_LIMIT,137396,0,0,18,13
2,8,550794.0,-1.1052356724381167,-0.8693272921435614,TIME_LIMIT,137425,0,0,9,6
2,8,550954.0,-1.1052356724381167,-0.8693272921435614,TIME_LIMIT,137451,0,0,21,9
2,8,551130.0,-1.1052333791037787,-0.8693272921435614,TIME_LIMIT,137476,0,0,16,5
2,8,551307.0,-1.1052333791037787,-0.8693272921435614,TIME_LIMIT,137493,0,0,13,9
2,8,551422.0,-1.1052119666141451,-0.8693272921435614,TIME_LIMIT,137524,0,0,15,11
2,8,551579.0,-1.1052119666141451,-0.8693272921435614,TIME_LIMIT,137547,0,0,23,12
2,8,551760.0,-1.1051979462270776,-0.8693272921435614,TIME_LIMIT,137579,0,0,13,9
2,8,551926.0,-1.1051979462270776,-0.8693272921435614,TIME_LIMIT,137603,0,0,12,16
2,8,551974.0,-1.1051726447664854,-0.8693272921435614,TIME_LIMIT,137625,0,0,7,8
2,8,552179.0,-1.1051726447664854,-0.8693272921435614,TIME_LIMIT,137654,0,0,20,35
2,8,552364.0,-1.105167725941981,-0.8693272921435614,TIME_LIMIT,137692,0,0,13,10
2,8,552458.0,-1.105167725941981,-0.8693272921435614,TIME_LIMIT,137716,0,0,24,13
2,8,552625.0,-1.1051571650828025,-0.8693272921435614,TIME_LIMIT,137753,0,0,16,6
2,8,552738.0,-1.1051571650828025,-0.8693272921435614,TIME_LIMIT,137777,0,0,20,25
2,8,552969.0,-1.105151304134357,-0.8693272921435614,TIME_LIMIT,137813,0,0,14,6
2,8,553065.0,-1.105151304134357,-0.8693272921435614,TIME_LIMIT,137836,0,0,16,9
2,8,553123.0,-1.1051499448538569,-0.8693272921435614,TIME_LIMIT,137859,0,0,12,6
2,8,553351.0,-1.1051499448538569,-0.8693272921435614,TIME_LIMIT,137879,0,0,18,17
2,8,553561.0,-1.1051301276103258,-0.8693272921435614,TIME_LIMIT,137915,0,0,18,11
2,8,553636.0,-1.1051301276103258,-0.8693272921435614,TIME_LIMIT,137935,0,0,18,14
2,8,553701.0,-1.1051260916518841,-0.8693272921435614,TIME_LIMIT,137962,0,0,8,6
2,8,553755.0,-1.1051260916518841,-0.8693272921435614,TIME_LIMIT,137981,0,0,14,9
2,8,553835.0,-1.1050815736986945,-0.8693272921435614,TIME_LIMIT,138008,0,0,13,2
2,8,553992.0,-1.1050815736986945,-0.8693272921435614,TIME_LIMIT,138033,0,0,17,17
2,8,554068.0,-1.1050806674875577,-0.8693272921435614,TIME_LIMIT,138062,0,0,12,8
2,8,554277.0,-1.1050806674875577,-0.8693272921435614,TIME_LIMIT,138081,0,0,18,15
2,8,554362.0,-1.1050597913188245,-0.8693272921435614,TIME_LIMIT,138112,0,0,13,11
2,8,554570.0,-1.1050597913188245,-0.8693272921435614,TIME_LIMIT,138140,0,0,19,8
2,8,554641.0,-1.105053375797989,-0.8693272921435614,TIME_LIMIT,138158,0,0,6,13
2,8,554773.0,-1.105053375797989,-0.8693272921435614,TIME_LIMIT,138178,0,0,14,6
2,8,554824.0,-1.1050533418634454,-0.8693272921435614,TIME_LIMIT,138202,0,0,12,9
2,8,554876.0,-1.1050533418634454,-0.8693272921435614,TIME_LIMIT,138218,0,0,12,9
2,8,554914.0,-1.1050433495956284,-0.8693272921435614,TIME_LIMIT,138240,0,0,9,3
2,8,555044.0,-1.1050433495956284,-0.8693272921435614,TIME_LIMIT,138254,0,0,12,12
2,8,555181.0,-1.105036909442562,-0.8693272921435614,TIME_LIMIT,138289,0,0,14,9
2,8,555271.0,-1.105036909442562,-0.8693272921435614,TIME_LIMIT,138309,0,0,18,16
2,8,555368.0,-1.105024782997854,-0.8693272921435614,TIME_LIMIT,138342,0,0,16,6
2,8,555410.0,-1.105024782997854,-0.8693272921435614,TIME_LIMIT,138360,0,0,17,6
2,8,555528.0,-1.1049756540946358,-0.8693272921435614,TIME_LIMIT,138389,0,0,11,5
2,8,555689.0,-1.1049756540946358,-0.8693272921435614,TIME_LIMIT,138415,0,0,13,12
2,8,555785.0,-1.1049739702982928,-0.8693272921435614,TIME_LIMIT,138438,0,0,14,2
2,8,555886.0,-1.1049739702982928,-0.8693272921435614,TIME_LIMIT,138457,0,0,17,17
2,8,556058.0,-1.104973828316958,-0.8693272921435614,TIME_LIMIT,138488,0,0,14,3
2,8,556182.0,-1.104973828316958,-0.8693272921435614,TIME_LIMIT,138512,0,0,13,15
2,8,556347.0,-1.1049677306228403,-0.8693272921435614,TIME_LIMIT,138538,0,0,17,9
2,8,556386.0,-1.1049677306228403,-0.8693272921435614,TIME_LIMIT,138557,0,0,9,11
2,8,556439.0,-1.1049564399355787,-0.8693272921435614,TIME_LIMIT,138583,0,0,4,3
2,8,556499.0,-1.1049564399355787,-0.8693272921435614,TIME_LIMIT,138607,0,0,21,11
2,8,556577.0,-1.1049560392074924,-0.8693272921435614,TIME_LIMIT,138633,0,0,9,10
2,8,556650.0,-1.1049560392074924,-0.8693272921435614,TIME_LIMIT,138649,0,0,13,18
2,8,556874.0,-1.104946301882854,-0.8693272921435614,TIME_LIMIT,138676,0,0,17,4
2,8,557099.0,-1.104946301882854,-0.8693272921435614,TIME_LIMIT,138699,0,0,12,30
2,8,557320.0,-1.10494584702132,-0.8693272921435614,TIME_LIMIT,138725,0,0,21,17
2,8,557369.0,-1.10494584702132,-0.8693272921435614,TIME_LIMIT,138743,0,0,10,12
2,8,557418.0,-1.1049396152544169,-0.8693272921435614,TIME_LIMIT,138764,0,0,5,4
2,8,557621.0,-1.1049396152544169,-0.8693272921435614,TIME_LIMIT,138798,0,0,16,26
2,8,557712.0,-1.1049370775059648,-0.8693272921435614,TIME_LIMIT,138825,0,0,9,4
2,8,557773.0,-1.1049370775059648,-0.8693272921435614,TIME_LIMIT,138850,0,0,20,14
2,8,557849.0,-1.1049322422930166,-0.8693272921435614,TIME_LIMIT,138877,0,0,4,2
2,8,557913.0,-1.1049322422930166,-0.8693272921435614,TIME_LIMIT,138893,0,0,18,13
2,8,557980.0,-1.104914312897201,-0.8693272921435614,TIME_LIMIT,138925,0,0,17,5
2,8,558053.0,-1.104914312897201,-0.8693272921435614,TIME_LIMIT,138946,0,0,18,14
2,8,558154.0,-1.1049067855739412,-0.8693272921435614,TIME_LIMIT,138980,0,0,11,11
2,8,558327.0,-1.1049067855739412,-0.8693272921435614,TIME_LIMIT,139000,0,0,13,12
2,8,558422.0,-1.104904856555311,-0.8693272921435614,TIME_LIMIT,139028,0,0,3,3
2,8,558641.0,-1.104904856555311,-0.8693272921435614,TIME_LIMIT,139048,0,0,13,13
2,8,558810.0,-1.10489133440849,-0.8693272921435614,TIME_LIMIT,139083,0,0,6,6
2,8,558895.0,-1.10489133440849,-0.8693272921435614,TIME_LIMIT,139107,0,0,18,5
2,8,558953.0,-1.1048832611992003,-0.8693272921435614,TIME_LIMIT,139135,0,0,9,4
2,8,559049.0,-1.1048832611992003,-0.8693272921435614,TIME_LIMIT,139155,0,0,17,11
2,8,559193.0,-1.1048614639627306,-0.8693272921435614,TIME_LIMIT,139188,0,0,15,4
2,8,559284.0,-1.1048614639627306,-0.8693272921435614,TIME_LIMIT,139211,0,0,20,15
2,8,559338.0,-1.1048567882207656,-0.8693272921435614,TIME_LIMIT,139233,0,0,10,6
2,8,559417.0,-1.1048567882207656,-0.8693272921435614,TIME_LIMIT,139254,0,0,15,15
2,8,559470.0,-1.1048206288052835,-0.8693272921435614,TIME_LIMIT,139279,0,0,8,6
2,8,559565.0,-1.1048206288052835,-0.8693272921435614,TIME_LIMIT,139299,0,0,16,11
2,8,559634.0,-1.1048087279195073,-0.8693272921435614,TIME_LIMIT,139328,0,0,15,5
2,8,559688.0,-1.1048087279195073,-0.8693272921435614,TIME_LIMIT,139342,0,0,12,6
2,8,559712.0,-1.1048059007321722,-0.8693272921435614,TIME_LIMIT,139364,0,0,10,3
2,8,559759.0,-1.1048059007321722,-0.8693272921435614,TIME_LIMIT,139377,0,0,11,8
2,8,559819.0,-1.1047848858146267,-0.8693272921435614,TIME_LIMIT,139402,0,0,7,3
2,8,559895.0,-1.1047848858146267,-0.8693272921435614,TIME_LIMIT,139421,0,0,17,15
2,8,559947.0,-1.104777227534397,-0.8693272921435614,TIME_LIMIT,139447,0,0,12,12
2,8,560107.0,-1.104777227534397,-0.8693272921435614,TIME_LIMIT,139475,0,0,16,18
2,8,560155.0,-1.1047599319089114,-0.8693272921435614,TIME_LIMIT,139504,0,0,12,7
2,8,560228.0,-1.1047599319089114,-0.8693272921435614,TIME_LIMIT,139525,0,0,24,15
2,8,560343.0,-1.104759544664147,-0.8693272921435614,TIME_LIMIT,139558,0,0,18,4
2,8,560567.0,-1.104759544664147,-0.8693272921435614,TIME_LIMIT,139585,0,0,18,16
2,8,560784.0,-1.104757836024202,-0.8693272921435614,TIME_LIMIT,139619,0,0,18,11
2,8,560852.0,-1.104757836024202,-0.8693272921435614,TIME_LIMIT,139642,0,0,21,17
2,8,560962.0,-1.104726243248104,-0.8693272921435614,TIME_LIMIT,139674,0,0,13,7
2,8,561090.0,-1.104726243248104,-0.8693272921435614,TIME_LIMIT,139696,0,0,16,12
2,8,561215.0,-1.1047143271179825,-0.8693272921435614,TIME_LIMIT,139728,0,0,15,4
2,8,561331.0,-1.1047143271179825,-0.8693272921435614,TIME_LIMIT,139752,0,0,14,22
2,8,561487.0,-1.1046933546691642,-0.8693272921435614,TIME_LIMIT,139790,0,0,15,6
2,8,561674.0,-1.1046933546691642,-0.8693272921435614,TIME_LIMIT,139814,0,0,21,22
2,8,561788.0,-1.1046830366005844,-0.8693272921435614,TIME_LIMIT,139849,0,0,13,10
2,8,561996.0,-1.1046830366005844,-0.8693272921435614,TIME_LIMIT,139872,0,0,15,16
2,8,562099.0,-1.1046775913600606,-0.8693272921435614,TIME_LIMIT,139899,0,0,13,9
2,8,562255.0,-1.1046775913600606,-0.8693272921435614,TIME_LIMIT,139926,0,0,19,5
2,8,562347.0,-1.1046400741105675,-0.8693272921435614,TIME_LIMIT,139945,0,0,11,14
2,8,562435.0,-1.1046400741105675,-0.8693272921435614,TIME_LIMIT,139971,0,0,20,13
2,8,562542.0,-1.1046365108580067,-0.8693272921435614,TIME_LIMIT,140005,0,0,14,3
2,8,562621.0,-1.1046365108580067,-0.8693272921435614,TIME_LIMIT,140025,0,0,18,13
2,8,562675.0,-1.104622793297993,-0.8693272921435614,TIME_LIMIT,140054,0,0,13,5
2,8,562712.0,-1.104622793297993,-0.8693272921435614,TIME_LIMIT,140074,0,0,12,6
2,8,562740.0,-1.1046202852136455,-0.8693272921435614,TIME_LIMIT,140094,0,0,5,5
2,8,562808.0,-1.1046202852136455,-0.8693272921435614,TIME_LIMIT,140117,0,0,15,20
2,8,562905.0,-1.1046109946220874,-0.8693272921435614,TIME_LIMIT,140140,0,0,14,8
2,8,562993.0,-1.1046109946220874,-0.8693272921435614,TIME_LIMIT,140162,0,0,11,12
2,8,563108.0,-1.104577155621563,-0.8693272921435614,TIME_LIMIT,140192,0,0,4,8
2,8,563168.0,-1.104577155621563,-0.8693272921435614,TIME_LIMIT,140212,0,0,12,9
2,8,563392.0,-1.1045744398122093,-0.8693272921435614,TIME_LIMIT,140249,0,0,19,9
2,8,563544.0,-1.1045744398122093,-0.8693272921435614,TIME_LIMIT,140272,0,0,10,19
2,8,563685.0,-1.1045648835538382,-0.8693272921435614,TIME_LIMIT,140310,0,0,16,10
2,8,563743.0,-1.1045648835538382,-0.8693272921435614,TIME_LIMIT,140332,0,0,9,12
2,8,563805.0,-1.1045444603108943,-0.8693272921435614,TIME_LIMIT,140358,0,0,8,4
2,8,563885.0,-1.1045444603108943,-0.8693272921435614,TIME_LIMIT,140386,0,0,15,9
2,8,563969.0,-1.1045292274602612,-0.8693272921435614,TIME_LIMIT,140409,0,0,4,7
2,8,563995.0,-1.1045292274602612,-0.8693272921435614,TIME_LIMIT,140426,0,0,9,11
2,8,564017.0,-1.1045235040159405,-0.8693272921435614,TIME_LIMIT,140440,0,0,2,4
2,8,564228.0,-1.1045235040159405,-0.8693272921435614,TIME_LIMIT,140462,0,0,23,19
2,8,564451.0,-1.1045145348565746,-0.8693272921435614,TIME_LIMIT,140498,0,0,14,12
2,8,564510.0,-1.1045145348565746,-0.8693272921435614,TIME_LIMIT,140523,0,0,13,10
2,8,564646.0,-1.1045110113447225,-0.8693272921435614,TIME_LIMIT,140552,0,0,12,10
2,8,564850.0,-1.1045110113447225,-0.8693272921435614,TIME_LIMIT,140577,0,0,24,29
2,8,565071.0,-1.1045002586005674,-0.8693272921435614,TIME_LIMIT,140610,0,0,16,11
2,8,565106.0,-1.1045002586005674,-0.8693272921435614,TIME_LIMIT,140622,0,0,9,6
2,8,565132.0,-1.1044691790112342,-0.8693272921435614,TIME_LIMIT,140639,0,0,3,1
2,8,565219.0,-1.1044691790112342,-0.8693272921435614,TIME_LIMIT,140664,0,0,13,20
2,8,565332.0,-1.1044636669485002,-0.8693272921435614,TIME_LIMIT,140692,0,0,13,11
2,8,565425.0,-1.1044636669485002,-0.8693272921435614,TIME_LIMIT,140705,0,0,13,7
2,8,565474.0,-1.1044633515613715,-0.8693272921435614,TIME_LIMIT,140720,0,0,10,4
2,8,565556.0,-1.1044633515613715,-0.8693272921435614,TIME_LIMIT,140742,0,0,15,8
2,8,565649.0,-1.104417955793079,-0.8693272921435614,TIME_LIMIT,140772,0,0,8,8
2,8,565695.0,-1.104417955793079,-0.8693272921435614,TIME_LIMIT,140789,0,0,14,14
2,8,565845.0,-1.1044065822791738,-0.8693272921435614,TIME_LIMIT,140818,0,0,13,5
2,8,565940.0,-1.1044065822791738,-0.8693272921435614,TIME_LIMIT,140839,0,0,16,9
2,8,566003.0,-1.1044048642553794,-0.8693272921435614,TIME_LIMIT,140867,0,0,12,10
2,8,566104.0,-1.1044048642553794,-0.8693272921435614,TIME_LIMIT,140888,0,0,19,28
2,8,566270.0,-1.1043754958238408,-0.8693272921435614,TIME_LIMIT,140920,0,0,15,14
2,8,566292.0,-1.1043754958238408,-0.8693272921435614,TIME_LIMIT,140934,0,0,7,6
2,8,566331.0,-1.1043384191006769,-0.8693272921435614,TIME_LIMIT,140957,0,0,3,3
2,8,566365.0,-1.1043384191006769,-0.8693272921435614,TIME_LIMIT,140974,0,0,5,4
2,8,566400.0,-1.104337227518049,-0.8693272921435614,TIME_LIMIT,140989,0,0,6,5
2,8,566475.0,-1.104337227518049,-0.8693272921435614,TIME_LIMIT,141011,0,0,8,11
2,8,566646.0,-1.1043131980777139,-0.8693272921435614,TIME_LIMIT,141039,0,0,13,5
2,8,566849.0,-1.1043131980777139,-0.8693272921435614,TIME_LIMIT,141064,0,0,19,25
2,8,566970.0,-1.1043077172810258,-0.8693272921435614,TIME_LIMIT,141088,0,0,14,20
2,8,567187.0,-1.1043077172810258,-0.8693272921435614,TIME_LIMIT,141112,0,0,12,17
2,8,567312.0,-1.1043023730351174,-0.8693272921435614,TIME_LIMIT,141141,0,0,14,7
2,8,567411.0,-1.1043023730351174,-0.8693272921435614,TIME_LIMIT,141166,0,0,17,11
2,8,567458.0,-1.1042969072472868,-0.8693272921435614,TIME_LIMIT,141188,0,0,9,2
2,8,567514.0,-1.1042969072472868,-0.8693272921435614,TIME_LIMIT,141207,0,0,18,12
2,8,567672.0,-1.1042484283730478,-0.8693272921435614,TIME_LIMIT,141236,0,0,8,4
2,8,567898.0,-1.1042484283730478,-0.8693272921435614,TIME_LIMIT,141261,0,0,18,13
2,8,568018.0,-1.10420605407114,-0.8693272921435614,TIME_LIMIT,141293,0,0,14,8
2,8,568068.0,-1.10420605407114,-0.8693272921435614,TIME_LIMIT,141311,0,0,15,9
2,8,568112.0,-1.1042030124543158,-0.8693272921435614,TIME_LIMIT,141332,0,0,10,4
2,8,568173.0,-1.1042030124543158,-0.8693272921435614,TIME_LIMIT,141352,0,0,15,5
2,8,568235.0,-1.1041844702041912,-0.8693272921435614,TIME_LIMIT,141371,0,0,9,5
2,8,568351.0,-1.1041844702041912,-0.8693272921435614,TIME_LIMIT,141396,0,0,18,14
2,8,568466.0,-1.1041836115208108,-0.8693272921435614,TIME_LIMIT,141427,0,0,14,4
2,8,568648.0,-1.1041836115208108,-0.8693272921435614,TIME_LIMIT,141452,0,0,17,21
2,8,568784.0,-1.1041813177593207,-0.8693272921435614,TIME_LIMIT,141483,0,0,14,10
2,8,568859.0,-1.1041813177593207,-0.8693272921435614,TIME_LIMIT,141500,0,0,15,7
2,8,568987.0,-1.1041368070823316,-0.8693272921435614,TIME_LIMIT,141531,0,0,13,5
2,8,569203.0,-1.1041368070823316,-0.8693272921435614,TIME_LIMIT,141554,0,0,14,23
2,8,569412.0,-1.1040936827920236,-0.8693272921435614,TIME_LIMIT,141593,0,0,23,18
2,8,569517.0,-1.1040936827920236,-0.8693272921435614,TIME_LIMIT,141614,0,0,15,12
2,8,569584.0,-1.1040636559834152,-0.8693272921435614,TIME_LIMIT,141633,0,0,14,3
2,8,569654.0,-1.1040636559834152,-0.8693272921435614,TIME_LIMIT,141652,0,0,8,2
2,8,569727.0,-1.104058240694519,-0.8693272921435614,TIME_LIMIT,141679,0,0,11,4
2,8,569806.0,-1.104058240694519,-0.8693272921435614,TIME_LIMIT,141700,0,0,19,15
2,8,569933.0,-1.1040392988572054,-0.8693272921435614,TIME_LIMIT,141735,0,0,15,8
2,8,570123.0,-1.1040392988572054,-0.8693272921435614,TIME_LIMIT,141763,0,0,22,13
2,8,570330.0,-1.104023962432949,-0.8693272921435614,TIME_LIMIT,141802,0,0,7,7
2,8,570377.0,-1.104023962432949,-0.8693272921435614,TIME_LIMIT,141819,0,0,7,8
2,8,570410.0,-1.1040202190633839,-0.8693272921435614,TIME_LIMIT,141839,0,0,8,3
2,8,570527.0,-1.1040202190633839,-0.8693272921435614,TIME_LIMIT,141865,0,0,20,26
2,8,570731.0,-1.1040146273006495,-0.8693272921435614,TIME_LIMIT,141901,0,0,17,12
2,8,570840.0,-1.1040146273006495,-0.8693272921435614,TIME_LIMIT,141917,0,0,18,16
2,8,571031.0,-1.103983397887144,-0.8693272921435614,TIME_LIMIT,141955,0,0,17,9
2,8,571074.0,-1.103983397887144,-0.8693272921435614,TIME_LIMIT,141973,0,0,17,12
2,8,571118.0,-1.1039752906528146,-0.8693272921435614,TIME_LIMIT,141999,0,0,11,6
2,8,571185.0,-1.1039752906528146,-0.8693272921435614,TIME_LIMIT,142019,0,0,13,16
2,8,571278.0,-1.1039551631032487,-0.8693272921435614,TIME_LIMIT,142046,0,0,10,9
2,8,571504.0,-1.1039551631032487,-0.8693272921435614,TIME_LIMIT,142065,0,0,16,10
2,8,571602.0,-1.1039545128742065,-0.8693272921435614,TIME_LIMIT,142098,0,0,14,10
2,8,571748.0,-1.1039545128742065,-0.8693272921435614,TIME_LIMIT,142119,0,0,22,17
2,8,571893.0,-1.1039444256023696,-0.8693272921435614,TIME_LIMIT,142157,0,0,20,8
2,8,571981.0,-1.1039444256023696,-0.8693272921435614,TIME_LIMIT,142179,0,0,8,13
2,8,572087.0,-1.1039358532354548,-0.8693272921435614,TIME_LIMIT,142210,0,0,12,7
2,8,572179.0,-1.1039358532354548,-0.8693272921435614,TIME_LIMIT,142233,0,0,15,7
2,8,572244.0,-1.1039346010802613,-0.8693272921435614,TIME_LIMIT,142265,0,0,13,12
2,8,572463.0,-1.1039346010802613,-0.8693272921435614,TIME_LIMIT,142284,0,0,7,10
2,8,572688.0,-1.103927927141221,-0.8693272921435614,TIME_LIMIT,142309,0,0,6,1
2,8,572740.0,-1.103927927141221,-0.8693272921435614,TIME_LIMIT,142326,0,0,13,5
2,8,572786.0,-1.1039049310817886,-0.8693272921435614,TIME_LIMIT,142345,0,0,7,3
2,8,572886.0,-1.1039049310817886,-0.8693272921435614,TIME_LIMIT,142365,0,0,18,19
2,8,573017.0,-1.103903002599366,-0.8693272921435614,TIME_LIMIT,142398,0,0,14,5
2,8,573087.0,-1.103903002599366,-0.8693272921435614,TIME_LIMIT,142418,0,0,15,11
2,8,573174.0,-1.1039025702862963,-0.8693272921435614,TIME_LIMIT,142445,0,0,11,4
2,8,573203.0,-1.1039025702862963,-0.8693272921435614,TIME_LIMIT,142461,0,0,13,4
2,8,573256.0,-1.1038264627847973,-0.8693272921435614,TIME_LIMIT,142481,0,0,7,3
2,8,573351.0,-1.1038264627847973,-0.8693272921435614,TIME_LIMIT,142509,0,0,16,6
2,8,573432.0,-1.1038051785508631,-0.8693272921435614,TIME_LIMIT,142528,0,0,16,8
2,8,573463.0,-1.1038051785508631,-0.8693272921435614,TIME_LIMIT,142542,0,0,7,9
2,8,573490.0,-1.1038021694477083,-0.8693272921435614,TIME_LIMIT,142558,0,0,3,1
2,8,573570.0,-1.1038021694477083,-0.8693272921435614,TIME_LIMIT,142581,0,0,18,14
2,8,573751.0,-1.1037798805260368,-0.8693272921435614,TIME_LIMIT,142613,0,0,12,14
2,8,573874.0,-1.1037798805260368,-0.8693272921435614,TIME_LIMIT,142633,0,0,12,9
2,8,573906.0,-1.1037632345240902,-0.8693272921435614,TIME_LIMIT,142655,0,0,9,5
2,8,574093.0,-1.1037632345240902,-0.8693272921435614,TIME_LIMIT,142684,0,0,27,19
2,8,574318.0,-1.1037440376742835,-0.8693272921435614,TIME_LIMIT,142717,0,0,19,11
2,8,574418.0,-1.1037440376742835,-0.8693272921435614,TIME_LIMIT,142740,0,0,10,13
2,8,574576.0,-1.1037149525320535,-0.8693272921435614,TIME_LIMIT,142772,0,0,15,10
2,8,574653.0,-1.1037149525320535,-0.8693272921435614,TIME_LIMIT,142793,0,0,18,8
2,8,574742.0,-1.1037081603322447,-0.8693272921435614,TIME_LIMIT,142819,0,0,13,7
2,8,574797.0,-1.1037081603322447,-0.8693272921435614,TIME_LIMIT,142842,0,0,8,4
2,8,574820.0,-1.1036954246588668,-0.8693272921435614,TIME_LIMIT,142855,0,0,5,4
2,8,574881.0,-1.1036954246588668,-0.8693272921435614,TIME_LIMIT,142879,0,0,17,8
2,8,575058.0,-1.1036790430721064,-0.8693272921435614,TIME_LIMIT,142919,0,0,14,7
2,8,575130.0,-1.1036790430721064,-0.8693272921435614,TIME_LIMIT,142937,0,0,15,13
2,8,575171.0,-1.1036743446030604,-0.8693272921435614,TIME_LIMIT,142960,0,0,9,2
2,8,575225.0,-1.1036743446030604,-0.8693272921435614,TIME_LIMIT,142981,0,0,15,7
2,8,575245.0,-1.1036700451432244,-0.8693272921435614,TIME_LIMIT,143002,0,0,7,2
2,8,575472.0,-1.1036700451432244,-0.8693272921435614,TIME_LIMIT,143023,0,0,25,21
2,8,575680.0,-1.1036675914992973,-0.8693272921435614,TIME_LIMIT,143065,0,0,24,6
2,8,575825.0,-1.1036675914992973,-0.8693272921435614,TIME_LIMIT,143090,0,0,21,22
2,8,576037.0,-1.1036629495407326,-0.8693272921435614,TIME_LIMIT,143127,0,0,6,11
2,8,576113.0,-1.1036629495407326,-0.8693272921435614,TIME_LIMIT,143142,0,0,18,21
2,8,576281.0,-1.1036241861658722,-0.8693272921435614,TIME_LIMIT,143177,0,0,15,9
2,8,576484.0,-1.1036241861658722,-0.8693272921435614,TIME_LIMIT,143203,0,0,21,10
2,8,576659.0,-1.1036218463234035,-0.8693272921435614,TIME_LIMIT,143222,0,0,14,13
2,8,576772.0,-1.1036218463234035,-0.8693272921435614,TIME_LIMIT,143249,0,0,18,19
2,8,576919.0,-1.103615452726866,-0.8693272921435614,TIME_LIMIT,143285,0,0,13,14
2,8,577107.0,-1.103615452726866,-0.8693272921435614,TIME_LIMIT,143308,0,0,19,26
2,8,577228.0,-1.1036080615116233,-0.8693272921435614,TIME_LIMIT,143333,0,0,15,8
2,8,577311.0,-1.1036080615116233,-0.8693272921435614,TIME_LIMIT,143359,0,0,19,18
2,8,577423.0,-1.103599602112721,-0.8693272921435614,TIME_LIMIT,143390,0,0,15,7
2,8,577631.0,-1.103599602112721,-0.8693272921435614,TIME_LIMIT,143412,0,0,22,26
2,8,577841.0,-1.1035906239917845,-0.8693272921435614,TIME_LIMIT,143445,0,0,19,7
2,8,577936.0,-1.1035906239917845,-0.8693272921435614,TIME_LIMIT,143464,0,0,19,13
2,8,578033.0,-1.1035818901645789,-0.8693272921435614,TIME_LIMIT,143491,0,0,14,6
2,8,578111.0,-1.1035818901645789,-0.8693272921435614,TIME_LIMIT,143518,0,0,19,10
2,8,578284.0,-1.1035818340135508,-0.8693272921435614,TIME_LIMIT,143559,0,0,13,18
2,8,578384.0,-1.1035818340135508,-0.8693272921435614,TIME_LIMIT,143579,0,0,6,9
2,8,578536.0,-1.1035657263364809,-0.8693272921435614,TIME_LIMIT,143610,0,0,15,4
2,8,578761.0,-1.1035657263364809,-0.8693272921435614,TIME_LIMIT,143641,0,0,24,23
2,8,578984.0,-1.1035308270634552,-0.8693272921435614,TIME_LIMIT,143675,0,0,13,7
2,8,579061.0,-1.1035308270634552,-0.8693272921435614,TIME_LIMIT,143688,0,0,6,7
2,8,579117.0,-1.103528353826034,-0.8693272921435614,TIME_LIMIT,143712,0,0,9,3
2,8,579296.0,-1.103528353826034,-0.8693272921435614,TIME_LIMIT,143740,0,0,22,20
2,8,579519.0,-1.1035257260467328,-0.8693272921435614,TIME_LIMIT,143773,0,0,17,17
2,8,579656.0,-1.1035257260467328,-0.8693272921435614,TIME_LIMIT,143798,0,0,13,10
2,8,579808.0,-1.1034892644334295,-0.8693272921435614,TIME_LIMIT,143811,0,0,10,6
2,8,580039.0,-1.1034892644334295,-0.8693272921435614,TIME_LIMIT,143831,0,0,17,18
2,8,580264.0,-1.1034840988496621,-0.8693272921435614,TIME_LIMIT,143868,0,0,17,8
2,8,580324.0,-1.1034840988496621,-0.8693272921435614,TIME_LIMIT,143890,0,0,16,12
2,8,580435.0,-1.10348055072483,-0.8693272921435614,TIME_LIMIT,143922,0,0,15,10
2,8,580634.0,-1.10348055072483,-0.8693272921435614,TIME_LIMIT,143947,0,0,19,12
2,8,580800.0,-1.1034778489867727,-0.8693272921435614,TIME_LIMIT,143976,0,0,12,6
2,8,581000.0,-1.1034778489867727,-0.8693272921435614,TIME_LIMIT,143996,0,0,18,32
2,8,581213.0,-1.10347024541319,-0.8693272921435614,TIME_LIMIT,144031,0,0,15,6
2,8,581258.0,-1.10347024541319,-0.8693272921435614,TIME_LIMIT,144051,0,0,16,8
2,8,581307.0,-1.1034494775264658,-0.8693272921435614,TIME_LIMIT,144074,0,0,9,5
2,8,581456.0,-1.1034494775264658,-0.8693272921435614,TIME_LIMIT,144098,0,0,16,18
2,8,581607.0,-1.1034486029274755,-0.8693272921435614,TIME_LIMIT,144128,0,0,11,8
2,8,581745.0,-1.1034486029274755,-0.8693272921435614,TIME_LIMIT,144150,0,0,15,19
2,8,581869.0,-1.1034450186886549,-0.8693272921435614,TIME_LIMIT,144184,0,0,13,11
2,8,581993.0,-1.1034450186886549,-0.8693272921435614,TIME_LIMIT,144208,0,0,23,13
2,8,582196.0,-1.1034422455109452,-0.8693272921435614,TIME_LIMIT,144244,0,0,13,10
2,8,582310.0,-1.1034422455109452,-0.8693272921435614,TIME_LIMIT,144271,0,0,18,11
2,8,582406.0,-1.103425357265636,-0.8693272921435614,TIME_LIMIT,144291,0,0,17,7
2,8,582452.0,-1.103425357265636,-0.8693272921435614,TIME_LIMIT,144307,0,0,11,6
2,8,582494.0,-1.1034139071780942,-0.8693272921435614,TIME_LIMIT,144332,0,0,7,6
2,8,582587.0,-1.1034139071780942,-0.8693272921435614,TIME_LIMIT,144359,0,0,21,7
2,8,582725.0,-1.103400771427979,-0.8693272921435614,TIME_LIMIT,144380,0,0,7,2
2,8,582770.0,-1.103400771427979,-0.8693272921435614,TIME_LIMIT,144401,0,0,12,4
2,8,582803.0,-1.1033884998887875,-0.8693272921435614,TIME_LIMIT,144417,0,0,7,1
2,8,582869.0,-1.1033884998887875,-0.8693272921435614,TIME_LIMIT,144436,0,0,12,9
2,8,582992.0,-1.103360285974993,-0.8693272921435614,TIME_LIMIT,144466,0,0,13,4
2,8,583102.0,-1.103360285974993,-0.8693272921435614,TIME_LIMIT,144484,0,0,12,16
2,8,583161.0,-1.1033512752672636,-0.8693272921435614,TIME_LIMIT,144511,0,0,12,3
2,8,583231.0,-1.1033512752672636,-0.8693272921435614,TIME_LIMIT,144535,0,0,14,11
2,8,583280.0,-1.1033494596911764,-0.8693272921435614,TIME_LIMIT,144563,0,0,13,5
2,8,583378.0,-1.1033494596911764,-0.8693272921435614,TIME_LIMIT,144586,0,0,16,5
2,8,583460.0,-1.1033301742954118,-0.8693272921435614,TIME_LIMIT,144606,0,0,13,8
2,8,583511.0,-1.1033301742954118,-0.8693272921435614,TIME_LIMIT,144626,0,0,19,6
2,8,583587.0,-1.1033267820526542,-0.8693272921435614,TIME_LIMIT,144655,0,0,16,5
2,8,583692.0,-1.1033267820526542,-0.8693272921435614,TIME_LIMIT,144676,0,0,19,5
2,8,583763.0,-1.1033244863574352,-0.8693272921435614,TIME_LIMIT,144707,0,0,10,3
2,8,583870.0,-1.1033244863574352,-0.8693272921435614,TIME_LIMIT,144727,0,0,16,8
2,8,583918.0,-1.1033078224363333,-0.8693272921435614,TIME_LIMIT,144756,0,0,13,6
2,8,583966.0,-1.1033078224363333,-0.8693272921435614,TIME_LIMIT,144778,0,0,8,8
2,8,583996.0,-1.1033074649405463,-0.8693272921435614,TIME_LIMIT,144795,0,0,5,3
2,8,584198.0,-1.1033074649405463,-0.8693272921435614,TIME_LIMIT,144816,0,0,21,14
2,8,584374.0,-1.1032852837203098,-0.8693272921435614,TIME_LIMIT,144855,0,0,14,6
2,8,584416.0,-1.1032852837203098,-0.8693272921435614,TIME_LIMIT,144872,0,0,10,7
2,8,584453.0,-1.103277093661982,-0.8693272921435614,TIME_LIMIT,144894,0,0,9,5
2,8,584601.0,-1.103277093661982,-0.8693272921435614,TIME_LIMIT,144922,0,0,26,16
2,8,584688.0,-1.1032760016834406,-0.8693272921435614,TIME_LIMIT,144960,0,0,13,8
2,8,584729.0,-1.1032760016834406,-0.8693272921435614,TIME_LIMIT,144974,0,0,9,1
2,8,584800.0,-1.1032696621312117,-0.8693272921435614,TIME_LIMIT,144993,0,0,5,3
2,8,584858.0,-1.1032696621312117,-0.8693272921435614,TIME_LIMIT,145009,0,0,12,9
2,8,584885.0,-1.1032671003891767,-0.8693272921435614,TIME_LIMIT,145028,0,0,12,6
2,8,584914.0,-1.1032671003891767,-0.8693272921435614,TIME_LIMIT,145041,0,0,7,3
2,8,584954.0,-1.1032638900314748,-0.8693272921435614,TIME_LIMIT,145059,0,0,4,2
2,8,585101.0,-1.1032638900314748,-0.8693272921435614,TIME_LIMIT,145082,0,0,16,22
2,8,585156.0,-1.1032623708790195,-0.8693272921435614,TIME_LIMIT,145110,0,0,8,5
2,8,585313.0,-1.1032623708790195,-0.8693272921435614,TIME_LIMIT,145130,0,0,13,11
2,8,585468.0,-1.1032301788509788,-0.8693272921435614,TIME_LIMIT,145158,0,0,12,7
2,8,585648.0,-1.1032301788509788,-0.8693272921435614,TIME_LIMIT,145178,0,0,21,11
2,8,585803.0,-1.103220580605574,-0.8693272921435614,TIME_LIMIT,145212,0,0,10,5
2,8,585877.0,-1.103220580605574,-0.8693272921435614,TIME_LIMIT,145232,0,0,15,7
2,8,586039.0,-1.1032204532748913,-0.8693272921435614,TIME_LIMIT,145255,0,0,7,3
2,8,586063.0,-1.1032204532748913,-0.8693272921435614,TIME_LIMIT,145269,0,0,12,12
2,8,586139.0,-1.103215959141548,-0.8693272921435614,TIME_LIMIT,145301,0,0,13,8
2,8,586226.0,-1.103215959141548,-0.8693272921435614,TIME_LIMIT,145318,0,0,7,22
2,8,586435.0,-1.1032082053136394,-0.8693272921435614,TIME_LIMIT,145347,0,0,10,7
2,8,586544.0,-1.1032082053136394,-0.8693272921435614,TIME_LIMIT,145378,0,0,23,9
2,8,586576.0,-1.1031718571199374,-0.8693272921435614,TIME_LIMIT,145399,0,0,14,5
2,8,586661.0,-1.1031718571199374,-0.8693272921435614,TIME_LIMIT,145422,0,0,17,20
2,8,586793.0,-1.1031601761634016,-0.8693272921435614,TIME_LIMIT,145449,0,0,10,8
2,8,586873.0,-1.1031601761634016,-0.8693272921435614,TIME_LIMIT,145470,0,0,10,5
2,8,586928.0,-1.1031272792532971,-0.8693272921435614,TIME_LIMIT,145496,0,0,9,8
2,8,586957.0,-1.1031272792532971,-0.8693272921435614,TIME_LIMIT,145514,0,0,8,11
2,8,587006.0,-1.1031187525463704,-0.8693272921435614,TIME_LIMIT,145540,0,0,15,4
2,8,587170.0,-1.1031187525463704,-0.8693272921435614,TIME_LIMIT,145559,0,0,16,7
2,8,587254.0,-1.1031036735081206,-0.8693272921435614,TIME_LIMIT,145587,0,0,15,4
2,8,587299.0,-1.1031036735081206,-0.8693272921435614,TIME_LIMIT,145605,0,0,17,13
2,8,587405.0,-1.1031012808846519,-0.8693272921435614,TIME_LIMIT,145633,0,0,13,5
2,8,587489.0,-1.1031012808846519,-0.8693272921435614,TIME_LIMIT,145651,0,0,12,14
2,8,587537.0,-1.1030646042834804,-0.8693272921435614,TIME_LIMIT,145677,0,0,6,2
2,8,587575.0,-1.1030646042834804,-0.8693272921435614,TIME_LIMIT,145697,0,0,21,20
2,8,587628.0,-1.103061874335791,-0.8693272921435614,TIME_LIMIT,145727,0,0,14,3
2,8,587794.0,-1.103061874335791,-0.8693272921435614,TIME_LIMIT,145755,0,0,13,24
2,8,587993.0,-1.1030532037564496,-0.8693272921435614,TIME_LIMIT,145790,0,0,12,8
2,8,588202.0,-1.1030532037564496,-0.8693272921435614,TIME_LIMIT,145822,0,0,16,12
2,8,588334.0,-1.103045797004056,-0.8693272921435614,TIME_LIMIT,145849,0,0,8,12
2,8,588363.0,-1.103045797004056,-0.8693272921435614,TIME_LIMIT,145864,0,0,12,4
2,8,588412.0,-1.103023210554127,-0.8693272921435614,TIME_LIMIT,145891,0,0,12,6
2,8,588457.0,-1.103023210554127,-0.8693272921435614,TIME_LIMIT,145913,0,0,7,11
2,8,588529.0,-1.1030163961206587,-0.8693272921435614,TIME_LIMIT,145943,0,0,11,11
2,8,588601.0,-1.1030163961206587,-0.8693272921435614,TIME_LIMIT,145967,0,0,15,4
2,8,588635.0,-1.1030099116035281,-0.8693272921435614,TIME_LIMIT,145987,0,0,10,9
2,8,588743.0,-1.1030099116035281,-0.8693272921435614,TIME_LIMIT,146007,0,0,17,26
2,8,588931.0,-1.103008649314969,-0.8693272921435614,TIME_LIMIT,146049,0,0,20,11
2,8,589091.0,-1.103008649314969,-0.8693272921435614,TIME_LIMIT,146071,0,0,5,3
2,8,589215.0,-1.1030006024819405,-0.8693272921435614,TIME_LIMIT,146094,0,0,13,4
2,8,589423.0,-1.1030006024819405,-0.8693272921435614,TIME_LIMIT,146125,0,0,14,22
2,8,589643.0,-1.102992717544824,-0.8693272921435614,TIME_LIMIT,146159,0,0,16,14
2,8,589693.0,-1.102992717544824,-0.8693272921435614,TIME_LIMIT,146178,0,0,9,6
2,8,589848.0,-1.1029732809270345,-0.8693272921435614,TIME_LIMIT,146209,0,0,13,4
2,8,589920.0,-1.1029732809270345,-0.8693272921435614,TIME_LIMIT,146226,0,0,10,10
2,8,589995.0,-1.102967350880949,-0.8693272921435614,TIME_LIMIT,146251,0,0,10,5
2,8,590073.0,-1.102967350880949,-0.8693272921435614,TIME_LIMIT,146270,0,0,17,12
2,8,590122.0,-1.102956788332913,-0.8693272921435614,TIME_LIMIT,146300,0,0,15,4
2,8,590248.0,-1.102956788332913,-0.8693272921435614,TIME_LIMIT,146320,0,0,13,32
2,8,590432.0,-1.1029373731608738,-0.8693272921435614,TIME_LIMIT,146359,0,0,20,9
2,8,590482.0,-1.1029373731608738,-0.8693272921435614,TIME_LIMIT,146377,0,0,12,2
2,8,590538.0,-1.102907177425856,-0.8693272921435614,TIME_LIMIT,146401,0,0,13,4
2,8,590628.0,-1.102907177425856,-0.8693272921435614,TIME_LIMIT,146418,0,0,8,19
2,8,590740.0,-1.1028808384719742,-0.8693272921435614,TIME_LIMIT,146447,0,0,13,9
2,8,590796.0,-1.1028808384719742,-0.8693272921435614,TIME_LIMIT,146464,0,0,18,11
2,8,591003.0,-1.1028582847984005,-0.8693272921435614,TIME_LIMIT,146498,0,0,17,2
2,8,591068.0,-1.1028582847984005,-0.8693272921435614,TIME_LIMIT,146517,0,0,18,14
2,8,591277.0,-1.102809544290825,-0.8693272921435614,TIME_LIMIT,146547,0,0,14,17
2,8,591433.0,-1.102809544290825,-0.8693272921435614,TIME_LIMIT,146572,0,0,19,16
2,8,591525.0,-1.1027979460002317,-0.8693272921435614,TIME_LIMIT,146594,0,0,20,10
2,8,591606.0,-1.1027979460002317,-0.8693272921435614,TIME_LIMIT,146618,0,0,18,16
2,8,591695.0,-1.1027962591090479,-0.8693272921435614,TIME_LIMIT,146651,0,0,16,12
2,8,591757.0,-1.1027962591090479,-0.8693272921435614,TIME_LIMIT,146671,0,0,17,7
2,8,591913.0,-1.102793193076698,-0.8693272921435614,TIME_LIMIT,146699,0,0,10,4
2,8,592022.0,-1.102793193076698,-0.8693272921435614,TIME_LIMIT,146723,0,0,26,23
2,8,592231.0,-1.1027790919752671,-0.8693272921435614,TIME_LIMIT,146755,0,0,11,9
2,8,592398.0,-1.1027790919752671,-0.8693272921435614,TIME_LIMIT,146782,0,0,15,17
2,8,592607.0,-1.1027576674613846,-0.8693272921435614,TIME_LIMIT,146814,0,0,13,5
2,8,592639.0,-1.1027576674613846,-0.8693272921435614,TIME_LIMIT,146829,0,0,16,11
2,8,592687.0,-1.1027339275080994,-0.8693272921435614,TIME_LIMIT,146851,0,0,8,3
2,8,592868.0,-1.1027339275080994,-0.8693272921435614,TIME_LIMIT,146875,0,0,19,14
2,8,592932.0,-1.1027315017379153,-0.8693272921435614,TIME_LIMIT,146901,0,0,12,4
2,8,593012.0,-1.1027315017379153,-0.8693272921435614,TIME_LIMIT,146920,0,0,9,16
2,8,593163.0,-1.1026972381557176,-0.8693272921435614,TIME_LIMIT,146952,0,0,11,6
2,8,593291.0,-1.1026972381557176,-0.8693272921435614,TIME_LIMIT,146977,0,0,29,25
2,8,593482.0,-1.102692257395266,-0.8693272921435614,TIME_LIMIT,147012,0,0,12,6
2,8,593689.0,-1.102692257395266,-0.8693272921435614,TIME_LIMIT,147034,0,0,16,7
2,8,593808.0,-1.1026894900079747,-0.8693272921435614,TIME_LIMIT,147064,0,0,15,7
2,8,593870.0,-1.1026894900079747,-0.8693272921435614,TIME_LIMIT,147080,0,0,9,4
2,8,593938.0,-1.1026829995226282,-0.8693272921435614,TIME_LIMIT,147103,0,0,4,2
2,8,593974.0,-1.1026829995226282,-0.8693272921435614,TIME_LIMIT,147121,0,0,13,13
2,8,594059.0,-1.1026826844471027,-0.8693272921435614,TIME_LIMIT,147151,0,0,14,11
2,8,594082.0,-1.1026826844471027,-0.8693272921435614,TIME_LIMIT,147159,0,0,9,9
2,8,594163.0,-1.1026487021583107,-0.8693272921435614,TIME_LIMIT,147186,0,0,7,5
2,8,594216.0,-1.1026487021583107,-0.8693272921435614,TIME_LIMIT,147208,0,0,23,13
2,8,594322.0,-1.1026386662666043,-0.8693272921435614,TIME_LIMIT,147245,0,0,17,6
2,8,594531.0,-1.1026386662666043,-0.8693272921435614,TIME_LIMIT,147273,0,0,20,29
2,8,594740.0,-1.1026377629422024,-0.8693272921435614,TIME_LIMIT,147312,0,0,22,14
2,8,594788.0,-1.1026377629422024,-0.8693272921435614,TIME_LIMIT,147334,0,0,12,19
2,8,594946.0,-1.102612555998542,-0.8693272921435614,TIME_LIMIT,147369,0,0,14,9
2,8,595125.0,-1.102612555998542,-0.8693272921435614,TIME_LIMIT,147391,0,0,21,12
2,8,595248.0,-1.1026038728675092,-0.8693272921435614,TIME_LIMIT,147427,0,0,14,6
2,8,595405.0,-1.1026038728675092,-0.8693272921435614,TIME_LIMIT,147453,0,0,19,11
2,8,595601.0,-1.1025995657022292,-0.8693272921435614,TIME_LIMIT,147488,0,0,16,9
2,8,595625.0,-1.1025995657022292,-0.8693272921435614,TIME_LIMIT,147505,0,0,13,8
2,8,595748.0,-1.1025994020811953,-0.8693272921435614,TIME_LIMIT,147534,0,0,12,11
2,8,595829.0,-1.1025994020811953,-0.8693272921435614,TIME_LIMIT,147553,0,0,14,11
2,8,595924.0,-1.1025989334649777,-0.8693272921435614,TIME_LIMIT,147579,0,0,9,3
2,8,595984.0,-1.1025989334649777,-0.8693272921435614,TIME_LIMIT,147599,0,0,17,10
2,8,596090.0,-1.1025941678090425,-0.8693272921435614,TIME_LIMIT,147630,0,0,12,9
2,8,596194.0,-1.1025941678090425,-0.8693272921435614,TIME_LIMIT,147655,0,0,21,16
2,8,596274.0,-1.1025897360075079,-0.8693272921435614,TIME_LIMIT,147684,0,0,11,5
2,8,596330.0,-1.1025897360075079,-0.8693272921435614,TIME_LIMIT,147704,0,0,14,17
2,8,596438.0,-1.1025895085364148,-0.8693272921435614,TIME_LIMIT,147743,0,0,5,10
2,8,596589.0,-1.1025895085364148,-0.8693272921435614,TIME_LIMIT,147769,0,0,10,9
2,8,596737.0,-1.102579121558278,-0.8693272921435614,TIME_LIMIT,147797,0,0,16,5
2,8,596873.0,-1.102579121558278,-0.8693272921435614,TIME_LIMIT,147819,0,0,17,31
2,8,597060.0,-1.102574605584754,-0.8693272921435614,TIME_LIMIT,147850,0,0,21,14
2,8,597106.0,-1.102574605584754,-0.8693272921435614,TIME_LIMIT,147867,0,0,9,10
2,8,597153.0,-1.1025554931486534,-0.8693272921435614,TIME_LIMIT,147893,0,0,11,6
2,8,597357.0,-1.1025554931486534,-0.8693272921435614,TIME_LIMIT,147923,0,0,25,17
2,8,597449.0,-1.1025523388614034,-0.8693272921435614,TIME_LIMIT,147957,0,0,13,6
2,8,597500.0,-1.1025523388614034,-0.8693272921435614,TIME_LIMIT,147979,0,0,17,9
2,8,597533.0,-1.1025500526302605,-0.8693272921435614,TIME_LIMIT,148006,0,0,12,6
2,8,597578.0,-1.1025500526302605,-0.8693272921435614,TIME_LIMIT,148027,0,0,12,9
2,8,597622.0,-1.1025444675871183,-0.8693272921435614,TIME_LIMIT,148049,0,0,3,3
2,8,597676.0,-1.1025444675871183,-0.8693272921435614,TIME_LIMIT,148068,0,0,14,11
2,8,597693.0,-1.102541890232564,-0.8693272921435614,TIME_LIMIT,148088,0,0,9,3
2,8,597775.0,-1.102541890232564,-0.8693272921435614,TIME_LIMIT,148105,0,0,12,11
2,8,597837.0,-1.1025244204901474,-0.8693272921435614,TIME_LIMIT,148132,0,0,10,7
2,8,597919.0,-1.1025244204901474,-0.8693272921435614,TIME_LIMIT,148157,0,0,14,12
2,8,598127.0,-1.1025068628686538,-0.8693272921435614,TIME_LIMIT,148186,0,0,13,10
2,8,598238.0,-1.1025068628686538,-0.8693272921435614,TIME_LIMIT,148207,0,0,17,10
2,8,598302.0,-1.1025008348316643,-0.8693272921435614,TIME_LIMIT,148233,0,0,4,4
2,8,598423.0,-1.1025008348316643,-0.8693272921435614,TIME_LIMIT,148254,0,0,18,31
2,8,598631.0,-1.1024820508887019,-0.8693272921435614,TIME_LIMIT,148288,0,0,11,7
2,8,598670.0,-1.1024820508887019,-0.8693272921435614,TIME_LIMIT,148305,0,0,9,5
2,8,598689.0,-1.1024726699156013,-0.8693272921435614,TIME_LIMIT,148317,0,0,6,2
2,8,598838.0,-1.1024726699156013,-0.8693272921435614,TIME_LIMIT,148338,0,0,21,17
2,8,599040.0,-1.1024469671563706,-0.8693272921435614,TIME_LIMIT,148373,0,0,12,6
2,8,599109.0,-1.1024469671563706,-0.8693272921435614,TIME_LIMIT,148393,0,0,15,11
2,8,599163.0,-1.10244236402989,-0.8693272921435614,TIME_LIMIT,148420,0,0,13,6
2,8,599334.0,-1.10244236402989,-0.8693272921435614,TIME_LIMIT,148441,0,0,24,24
2,8,599537.0,-1.1024369224010866,-0.8693272921435614,TIME_LIMIT,148478,0,0,13,6
2,8,599644.0,-1.1024369224010866,-0.8693272921435614,TIME_LIMIT,148493,0,0,11,11
2,8,599717.0,-1.1024124322363904,-0.8693272921435614,TIME_LIMIT,148517,0,0,9,4
2,8,599852.0,-1.1024124322363904,-0.8693272921435614,TIME_LIMIT,148541,0,0,11,18
2,8,599998.0,-1.1024119129481411,-0.8693272921435614,TIME_LIMIT,148576,0,0,15,9
2,8,600064.0,-1.1024119129481411,-0.8693272921435614,TIME_LIMIT,148594,0,0,11,13
2,8,600218.0,-1.1023857778151358,-0.8693272921435614,TIME_LIMIT,148619,0,0,6,5
2,8,600307.0,-1.1023857778151358,-0.8693272921435614,TIME_LIMIT,148643,0,0,21,23
2,8,600514.0,-1.102382090582266,-0.8693272921435614,TIME_LIMIT,148678,0,0,16,11
2,8,600612.0,-1.102382090582266,-0.8693272921435614,TIME_LIMIT,148695,0,0,18,9
2,8,600701.0,-1.1023765912122934,-0.8693272921435614,TIME_LIMIT,148724,0,0,4,3
2,8,600794.0,-1.1023765912122934,-0.8693272921435614,TIME_LIMIT,148748,0,0,18,8
2,8,600899.0,-1.1023629295468802,-0.8693272921435614,TIME_LIMIT,148780,0,0,15,2
2,8,601116.0,-1.1023629295468802,-0.8693272921435614,TIME_LIMIT,148807,0,0,20,21
2,8,601325.0,-1.1023514705280872,-0.8693272921435614,TIME_LIMIT,148839,0,0,15,13
2,8,601382.0,-1.1023514705280872,-0.8693272921435614,TIME_LIMIT,148858,0,0,13,6
2,8,601435.0,-1.1023212599168521,-0.8693272921435614,TIME_LIMIT,148875,0,0,10,5
2,8,601575.0,-1.1023212599168521,-0.8693272921435614,TIME_LIMIT,148897,0,0,12,21
2,8,601718.0,-1.1023091919722878,-0.8693272921435614,TIME_LIMIT,148925,0,0,14,7
2,8,601771.0,-1.1023091919722878,-0.8693272921435614,TIME_LIMIT,148947,0,0,20,9
2,8,601899.0,-1.102271796434628,-0.8693272921435614,TIME_LIMIT,148979,0,0,16,7
2,8,601969.0,-1.102271796434628,-0.8693272921435614,TIME_LIMIT,149004,0,0,15,25
2,8,602055.0,-1.1022666999440804,-0.8693272921435614,TIME_LIMIT,149028,0,0,8,6
2,8,602104.0,-1.1022666999440804,-0.8693272921435614,TIME_LIMIT,149053,0,0,21,20
2,8,602313.0,-1.1022594475598082,-0.8693272921435614,TIME_LIMIT,149081,0,0,7,4
2,8,602473.0,-1.1022594475598082,-0.8693272921435614,TIME_LIMIT,149099,0,0,19,22
2,8,602680.0,-1.1022235642244644,-0.8693272921435614,TIME_LIMIT,149139,0,0,18,10
2,8,602708.0,-1.1022235642244644,-0.8693272921435614,TIME_LIMIT,149158,0,0,17,7
2,8,602837.0,-1.1022137179168263,-0.8693272921435614,TIME_LIMIT,149187,0,0,14,6
2,8,602913.0,-1.1022137179168263,-0.8693272921435614,TIME_LIMIT,149209,0,0,21,19
2,8,603024.0,-1.1021994262477086,-0.8693272921435614,TIME_LIMIT,149242,0,0,16,7
2,8,603106.0,-1.1021994262477086,-0.8693272921435614,TIME_LIMIT,149266,0,0,22,7
2,8,603314.0,-1.1021799917476227,-0.8693272921435614,TIME_LIMIT,149297,0,0,17,6
2,8,603365.0,-1.1021799917476227,-0.8693272921435614,TIME_LIMIT,149318,0,0,21,9
2,8,603423.0,-1.1021343626598838,-0.8693272921435614,TIME_LIMIT,149343,0,0,11,5
2,8,603514.0,-1.1021343626598838,-0.8693272921435614,TIME_LIMIT,149371,0,0,18,27
2,8,603628.0,-1.102110219851502,-0.8693272921435614,TIME_LIMIT,149404,0,0,14,12
2,8,603778.0,-1.102110219851502,-0.8693272921435614,TIME_LIMIT,149429,0,0,22,16
2,8,603847.0,-1.1021077208145638,-0.8693272921435614,TIME_LIMIT,149461,0,0,10,5
2,8,603952.0,-1.1021077208145638,-0.8693272921435614,TIME_LIMIT,149482,0,0,22,10
2,8,604106.0,-1.1020995124888886,-0.8693272921435614,TIME_LIMIT,149520,0,0,21,7
2,8,604162.0,-1.1020995124888886,-0.8693272921435614,TIME_LIMIT,149539,0,0,16,9
2,8,604271.0,-1.1020942061732901,-0.8693272921435614,TIME_LIMIT,149572,0,0,16,7
2,8,604486.0,-1.1020942061732901,-0.8693272921435614,TIME_LIMIT,149595,0,0,19,6
2,8,604625.0,-1.1020526485237827,-0.8693272921435614,TIME_LIMIT,149618,0,0,17,4
2,8,604746.0,-1.1020526485237827,-0.8693272921435614,TIME_LIMIT,149637,0,0,18,13
2,8,604795.0,-1.1020520892036092,-0.8693272921435614,TIME_LIMIT,149661,0,0,11,3
2,8,604992.0,-1.1020520892036092,-0.8693272921435614,TIME_LIMIT,149687,0,0,22,11
2,8,605199.0,-1.1020358496013296,-0.8693272921435614,TIME_LIMIT,149717,0,0,16,8
2,8,605300.0,-1.1020358496013296,-0.8693272921435614,TIME_LIMIT,149735,0,0,15,7
2,8,605443.0,-1.1020220536252316,-0.8693272921435614,TIME_LIMIT,149762,0,0,12,6
2,8,605498.0,-1.1020220536252316,-0.8693272921435614,TIME_LIMIT,149780,0,0,23,22
2,8,605553.0,-1.1020176569151738,-0.8693272921435614,TIME_LIMIT,149808,0,0,12,6
2,8,605631.0,-1.1020176569151738,-0.8693272921435614,TIME_LIMIT,149825,0,0,15,6
2,8,605678.0,-1.1019922856227997,-0.8693272921435614,TIME_LIMIT,149853,0,0,13,6
2,8,605741.0,-1.1019922856227997,-0.8693272921435614,TIME_LIMIT,149872,0,0,12,13
2,8,605827.0,-1.1019842461063452,-0.8693272921435614,TIME_LIMIT,149900,0,0,11,7
2,8,606036.0,-1.1019842461063452,-0.8693272921435614,TIME_LIMIT,149929,0,0,19,23
2,8,606244.0,-1.1019713504047934,-0.8693272921435614,TIME_LIMIT,149955,0,0,17,19
2,8,606458.0,-1.1019713504047934,-0.8693272921435614,TIME_LIMIT,149976,0,0,16,18
2,8,606535.0,-1.1019651477666292,-0.8693272921435614,TIME_LIMIT,150003,0,0,9,9
2,8,606703.0,-1.1019651477666292,-0.8693272921435614,TIME_LIMIT,150024,0,0,18,29
2,8,606911.0,-1.101912268052945,-0.8693272921435614,TIME_LIMIT,150058,0,0,16,9
2,8,607092.0,-1.101912268052945,-0.8693272921435614,TIME_LIMIT,150084,0,0,8,18
2,8,607160.0,-1.1018638079768746,-0.8693272921435614,TIME_LIMIT,150114,0,0,10,5
2,8,607214.0,-1.1018638079768746,-0.8693272921435614,TIME_LIMIT,150136,0,0,14,16
2,8,607328.0,-1.101862507037254,-0.8693272921435614,TIME_LIMIT,150167,0,0,14,10
2,8,607449.0,-1.101862507037254,-0.8693272921435614,TIME_LIMIT,150192,0,0,11,7
2,8,607657.0,-1.1018364077072222,-0.8693272921435614,TIME_LIMIT,150225,0,0,19,5
2,8,607721.0,-1.1018364077072222,-0.8693272921435614,TIME_LIMIT,150244,0,0,20,15
2,8,607797.0,-1.101830877572517,-0.8693272921435614,TIME_LIMIT,150272,0,0,9,6
2,8,608000.0,-1.101830877572517,-0.8693272921435614,TIME_LIMIT,150296,0,0,20,31
2,8,608192.0,-1.1018252780334392,-0.8693272921435614,TIME_LIMIT,150336,0,0,12,11
2,8,608276.0,-1.1018252780334392,-0.8693272921435614,TIME_LIMIT,150355,0,0,21,13
2,8,608330.0,-1.1018009188577191,-0.8693272921435614,TIME_LIMIT,150379,0,0,11,2
2,8,608384.0,-1.1018009188577191,-0.8693272921435614,TIME_LIMIT,150400,0,0,15,16
2,8,608568.0,-1.101780073292538,-0.8693272921435614,TIME_LIMIT,150430,0,0,15,17
2,8,608630.0,-1.101780073292538,-0.8693272921435614,TIME_LIMIT,150451,0,0,14,9
2,8,608682.0,-1.1017642444381175,-0.8693272921435614,TIME_LIMIT,150476,0,0,4,4
2,8,608808.0,-1.1017642444381175,-0.8693272921435614,TIME_LIMIT,150502,0,0,19,35
2,8,608923.0,-1.1017556316014203,-0.8693272921435614,TIME_LIMIT,150537,0,0,11,9
2,8,608997.0,-1.1017556316014203,-0.8693272921435614,TIME_LIMIT,150556,0,0,19,4
2,8,609109.0,-1.101748943048292,-0.8693272921435614,TIME_LIMIT,150586,0,0,15,8
2,8,609311.0,-1.101748943048292,-0.8693272921435614,TIME_LIMIT,150615,0,0,20,20
2,8,609429.0,-1.1017459089828168,-0.8693272921435614,TIME_LIMIT,150651,0,0,14,6
2,8,609519.0,-1.1017459089828168,-0.8693272921435614,TIME_LIMIT,150675,0,0,14,5
2,8,609570.0,-1.1017442313497177,-0.8693272921435614,TIME_LIMIT,150697,0,0,6,8
2,8,609627.0,-1.1017442313497177,-0.8693272921435614,TIME_LIMIT,150714,0,0,7,13
2,8,609684.0,-1.1017230357917474,-0.8693272921435614,TIME_LIMIT,150738,0,0,7,4
2,8,609752.0,-1.1017230357917474,-0.8693272921435614,TIME_LIMIT,150762,0,0,10,10
2,8,609955.0,-1.101714495712823,-0.8693272921435614,TIME_LIMIT,150794,0,0,12,10
2,8,610090.0,-1.101714495712823,-0.8693272921435614,TIME_LIMIT,150811,0,0,18,6
2,8,610160.0,-1.101711722455208,-0.8693272921435614,TIME_LIMIT,150836,0,0,8,3
2,8,610278.0,-1.101711722455208,-0.8693272921435614,TIME_LIMIT,150852,0,0,11,8
2,8,610326.0,-1.1017058600385736,-0.8693272921435614,TIME_LIMIT,150875,0,0,7,4
2,8,610358.0,-1.1017058600385736,-0.8693272921435614,TIME_LIMIT,150890,0,0,7,11
2,8,610382.0,-1.1016791754527586,-0.8693272921435614,TIME_LIMIT,150910,0,0,4,3
2,8,610429.0,-1.1016791754527586,-0.8693272921435614,TIME_LIMIT,150930,0,0,14,13
2,8,610516.0,-1.1016653487084895,-0.8693272921435614,TIME_LIMIT,150955,0,0,12,6
2,8,610571.0,-1.1016653487084895,-0.8693272921435614,TIME_LIMIT,150974,0,0,10,4
2,8,610643.0,-1.1016516251162969,-0.8693272921435614,TIME_LIMIT,151000,0,0,12,5
2,8,610710.0,-1.1016516251162969,-0.8693272921435614,TIME_LIMIT,151022,0,0,20,12
2,8,610839.0,-1.1016395709243791,-0.8693272921435614,TIME_LIMIT,151052,0,0,12,3
2,8,610975.0,-1.1016395709243791,-0.8693272921435614,TIME_LIMIT,151073,0,0,19,17
2,8,611060.0,-1.1016312272568165,-0.8693272921435614,TIME_LIMIT,151102,0,0,17,3
2,8,611210.0,-1.1016312272568165,-0.8693272921435614,TIME_LIMIT,151125,0,0,24,12
2,8,611415.0,-1.101628834745013,-0.8693272921435614,TIME_LIMIT,151158,0,0,14,5
2,8,611508.0,-1.101628834745013,-0.8693272921435614,TIME_LIMIT,151176,0,0,18,11
2,8,611625.0,-1.1016190887945974,-0.8693272921435614,TIME_LIMIT,151206,0,0,13,5
2,8,611674.0,-1.1016190887945974,-0.8693272921435614,TIME_LIMIT,151219,0,0,14,11
2,8,611781.0,-1.101596743278431,-0.8693272921435614,TIME_LIMIT,151248,0,0,9,8
2,8,611918.0,-1.101596743278431,-0.8693272921435614,TIME_LIMIT,151276,0,0,18,9
2,8,612067.0,-1.1015841079722084,-0.8693272921435614,TIME_LIMIT,151307,0,0,16,26
2,8,612094.0,-1.1015841079722084,-0.8693272921435614,TIME_LIMIT,151321,0,0,10,4
2,8,612124.0,-1.101581437590609,-0.8693272921435614,TIME_LIMIT,151341,0,0,5,5
2,8,612319.0,-1.101581437590609,-0.8693272921435614,TIME_LIMIT,151366,0,0,18,17
2,8,612438.0,-1.1015527246167673,-0.8693272921435614,TIME_LIMIT,151401,0,0,16,6
2,8,612493.0,-1.1015527246167673,-0.8693272921435614,TIME_LIMIT,151418,0,0,13,15
2,8,612680.0,-1.1015440890046104,-0.8693272921435614,TIME_LIMIT,151454,0,0,11,6
2,8,612806.0,-1.1015440890046104,-0.8693272921435614,TIME_LIMIT,151476,0,0,14,12
2,8,612861.0,-1.1015414545555555,-0.8693272921435614,TIME_LIMIT,151500,0,0,11,4
2,8,613062.0,-1.1015414545555555,-0.8693272921435614,TIME_LIMIT,151523,0,0,21,31
2,8,613267.0,-1.1015398947935355,-0.8693272921435614,TIME_LIMIT,151556,0,0,10,10
2,8,613312.0,-1.1015398947935355,-0.8693272921435614,TIME_LIMIT,151577,0,0,5,3
2,8,613342.0,-1.1015365828848713,-0.8693272921435614,TIME_LIMIT,151593,0,0,9,5
2,8,613439.0,-1.1015365828848713,-0.8693272921435614,TIME_LIMIT,151615,0,0,18,9
2,8,613554.0,-1.1015232684000251,-0.8693272921435614,TIME_LIMIT,151650,0,0,17,10
2,8,613760.0,-1.1015232684000251,-0.8693272921435614,TIME_LIMIT,151675,0,0,23,22
2,8,613965.0,-1.1014942847268396,-0.8693272921435614,TIME_LIMIT,151712,0,0,12,13
2,8,614110.0,-1.1014942847268396,-0.8693272921435614,TIME_LIMIT,151741,0,0,18,10
2,8,614225.0,-1.101470341922644,-0.8693272921435614,TIME_LIMIT,151759,0,0,19,3
2,8,614347.0,-1.101470341922644,-0.8693272921435614,TIME_LIMIT,151783,0,0,12,3
2,8,614401.0,-1.101456875009579,-0.8693272921435614,TIME_LIMIT,151807,0,0,4,4
2,8,614444.0,-1.101456875009579,-0.8693272921435614,TIME_LIMIT,151831,0,0,17,3
2,8,614476.0,-1.1014536865768858,-0.8693272921435614,TIME_LIMIT,151849,0,0,13,6
2,8,614595.0,-1.1014536865768858,-0.8693272921435614,TIME_LIMIT,151868,0,0,13,10
2,8,614722.0,-1.1014425945978539,-0.8693272921435614,TIME_LIMIT,151901,0,0,14,9
2,8,614927.0,-1.1014425945978539,-0.8693272921435614,TIME_LIMIT,151926,0,0,15,22
2,8,615079.0,-1.1014391559301266,-0.8693272921435614,TIME_LIMIT,151963,0,0,6,7
2,8,615194.0,-1.1014391559301266,-0.8693272921435614,TIME_LIMIT,151985,0,0,25,16
2,8,615258.0,-1.1014271016346482,-0.8693272921435614,TIME_LIMIT,152015,0,0,14,6
2,8,615374.0,-1.1014271016346482,-0.8693272921435614,TIME_LIMIT,152034,0,0,22,25
2,8,615558.0,-1.1014121004858164,-0.8693272921435614,TIME_LIMIT,152072,0,0,14,15
2,8,615696.0,-1.1014121004858164,-0.8693272921435614,TIME_LIMIT,152098,0,0,25,21
2,8,615902.0,-1.1013853933505553,-0.8693272921435614,TIME_LIMIT,152134,0,0,20,8
2,8,615973.0,-1.1013853933505553,-0.8693272921435614,TIME_LIMIT,152156,0,0,13,7
2,8,616037.0,-1.1013629885387255,-0.8693272921435614,TIME_LIMIT,152172,0,0,9,1
2,8,616222.0,-1.1013629885387255,-0.8693272921435614,TIME_LIMIT,152195,0,0,15,11
2,8,616361.0,-1.1013583878187707,-0.8693272921435614,TIME_LIMIT,152219,0,0,17,13
2,8,616480.0,-1.1013583878187707,-0.8693272921435614,TIME_LIMIT,152246,0,0,22,5
2,8,616528.0,-1.1013341437049586,-0.8693272921435614,TIME_LIMIT,152266,0,0,16,4
2,8,616722.0,-1.1013341437049586,-0.8693272921435614,TIME_LIMIT,152292,0,0,22,17
2,8,616927.0,-1.101302352893769,-0.8693272921435614,TIME_LIMIT,152322,0,0,21,9
2,8,617068.0,-1.101302352893769,-0.8693272921435614,TIME_LIMIT,152344,0,0,17,19
2,8,617239.0,-1.1012952100931452,-0.8693272921435614,TIME_LIMIT,152384,0,0,13,10
2,8,617440.0,-1.1012952100931452,-0.8693272921435614,TIME_LIMIT,152408,0,0,20,29
2,8,617639.0,-1.1012823480011682,-0.8693272921435614,TIME_LIMIT,152443,0,0,13,10
2,8,617765.0,-1.1012823480011682,-0.8693272921435614,TIME_LIMIT,152470,0,0,3,12
2,8,617856.0,-1.1012292820265452,-0.8693272921435614,TIME_LIMIT,152493,0,0,6,5
2,8,617973.0,-1.1012292820265452,-0.8693272921435614,TIME_LIMIT,152514,0,0,22,7
2,8,618092.0,-1.1012277443364125,-0.8693272921435614,TIME_LIMIT,152544,0,0,14,5
2,8,618171.0,-1.1012277443364125,-0.8693272921435614,TIME_LIMIT,152565,0,0,11,10
2,8,618242.0,-1.101213352267643,-0.8693272921435614,TIME_LIMIT,152592,0,0,2,7
2,8,618442.0,-1.101213352267643,-0.8693272921435614,TIME_LIMIT,152613,0,0,15,9
2,8,618563.0,-1.101196544678915,-0.8693272921435614,TIME_LIMIT,152632,0,0,10,8
2,8,618720.0,-1.101196544678915,-0.8693272921435614,TIME_LIMIT,152659,0,0,20,14
2,8,618809.0,-1.1011845009922807,-0.8693272921435614,TIME_LIMIT,152693,0,0,13,7
2,8,618965.0,-1.1011845009922807,-0.8693272921435614,TIME_LIMIT,152719,0,0,20,8
2,8,619169.0,-1.1011607284027867,-0.8693272921435614,TIME_LIMIT,152750,0,0,15,8
2,8,619348.0,-1.1011607284027867,-0.8693272921435614,TIME_LIMIT,152769,0,0,17,25
2,8,619552.0,-1.1011430358432759,-0.8693272921435614,TIME_LIMIT,152799,0,0,15,10
2,8,619706.0,-1.1011430358432759,-0.8693272921435614,TIME_LIMIT,152821,0,0,11,8
2,8,619919.0,-1.1011055736453308,-0.8693272921435614,TIME_LIMIT,152860,0,0,19,10
2,8,619988.0,-1.1011055736453308,-0.8693272921435614,TIME_LIMIT,152877,0,0,14,10
2,8,620071.0,-1.1010997619140825,-0.8693272921435614,TIME_LIMIT,152906,0,0,11,2
2,8,620210.0,-1.1010997619140825,-0.8693272921435614,TIME_LIMIT,152932,0,0,20,26
2,8,620422.0,-1.1010687857309887,-0.8693272921435614,TIME_LIMIT,152965,0,0,15,10
2,8,620474.0,-1.1010687857309887,-0.8693272921435614,TIME_LIMIT,152984,0,0,17,18
2,8,620691.0,-1.1010650831229705,-0.8693272921435614,TIME_LIMIT,153017,0,0,10,13
2,8,620775.0,-1.1010650831229705,-0.8693272921435614,TIME_LIMIT,153036,0,0,19,14
2,8,620948.0,-1.1010564953546012,-0.8693272921435614,TIME_LIMIT,153070,0,0,17,5
2,8,621169.0,-1.1010564953546012,-0.8693272921435614,TIME_LIMIT,153091,0,0,20,21
2,8,621389.0,-1.1010476703212002,-0.8693272921435614,TIME_LIMIT,153127,0,0,16,12
2,8,621533.0,-1.1010476703212002,-0.8693272921435614,TIME_LIMIT,153148,0,0,16,11
2,8,621610.0,-1.1010414312658312,-0.8693272921435614,TIME_LIMIT,153178,0,0,9,4
2,8,621741.0,-1.1010414312658312,-0.8693272921435614,TIME_LIMIT,153204,0,0,16,23
2,8,621867.0,-1.1010259802842386,-0.8693272921435614,TIME_LIMIT,153236,0,0,14,14
2,8,621918.0,-1.1010259802842386,-0.8693272921435614,TIME_LIMIT,153251,0,0,14,8
2,8,621938.0,-1.1010136634655259,-0.8693272921435614,TIME_LIMIT,153267,0,0,6,2
2,8,622101.0,-1.1010136634655259,-0.8693272921435614,TIME_LIMIT,153297,0,0,9,11
2,8,622276.0,-1.101003118128543,-0.8693272921435614,TIME_LIMIT,153335,0,0,17,11
2,8,622391.0,-1.101003118128543,-0.8693272921435614,TIME_LIMIT,153354,0,0,19,25
2,8,622540.0,-1.1009981224490148,-0.8693272921435614,TIME_LIMIT,153389,0,0,13,7
2,8,622617.0,-1.1009981224490148,-0.8693272921435614,TIME_LIMIT,153408,0,0,8,7
2,8,622769.0,-1.1009971987224079,-0.8693272921435614,TIME_LIMIT,153435,0,0,12,7
2,8,622956.0,-1.1009971987224079,-0.8693272921435614,TIME_LIMIT,153464,0,0,23,17
2,8,623073.0,-1.100981662460994,-0.8693272921435614,TIME_LIMIT,153496,0,0,11,10
2,8,623151.0,-1.100981662460994,-0.8693272921435614,TIME_LIMIT,153515,0,0,16,4
2,8,623207.0,-1.1009763865267999,-0.8693272921435614,TIME_LIMIT,153538,0,0,7,6
2,8,623354.0,-1.1009763865267999,-0.8693272921435614,TIME_LIMIT,153557,0,0,11,6
2,8,623560.0,-1.1009583807830436,-0.8693272921435614,TIME_LIMIT,153588,0,0,13,6
2,8,623708.0,-1.1009583807830436,-0.8693272921435614,TIME_LIMIT,153615,0,0,16,19
2,8,623895.0,-1.1009578024419073,-0.8693272921435614,TIME_LIMIT,153639,0,0,10,6
2,8,623931.0,-1.1009578024419073,-0.8693272921435614,TIME_LIMIT,153659,0,0,14,18
2,8,624054.0,-1.1009538911456842,-0.8693272921435614,TIME_LIMIT,153690,0,0,12,8
2,8,624170.0,-1.1009538911456842,-0.8693272921435614,TIME_LIMIT,153716,0,0,20,15
2,8,624386.0,-1.1009485717665846,-0.8693272921435614,TIME_LIMIT,153749,0,0,15,6
2,8,624599.0,-1.1009485717665846,-0.8693272921435614,TIME_LIMIT,153768,0,0,16,14
2,8,624756.0,-1.100922150773786,-0.8693272921435614,TIME_LIMIT,153801,0,0,15,4
2,8,624872.0,-1.100922150773786,-0.8693272921435614,TIME_LIMIT,153820,0,0,13,16
2,8,625048.0,-1.1009108080613803,-0.8693272921435614,TIME_LIMIT,153849,0,0,15,7
2,8,625106.0,-1.1009108080613803,-0.8693272921435614,TIME_LIMIT,153869,0,0,12,9
2,8,625127.0,-1.1008842387585605,-0.8693272921435614,TIME_LIMIT,153884,0,0,3,5
2,8,625334.0,-1.1008842387585605,-0.8693272921435614,TIME_LIMIT,153906,0,0,25,29
2,8,625547.0,-1.1008661994603248,-0.8693272921435614,TIME_LIMIT,153952,0,0,16,8
2,8,625565.0,-1.1008661994603248,-0.8693272921435614,TIME_LIMIT,153962,0,0,4,5
2,8,625579.0,-1.1008488621502095,-0.8693272921435614,TIME_LIMIT,153977,0,0,3,2
2,8,625776.0,-1.1008488621502095,-0.8693272921435614,TIME_LIMIT,154008,0,0,29,10
2,8,625832.0,-1.1008251012194439,-0.8693272921435614,TIME_LIMIT,154029,0,0,20,3
2,8,625947.0,-1.1008251012194439,-0.8693272921435614,TIME_LIMIT,154050,0,0,21,12
2,8,626107.0,-1.1008174712468715,-0.8693272921435614,TIME_LIMIT,154083,0,0,16,10
2,8,626260.0,-1.1008174712468715,-0.8693272921435614,TIME_LIMIT,154101,0,0,16,10
2,8,626382.0,-1.1008084308074881,-0.8693272921435614,TIME_LIMIT,154131,0,0,15,9
2,8,626457.0,-1.1008084308074881,-0.8693272921435614,TIME_LIMIT,154150,0,0,12,19
2,8,626631.0,-1.1007920122520163,-0.8693272921435614,TIME_LIMIT,154183,0,0,13,11
2,8,626836.0,-1.1007920122520163,-0.8693272921435614,TIME_LIMIT,154207,0,0,18,17
2,8,627023.0,-1.100790125293107,-0.8693272921435614,TIME_LIMIT,154249,0,0,21,9
2,8,627162.0,-1.100790125293107,-0.8693272921435614,TIME_LIMIT,154280,0,0,23,5
2,8,627237.0,-1.1007874683654855,-0.8693272921435614,TIME_LIMIT,154304,0,0,13,12
2,8,627365.0,-1.1007874683654855,-0.8693272921435614,TIME_LIMIT,154325,0,0,15,7
2,8,627455.0,-1.1007860800148483,-0.8693272921435614,TIME_LIMIT,154347,0,0,6,1
2,8,627662.0,-1.1007860800148483,-0.8693272921435614,TIME_LIMIT,154373,0,0,12,14
2,8,627848.0,-1.1007804299317563,-0.8693272921435614,TIME_LIMIT,154413,0,0,13,11
2,8,628059.0,-1.1007804299317563,-0.8693272921435614,TIME_LIMIT,154437,0,0,14,17
2,8,628216.0,-1.1007671377024195,-0.8693272921435614,TIME_LIMIT,154467,0,0,16,7
2,8,628294.0,-1.1007671377024195,-0.8693272921435614,TIME_LIMIT,154494,0,0,22,17
2,8,628492.0,-1.1007505508454951,-0.8693272921435614,TIME_LIMIT,154528,0,0,16,9
2,8,628586.0,-1.1007505508454951,-0.8693272921435614,TIME_LIMIT,154558,0,0,26,25
2,8,628752.0,-1.1007484223959623,-0.8693272921435614,TIME_LIMIT,154598,0,0,7,11
2,8,628962.0,-1.1007484223959623,-0.8693272921435614,TIME_LIMIT,154630,0,0,19,21
2,8,629180.0,-1.1007440643876203,-0.8693272921435614,TIME_LIMIT,154657,0,0,21,12
2,8,629251.0,-1.1007440643876203,-0.8693272921435614,TIME_LIMIT,154676,0,0,11,4
2,8,629274.0,-1.1007397093264222,-0.8693272921435614,TIME_LIMIT,154688,0,0,8,7
2,8,629442.0,-1.1007397093264222,-0.8693272921435614,TIME_LIMIT,154706,0,0,18,17
2,8,629655.0,-1.1007345854070012,-0.8693272921435614,TIME_LIMIT,154740,0,0,10,7
2,8,629710.0,-1.1007345854070012,-0.8693272921435614,TIME_LIMIT,154759,0,0,16,7
2,8,629772.0,-1.100727230438358,-0.8693272921435614,TIME_LIMIT,154784,0,0,10,4
2,8,629806.0,-1.100727230438358,-0.8693272921435614,TIME_LIMIT,154800,0,0,6,7
2,8,629843.0,-1.1007056571028246,-0.8693272921435614,TIME_LIMIT,154816,0,0,3,7
2,8,629937.0,-1.1007056571028246,-0.8693272921435614,TIME_LIMIT,154835,0,0,20,21
2,8,630151.0,-1.1006772771292739,-0.8693272921435614,TIME_LIMIT,154873,0,0,20,8
2,8,630205.0,-1.1006772771292739,-0.8693272921435614,TIME_LIMIT,154888,0,0,10,5
2,8,630310.0,-1.1006753608119664,-0.8693272921435614,TIME_LIMIT,154916,0,0,13,6
2,8,630396.0,-1.1006753608119664,-0.8693272921435614,TIME_LIMIT,154934,0,0,14,17
2,8,630603.0,-1.1006742185722436,-0.8693272921435614,TIME_LIMIT,154973,0,0,16,8
2,8,630723.0,-1.1006742185722436,-0.8693272921435614,TIME_LIMIT,154991,0,0,16,18
2,8,630888.0,-1.1006476975883215,-0.8693272921435614,TIME_LIMIT,155026,0,0,10,13
2,8,630942.0,-1.1006476975883215,-0.8693272921435614,TIME_LIMIT,155044,0,0,18,17
2,8,630988.0,-1.10063670417769,-0.8693272921435614,TIME_LIMIT,155072,0,0,11,7
2,8,631140.0,-1.10063670417769,-0.8693272921435614,TIME_LIMIT,155104,0,0,23,14
2,8,631283.0,-1.1006319768976374,-0.8693272921435614,TIME_LIMIT,155137,0,0,12,12
2,8,631314.0,-1.1006319768976374,-0.8693272921435614,TIME_LIMIT,155156,0,0,9,12
2,8,631414.0,-1.1006004815069836,-0.8693272921435614,TIME_LIMIT,155183,0,0,10,7
2,8,631505.0,-1.1006004815069836,-0.8693272921435614,TIME_LIMIT,155200,0,0,14,17
2,8,631587.0,-1.1005951624255432,-0.8693272921435614,TIME_LIMIT,155229,0,0,14,9
2,8,631707.0,-1.1005951624255432,-0.8693272921435614,TIME_LIMIT,155252,0,0,12,4
2,8,631844.0,-1.1005905883575053,-0.8693272921435614,TIME_LIMIT,155279,0,0,17,9
2,8,631996.0,-1.1005905883575053,-0.8693272921435614,TIME_LIMIT,155301,0,0,20,23
2,8,632095.0,-1.1005794808075695,-0.8693272921435614,TIME_LIMIT,155332,0,0,14,4
2,8,632152.0,-1.1005794808075695,-0.8693272921435614,TIME_LIMIT,155352,0,0,12,8
2,8,632212.0,-1.1005748275257905,-0.8693272921435614,TIME_LIMIT,155379,0,0,12,6
2,8,632336.0,-1.1005748275257905,-0.8693272921435614,TIME_LIMIT,155398,0,0,15,7
2,8,632388.0,-1.1005669653828907,-0.8693272921435614,TIME_LIMIT,155423,0,0,11,7
2,8,632483.0,-1.1005669653828907,-0.8693272921435614,TIME_LIMIT,155441,0,0,18,17
2,8,632709.0,-1.1005527402773316,-0.8693272921435614,TIME_LIMIT,155475,0,0,16,5
2,8,632854.0,-1.1005527402773316,-0.8693272921435614,TIME_LIMIT,155496,0,0,18,12
2,8,633073.0,-1.1005464113753696,-0.8693272921435614,TIME_LIMIT,155528,0,0,12,9
2,8,633150.0,-1.1005464113753696,-0.8693272921435614,TIME_LIMIT,155549,0,0,21,15
2,8,633294.0,-1.1005269335636463,-0.8693272921435614,TIME_LIMIT,155583,0,0,18,3
2,8,633470.0,-1.1005269335636463,-0.8693272921435614,TIME_LIMIT,155609,0,0,22,17
2,8,633687.0,-1.1005170261222248,-0.8693272921435614,TIME_LIMIT,155648,0,0,13,7
2,8,633761.0,-1.1005170261222248,-0.8693272921435614,TIME_LIMIT,155672,0,0,15,7
2,8,633810.0,-1.1004851460118585,-0.8693272921435614,TIME_LIMIT,155687,0,0,7,6
2,8,633925.0,-1.1004851460118585,-0.8693272921435614,TIME_LIMIT,155715,0,0,21,12
2,8,633987.0,-1.1004465493835993,-0.8693272921435614,TIME_LIMIT,155748,0,0,14,13
2,8,634197.0,-1.1004465493835993,-0.8693272921435614,TIME_LIMIT,155770,0,0,19,33
2,8,634365.0,-1.1004070353540263,-0.8693272921435614,TIME_LIMIT,155806,0,0,12,3
2,8,634393.0,-1.1004070353540263,-0.8693272921435614,TIME_LIMIT,155828,0,0,16,11
2,8,634529.0,-1.100386441652626,-0.8693272921435614,TIME_LIMIT,155858,0,0,10,8
2,8,634558.0,-1.100386441652626,-0.8693272921435614,TIME_LIMIT,155871,0,0,11,6
2,8,634606.0,-1.100371108822301,-0.8693272921435614,TIME_LIMIT,155891,0,0,7,7
2,8,634713.0,-1.100371108822301,-0.8693272921435614,TIME_LIMIT,155908,0,0,13,12
2,8,634810.0,-1.1003644150815615,-0.8693272921435614,TIME_LIMIT,155935,0,0,12,4
2,8,634862.0,-1.1003644150815615,-0.8693272921435614,TIME_LIMIT,155952,0,0,15,14
2,8,634952.0,-1.1003577642127063,-0.8693272921435614,TIME_LIMIT,155986,0,0,16,8
2,8,635000.0,-1.1003577642127063,-0.8693272921435614,TIME_LIMIT,156008,0,0,15,5
2,8,635149.0,-1.1003535310753887,-0.8693272921435614,TIME_LIMIT,156041,0,0,8,6
2,8,635291.0,-1.1003535310753887,-0.8693272921435614,TIME_LIMIT,156065,0,0,12,11
2,8,635370.0,-1.1003468703021384,-0.8693272921435614,TIME_LIMIT,156091,0,0,5,5
2,8,635551.0,-1.1003468703021384,-0.8693272921435614,TIME_LIMIT,156112,0,0,13,23
2,8,635640.0,-1.1003414796811448,-0.8693272921435614,TIME_LIMIT,156141,0,0,16,8
2,8,635856.0,-1.1003414796811448,-0.8693272921435614,TIME_LIMIT,156166,0,0,20,18
2,8,636051.0,-1.100325245219885,-0.8693272921435614,TIME_LIMIT,156202,0,0,12,9
2,8,636188.0,-1.100325245219885,-0.8693272921435614,TIME_LIMIT,156225,0,0,14,13
2,8,636220.0,-1.1002784640064855,-0.8693272921435614,TIME_LIMIT,156249,0,0,4,4
2,8,636324.0,-1.1002784640064855,-0.8693272921435614,TIME_LIMIT,156271,0,0,21,22
2,8,636417.0,-1.1002728583798833,-0.8693272921435614,TIME_LIMIT,156302,0,0,13,5
2,8,636526.0,-1.1002728583798833,-0.8693272921435614,TIME_LIMIT,156326,0,0,17,20
2,8,636600.0,-1.1002677868622082,-0.8693272921435614,TIME_LIMIT,156353,0,0,17,8
2,8,636721.0,-1.1002677868622082,-0.8693272921435614,TIME_LIMIT,156384,0,0,24,19
2,8,636940.0,-1.1002642756171461,-0.8693272921435614,TIME_LIMIT,156416,0,0,13,16
2,8,637159.0,-1.1002642756171461,-0.8693272921435614,TIME_LIMIT,156436,0,0,20,13
2,8,637338.0,-1.1002532786590193,-0.8693272921435614,TIME_LIMIT,156468,0,0,11,7
2,8,637410.0,-1.1002532786590193,-0.8693272921435614,TIME_LIMIT,156494,0,0,15,6
2,8,637479.0,-1.1001827307434098,-0.8693272921435614,TIME_LIMIT,156516,0,0,15,8
2,8,637612.0,-1.1001827307434098,-0.8693272921435614,TIME_LIMIT,156538,0,0,11,13
2,8,637817.0,-1.1001791000548509,-0.8693272921435614,TIME_LIMIT,156575,0,0,16,10
2,8,637886.0,-1.1001791000548509,-0.8693272921435614,TIME_LIMIT,156590,0,0,15,15
2,8,638081.0,-1.1001700846889622,-0.8693272921435614,TIME_LIMIT,156625,0,0,16,9
2,8,638214.0,-1.1001700846889622,-0.8693272921435614,TIME_LIMIT,156655,0,0,9,13
2,8,638322.0,-1.1001681717813527,-0.8693272921435614,TIME_LIMIT,156683,0,0,8,7
2,8,638349.0,-1.1001681717813527,-0.8693272921435614,TIME_LIMIT,156698,0,0,7,1
2,8,638401.0,-1.1001674217535893,-0.8693272921435614,TIME_LIMIT,156722,0,0,4,3
2,8,638599.0,-1.1001674217535893,-0.8693272921435614,TIME_LIMIT,156741,0,0,19,5
2,8,638734.0,-1.1001295207074977,-0.8693272921435614,TIME_LIMIT,156777,0,0,16,7
2,8,638844.0,-1.1001295207074977,-0.8693272921435614,TIME_LIMIT,156803,0,0,18,15
2,8,638966.0,-1.100118041341325,-0.8693272921435614,TIME_LIMIT,156833,0,0,8,10
2,8,639109.0,-1.100118041341325,-0.8693272921435614,TIME_LIMIT,156861,0,0,18,11
2,8,639233.0,-1.100097535590063,-0.8693272921435614,TIME_LIMIT,156891,0,0,14,6
2,8,639289.0,-1.100097535590063,-0.8693272921435614,TIME_LIMIT,156906,0,0,16,18
2,8,639422.0,-1.100097454249922,-0.8693272921435614,TIME_LIMIT,156938,0,0,16,3
2,8,639538.0,-1.100097454249922,-0.8693272921435614,TIME_LIMIT,156964,0,0,16,16
2,8,639655.0,-1.100078726126469,-0.8693272921435614,TIME_LIMIT,156990,0,0,21,8
2,8,639703.0,-1.100078726126469,-0.8693272921435614,TIME_LIMIT,157007,0,0,11,7
2,8,639810.0,-1.1000727103797263,-0.8693272921435614,TIME_LIMIT,157035,0,0,12,7
2,8,639971.0,-1.1000727103797263,-0.8693272921435614,TIME_LIMIT,157054,0,0,20,12
2,8,640048.0,-1.1000628112349067,-0.8693272921435614,TIME_LIMIT,157085,0,0,12,5
2,8,640245.0,-1.1000628112349067,-0.8693272921435614,TIME_LIMIT,157112,0,0,17,16
2,8,640463.0,-1.1000514282262182,-0.8693272921435614,TIME_LIMIT,157144,0,0,17,6
2,8,640500.0,-1.1000514282262182,-0.8693272921435614,TIME_LIMIT,157161,0,0,13,13
2,8,640608.0,-1.1000467546779973,-0.8693272921435614,TIME_LIMIT,157183,0,0,10,2
2,8,640663.0,-1.1000467546779973,-0.8693272921435614,TIME_LIMIT,157204,0,0,18,9
2,8,640746.0,-1.1000377727316875,-0.8693272921435614,TIME_LIMIT,157237,0,0,16,15
2,8,640965.0,-1.1000377727316875,-0.8693272921435614,TIME_LIMIT,157262,0,0,17,16
2,8,641094.0,-1.100027325978672,-0.8693272921435614,TIME_LIMIT,157296,0,0,12,13
2,8,641136.0,-1.100027325978672,-0.8693272921435614,TIME_LIMIT,157316,0,0,13,9
2,8,641199.0,-1.1000235145905926,-0.8693272921435614,TIME_LIMIT,157343,0,0,9,8
2,8,641301.0,-1.1000235145905926,-0.8693272921435614,TIME_LIMIT,157370,0,0,21,14
2,8,641492.0,-1.0999993198600149,-0.8693272921435614,TIME_LIMIT,157406,0,0,4,6
2,8,641621.0,-1.0999993198600149,-0.8693272921435614,TIME_LIMIT,157429,0,0,16,13
2,8,641840.0,-1.0999794701338168,-0.8693272921435614,TIME_LIMIT,157464,0,0,12,11
2,8,641953.0,-1.0999794701338168,-0.8693272921435614,TIME_LIMIT,157488,0,0,24,19
2,8,642042.0,-1.0999735196059544,-0.8693272921435614,TIME_LIMIT,157524,0,0,18,7
2,8,642093.0,-1.0999735196059544,-0.8693272921435614,TIME_LIMIT,157542,0,0,12,6
2,8,642144.0,-1.09996762725959,-0.8693272921435614,TIME_LIMIT,157573,0,0,17,6
2,8,642214.0,-1.09996762725959,-0.8693272921435614,TIME_LIMIT,157594,0,0,14,16
2,8,642255.0,-1.0999675566587064,-0.8693272921435614,TIME_LIMIT,157622,0,0,10,6
2,8,642401.0,-1.0999675566587064,-0.8693272921435614,TIME_LIMIT,157647,0,0,17,17
2,8,642599.0,-1.0999372758233146,-0.8693272921435614,TIME_LIMIT,157678,0,0,17,6
2,8,642655.0,-1.0999372758233146,-0.8693272921435614,TIME_LIMIT,157696,0,0,13,13
2,8,642759.0,-1.0999355460294935,-0.8693272921435614,TIME_LIMIT,157728,0,0,12,9
2,8,642972.0,-1.0999355460294935,-0.8693272921435614,TIME_LIMIT,157748,0,0,23,23
2,8,643103.0,-1.0999238694926066,-0.8693272921435614,TIME_LIMIT,157782,0,0,16,3
2,8,643316.0,-1.0999238694926066,-0.8693272921435614,TIME_LIMIT,157807,0,0,19,24
2,8,643405.0,-1.099921832549019,-0.8693272921435614,TIME_LIMIT,157839,0,0,15,14
2,8,643617.0,-1.099921832549019,-0.8693272921435614,TIME_LIMIT,157862,0,0,15,14
2,8,643733.0,-1.0998498655227547,-0.8693272921435614,TIME_LIMIT,157895,0,0,8,4
2,8,643928.0,-1.0998498655227547,-0.8693272921435614,TIME_LIMIT,157915,0,0,20,39
2,8,644127.0,-1.099844917136556,-0.8693272921435614,TIME_LIMIT,157956,0,0,22,9
2,8,644286.0,-1.099844917136556,-0.8693272921435614,TIME_LIMIT,157979,0,0,11,7
2,8,644323.0,-1.099841377934533,-0.8693272921435614,TIME_LIMIT,158001,0,0,8,3
2,8,644534.0,-1.099841377934533,-0.8693272921435614,TIME_LIMIT,158023,0,0,18,28
2,8,644751.0,-1.0998382561976707,-0.8693272921435614,TIME_LIMIT,158049,0,0,10,3
2,8,644863.0,-1.0998382561976707,-0.8693272921435614,TIME_LIMIT,158072,0,0,12,7
2,8,644917.0,-1.0998336701536648,-0.8693272921435614,TIME_LIMIT,158094,0,0,12,4
2,8,645014.0,-1.0998336701536648,-0.8693272921435614,TIME_LIMIT,158124,0,0,20,10
2,8,645093.0,-1.0998084737946399,-0.8693272921435614,TIME_LIMIT,158150,0,0,16,9
2,8,645165.0,-1.0998084737946399,-0.8693272921435614,TIME_LIMIT,158171,0,0,15,13
2,8,645213.0,-1.099794979324205,-0.8693272921435614,TIME_LIMIT,158195,0,0,10,5
2,8,645288.0,-1.099794979324205,-0.8693272921435614,TIME_LIMIT,158213,0,0,11,4
2,8,645325.0,-1.0997557092003039,-0.8693272921435614,TIME_LIMIT,158229,0,0,10,9
2,8,645400.0,-1.0997557092003039,-0.8693272921435614,TIME_LIMIT,158251,0,0,16,10
2,8,645447.0,-1.099753293673921,-0.8693272921435614,TIME_LIMIT,158280,0,0,15,3
2,8,645515.0,-1.099753293673921,-0.8693272921435614,TIME_LIMIT,158298,0,0,13,8
2,8,645622.0,-1.0997496765041366,-0.8693272921435614,TIME_LIMIT,158328,0,0,14,11
2,8,645729.0,-1.0997496765041366,-0.8693272921435614,TIME_LIMIT,158348,0,0,13,19
2,8,645875.0,-1.099746205386186,-0.8693272921435614,TIME_LIMIT,158382,0,0,19,5
2,8,645979.0,-1.099746205386186,-0.8693272921435614,TIME_LIMIT,158407,0,0,18,6
2,8,646075.0,-1.0997452980174667,-0.8693272921435614,TIME_LIMIT,158424,0,0,9,5
2,8,646277.0,-1.0997452980174667,-0.8693272921435614,TIME_LIMIT,158440,0,0,17,16
2,8,646486.0,-1.0997413604626698,-0.8693272921435614,TIME_LIMIT,158469,0,0,12,8
2,8,646631.0,-1.0997413604626698,-0.8693272921435614,TIME_LIMIT,158491,0,0,15,15
2,8,646714.0,-1.0997370037498089,-0.8693272921435614,TIME_LIMIT,158520,0,0,4,2
2,8,646768.0,-1.0997370037498089,-0.8693272921435614,TIME_LIMIT,158537,0,0,17,10
2,8,646879.0,-1.0997263084913484,-0.8693272921435614,TIME_LIMIT,158571,0,0,14,8
2,8,646963.0,-1.0997263084913484,-0.8693272921435614,TIME_LIMIT,158592,0,0,20,10
2,8,647007.0,-1.0996996154281389,-0.8693272921435614,TIME_LIMIT,158610,0,0,13,4
2,8,647212.0,-1.0996996154281389,-0.8693272921435614,TIME_LIMIT,158627,0,0,18,15
2,8,647419.0,-1.0996975342903168,-0.8693272921435614,TIME_LIMIT,158666,0,0,18,14
2,8,647499.0,-1.0996975342903168,-0.8693272921435614,TIME_LIMIT,158691,0,0,12,16
2,8,647625.0,-1.0996815616934421,-0.8693272921435614,TIME_LIMIT,158714,0,0,18,9
2,8,647742.0,-1.0996815616934421,-0.8693272921435614,TIME_LIMIT,158738,0,0,20,11
2,8,647778.0,-1.0996682352994893,-0.8693272921435614,TIME_LIMIT,158756,0,0,10,9
2,8,647858.0,-1.0996682352994893,-0.8693272921435614,TIME_LIMIT,158774,0,0,15,15
2,8,647936.0,-1.099639905835748,-0.8693272921435614,TIME_LIMIT,158802,0,0,11,3
2,8,648019.0,-1.099639905835748,-0.8693272921435614,TIME_LIMIT,158822,0,0,4,16
2,8,648226.0,-1.099611466445877,-0.8693272921435614,TIME_LIMIT,158860,0,0,10,10
2,8,648277.0,-1.099611466445877,-0.8693272921435614,TIME_LIMIT,158879,0,0,19,7
2,8,648378.0,-1.0996006467737822,-0.8693272921435614,TIME_LIMIT,158910,0,0,14,5
2,8,648454.0,-1.0996006467737822,-0.8693272921435614,TIME_LIMIT,158932,0,0,17,9
2,8,648525.0,-1.099581917771784,-0.8693272921435614,TIME_LIMIT,158961,0,0,10,6
2,8,648625.0,-1.099581917771784,-0.8693272921435614,TIME_LIMIT,158983,0,0,14,14
2,8,648720.0,-1.0995745512797583,-0.8693272921435614,TIME_LIMIT,159013,0,0,5,4
2,8,648842.0,-1.0995745512797583,-0.8693272921435614,TIME_LIMIT,159038,0,0,14,12
2,8,648875.0,-1.0995635434119742,-0.8693272921435614,TIME_LIMIT,159058,0,0,7,11
2,8,648938.0,-1.0995635434119742,-0.8693272921435614,TIME_LIMIT,159080,0,0,20,10
2,8,649034.0,-1.0995596234173701,-0.8693272921435614,TIME_LIMIT,159107,0,0,7,9
2,8,649140.0,-1.0995596234173701,-0.8693272921435614,TIME_LIMIT,159134,0,0,7,16
2,8,649248.0,-1.0995518996536373,-0.8693272921435614,TIME_LIMIT,159165,0,0,2,7
2,8,649372.0,-1.0995518996536373,-0.8693272921435614,TIME_LIMIT,159187,0,0,17,11
2,8,649511.0,-1.099528832704415,-0.8693272921435614,TIME_LIMIT,159219,0,0,13,6
2,8,649584.0,-1.099528832704415,-0.8693272921435614,TIME_LIMIT,159241,0,0,8,4
2,8,649666.0,-1.099493447615765,-0.8693272921435614,TIME_LIMIT,159272,0,0,6,7
2,8,649743.0,-1.099493447615765,-0.8693272921435614,TIME_LIMIT,159292,0,0,17,11
2,8,649814.0,-1.0994533060684462,-0.8693272921435614,TIME_LIMIT,159321,0,0,6,6
2,8,649940.0,-1.0994533060684462,-0.8693272921435614,TIME_LIMIT,159344,0,0,25,14
2,8,650028.0,-1.0994476414245493,-0.8693272921435614,TIME_LIMIT,159374,0,0,13,10
2,8,650195.0,-1.0994476414245493,-0.8693272921435614,TIME_LIMIT,159411,0,0,8,13
2,8,650295.0,-1.0994342989757113,-0.8693272921435614,TIME_LIMIT,159428,0,0,13,14
2,8,650458.0,-1.0994342989757113,-0.8693272921435614,TIME_LIMIT,159456,0,0,15,18
2,8,650617.0,-1.0994234278290587,-0.8693272921435614,TIME_LIMIT,159491,0,0,16,8
2,8,650835.0,-1.0994234278290587,-0.8693272921435614,TIME_LIMIT,159514,0,0,14,15
2,8,650942.0,-1.0994181520486306,-0.8693272921435614,TIME_LIMIT,159546,0,0,15,5
2,8,650973.0,-1.0994181520486306,-0.8693272921435614,TIME_LIMIT,159561,0,0,10,19
2,8,651032.0,-1.0994142408230179,-0.8693272921435614,TIME_LIMIT,159590,0,0,13,5
2,8,651135.0,-1.0994142408230179,-0.8693272921435614,TIME_LIMIT,159616,0,0,23,12
2,8,651186.0,-1.0993615069668559,-0.8693272921435614,TIME_LIMIT,159646,0,0,11,5
2,8,651315.0,-1.0993615069668559,-0.8693272921435614,TIME_LIMIT,159672,0,0,18,13
2,8,651374.0,-1.0993518246627505,-0.8693272921435614,TIME_LIMIT,159694,0,0,14,8
2,8,651407.0,-1.0993518246627505,-0.8693272921435614,TIME_LIMIT,159710,0,0,14,6
2,8,651445.0,-1.0993111936630848,-0.8693272921435614,TIME_LIMIT,159729,0,0,9,9
2,8,651616.0,-1.0993111936630848,-0.8693272921435614,TIME_LIMIT,159753,0,0,14,8
2,8,651651.0,-1.0993099964331137,-0.8693272921435614,TIME_LIMIT,159771,0,0,14,4
2,8,651699.0,-1.0993099964331137,-0.8693272921435614,TIME_LIMIT,159786,0,0,11,4
2,8,651731.0,-1.0993091970674904,-0.8693272921435614,TIME_LIMIT,159806,0,0,9,3
2,8,651780.0,-1.0993091970674904,-0.8693272921435614,TIME_LIMIT,159827,0,0,16,10
2,8,651818.0,-1.0993091959691563,-0.8693272921435614,TIME_LIMIT,159847,0,0,12,7
2,8,651940.0,-1.0993091959691563,-0.8693272921435614,TIME_LIMIT,159868,0,0,8,8
2,8,652036.0,-1.0993065252761682,-0.8693272921435614,TIME_LIMIT,159894,0,0,13,6
2,8,652090.0,-1.0993065252761682,-0.8693272921435614,TIME_LIMIT,159915,0,0,13,5
2,8,652164.0,-1.0993028657954893,-0.8693272921435614,TIME_LIMIT,159940,0,0,11,8
2,8,652278.0,-1.0993028657954893,-0.8693272921435614,TIME_LIMIT,159961,0,0,19,21
2,8,652416.0,-1.0992711239170814,-0.8693272921435614,TIME_LIMIT,159995,0,0,16,13
2,8,652487.0,-1.0992711239170814,-0.8693272921435614,TIME_LIMIT,160015,0,0,11,8
2,8,652566.0,-1.0992571849908532,-0.8693272921435614,TIME_LIMIT,160038,0,0,7,6
2,8,652742.0,-1.0992571849908532,-0.8693272921435614,TIME_LIMIT,160064,0,0,20,15
2,8,652946.0,-1.0992555390744037,-0.8693272921435614,TIME_LIMIT,160094,0,0,13,9
2,8,653107.0,-1.0992555390744037,-0.8693272921435614,TIME_LIMIT,160117,0,0,20,15
2,8,653289.0,-1.0992409486215693,-0.8693272921435614,TIME_LIMIT,160154,0,0,19,5
2,8,653418.0,-1.0992409486215693,-0.8693272921435614,TIME_LIMIT,160178,0,0,20,13
2,8,653488.0,-1.0992309513617584,-0.8693272921435614,TIME_LIMIT,160203,0,0,13,6
2,8,653525.0,-1.0992309513617584,-0.8693272921435614,TIME_LIMIT,160224,0,0,16,9
2,8,653611.0,-1.0992251366921046,-0.8693272921435614,TIME_LIMIT,160249,0,0,9,5
2,8,653732.0,-1.0992251366921046,-0.8693272921435614,TIME_LIMIT,160269,0,0,17,13
2,8,653798.0,-1.099198722980598,-0.8693272921435614,TIME_LIMIT,160299,0,0,15,3
2,8,654001.0,-1.099198722980598,-0.8693272921435614,TIME_LIMIT,160317,0,0,19,20
2,8,654076.0,-1.0991954734096219,-0.8693272921435614,TIME_LIMIT,160351,0,0,17,5
2,8,654140.0,-1.0991954734096219,-0.8693272921435614,TIME_LIMIT,160367,0,0,14,6
2,8,654195.0,-1.0991811655183625,-0.8693272921435614,TIME_LIMIT,160392,0,0,10,8
2,8,654297.0,-1.0991811655183625,-0.8693272921435614,TIME_LIMIT,160416,0,0,15,11
2,8,654326.0,-1.099181118368096,-0.8693272921435614,TIME_LIMIT,160434,0,0,16,2
2,8,654383.0,-1.099181118368096,-0.8693272921435614,TIME_LIMIT,160453,0,0,15,7
2,8,654445.0,-1.0991557454533742,-0.8693272921435614,TIME_LIMIT,160482,0,0,13,8
2,8,654632.0,-1.0991557454533742,-0.8693272921435614,TIME_LIMIT,160510,0,0,15,9
2,8,654674.0,-1.0991514383383687,-0.8693272921435614,TIME_LIMIT,160527,0,0,14,2
2,8,654789.0,-1.0991514383383687,-0.8693272921435614,TIME_LIMIT,160548,0,0,14,7
2,8,654886.0,-1.0991341770665355,-0.8693272921435614,TIME_LIMIT,160581,0,0,17,5
2,8,655024.0,-1.0991341770665355,-0.8693272921435614,TIME_LIMIT,160608,0,0,19,19
2,8,655111.0,-1.099129362747604,-0.8693272921435614,TIME_LIMIT,160640,0,0,12,10
2,8,655143.0,-1.099129362747604,-0.8693272921435614,TIME_LIMIT,160652,0,0,11,5
2,8,655200.0,-1.0991036660218416,-0.8693272921435614,TIME_LIMIT,160676,0,0,9,4
2,8,655251.0,-1.0991036660218416,-0.8693272921435614,TIME_LIMIT,160695,0,0,6,6
2,8,655321.0,-1.0990976472687233,-0.8693272921435614,TIME_LIMIT,160723,0,0,7,2
2,8,655486.0,-1.0990976472687233,-0.8693272921435614,TIME_LIMIT,160749,0,0,16,5
2,8,655542.0,-1.0990892513109238,-0.8693272921435614,TIME_LIMIT,160767,0,0,13,5
2,8,655601.0,-1.0990892513109238,-0.8693272921435614,TIME_LIMIT,160789,0,0,17,5
2,8,655645.0,-1.0990860341923874,-0.8693272921435614,TIME_LIMIT,160805,0,0,9,9
2,8,655755.0,-1.0990860341923874,-0.8693272921435614,TIME_LIMIT,160823,0,0,5,6
2,8,655843.0,-1.0990739491105268,-0.8693272921435614,TIME_LIMIT,160846,0,0,10,6
2,8,655900.0,-1.0990739491105268,-0.8693272921435614,TIME_LIMIT,160866,0,0,16,13
2,8,655998.0,-1.099073180646431,-0.8693272921435614,TIME_LIMIT,160894,0,0,15,4
2,8,656215.0,-1.099073180646431,-0.8693272921435614,TIME_LIMIT,160917,0,0,15,26
2,8,656364.0,-1.0990390535032564,-0.8693272921435614,TIME_LIMIT,160953,0,0,14,15
2,8,656528.0,-1.0990390535032564,-0.8693272921435614,TIME_LIMIT,160972,0,0,18,15
2,8,656666.0,-1.0990287485940367,-0.8693272921435614,TIME_LIMIT,161005,0,0,13,4
2,8,656742.0,-1.0990287485940367,-0.8693272921435614,TIME_LIMIT,161026,0,0,12,5
2,8,656869.0,-1.0990156986198414,-0.8693272921435614,TIME_LIMIT,161057,0,0,11,7
2,8,657018.0,-1.0990156986198414,-0.8693272921435614,TIME_LIMIT,161075,0,0,18,12
2,8,657092.0,-1.0989965761782483,-0.8693272921435614,TIME_LIMIT,161104,0,0,14,3
2,8,657151.0,-1.0989965761782483,-0.8693272921435614,TIME_LIMIT,161123,0,0,12,5
2,8,657184.0,-1.098978533748152,-0.8693272921435614,TIME_LIMIT,161135,0,0,10,3
2,8,657321.0,-1.098978533748152,-0.8693272921435614,TIME_LIMIT,161155,0,0,20,19
2,8,657411.0,-1.0989423238046685,-0.8693272921435614,TIME_LIMIT,161188,0,0,14,9
2,8,657531.0,-1.0989423238046685,-0.8693272921435614,TIME_LIMIT,161213,0,0,25,22
2,8,657714.0,-1.0989415450578444,-0.8693272921435614,TIME_LIMIT,161252,0,0,13,5
2,8,657727.0,-1.0989415450578444,-0.8693272921435614,TIME_LIMIT,161265,0,0,7,2
2,8,657751.0,-1.0989286233613493,-0.8693272921435614,TIME_LIMIT,161282,0,0,7,3
2,8,657865.0,-1.0989286233613493,-0.8693272921435614,TIME_LIMIT,161303,0,0,16,19
2,8,657987.0,-1.0989262837427893,-0.8693272921435614,TIME_LIMIT,161337,0,0,7,4
2,8,658099.0,-1.0989262837427893,-0.8693272921435614,TIME_LIMIT,161363,0,0,21,14
2,8,658218.0,-1.0989248014787942,-0.8693272921435614,TIME_LIMIT,161397,0,0,15,12
2,8,658364.0,-1.0989248014787942,-0.8693272921435614,TIME_LIMIT,161425,0,0,18,10
2,8,658434.0,-1.0989208808409656,-0.8693272921435614,TIME_LIMIT,161453,0,0,14,6
2,8,658480.0,-1.0989208808409656,-0.8693272921435614,TIME_LIMIT,161471,0,0,10,17
2,8,658551.0,-1.0989159139283484,-0.8693272921435614,TIME_LIMIT,161497,0,0,6,6
2,8,658637.0,-1.0989159139283484,-0.8693272921435614,TIME_LIMIT,161524,0,0,15,5
2,8,658673.0,-1.0989139395247878,-0.8693272921435614,TIME_LIMIT,161541,0,0,13,2
2,8,658783.0,-1.0989139395247878,-0.8693272921435614,TIME_LIMIT,161567,0,0,12,7
2,8,658832.0,-1.0988831807251251,-0.8693272921435614,TIME_LIMIT,161590,0,0,8,7
2,8,659045.0,-1.0988831807251251,-0.8693272921435614,TIME_LIMIT,161609,0,0,22,20
2,8,659263.0,-1.0988604407248737,-0.8693272921435614,TIME_LIMIT,161635,0,0,18,6
2,8,659337.0,-1.0988604407248737,-0.8693272921435614,TIME_LIMIT,161650,0,0,15,13
2,8,659384.0,-1.0988596769300005,-0.8693272921435614,TIME_LIMIT,161669,0,0,8,6
2,8,659472.0,-1.0988596769300005,-0.8693272921435614,TIME_LIMIT,161687,0,0,18,9
2,8,659515.0,-1.0988543969480569,-0.8693272921435614,TIME_LIMIT,161711,0,0,10,5
2,8,659578.0,-1.0988543969480569,-0.8693272921435614,TIME_LIMIT,161736,0,0,18,12
2,8,659705.0,-1.0988472205255855,-0.8693272921435614,TIME_LIMIT,161768,0,0,6,5
2,8,659902.0,-1.0988472205255855,-0.8693272921435614,TIME_LIMIT,161793,0,0,16,24
2,8,660115.0,-1.0988311999321523,-0.8693272921435614,TIME_LIMIT,161824,0,0,16,8
2,8,660301.0,-1.0988311999321523,-0.8693272921435614,TIME_LIMIT,161842,0,0,19,16
2,8,660396.0,-1.0988251527272446,-0.8693272921435614,TIME_LIMIT,161873,0,0,13,7
2,8,660469.0,-1.0988251527272446,-0.8693272921435614,TIME_LIMIT,161893,0,0,19,9
2,8,660576.0,-1.0988246273681894,-0.8693272921435614,TIME_LIMIT,161921,0,0,7,6
2,8,660788.0,-1.0988246273681894,-0.8693272921435614,TIME_LIMIT,161943,0,0,16,8
2,8,660886.0,-1.098817848098581,-0.8693272921435614,TIME_LIMIT,161961,0,0,11,1
2,8,660938.0,-1.098817848098581,-0.8693272921435614,TIME_LIMIT,161978,0,0,20,13
2,8,661009.0,-1.0987983428480292,-0.8693272921435614,TIME_LIMIT,162005,0,0,11,10
2,8,661192.0,-1.0987983428480292,-0.8693272921435614,TIME_LIMIT,162034,0,0,19,8
2,8,661254.0,-1.0987966411539287,-0.8693272921435614,TIME_LIMIT,162056,0,0,6,4
2,8,661328.0,-1.0987966411539287,-0.8693272921435614,TIME_LIMIT,162074,0,0,14,8
2,8,661429.0,-1.0987588105678059,-0.8693272921435614,TIME_LIMIT,162101,0,0,11,6
2,8,661496.0,-1.0987588105678059,-0.8693272921435614,TIME_LIMIT,162125,0,0,15,7
2,8,661523.0,-1.0987321825723542,-0.8693272921435614,TIME_LIMIT,162142,0,0,10,7
2,8,661582.0,-1.0987321825723542,-0.8693272921435614,TIME_LIMIT,162160,0,0,16,16
2,8,661696.0,-1.0986881003279074,-0.8693272921435614,TIME_LIMIT,162189,0,0,13,5
2,8,661851.0,-1.0986881003279074,-0.8693272921435614,TIME_LIMIT,162206,0,0,15,16
2,8,662049.0,-1.0986641387685214,-0.8693272921435614,TIME_LIMIT,162238,0,0,8,4
2,8,662100.0,-1.0986641387685214,-0.8693272921435614,TIME_LIMIT,162265,0,0,16,7
2,8,662122.0,-1.098660232969284,-0.8693272921435614,TIME_LIMIT,162279,0,0,10,6
2,8,662175.0,-1.098660232969284,-0.8693272921435614,TIME_LIMIT,162299,0,0,16,11
2,8,662251.0,-1.098655646256725,-0.8693272921435614,TIME_LIMIT,162330,0,0,11,7
2,8,662341.0,-1.098655646256725,-0.8693272921435614,TIME_LIMIT,162356,0,0,15,13
2,8,662396.0,-1.0986337305930765,-0.8693272921435614,TIME_LIMIT,162378,0,0,11,5
2,8,662494.0,-1.0986337305930765,-0.8693272921435614,TIME_LIMIT,162402,0,0,17,8
2,8,662610.0,-1.0985978656962563,-0.8693272921435614,TIME_LIMIT,162432,0,0,7,5
2,8,662654.0,-1.0985978656962563,-0.8693272921435614,TIME_LIMIT,162446,0,0,9,8
2,8,662706.0,-1.0985841966870418,-0.8693272921435614,TIME_LIMIT,162472,0,0,7,2
2,8,662804.0,-1.0985841966870418,-0.8693272921435614,TIME_LIMIT,162492,0,0,7,8
2,8,662928.0,-1.0985833786695047,-0.8693272921435614,TIME_LIMIT,162527,0,0,18,11
2,8,663049.0,-1.0985833786695047,-0.8693272921435614,TIME_LIMIT,162552,0,0,15,15
2,8,663090.0,-1.0985778711838488,-0.8693272921435614,TIME_LIMIT,162576,0,0,7,3
2,8,663203.0,-1.0985778711838488,-0.8693272921435614,TIME_LIMIT,162597,0,0,22,13
2,8,663315.0,-1.0985750273387764,-0.8693272921435614,TIME_LIMIT,162624,0,0,10,9
2,8,663475.0,-1.0985750273387764,-0.8693272921435614,TIME_LIMIT,162650,0,0,20,18
2,8,663579.0,-1.098574709586443,-0.8693272921435614,TIME_LIMIT,162678,0,0,14,3
2,8,663636.0,-1.098574709586443,-0.8693272921435614,TIME_LIMIT,162698,0,0,15,10
2,8,663650.0,-1.098570528624078,-0.8693272921435614,TIME_LIMIT,162714,0,0,8,2
2,8,663728.0,-1.098570528624078,-0.8693272921435614,TIME_LIMIT,162732,0,0,9,11
2,8,663788.0,-1.0985673450559204,-0.8693272921435614,TIME_LIMIT,162751,0,0,6,2
2,8,663868.0,-1.0985673450559204,-0.8693272921435614,TIME_LIMIT,162772,0,0,16,8
2,8,663932.0,-1.098537609581148,-0.8693272921435614,TIME_LIMIT,162793,0,0,5,5
2,8,664064.0,-1.098537609581148,-0.8693272921435614,TIME_LIMIT,162822,0,0,19,43
2,8,664283.0,-1.0985366423328449,-0.8693272921435614,TIME_LIMIT,162843,0,0,12,10
2,8,664379.0,-1.0985366423328449,-0.8693272921435614,TIME_LIMIT,162857,0,0,12,18
2,8,664466.0,-1.0985210986306242,-0.8693272921435614,TIME_LIMIT,162892,0,0,17,5
2,8,664534.0,-1.0985210986306242,-0.8693272921435614,TIME_LIMIT,162915,0,0,9,15
2,8,664647.0,-1.0985061635926374,-0.8693272921435614,TIME_LIMIT,162946,0,0,16,5
2,8,664741.0,-1.0985061635926374,-0.8693272921435614,TIME_LIMIT,162967,0,0,20,14
2,8,664797.0,-1.098502141727684,-0.8693272921435614,TIME_LIMIT,162997,0,0,15,3
2,8,664894.0,-1.098502141727684,-0.8693272921435614,TIME_LIMIT,163019,0,0,6,5
2,8,665031.0,-1.0984919930027557,-0.8693272921435614,TIME_LIMIT,163041,0,0,9,6
2,8,665191.0,-1.0984919930027557,-0.8693272921435614,TIME_LIMIT,163067,0,0,20,20
2,8,665384.0,-1.0984845893767263,-0.8693272921435614,TIME_LIMIT,163106,0,0,24,10
2,8,665450.0,-1.0984845893767263,-0.8693272921435614,TIME_LIMIT,163125,0,0,14,8
2,8,665506.0,-1.0984841407585177,-0.8693272921435614,TIME_LIMIT,163149,0,0,16,4
2,8,665653.0,-1.0984841407585177,-0.8693272921435614,TIME_LIMIT,163182,0,0,14,13
2,8,665673.0,-1.0984738733793047,-0.8693272921435614,TIME_LIMIT,163200,0,0,10,5
2,8,665731.0,-1.0984738733793047,-0.8693272921435614,TIME_LIMIT,163219,0,0,13,6
2,8,665770.0,-1.098463629177581,-0.8693272921435614,TIME_LIMIT,163243,0,0,6,5
2,8,665801.0,-1.098463629177581,-0.8693272921435614,TIME_LIMIT,163258,0,0,9,7
2,8,665814.0,-1.0984582228773547,-0.8693272921435614,TIME_LIMIT,163272,0,0,6,1
2,8,665878.0,-1.0984582228773547,-0.8693272921435614,TIME_LIMIT,163289,0,0,9,13
2,8,665935.0,-1.0984428433937221,-0.8693272921435614,TIME_LIMIT,163319,0,0,14,5
2,8,665991.0,-1.0984428433937221,-0.8693272921435614,TIME_LIMIT,163334,0,0,9,8
2,8,666014.0,-1.0984414720105282,-0.8693272921435614,TIME_LIMIT,163354,0,0,9,4
2,8,666074.0,-1.0984414720105282,-0.8693272921435614,TIME_LIMIT,163372,0,0,13,11
2,8,666123.0,-1.0984244611183263,-0.8693272921435614,TIME_LIMIT,163391,0,0,9,8
2,8,666334.0,-1.0984244611183263,-0.8693272921435614,TIME_LIMIT,163410,0,0,18,18
2,8,666496.0,-1.0984161635887544,-0.8693272921435614,TIME_LIMIT,163449,0,0,17,9
2,8,666592.0,-1.0984161635887544,-0.8693272921435614,TIME_LIMIT,163475,0,0,12,7
2,8,666669.0,-1.0984137796284505,-0.8693272921435614,TIME_LIMIT,163492,0,0,13,10
2,8,666831.0,-1.0984137796284505,-0.8693272921435614,TIME_LIMIT,163518,0,0,12,8
2,8,666905.0,-1.0983796916314894,-0.8693272921435614,TIME_LIMIT,163550,0,0,18,5
2,8,666999.0,-1.0983796916314894,-0.8693272921435614,TIME_LIMIT,163574,0,0,20,18
2,8,667086.0,-1.0983703610460136,-0.8693272921435614,TIME_LIMIT,163608,0,0,18,6
2,8,667192.0,-1.0983703610460136,-0.8693272921435614,TIME_LIMIT,163629,0,0,14,28
2,8,667332.0,-1.0983649307796244,-0.8693272921435614,TIME_LIMIT,163660,0,0,13,15
2,8,667545.0,-1.0983649307796244,-0.8693272921435614,TIME_LIMIT,163682,0,0,17,26
2,8,667763.0,-1.0983352904571146,-0.8693272921435614,TIME_LIMIT,163714,0,0,13,7
2,8,667929.0,-1.0983352904571146,-0.8693272921435614,TIME_LIMIT,163738,0,0,8,26
2,8,668077.0,-1.0983265230359582,-0.8693272921435614,TIME_LIMIT,163773,0,0,16,9
2,8,668136.0,-1.0983265230359582,-0.8693272921435614,TIME_LIMIT,163797,0,0,18,11
2,8,668285.0,-1.0983184164870896,-0.8693272921435614,TIME_LIMIT,163830,0,0,15,7
2,8,668488.0,-1.0983184164870896,-0.8693272921435614,TIME_LIMIT,163852,0,0,16,10
2,8,668585.0,-1.0983083524332262,-0.8693272921435614,TIME_LIMIT,163882,0,0,8,7
2,8,668796.0,-1.0983083524332262,-0.8693272921435614,TIME_LIMIT,163906,0,0,16,18
2,8,668959.0,-1.0982799807310777,-0.8693272921435614,TIME_LIMIT,163943,0,0,15,13
2,8,669003.0,-1.0982799807310777,-0.8693272921435614,TIME_LIMIT,163960,0,0,13,5
2,8,669022.0,-1.0982764561304847,-0.8693272921435614,TIME_LIMIT,163979,0,0,9,5
2,8,669182.0,-1.0982764561304847,-0.8693272921435614,TIME_LIMIT,164013,0,0,23,29
2,8,669382.0,-1.0982574018413749,-0.8693272921435614,TIME_LIMIT,164052,0,0,17,20
2,8,669403.0,-1.0982574018413749,-0.8693272921435614,TIME_LIMIT,164065,0,0,8,2
2,8,669465.0,-1.0982406945962289,-0.8693272921435614,TIME_LIMIT,164083,0,0,6,1
2,8,669608.0,-1.0982406945962289,-0.8693272921435614,TIME_LIMIT,164107,0,0,15,3
2,8,669662.0,-1.0982117858051674,-0.8693272921435614,TIME_LIMIT,164122,0,0,7,4
2,8,669728.0,-1.0982117858051674,-0.8693272921435614,TIME_LIMIT,164138,0,0,8,8
2,8,669809.0,-1.0981950809452583,-0.8693272921435614,TIME_LIMIT,164169,0,0,14,7
2,8,669993.0,-1.0981950809452583,-0.8693272921435614,TIME_LIMIT,164201,0,0,22,19
2,8,670205.0,-1.098191137922683,-0.8693272921435614,TIME_LIMIT,164236,0,0,15,11
2,8,670288.0,-1.098191137922683,-0.8693272921435614,TIME_LIMIT,164262,0,0,24,16
2,8,670483.0,-1.098190234798812,-0.8693272921435614,TIME_LIMIT,164298,0,0,17,9
2,8,670515.0,-1.098190234798812,-0.8693272921435614,TIME_LIMIT,164314,0,0,12,12
2,8,670572.0,-1.0981632367935266,-0.8693272921435614,TIME_LIMIT,164338,0,0,11,5
2,8,670784.0,-1.0981632367935266,-0.8693272921435614,TIME_LIMIT,164358,0,0,12,8
2,8,670902.0,-1.0981620637185747,-0.8693272921435614,TIME_LIMIT,164391,0,0,16,8
2,8,670940.0,-1.0981620637185747,-0.8693272921435614,TIME_LIMIT,164406,0,0,14,16
2,8,671035.0,-1.0981606043972207,-0.8693272921435614,TIME_LIMIT,164431,0,0,7,4
2,8,671087.0,-1.0981606043972207,-0.8693272921435614,TIME_LIMIT,164446,0,0,15,7
2,8,671127.0,-1.0981497134943403,-0.8693272921435614,TIME_LIMIT,164468,0,0,7,6
2,8,671159.0,-1.0981497134943403,-0.8693272921435614,TIME_LIMIT,164488,0,0,8,6
2,8,671177.0,-1.0981222298473168,-0.8693272921435614,TIME_LIMIT,164496,0,0,6,3
2,8,671193.0,-1.0981222298473168,-0.8693272921435614,TIME_LIMIT,164510,0,0,9,7
2,8,671222.0,-1.098113906875596,-0.8693272921435614,TIME_LIMIT,164527,0,0,7,3
2,8,671442.0,-1.098113906875596,-0.8693272921435614,TIME_LIMIT,164569,0,0,14,20
2,8,671513.0,-1.0980755540450287,-0.8693272921435614,TIME_LIMIT,164605,0,0,19,9
2,8,671677.0,-1.0980755540450287,-0.8693272921435614,TIME_LIMIT,164627,0,0,17,22
2,8,671778.0,-1.098067022270418,-0.8693272921435614,TIME_LIMIT,164664,0,0,16,5
2,8,671838.0,-1.098067022270418,-0.8693272921435614,TIME_LIMIT,164680,0,0,14,8
2,8,671851.0,-1.0980464925124078,-0.8693272921435614,TIME_LIMIT,164697,0,0,4,2
2,8,671905.0,-1.0980464925124078,-0.8693272921435614,TIME_LIMIT,164709,0,0,12,6
2,8,671957.0,-1.0980464047479133,-0.8693272921435614,TIME_LIMIT,164738,0,0,10,6
2,8,671994.0,-1.0980464047479133,-0.8693272921435614,TIME_LIMIT,164755,0,0,16,11
2,8,672102.0,-1.0980303624821919,-0.8693272921435614,TIME_LIMIT,164785,0,0,6,6
2,8,672185.0,-1.0980303624821919,-0.8693272921435614,TIME_LIMIT,164803,0,0,13,7
2,8,672213.0,-1.0980229970195767,-0.8693272921435614,TIME_LIMIT,164822,0,0,4,3
2,8,672251.0,-1.0980229970195767,-0.8693272921435614,TIME_LIMIT,164842,0,0,18,30
2,8,672461.0,-1.0980085433395947,-0.8693272921435614,TIME_LIMIT,164878,0,0,15,13
2,8,672650.0,-1.0980085433395947,-0.8693272921435614,TIME_LIMIT,164901,0,0,22,17
2,8,672868.0,-1.0979963289693655,-0.8693272921435614,TIME_LIMIT,164937,0,0,18,9
2,8,673027.0,-1.0979963289693655,-0.8693272921435614,TIME_LIMIT,164970,0,0,27,14
2,8,673151.0,-1.0979892564536813,-0.8693272921435614,TIME_LIMIT,165000,0,0,11,9
2,8,673260.0,-1.0979892564536813,-0.8693272921435614,TIME_LIMIT,165014,0,0,10,20
2,8,673464.0,-1.0979818720947407,-0.8693272921435614,TIME_LIMIT,165052,0,0,16,13
2,8,673529.0,-1.0979818720947407,-0.8693272921435614,TIME_LIMIT,165068,0,0,8,9
2,8,673615.0,-1.0979636149730567,-0.8693272921435614,TIME_LIMIT,165096,0,0,11,6
2,8,673663.0,-1.0979636149730567,-0.8693272921435614,TIME_LIMIT,165111,0,0,15,12
2,8,673721.0,-1.0979614184591866,-0.8693272921435614,TIME_LIMIT,165141,0,0,12,6
2,8,673820.0,-1.0979614184591866,-0.8693272921435614,TIME_LIMIT,165159,0,0,19,16
2,8,673875.0,-1.0979479473265492,-0.8693272921435614,TIME_LIMIT,165180,0,0,12,4
2,8,674026.0,-1.0979479473265492,-0.8693272921435614,TIME_LIMIT,165201,0,0,17,17
2,8,674088.0,-1.0979475777860883,-0.8693272921435614,TIME_LIMIT,165228,0,0,13,9
2,8,674154.0,-1.0979475777860883,-0.8693272921435614,TIME_LIMIT,165246,0,0,12,9
2,8,674181.0,-1.097944778790022,-0.8693272921435614,TIME_LIMIT,165262,0,0,9,4
2,8,674344.0,-1.097944778790022,-0.8693272921435614,TIME_LIMIT,165293,0,0,20,24
2,8,674490.0,-1.0979335433997375,-0.8693272921435614,TIME_LIMIT,165329,0,0,14,10
2,8,674576.0,-1.0979335433997375,-0.8693272921435614,TIME_LIMIT,165345,0,0,16,8
2,8,674617.0,-1.0979207547718812,-0.8693272921435614,TIME_LIMIT,165371,0,0,12,4
2,8,674714.0,-1.0979207547718812,-0.8693272921435614,TIME_LIMIT,165392,0,0,18,5
2,8,674764.0,-1.0979149849062988,-0.8693272921435614,TIME_LIMIT,165409,0,0,12,14
2,8,674859.0,-1.0979149849062988,-0.8693272921435614,TIME_LIMIT,165434,0,0,12,5
2,8,675077.0,-1.0978953202279351,-0.8693272921435614,TIME_LIMIT,165470,0,0,15,9
2,8,675237.0,-1.0978953202279351,-0.8693272921435614,TIME_LIMIT,165493,0,0,14,23
2,8,675453.0,-1.097889141811276,-0.8693272921435614,TIME_LIMIT,165525,0,0,13,11
2,8,675509.0,-1.097889141811276,-0.8693272921435614,TIME_LIMIT,165546,0,0,14,13
2,8,675714.0,-1.0978883663504253,-0.8693272921435614,TIME_LIMIT,165575,0,0,17,5
2,8,675841.0,-1.0978883663504253,-0.8693272921435614,TIME_LIMIT,165600,0,0,21,11
2,8,676060.0,-1.0978844381549926,-0.8693272921435614,TIME_LIMIT,165635,0,0,15,8
2,8,676271.0,-1.0978844381549926,-0.8693272921435614,TIME_LIMIT,165655,0,0,27,39
2,8,676488.0,-1.0978823631796535,-0.8693272921435614,TIME_LIMIT,165691,0,0,18,9
2,8,676596.0,-1.0978823631796535,-0.8693272921435614,TIME_LIMIT,165710,0,0,14,7
2,8,676706.0,-1.097879953184505,-0.8693272921435614,TIME_LIMIT,165741,0,0,6,6
2,8,676743.0,-1.097879953184505,-0.8693272921435614,TIME_LIMIT,165758,0,0,12,4
2,8,676755.0,-1.097839498826599,-0.8693272921435614,TIME_LIMIT,165775,0,0,10,2
2,8,676924.0,-1.097839498826599,-0.8693272921435614,TIME_LIMIT,165804,0,0,22,18
2,8,677011.0,-1.0977783107439392,-0.8693272921435614,TIME_LIMIT,165839,0,0,13,10
2,8,677029.0,-1.0977783107439392,-0.8693272921435614,TIME_LIMIT,165851,0,0,9,5
2,8,677093.0,-1.097777919707434,-0.8693272921435614,TIME_LIMIT,165880,0,0,7,8
2,8,677184.0,-1.097777919707434,-0.8693272921435614,TIME_LIMIT,165903,0,0,20,19
2,8,677367.0,-1.0977772096635516,-0.8693272921435614,TIME_LIMIT,165940,0,0,17,8
2,8,677472.0,-1.0977772096635516,-0.8693272921435614,TIME_LIMIT,165961,0,0,12,2
2,8,677549.0,-1.0977614957515665,-0.8693272921435614,TIME_LIMIT,165985,0,0,9,8
2,8,677680.0,-1.0977614957515665,-0.8693272921435614,TIME_LIMIT,166005,0,0,19,20
2,8,677879.0,-1.0977558478511655,-0.8693272921435614,TIME_LIMIT,166036,0,0,15,7
2,8,677950.0,-1.0977558478511655,-0.8693272921435614,TIME_LIMIT,166055,0,0,9,5
2,8,677981.0,-1.0977446952439323,-0.8693272921435614,TIME_LIMIT,166076,0,0,5,2
2,8,678046.0,-1.0977446952439323,-0.8693272921435614,TIME_LIMIT,166096,0,0,14,14
2,8,678157.0,-1.0977439943300493,-0.8693272921435614,TIME_LIMIT,166123,0,0,10,6
2,8,678242.0,-1.0977439943300493,-0.8693272921435614,TIME_LIMIT,166142,0,0,22,10
2,8,678354.0,-1.0977254992213998,-0.8693272921435614,TIME_LIMIT,166173,0,0,11,11
2,8,678449.0,-1.0977254992213998,-0.8693272921435614,TIME_LIMIT,166193,0,0,16,10
2,8,678567.0,-1.097721065653254,-0.8693272921435614,TIME_LIMIT,166215,0,0,8,3
2,8,678673.0,-1.097721065653254,-0.8693272921435614,TIME_LIMIT,166241,0,0,15,7
2,8,678832.0,-1.0977174934926541,-0.8693272921435614,TIME_LIMIT,166263,0,0,14,8
2,8,678937.0,-1.0977174934926541,-0.8693272921435614,TIME_LIMIT,166286,0,0,15,14
2,8,679007.0,-1.0977129126656169,-0.8693272921435614,TIME_LIMIT,166314,0,0,11,10
2,8,679083.0,-1.0977129126656169,-0.8693272921435614,TIME_LIMIT,166332,0,0,18,28
2,8,679283.0,-1.0977106714630653,-0.8693272921435614,TIME_LIMIT,166366,0,0,16,11
2,8,679468.0,-1.0977106714630653,-0.8693272921435614,TIME_LIMIT,166390,0,0,13,19
2,8,679575.0,-1.0976974698334279,-0.8693272921435614,TIME_LIMIT,166419,0,0,12,4
2,8,679654.0,-1.0976974698334279,-0.8693272921435614,TIME_LIMIT,166439,0,0,14,10
2,8,679750.0,-1.0976849621671914,-0.8693272921435614,TIME_LIMIT,166470,0,0,15,3
2,8,679799.0,-1.0976849621671914,-0.8693272921435614,TIME_LIMIT,166490,0,0,16,12
2,8,679851.0,-1.0976825807412258,-0.8693272921435614,TIME_LIMIT,166514,0,0,10,5
2,8,679906.0,-1.0976825807412258,-0.8693272921435614,TIME_LIMIT,166537,0,0,20,8
2,8,679937.0,-1.0976818198081717,-0.8693272921435614,TIME_LIMIT,166557,0,0,11,5
2,8,679974.0,-1.0976818198081717,-0.8693272921435614,TIME_LIMIT,166575,0,0,14,7
2,8,680037.0,-1.0976614804149616,-0.8693272921435614,TIME_LIMIT,166602,0,0,12,8
2,8,680118.0,-1.0976614804149616,-0.8693272921435614,TIME_LIMIT,166623,0,0,15,6
2,8,680141.0,-1.0976521867663478,-0.8693272921435614,TIME_LIMIT,166638,0,0,7,2
2,8,680195.0,-1.0976521867663478,-0.8693272921435614,TIME_LIMIT,166657,0,0,17,15
2,8,680353.0,-1.0976253409969003,-0.8693272921435614,TIME_LIMIT,166694,0,0,18,9
2,8,680393.0,-1.0976253409969003,-0.8693272921435614,TIME_LIMIT,166714,0,0,15,5
2,8,680497.0,-1.0976130943680475,-0.8693272921435614,TIME_LIMIT,166742,0,0,5,7
2,8,680610.0,-1.0976130943680475,-0.8693272921435614,TIME_LIMIT,166766,0,0,18,19
2,8,680673.0,-1.0976065475735461,-0.8693272921435614,TIME_LIMIT,166796,0,0,15,6
2,8,680723.0,-1.0976065475735461,-0.8693272921435614,TIME_LIMIT,166816,0,0,17,10
2,8,680781.0,-1.0976034275796935,-0.8693272921435614,TIME_LIMIT,166841,0,0,7,2
2,8,680970.0,-1.0976034275796935,-0.8693272921435614,TIME_LIMIT,166859,0,0,16,35
2,8,681169.0,-1.0976028638271127,-0.8693272921435614,TIME_LIMIT,166896,0,0,17,7
2,8,681227.0,-1.0976028638271127,-0.8693272921435614,TIME_LIMIT,166915,0,0,13,7
2,8,681291.0,-1.0975917753693487,-0.8693272921435614,TIME_LIMIT,166944,0,0,8,5
2,8,681385.0,-1.0975917753693487,-0.8693272921435614,TIME_LIMIT,166960,0,0,15,12
2,8,681471.0,-1.0975862565800825,-0.8693272921435614,TIME_LIMIT,166986,0,0,11,5
2,8,681610.0,-1.0975862565800825,-0.8693272921435614,TIME_LIMIT,167015,0,0,7,11
2,8,681695.0,-1.0975706046490963,-0.8693272921435614,TIME_LIMIT,167036,0,0,9,20
2,8,681804.0,-1.0975706046490963,-0.8693272921435614,TIME_LIMIT,167064,0,0,10,12
2,8,681993.0,-1.0975619086253992,-0.8693272921435614,TIME_LIMIT,167101,0,0,20,8
2,8,682156.0,-1.0975619086253992,-0.8693272921435614,TIME_LIMIT,167126,0,0,19,11
2,8,682205.0,-1.0975580014197734,-0.8693272921435614,TIME_LIMIT,167147,0,0,10,7
2,8,682385.0,-1.0975580014197734,-0.8693272921435614,TIME_LIMIT,167177,0,0,22,17
2,8,682516.0,-1.097553317556382,-0.8693272921435614,TIME_LIMIT,167203,0,0,15,12
2,8,682721.0,-1.097553317556382,-0.8693272921435614,TIME_LIMIT,167225,0,0,14,25
2,8,682880.0,-1.0974688490276905,-0.8693272921435614,TIME_LIMIT,167259,0,0,14,8
2,8,682968.0,-1.0974688490276905,-0.8693272921435614,TIME_LIMIT,167279,0,0,13,5
2,8,682986.0,-1.0974660096388242,-0.8693272921435614,TIME_LIMIT,167290,0,0,6,3
2,8,683107.0,-1.0974660096388242,-0.8693272921435614,TIME_LIMIT,167305,0,0,18,18
2,8,683249.0,-1.0974374547662524,-0.8693272921435614,TIME_LIMIT,167336,0,0,6,4
2,8,683448.0,-1.0974374547662524,-0.8693272921435614,TIME_LIMIT,167360,0,0,24,36
2,8,683652.0,-1.097424960558333,-0.8693272921435614,TIME_LIMIT,167388,0,0,16,14
2,8,683753.0,-1.097424960558333,-0.8693272921435614,TIME_LIMIT,167406,0,0,24,18
2,8,683948.0,-1.097414859338972,-0.8693272921435614,TIME_LIMIT,167442,0,0,16,16
2,8,684009.0,-1.097414859338972,-0.8693272921435614,TIME_LIMIT,167463,0,0,16,13
2,8,684210.0,-1.0973854063003556,-0.8693272921435614,TIME_LIMIT,167494,0,0,12,7
2,8,684355.0,-1.0973854063003556,-0.8693272921435614,TIME_LIMIT,167517,0,0,18,21
2,8,684548.0,-1.0973688743804784,-0.8693272921435614,TIME_LIMIT,167558,0,0,16,9
2,8,684589.0,-1.0973688743804784,-0.8693272921435614,TIME_LIMIT,167576,0,0,14,9
2,8,684679.0,-1.0973618365949833,-0.8693272921435614,TIME_LIMIT,167605,0,0,11,8
2,8,684883.0,-1.0973618365949833,-0.8693272921435614,TIME_LIMIT,167629,0,0,14,17
2,8,685010.0,-1.0973550186960057,-0.8693272921435614,TIME_LIMIT,167661,0,0,15,6
2,8,685076.0,-1.0973550186960057,-0.8693272921435614,TIME_LIMIT,167687,0,0,12,23
2,8,685174.0,-1.0973544588723247,-0.8693272921435614,TIME_LIMIT,167720,0,0,11,5
2,8,685218.0,-1.0973544588723247,-0.8693272921435614,TIME_LIMIT,167737,0,0,14,13
2,8,685352.0,-1.0973489986173184,-0.8693272921435614,TIME_LIMIT,167764,0,0,10,5
2,8,685475.0,-1.0973489986173184,-0.8693272921435614,TIME_LIMIT,167789,0,0,14,7
2,8,685532.0,-1.0973324570306433,-0.8693272921435614,TIME_LIMIT,167810,0,0,13,11
2,8,685609.0,-1.0973324570306433,-0.8693272921435614,TIME_LIMIT,167831,0,0,10,15
2,8,685715.0,-1.0973115553273534,-0.8693272921435614,TIME_LIMIT,167864,0,0,17,12
2,8,685859.0,-1.0973115553273534,-0.8693272921435614,TIME_LIMIT,167882,0,0,14,12
2,8,686071.0,-1.0973113470755882,-0.8693272921435614,TIME_LIMIT,167916,0,0,15,20
2,8,686282.0,-1.0973113470755882,-0.8693272921435614,TIME_LIMIT,167945,0,0,23,23
2,8,686361.0,-1.0972952377107617,-0.8693272921435614,TIME_LIMIT,167980,0,0,14,10
2,8,686398.0,-1.0972952377107617,-0.8693272921435614,TIME_LIMIT,167994,0,0,13,6
2,8,686420.0,-1.0972885046702192,-0.8693272921435614,TIME_LIMIT,168011,0,0,6,3
2,8,686571.0,-1.0972885046702192,-0.8693272921435614,TIME_LIMIT,168037,0,0,17,14
2,8,686617.0,-1.0972843821580955,-0.8693272921435614,TIME_LIMIT,168064,0,0,11,7
2,8,686713.0,-1.0972843821580955,-0.8693272921435614,TIME_LIMIT,168086,0,0,15,10
2,8,686806.0,-1.0972667346138485,-0.8693272921435614,TIME_LIMIT,168116,0,0,13,6
2,8,686936.0,-1.0972667346138485,-0.8693272921435614,TIME_LIMIT,168135,0,0,13,16
2,8,687130.0,-1.0972587273084262,-0.8693272921435614,TIME_LIMIT,168166,0,0,6,0
2,8,687223.0,-1.0972587273084262,-0.8693272921435614,TIME_LIMIT,168192,0,0,25,18
2,8,687361.0,-1.0972535927088691,-0.8693272921435614,TIME_LIMIT,168221,0,0,15,8
2,8,687457.0,-1.0972535927088691,-0.8693272921435614,TIME_LIMIT,168247,0,0,18,19
2,8,687535.0,-1.097250020747807,-0.8693272921435614,TIME_LIMIT,168279,0,0,14,5
2,8,687583.0,-1.097250020747807,-0.8693272921435614,TIME_LIMIT,168297,0,0,9,7
2,8,687613.0,-1.0972428561631127,-0.8693272921435614,TIME_LIMIT,168308,0,0,7,5
2,8,687661.0,-1.0972428561631127,-0.8693272921435614,TIME_LIMIT,168328,0,0,15,17
2,8,687702.0,-1.097241017123506,-0.8693272921435614,TIME_LIMIT,168351,0,0,12,5
2,8,687806.0,-1.097241017123506,-0.8693272921435614,TIME_LIMIT,168372,0,0,5,8
2,8,687842.0,-1.097236306491498,-0.8693272921435614,TIME_LIMIT,168393,0,0,9,6
2,8,688040.0,-1.097236306491498,-0.8693272921435614,TIME_LIMIT,168422,0,0,11,41
2,8,688184.0,-1.0972315109489637,-0.8693272921435614,TIME_LIMIT,168453,0,0,11,9
2,8,688220.0,-1.0972315109489637,-0.8693272921435614,TIME_LIMIT,168471,0,0,12,10
2,8,688251.0,-1.0972159962158874,-0.8693272921435614,TIME_LIMIT,168493,0,0,12,3
2,8,688321.0,-1.0972159962158874,-0.8693272921435614,TIME_LIMIT,168515,0,0,20,9
2,8,688398.0,-1.097206076233673,-0.8693272921435614,TIME_LIMIT,168543,0,0,4,3
2,8,688566.0,-1.097206076233673,-0.8693272921435614,TIME_LIMIT,168562,0,0,18,25
2,8,688765.0,-1.0972018727161115,-0.8693272921435614,TIME_LIMIT,168590,0,0,15,10
2,8,688819.0,-1.0972018727161115,-0.8693272921435614,TIME_LIMIT,168606,0,0,6,1
2,8,688853.0,-1.09719492115704,-0.8693272921435614,TIME_LIMIT,168623,0,0,3,2
2,8,688880.0,-1.09719492115704,-0.8693272921435614,TIME_LIMIT,168640,0,0,10,9
2,8,689000.0,-1.097190972720913,-0.8693272921435614,TIME_LIMIT,168666,0,0,10,3
2,8,689072.0,-1.097190972720913,-0.8693272921435614,TIME_LIMIT,168685,0,0,12,9
2,8,689153.0,-1.0971850234036598,-0.8693272921435614,TIME_LIMIT,168713,0,0,14,2
2,8,689217.0,-1.0971850234036598,-0.8693272921435614,TIME_LIMIT,168731,0,0,13,9
2,8,689289.0,-1.097184871948428,-0.8693272921435614,TIME_LIMIT,168755,0,0,8,6
2,8,689322.0,-1.097184871948428,-0.8693272921435614,TIME_LIMIT,168771,0,0,8,14
2,8,689380.0,-1.0971719642082822,-0.8693272921435614,TIME_LIMIT,168798,0,0,11,2
2,8,689576.0,-1.0971719642082822,-0.8693272921435614,TIME_LIMIT,168820,0,0,14,8
2,8,689644.0,-1.097164663088944,-0.8693272921435614,TIME_LIMIT,168844,0,0,17,3
2,8,689713.0,-1.097164663088944,-0.8693272921435614,TIME_LIMIT,168866,0,0,12,5
2,8,689913.0,-1.09715530446458,-0.8693272921435614,TIME_LIMIT,168890,0,0,9,10
2,8,689981.0,-1.09715530446458,-0.8693272921435614,TIME_LIMIT,168908,0,0,12,9
2,8,690030.0,-1.097149773766517,-0.8693272921435614,TIME_LIMIT,168935,0,0,10,4
2,8,690139.0,-1.097149773766517,-0.8693272921435614,TIME_LIMIT,168962,0,0,21,14
2,8,690335.0,-1.0971409856596717,-0.8693272921435614,TIME_LIMIT,169001,0,0,17,11
2,8,690491.0,-1.0971409856596717,-0.8693272921435614,TIME_LIMIT,169025,0,0,16,9
2,8,690586.0,-1.0971338822409213,-0.8693272921435614,TIME_LIMIT,169055,0,0,13,7
2,8,690726.0,-1.0971338822409213,-0.8693272921435614,TIME_LIMIT,169078,0,0,8,14
2,8,690907.0,-1.0971193741446874,-0.8693272921435614,TIME_LIMIT,169115,0,0,12,8
2,8,690949.0,-1.0971193741446874,-0.8693272921435614,TIME_LIMIT,169129,0,0,12,7
2,8,691006.0,-1.097117317684765,-0.8693272921435614,TIME_LIMIT,169153,0,0,12,3
2,8,691147.0,-1.097117317684765,-0.8693272921435614,TIME_LIMIT,169174,0,0,18,15
2,8,691346.0,-1.0970994754580723,-0.8693272921435614,TIME_LIMIT,169207,0,0,19,5
2,8,691456.0,-1.0970994754580723,-0.8693272921435614,TIME_LIMIT,169231,0,0,17,16
2,8,691656.0,-1.0970946802949788,-0.8693272921435614,TIME_LIMIT,169261,0,0,12,7
2,8,691740.0,-1.0970946802949788,-0.8693272921435614,TIME_LIMIT,169276,0,0,14,8
2,8,691845.0,-1.0970803299193652,-0.8693272921435614,TIME_LIMIT,169299,0,0,8,5
2,8,692017.0,-1.0970803299193652,-0.8693272921435614,TIME_LIMIT,169320,0,0,21,12
2,8,692060.0,-1.097075131604814,-0.8693272921435614,TIME_LIMIT,169345,0,0,11,1
2,8,692117.0,-1.097075131604814,-0.8693272921435614,TIME_LIMIT,169370,0,0,20,11
2,8,692222.0,-1.0970731182651352,-0.8693272921435614,TIME_LIMIT,169403,0,0,12,6
2,8,692328.0,-1.0970731182651352,-0.8693272921435614,TIME_LIMIT,169425,0,0,7,15
2,8,692530.0,-1.0970447948544282,-0.8693272921435614,TIME_LIMIT,169465,0,0,11,7
2,8,692589.0,-1.0970447948544282,-0.8693272921435614,TIME_LIMIT,169487,0,0,18,11
2,8,692745.0,-1.0970241115760848,-0.8693272921435614,TIME_LIMIT,169522,0,0,18,7
2,8,692947.0,-1.0970241115760848,-0.8693272921435614,TIME_LIMIT,169553,0,0,13,12
2,8,693143.0,-1.0970226744187592,-0.8693272921435614,TIME_LIMIT,169585,0,0,23,11
2,8,693344.0,-1.0970226744187592,-0.8693272921435614,TIME_LIMIT,169614,0,0,17,16
2,8,693540.0,-1.0970205647550508,-0.8693272921435614,TIME_LIMIT,169648,0,0,12,7
2,8,693587.0,-1.0970205647550508,-0.8693272921435614,TIME_LIMIT,169663,0,0,9,9
2,8,693618.0,-1.096989632699275,-0.8693272921435614,TIME_LIMIT,169686,0,0,6,3
2,8,693673.0,-1.096989632699275,-0.8693272921435614,TIME_LIMIT,169705,0,0,14,11
2,8,693733.0,-1.0969806024381559,-0.8693272921435614,TIME_LIMIT,169736,0,0,14,5
2,8,693816.0,-1.0969806024381559,-0.8693272921435614,TIME_LIMIT,169759,0,0,6,7
2,8,693900.0,-1.0969528243838247,-0.8693272921435614,TIME_LIMIT,169791,0,0,19,9
2,8,693985.0,-1.0969528243838247,-0.8693272921435614,TIME_LIMIT,169814,0,0,17,13
2,8,694149.0,-1.0969455446779337,-0.8693272921435614,TIME_LIMIT,169855,0,0,19,9
2,8,694343.0,-1.0969455446779337,-0.8693272921435614,TIME_LIMIT,169882,0,0,22,24
2,8,694544.0,-1.096935492998501,-0.8693272921435614,TIME_LIMIT,169917,0,0,16,9
2,8,694614.0,-1.096935492998501,-0.8693272921435614,TIME_LIMIT,169935,0,0,10,3
2,8,694673.0,-1.0969275646544057,-0.8693272921435614,TIME_LIMIT,169959,0,0,14,2
2,8,694857.0,-1.0969275646544057,-0.8693272921435614,TIME_LIMIT,169981,0,0,19,10
2,8,695053.0,-1.096901932955422,-0.8693272921435614,TIME_LIMIT,170014,0,0,8,6
2,8,695183.0,-1.096901932955422,-0.8693272921435614,TIME_LIMIT,170036,0,0,17,19
2,8,695233.0,-1.096900947275952,-0.8693272921435614,TIME_LIMIT,170067,0,0,14,6
2,8,695367.0,-1.096900947275952,-0.8693272921435614,TIME_LIMIT,170090,0,0,21,18
2,8,695456.0,-1.0968964692606118,-0.8693272921435614,TIME_LIMIT,170125,0,0,15,7
2,8,695539.0,-1.0968964692606118,-0.8693272921435614,TIME_LIMIT,170146,0,0,15,8
2,8,695739.0,-1.0968886474028086,-0.8693272921435614,TIME_LIMIT,170174,0,0,9,5
2,8,695849.0,-1.0968886474028086,-0.8693272921435614,TIME_LIMIT,170192,0,0,6,8
2,8,695898.0,-1.0968802510058762,-0.8693272921435614,TIME_LIMIT,170219,0,0,9,4
2,8,696043.0,-1.0968802510058762,-0.8693272921435614,TIME_LIMIT,170245,0,0,19,17
2,8,696107.0,-1.09686672480949,-0.8693272921435614,TIME_LIMIT,170272,0,0,9,8
2,8,696303.0,-1.09686672480949,-0.8693272921435614,TIME_LIMIT,170292,0,0,7,4
2,8,696361.0,-1.0968600577205514,-0.8693272921435614,TIME_LIMIT,170308,0,0,12,8
2,8,696443.0,-1.0968600577205514,-0.8693272921435614,TIME_LIMIT,170326,0,0,10,18
2,8,696512.0,-1.0968599554139642,-0.8693272921435614,TIME_LIMIT,170353,0,0,12,5
2,8,696542.0,-1.0968599554139642,-0.8693272921435614,TIME_LIMIT,170369,0,0,9,9
2,8,696550.0,-1.0968598209342881,-0.8693272921435614,TIME_LIMIT,170381,0,0,3,1
2,8,696694.0,-1.0968598209342881,-0.8693272921435614,TIME_LIMIT,170407,0,0,15,11
2,8,696769.0,-1.0968413385789797,-0.8693272921435614,TIME_LIMIT,170437,0,0,13,9
2,8,696829.0,-1.0968413385789797,-0.8693272921435614,TIME_LIMIT,170449,0,0,14,17
2,8,696935.0,-1.0968361599082705,-0.8693272921435614,TIME_LIMIT,170479,0,0,6,2
2,8,697009.0,-1.0968361599082705,-0.8693272921435614,TIME_LIMIT,170502,0,0,5,6
2,8,697033.0,-1.0968346880293294,-0.8693272921435614,TIME_LIMIT,170517,0,0,5,4
2,8,697119.0,-1.0968346880293294,-0.8693272921435614,TIME_LIMIT,170534,0,0,12,10
2,8,697170.0,-1.0968290628221367,-0.8693272921435614,TIME_LIMIT,170557,0,0,6,5
2,8,697198.0,-1.0968290628221367,-0.8693272921435614,TIME_LIMIT,170573,0,0,17,4
2,8,697298.0,-1.0968151611723056,-0.8693272921435614,TIME_LIMIT,170602,0,0,12,10
2,8,697495.0,-1.0968151611723056,-0.8693272921435614,TIME_LIMIT,170629,0,0,19,18
2,8,697695.0,-1.0968133051016402,-0.8693272921435614,TIME_LIMIT,170668,0,0,14,13
2,8,697895.0,-1.0968133051016402,-0.8693272921435614,TIME_LIMIT,170693,0,0,14,17
2,8,698095.0,-1.0968069254761057,-0.8693272921435614,TIME_LIMIT,170722,0,0,19,7
2,8,698200.0,-1.0968069254761057,-0.8693272921435614,TIME_LIMIT,170751,0,0,15,31
2,8,698400.0,-1.096803878119129,-0.8693272921435614,TIME_LIMIT,170787,0,0,10,15
2,8,698561.0,-1.096803878119129,-0.8693272921435614,TIME_LIMIT,170809,0,0,12,15
2,8,698740.0,-1.0967603195093076,-0.8693272921435614,TIME_LIMIT,170845,0,0,6,6
2,8,698786.0,-1.0967603195093076,-0.8693272921435614,TIME_LIMIT,170861,0,0,11,27
2,8,698816.0,-1.0967564114840016,-0.8693272921435614,TIME_LIMIT,170880,0,0,9,8
2,8,698868.0,-1.0967564114840016,-0.8693272921435614,TIME_LIMIT,170901,0,0,15,6
2,8,698882.0,-1.0967306570772384,-0.8693272921435614,TIME_LIMIT,170914,0,0,6,2
2,8,698955.0,-1.0967306570772384,-0.8693272921435614,TIME_LIMIT,170935,0,0,20,22
2,8,699151.0,-1.0967070438015345,-0.8693272921435614,TIME_LIMIT,170968,0,0,15,9
2,8,699177.0,-1.0967070438015345,-0.8693272921435614,TIME_LIMIT,170988,0,0,11,8
2,8,699307.0,-1.096689772798459,-0.8693272921435614,TIME_LIMIT,171013,0,0,12,1
2,8,699458.0,-1.096689772798459,-0.8693272921435614,TIME_LIMIT,171037,0,0,20,14
2,8,699580.0,-1.0966597359672607,-0.8693272921435614,TIME_LIMIT,171069,0,0,15,11
2,8,699759.0,-1.0966597359672607,-0.8693272921435614,TIME_LIMIT,171092,0,0,18,9
2,8,699866.0,-1.0966458821805296,-0.8693272921435614,TIME_LIMIT,171117,0,0,7,1
2,8,699992.0,-1.0966458821805296,-0.8693272921435614,TIME_LIMIT,171136,0,0,16,19
2,8,700109.0,-1.0965810870620887,-0.8693272921435614,TIME_LIMIT,171173,0,0,17,8
2,8,700176.0,-1.0965810870620887,-0.8693272921435614,TIME_LIMIT,171192,0,0,17,13
2,8,700331.0,-1.0965726851630868,-0.8693272921435614,TIME_LIMIT,171226,0,0,17,7
2,8,700461.0,-1.0965726851630868,-0.8693272921435614,TIME_LIMIT,171249,0,0,19,19
2,8,700568.0,-1.0965547156313065,-0.8693272921435614,TIME_LIMIT,171278,0,0,13,10
2,8,700628.0,-1.0965547156313065,-0.8693272921435614,TIME_LIMIT,171301,0,0,18,9
2,8,700686.0,-1.0965447339544117,-0.8693272921435614,TIME_LIMIT,171318,0,0,10,3
2,8,700740.0,-1.0965447339544117,-0.8693272921435614,TIME_LIMIT,171334,0,0,11,9
2,8,700837.0,-1.096543598320625,-0.8693272921435614,TIME_LIMIT,171366,0,0,11,8
2,8,700883.0,-1.096543598320625,-0.8693272921435614,TIME_LIMIT,171388,0,0,11,7
2,8,700996.0,-1.0965183585437268,-0.8693272921435614,TIME_LIMIT,171421,0,0,16,10
2,8,701132.0,-1.0965183585437268,-0.8693272921435614,TIME_LIMIT,171443,0,0,13,10
2,8,701222.0,-1.0965169243116222,-0.8693272921435614,TIME_LIMIT,171473,0,0,12,11
2,8,701296.0,-1.0965169243116222,-0.8693272921435614,TIME_LIMIT,171495,0,0,14,10
2,8,701325.0,-1.096504529561689,-0.8693272921435614,TIME_LIMIT,171511,0,0,10,7
2,8,701523.0,-1.096504529561689,-0.8693272921435614,TIME_LIMIT,171534,0,0,11,14
2,8,701661.0,-1.0965034428028493,-0.8693272921435614,TIME_LIMIT,171568,0,0,16,7
2,8,701768.0,-1.0965034428028493,-0.8693272921435614,TIME_LIMIT,171596,0,0,15,6
2,8,701879.0,-1.0964950022721645,-0.8693272921435614,TIME_LIMIT,171625,0,0,13,17
2,8,701929.0,-1.0964950022721645,-0.8693272921435614,TIME_LIMIT,171646,0,0,10,2
2,8,701944.0,-1.0964804712895755,-0.8693272921435614,TIME_LIMIT,171657,0,0,6,7
2,8,702013.0,-1.0964804712895755,-0.8693272921435614,TIME_LIMIT,171680,0,0,23,23
2,8,702075.0,-1.096472996712458,-0.8693272921435614,TIME_LIMIT,171716,0,0,17,11
2,8,702271.0,-1.096472996712458,-0.8693272921435614,TIME_LIMIT,171739,0,0,24,18
2,8,702436.0,-1.096454927962335,-0.8693272921435614,TIME_LIMIT,171773,0,0,9,3
2,8,702573.0,-1.096454927962335,-0.8693272921435614,TIME_LIMIT,171794,0,0,14,14
2,8,702654.0,-1.0964491227920001,-0.8693272921435614,TIME_LIMIT,171824,0,0,11,6
2,8,702799.0,-1.0964491227920001,-0.8693272921435614,TIME_LIMIT,171849,0,0,20,11
2,8,702853.0,-1.09644324260838,-0.8693272921435614,TIME_LIMIT,171875,0,0,12,6
2,8,702914.0,-1.09644324260838,-0.8693272921435614,TIME_LIMIT,171895,0,0,10,13
2,8,702988.0,-1.0964342760303185,-0.8693272921435614,TIME_LIMIT,171923,0,0,14,5
2,8,703189.0,-1.0964342760303185,-0.8693272921435614,TIME_LIMIT,171948,0,0,20,34
2,8,703241.0,-1.0964339650660948,-0.8693272921435614,TIME_LIMIT,171977,0,0,11,5
2,8,703282.0,-1.0964339650660948,-0.8693272921435614,TIME_LIMIT,171990,0,0,12,16
2,8,703388.0,-1.0964246788480634,-0.8693272921435614,TIME_LIMIT,172018,0,0,10,6
2,8,703473.0,-1.0964246788480634,-0.8693272921435614,TIME_LIMIT,172043,0,0,15,15
2,8,703516.0,-1.0964184607159362,-0.8693272921435614,TIME_LIMIT,172069,0,0,11,4
2,8,703626.0,-1.0964184607159362,-0.8693272921435614,TIME_LIMIT,172094,0,0,11,9
2,8,703720.0,-1.0964120427970516,-0.8693272921435614,TIME_LIMIT,172126,0,0,15,10
2,8,703837.0,-1.0964120427970516,-0.8693272921435614,TIME_LIMIT,172151,0,0,12,15
2,8,703971.0,-1.0963930052131405,-0.8693272921435614,TIME_LIMIT,172185,0,0,15,15
2,8,704020.0,-1.0963930052131405,-0.8693272921435614,TIME_LIMIT,172204,0,0,16,10
2,8,704096.0,-1.0963504785753124,-0.8693272921435614,TIME_LIMIT,172227,0,0,10,4
2,8,704156.0,-1.0963504785753124,-0.8693272921435614,TIME_LIMIT,172249,0,0,13,9
2,8,704180.0,-1.0963468937710172,-0.8693272921435614,TIME_LIMIT,172265,0,0,9,7
2,8,704260.0,-1.0963468937710172,-0.8693272921435614,TIME_LIMIT,172287,0,0,22,12
2,8,704318.0,-1.0963426191986474,-0.8693272921435614,TIME_LIMIT,172320,0,0,6,4
2,8,704375.0,-1.0963426191986474,-0.8693272921435614,TIME_LIMIT,172342,0,0,15,11
2,8,704444.0,-1.0963313816020142,-0.8693272921435614,TIME_LIMIT,172369,0,0,12,5
2,8,704524.0,-1.0963313816020142,-0.8693272921435614,TIME_LIMIT,172394,0,0,21,17
2,8,704587.0,-1.0963187347257757,-0.8693272921435614,TIME_LIMIT,172417,0,0,17,10
2,8,704642.0,-1.0963187347257757,-0.8693272921435614,TIME_LIMIT,172432,0,0,21,8
2,8,704737.0,-1.0963182137929923,-0.8693272921435614,TIME_LIMIT,172464,0,0,13,9
2,8,704846.0,-1.0963182137929923,-0.8693272921435614,TIME_LIMIT,172490,0,0,16,10
2,8,704946.0,-1.0963131836774607,-0.8693272921435614,TIME_LIMIT,172525,0,0,17,8
2,8,705012.0,-1.0963131836774607,-0.8693272921435614,TIME_LIMIT,172548,0,0,8,17
2,8,705081.0,-1.096312733622963,-0.8693272921435614,TIME_LIMIT,172574,0,0,13,1
2,8,705250.0,-1.096312733622963,-0.8693272921435614,TIME_LIMIT,172601,0,0,21,15
2,8,705424.0,-1.096305498736725,-0.8693272921435614,TIME_LIMIT,172636,0,0,19,5
2,8,705604.0,-1.096305498736725,-0.8693272921435614,TIME_LIMIT,172658,0,0,16,26
2,8,705691.0,-1.096304048519173,-0.8693272921435614,TIME_LIMIT,172694,0,0,18,10
2,8,705844.0,-1.096304048519173,-0.8693272921435614,TIME_LIMIT,172717,0,0,15,19
2,8,706044.0,-1.0962987983590717,-0.8693272921435614,TIME_LIMIT,172749,0,0,13,7
2,8,706077.0,-1.0962987983590717,-0.8693272921435614,TIME_LIMIT,172766,0,0,10,4
2,8,706204.0,-1.0962495732553696,-0.8693272921435614,TIME_LIMIT,172796,0,0,7,7
2,8,706405.0,-1.0962495732553696,-0.8693272921435614,TIME_LIMIT,172816,0,0,16,12
2,8,706576.0,-1.0962279577707024,-0.8693272921435614,TIME_LIMIT,172850,0,0,14,8
2,8,706693.0,-1.0962279577707024,-0.8693272921435614,TIME_LIMIT,172874,0,0,18,16
2,8,706751.0,-1.096215896322924,-0.8693272921435614,TIME_LIMIT,172903,0,0,12,6
2,8,706953.0,-1.096215896322924,-0.8693272921435614,TIME_LIMIT,172929,0,0,11,9
2,8,707005.0,-1.096202933534206,-0.8693272921435614,TIME_LIMIT,172960,0,0,15,8
2,8,707093.0,-1.096202933534206,-0.8693272921435614,TIME_LIMIT,172983,0,0,16,32
2,8,707294.0,-1.0961988196460313,-0.8693272921435614,TIME_LIMIT,173019,0,0,22,9
2,8,707359.0,-1.0961988196460313,-0.8693272921435614,TIME_LIMIT,173043,0,0,14,7
2,8,707434.0,-1.0961818246526258,-0.8693272921435614,TIME_LIMIT,173073,0,0,11,9
2,8,707467.0,-1.0961818246526258,-0.8693272921435614,TIME_LIMIT,173087,0,0,16,6
2,8,707549.0,-1.0961427521736036,-0.8693272921435614,TIME_LIMIT,173111,0,0,10,4
2,8,707599.0,-1.0961427521736036,-0.8693272921435614,TIME_LIMIT,173131,0,0,14,5
2,8,707612.0,-1.096141191742756,-0.8693272921435614,TIME_LIMIT,173146,0,0,6,1
2,8,707809.0,-1.096141191742756,-0.8693272921435614,TIME_LIMIT,173178,0,0,15,13
2,8,707963.0,-1.0961362860569754,-0.8693272921435614,TIME_LIMIT,173209,0,0,23,13
2,8,708130.0,-1.0961362860569754,-0.8693272921435614,TIME_LIMIT,173235,0,0,9,12
2,8,708227.0,-1.0961305326154531,-0.8693272921435614,TIME_LIMIT,173261,0,0,18,19
2,8,708284.0,-1.0961305326154531,-0.8693272921435614,TIME_LIMIT,173281,0,0,19,11
2,8,708378.0,-1.096117532401736,-0.8693272921435614,TIME_LIMIT,173311,0,0,14,7
2,8,708440.0,-1.096117532401736,-0.8693272921435614,TIME_LIMIT,173327,0,0,13,9
2,8,708526.0,-1.096101827715427,-0.8693272921435614,TIME_LIMIT,173360,0,0,14,12
2,8,708591.0,-1.096101827715427,-0.8693272921435614,TIME_LIMIT,173380,0,0,9,5
2,8,708689.0,-1.0960989272556707,-0.8693272921435614,TIME_LIMIT,173407,0,0,10,7
2,8,708726.0,-1.0960989272556707,-0.8693272921435614,TIME_LIMIT,173426,0,0,20,7
2,8,708813.0,-1.0960793819663701,-0.8693272921435614,TIME_LIMIT,173458,0,0,13,9
2,8,709009.0,-1.0960793819663701,-0.8693272921435614,TIME_LIMIT,173479,0,0,20,19
2,8,709146.0,-1.0960658261752791,-0.8693272921435614,TIME_LIMIT,173510,0,0,17,6
2,8,709303.0,-1.0960658261752791,-0.8693272921435614,TIME_LIMIT,173527,0,0,21,18
2,8,709456.0,-1.0960483489418418,-0.8693272921435614,TIME_LIMIT,173561,0,0,15,9
2,8,709575.0,-1.0960483489418418,-0.8693272921435614,TIME_LIMIT,173589,0,0,24,9
2,8,709650.0,-1.0960408305474436,-0.8693272921435614,TIME_LIMIT,173617,0,0,16,7
2,8,709726.0,-1.0960408305474436,-0.8693272921435614,TIME_LIMIT,173634,0,0,12,10
2,8,709926.0,-1.0960183469087195,-0.8693272921435614,TIME_LIMIT,173662,0,0,12,8
2,8,709969.0,-1.0960183469087195,-0.8693272921435614,TIME_LIMIT,173676,0,0,11,12
2,8,710072.0,-1.09601072285654,-0.8693272921435614,TIME_LIMIT,173697,0,0,9,5
2,8,710158.0,-1.09601072285654,-0.8693272921435614,TIME_LIMIT,173720,0,0,15,7
2,8,710236.0,-1.095969797282532,-0.8693272921435614,TIME_LIMIT,173749,0,0,17,8
2,8,710319.0,-1.095969797282532,-0.8693272921435614,TIME_LIMIT,173766,0,0,12,9
2,8,710391.0,-1.095961834344338,-0.8693272921435614,TIME_LIMIT,173792,0,0,9,5
2,8,710513.0,-1.095961834344338,-0.8693272921435614,TIME_LIMIT,173813,0,0,17,14
2,8,710710.0,-1.095959726507679,-0.8693272921435614,TIME_LIMIT,173848,0,0,15,9
2,8,710758.0,-1.095959726507679,-0.8693272921435614,TIME_LIMIT,173867,0,0,14,6
2,8,710920.0,-1.0959388619170212,-0.8693272921435614,TIME_LIMIT,173900,0,0,16,4
2,8,710947.0,-1.0959388619170212,-0.8693272921435614,TIME_LIMIT,173918,0,0,14,11
2,8,710998.0,-1.095934325689124,-0.8693272921435614,TIME_LIMIT,173940,0,0,8,3
2,8,711059.0,-1.095934325689124,-0.8693272921435614,TIME_LIMIT,173966,0,0,22,17
2,8,711128.0,-1.0959281112331345,-0.8693272921435614,TIME_LIMIT,173996,0,0,13,6
2,8,711324.0,-1.0959281112331345,-0.8693272921435614,TIME_LIMIT,174032,0,0,21,27
2,8,711518.0,-1.0959099587553212,-0.8693272921435614,TIME_LIMIT,174070,0,0,14,7
2,8,711692.0,-1.0959099587553212,-0.8693272921435614,TIME_LIMIT,174097,0,0,17,7
2,8,711749.0,-1.09589044383887,-0.8693272921435614,TIME_LIMIT,174121,0,0,10,1
2,8,711855.0,-1.09589044383887,-0.8693272921435614,TIME_LIMIT,174138,0,0,11,9
2,8,711906.0,-1.0958530491791225,-0.8693272921435614,TIME_LIMIT,174161,0,0,3,4
2,8,711982.0,-1.0958530491791225,-0.8693272921435614,TIME_LIMIT,174177,0,0,8,7
2,8,712013.0,-1.0958476903692933,-0.8693272921435614,TIME_LIMIT,174192,0,0,3,1
2,8,712075.0,-1.0958476903692933,-0.8693272921435614,TIME_LIMIT,174211,0,0,12,10
2,8,712170.0,-1.0958457926296896,-0.8693272921435614,TIME_LIMIT,174245,0,0,14,9
2,8,712370.0,-1.0958457926296896,-0.8693272921435614,TIME_LIMIT,174265,0,0,14,11
2,8,712506.0,-1.0958375942887932,-0.8693272921435614,TIME_LIMIT,174296,0,0,11,9
2,8,712670.0,-1.0958375942887932,-0.8693272921435614,TIME_LIMIT,174319,0,0,14,11
2,8,712872.0,-1.0958353218384855,-0.8693272921435614,TIME_LIMIT,174351,0,0,14,8
2,8,713068.0,-1.0958353218384855,-0.8693272921435614,TIME_LIMIT,174379,0,0,8,18
2,8,713159.0,-1.0958313045361476,-0.8693272921435614,TIME_LIMIT,174413,0,0,13,19
2,8,713223.0,-1.0958313045361476,-0.8693272921435614,TIME_LIMIT,174430,0,0,10,6
2,8,713254.0,-1.095828596684341,-0.8693272921435614,TIME_LIMIT,174444,0,0,4,5
2,8,713290.0,-1.095828596684341,-0.8693272921435614,TIME_LIMIT,174460,0,0,7,5
2,8,713337.0,-1.095798522501454,-0.8693272921435614,TIME_LIMIT,174481,0,0,5,1
2,8,713369.0,-1.095798522501454,-0.8693272921435614,TIME_LIMIT,174500,0,0,12,10
2,8,713441.0,-1.095738408059193,-0.8693272921435614,TIME_LIMIT,174526,0,0,4,2
2,8,713644.0,-1.095738408059193,-0.8693272921435614,TIME_LIMIT,174549,0,0,16,23
2,8,713844.0,-1.0957244166497895,-0.8693272921435614,TIME_LIMIT,174578,0,0,10,7
2,8,713881.0,-1.0957244166497895,-0.8693272921435614,TIME_LIMIT,174595,0,0,18,23
2,8,714016.0,-1.095724343854524,-0.8693272921435614,TIME_LIMIT,174631,0,0,13,6
2,8,714212.0,-1.095724343854524,-0.8693272921435614,TIME_LIMIT,174648,0,0,19,17
2,8,714283.0,-1.0956882935056274,-0.8693272921435614,TIME_LIMIT,174677,0,0,14,3
2,8,714414.0,-1.0956882935056274,-0.8693272921435614,TIME_LIMIT,174704,0,0,17,8
2,8,714517.0,-1.095681977308467,-0.8693272921435614,TIME_LIMIT,174726,0,0,15,4
2,8,714632.0,-1.095681977308467,-0.8693272921435614,TIME_LIMIT,174750,0,0,15,16
2,8,714676.0,-1.0956694534612024,-0.8693272921435614,TIME_LIMIT,174774,0,0,11,3
2,8,714801.0,-1.0956694534612024,-0.8693272921435614,TIME_LIMIT,174800,0,0,27,21
2,8,715002.0,-1.0956683830489216,-0.8693272921435614,TIME_LIMIT,174831,0,0,11,9
2,8,715111.0,-1.0956683830489216,-0.8693272921435614,TIME_LIMIT,174855,0,0,19,16
2,8,715184.0,-1.0956493330426251,-0.8693272921435614,TIME_LIMIT,174874,0,0,6,9
2,8,715231.0,-1.0956493330426251,-0.8693272921435614,TIME_LIMIT,174888,0,0,3,6
2,8,715241.0,-1.0956270536339772,-0.8693272921435614,TIME_LIMIT,174900,0,0,5,2
2,8,715300.0,-1.0956270536339772,-0.8693272921435614,TIME_LIMIT,174914,0,0,8,13
2,8,715378.0,-1.0956265379748036,-0.8693272921435614,TIME_LIMIT,174938,0,0,9,4
2,8,715464.0,-1.0956265379748036,-0.8693272921435614,TIME_LIMIT,174961,0,0,9,12
2,8,715572.0,-1.0955912314119032,-0.8693272921435614,TIME_LIMIT,174987,0,0,8,8
2,8,715651.0,-1.0955912314119032,-0.8693272921435614,TIME_LIMIT,175010,0,0,15,21
2,8,715755.0,-1.095581453402603,-0.8693272921435614,TIME_LIMIT,175042,0,0,10,8
2,8,715948.0,-1.095581453402603,-0.8693272921435614,TIME_LIMIT,175066,0,0,19,14
2,8,716099.0,-1.095572364335569,-0.8693272921435614,TIME_LIMIT,175102,0,0,20,9
2,8,716216.0,-1.095572364335569,-0.8693272921435614,TIME_LIMIT,175130,0,0,21,13
2,8,716336.0,-1.0955680225972264,-0.8693272921435614,TIME_LIMIT,175161,0,0,13,6
2,8,716405.0,-1.0955680225972264,-0.8693272921435614,TIME_LIMIT,175177,0,0,12,9
2,8,716449.0,-1.0955673385799436,-0.8693272921435614,TIME_LIMIT,175202,0,0,12,3
2,8,716640.0,-1.0955673385799436,-0.8693272921435614,TIME_LIMIT,175225,0,0,21,23
2,8,716768.0,-1.0955447581291067,-0.8693272921435614,TIME_LIMIT,175258,0,0,14,8
2,8,716873.0,-1.0955447581291067,-0.8693272921435614,TIME_LIMIT,175284,0,0,15,9
2,8,716923.0,-1.0955351335167873,-0.8693272921435614,TIME_LIMIT,175303,0,0,8,3
2,8,717123.0,-1.0955351335167873,-0.8693272921435614,TIME_LIMIT,175329,0,0,14,13
2,8,717236.0,-1.0955237150422725,-0.8693272921435614,TIME_LIMIT,175361,0,0,14,12
2,8,717437.0,-1.0955237150422725,-0.8693272921435614,TIME_LIMIT,175390,0,0,24,23
2,8,717593.0,-1.0955116702973957,-0.8693272921435614,TIME_LIMIT,175431,0,0,14,15
2,8,717680.0,-1.0955116702973957,-0.8693272921435614,TIME_LIMIT,175448,0,0,17,11
2,8,717728.0,-1.0954996301405124,-0.8693272921435614,TIME_LIMIT,175468,0,0,10,6
2,8,717781.0,-1.0954996301405124,-0.8693272921435614,TIME_LIMIT,175485,0,0,12,7
2,8,717877.0,-1.0954679067023672,-0.8693272921435614,TIME_LIMIT,175518,0,0,12,10
2,8,717978.0,-1.0954679067023672,-0.8693272921435614,TIME_LIMIT,175539,0,0,13,10
2,8,718026.0,-1.0954607909761112,-0.8693272921435614,TIME_LIMIT,175561,0,0,8,6
2,8,718117.0,-1.0954607909761112,-0.8693272921435614,TIME_LIMIT,175585,0,0,15,11
2,8,718191.0,-1.0954580399056089,-0.8693272921435614,TIME_LIMIT,175616,0,0,7,7
2,8,718248.0,-1.0954580399056089,-0.8693272921435614,TIME_LIMIT,175639,0,0,18,11
2,8,718323.0,-1.0954422398636439,-0.8693272921435614,TIME_LIMIT,175670,0,0,12,5
2,8,718446.0,-1.0954422398636439,-0.8693272921435614,TIME_LIMIT,175691,0,0,14,13
2,8,718496.0,-1.095428465702113,-0.8693272921435614,TIME_LIMIT,175715,0,0,7,5
2,8,718549.0,-1.095428465702113,-0.8693272921435614,TIME_LIMIT,175728,0,0,9,9
2,8,718579.0,-1.0954245373233062,-0.8693272921435614,TIME_LIMIT,175748,0,0,9,2
2,8,718666.0,-1.0954245373233062,-0.8693272921435614,TIME_LIMIT,175768,0,0,12,17
2,8,718765.0,-1.0954191463646437,-0.8693272921435614,TIME_LIMIT,175796,0,0,12,5
2,8,718824.0,-1.0954191463646437,-0.8693272921435614,TIME_LIMIT,175815,0,0,14,10
2,8,718894.0,-1.09541909352497,-0.8693272921435614,TIME_LIMIT,175845,0,0,8,5
2,8,718931.0,-1.09541909352497,-0.8693272921435614,TIME_LIMIT,175865,0,0,8,9
2,8,718961.0,-1.0954164289818529,-0.8693272921435614,TIME_LIMIT,175879,0,0,7,2
2,8,719032.0,-1.0954164289818529,-0.8693272921435614,TIME_LIMIT,175901,0,0,25,12
2,8,719208.0,-1.0954030594406694,-0.8693272921435614,TIME_LIMIT,175941,0,0,10,4
2,8,719262.0,-1.0954030594406694,-0.8693272921435614,TIME_LIMIT,175960,0,0,13,6
2,8,719306.0,-1.095387390024397,-0.8693272921435614,TIME_LIMIT,175981,0,0,8,6
2,8,719348.0,-1.095387390024397,-0.8693272921435614,TIME_LIMIT,176003,0,0,11,14
2,8,719414.0,-1.0953631043704837,-0.8693272921435614,TIME_LIMIT,176028,0,0,7,10
2,8,719471.0,-1.0953631043704837,-0.8693272921435614,TIME_LIMIT,176054,0,0,21,10
2,8,719667.0,-1.0953237472185462,-0.8693272921435614,TIME_LIMIT,176076,0,0,14,11
2,8,719727.0,-1.0953237472185462,-0.8693272921435614,TIME_LIMIT,176098,0,0,25,19
2,8,719796.0,-1.0953179885326074,-0.8693272921435614,TIME_LIMIT,176124,0,0,17,7
2,8,719987.0,-1.0953179885326074,-0.8693272921435614,TIME_LIMIT,176148,0,0,20,17
2,8,720187.0,-1.0953171280319671,-0.8693272921435614,TIME_LIMIT,176188,0,0,22,10
2,8,720232.0,-1.0953171280319671,-0.8693272921435614,TIME_LIMIT,176199,0,0,8,15
2,8,720279.0,-1.0953155072820229,-0.8693272921435614,TIME_LIMIT,176219,0,0,9,3
2,8,720365.0,-1.0953155072820229,-0.8693272921435614,TIME_LIMIT,176239,0,0,11,7
2,8,720448.0,-1.0952985751513358,-0.8693272921435614,TIME_LIMIT,176264,0,0,8,10
2,8,720527.0,-1.0952985751513358,-0.8693272921435614,TIME_LIMIT,176283,0,0,20,11
2,8,720599.0,-1.095293841617792,-0.8693272921435614,TIME_LIMIT,176312,0,0,10,3
2,8,720693.0,-1.095293841617792,-0.8693272921435614,TIME_LIMIT,176335,0,0,10,7
2,8,720757.0,-1.095272686757724,-0.8693272921435614,TIME_LIMIT,176362,0,0,11,7
2,8,720810.0,-1.095272686757724,-0.8693272921435614,TIME_LIMIT,176383,0,0,8,5
2,8,720846.0,-1.0952659300738672,-0.8693272921435614,TIME_LIMIT,176392,0,0,8,3
2,8,721013.0,-1.0952659300738672,-0.8693272921435614,TIME_LIMIT,176414,0,0,12,7
2,8,721054.0,-1.0952590925910939,-0.8693272921435614,TIME_LIMIT,176429,0,0,11,3
2,8,721099.0,-1.0952590925910939,-0.8693272921435614,TIME_LIMIT,176448,0,0,11,4
2,8,721206.0,-1.0952520215051735,-0.8693272921435614,TIME_LIMIT,176474,0,0,6,6
2,8,721262.0,-1.0952520215051735,-0.8693272921435614,TIME_LIMIT,176494,0,0,15,20
2,8,721376.0,-1.0952426216538051,-0.8693272921435614,TIME_LIMIT,176522,0,0,12,9
2,8,721514.0,-1.0952426216538051,-0.8693272921435614,TIME_LIMIT,176548,0,0,21,15
2,8,721651.0,-1.0952397561788838,-0.8693272921435614,TIME_LIMIT,176585,0,0,16,6
2,8,721745.0,-1.0952397561788838,-0.8693272921435614,TIME_LIMIT,176605,0,0,12,19
2,8,721898.0,-1.095238184759732,-0.8693272921435614,TIME_LIMIT,176633,0,0,11,12
2,8,721975.0,-1.095238184759732,-0.8693272921435614,TIME_LIMIT,176655,0,0,10,6
2,8,722111.0,-1.0952079006831015,-0.8693272921435614,TIME_LIMIT,176681,0,0,9,8
2,8,722309.0,-1.0952079006831015,-0.8693272921435614,TIME_LIMIT,176703,0,0,29,12
2,8,722510.0,-1.0951991835371664,-0.8693272921435614,TIME_LIMIT,176738,0,0,7,5
2,8,722707.0,-1.0951991835371664,-0.8693272921435614,TIME_LIMIT,176761,0,0,21,21
2,8,722898.0,-1.0951942122434617,-0.8693272921435614,TIME_LIMIT,176799,0,0,15,10
2,8,722995.0,-1.0951942122434617,-0.8693272921435614,TIME_LIMIT,176825,0,0,20,10
2,8,723166.0,-1.09518800055016,-0.8693272921435614,TIME_LIMIT,176855,0,0,14,11
2,8,723198.0,-1.09518800055016,-0.8693272921435614,TIME_LIMIT,176873,0,0,16,11
2,8,723281.0,-1.0951866084122786,-0.8693272921435614,TIME_LIMIT,176898,0,0,11,7
2,8,723474.0,-1.0951866084122786,-0.8693272921435614,TIME_LIMIT,176923,0,0,16,18
2,8,723674.0,-1.0951829150812982,-0.8693272921435614,TIME_LIMIT,176956,0,0,16,11
2,8,723776.0,-1.0951829150812982,-0.8693272921435614,TIME_LIMIT,176979,0,0,17,13
2,8,723959.0,-1.0951816136113308,-0.8693272921435614,TIME_LIMIT,177015,0,0,11,5
2,8,724019.0,-1.0951816136113308,-0.8693272921435614,TIME_LIMIT,177037,0,0,20,12
2,8,724200.0,-1.095167594891922,-0.8693272921435614,TIME_LIMIT,177070,0,0,8,9
2,8,724228.0,-1.095167594891922,-0.8693272921435614,TIME_LIMIT,177092,0,0,11,7
2,8,724300.0,-1.0951357181474886,-0.8693272921435614,TIME_LIMIT,177119,0,0,8,5
2,8,724491.0,-1.0951357181474886,-0.8693272921435614,TIME_LIMIT,177141,0,0,19,13
2,8,724692.0,-1.0951318926294475,-0.8693272921435614,TIME_LIMIT,177174,0,0,12,5
2,8,724787.0,-1.0951318926294475,-0.8693272921435614,TIME_LIMIT,177199,0,0,15,15
2,8,724842.0,-1.0951220837261577,-0.8693272921435614,TIME_LIMIT,177217,0,0,15,3
2,8,724953.0,-1.0951220837261577,-0.8693272921435614,TIME_LIMIT,177240,0,0,21,12
2,8,725076.0,-1.0951143790488234,-0.8693272921435614,TIME_LIMIT,177276,0,0,14,12
2,8,725097.0,-1.0951143790488234,-0.8693272921435614,TIME_LIMIT,177294,0,0,10,8
2,8,725108.0,-1.0950933397310432,-0.8693272921435614,TIME_LIMIT,177308,0,0,9,4
2,8,725268.0,-1.0950933397310432,-0.8693272921435614,TIME_LIMIT,177334,0,0,23,32
2,8,725464.0,-1.095088549984292,-0.8693272921435614,TIME_LIMIT,177374,0,0,18,16
2,8,725526.0,-1.095088549984292,-0.8693272921435614,TIME_LIMIT,177394,0,0,20,5
2,8,725625.0,-1.0950859848002812,-0.8693272921435614,TIME_LIMIT,177429,0,0,16,10
2,8,725726.0,-1.0950859848002812,-0.8693272921435614,TIME_LIMIT,177449,0,0,13,12
2,8,725794.0,-1.0950751143001676,-0.8693272921435614,TIME_LIMIT,177474,0,0,9,7
2,8,725840.0,-1.0950751143001676,-0.8693272921435614,TIME_LIMIT,177492,0,0,10,7
2,8,725869.0,-1.0950479987500858,-0.8693272921435614,TIME_LIMIT,177512,0,0,8,6
2,8,725938.0,-1.0950479987500858,-0.8693272921435614,TIME_LIMIT,177531,0,0,11,4
2,8,725951.0,-1.0950300471333987,-0.8693272921435614,TIME_LIMIT,177543,0,0,6,9
2,8,726147.0,-1.0950300471333987,-0.8693272921435614,TIME_LIMIT,177571,0,0,23,32
2,8,726349.0,-1.0950219340561447,-0.8693272921435614,TIME_LIMIT,177593,0,0,16,23
2,8,726391.0,-1.0950219340561447,-0.8693272921435614,TIME_LIMIT,177614,0,0,8,4
2,8,726444.0,-1.095013639790941,-0.8693272921435614,TIME_LIMIT,177632,0,0,2,2
2,8,726582.0,-1.095013639790941,-0.8693272921435614,TIME_LIMIT,177658,0,0,24,16
2,8,726783.0,-1.095009008684014,-0.8693272921435614,TIME_LIMIT,177695,0,0,15,12
2,8,726980.0,-1.095009008684014,-0.8693272921435614,TIME_LIMIT,177719,0,0,11,15
2,8,727135.0,-1.095004767541096,-0.8693272921435614,TIME_LIMIT,177744,0,0,14,21
2,8,727220.0,-1.095004767541096,-0.8693272921435614,TIME_LIMIT,177768,0,0,13,6
2,8,727251.0,-1.0949943715375987,-0.8693272921435614,TIME_LIMIT,177785,0,0,6,3
2,8,727372.0,-1.0949943715375987,-0.8693272921435614,TIME_LIMIT,177808,0,0,20,18
2,8,727457.0,-1.0949792238219413,-0.8693272921435614,TIME_LIMIT,177836,0,0,7,7
2,8,727488.0,-1.0949792238219413,-0.8693272921435614,TIME_LIMIT,177851,0,0,15,14
2,8,727566.0,-1.094930925857601,-0.8693272921435614,TIME_LIMIT,177877,0,0,11,5
2,8,727614.0,-1.094930925857601,-0.8693272921435614,TIME_LIMIT,177894,0,0,14,12
2,8,727671.0,-1.0949287971543498,-0.8693272921435614,TIME_LIMIT,177921,0,0,12,7
2,8,727704.0,-1.0949287971543498,-0.8693272921435614,TIME_LIMIT,177946,0,0,18,7
2,8,727750.0,-1.0948942167226718,-0.8693272921435614,TIME_LIMIT,177965,0,0,10,7
2,8,727864.0,-1.0948942167226718,-0.8693272921435614,TIME_LIMIT,177986,0,0,19,11
2,8,727921.0,-1.0948764634304884,-0.8693272921435614,TIME_LIMIT,178015,0,0,12,8
2,8,728013.0,-1.0948764634304884,-0.8693272921435614,TIME_LIMIT,178037,0,0,16,10
2,8,728115.0,-1.094863570921931,-0.8693272921435614,TIME_LIMIT,178067,0,0,16,7
2,8,728316.0,-1.094863570921931,-0.8693272921435614,TIME_LIMIT,178093,0,0,8,23
2,8,728460.0,-1.0948272274120856,-0.8693272921435614,TIME_LIMIT,178128,0,0,12,13
2,8,728597.0,-1.0948272274120856,-0.8693272921435614,TIME_LIMIT,178147,0,0,11,22
2,8,728750.0,-1.094820699510398,-0.8693272921435614,TIME_LIMIT,178174,0,0,10,3
2,8,728820.0,-1.094820699510398,-0.8693272921435614,TIME_LIMIT,178196,0,0,17,9
2,8,728921.0,-1.094816860715818,-0.8693272921435614,TIME_LIMIT,178224,0,0,15,8
2,8,729032.0,-1.094816860715818,-0.8693272921435614,TIME_LIMIT,178244,0,0,19,21
2,8,729123.0,-1.0948037291707189,-0.8693272921435614,TIME_LIMIT,178266,0,0,14,7
2,8,729324.0,-1.0948037291707189,-0.8693272921435614,TIME_LIMIT,178296,0,0,23,6
2,8,729518.0,-1.094794681316505,-0.8693272921435614,TIME_LIMIT,178325,0,0,23,14
2,8,729573.0,-1.094794681316505,-0.8693272921435614,TIME_LIMIT,178345,0,0,14,12
2,8,729666.0,-1.094781399641745,-0.8693272921435614,TIME_LIMIT,178374,0,0,11,7
2,8,729877.0,-1.094781399641745,-0.8693272921435614,TIME_LIMIT,178410,0,0,9,19
2,8,730090.0,-1.0947794749726014,-0.8693272921435614,TIME_LIMIT,178446,0,0,18,10
2,8,730136.0,-1.0947794749726014,-0.8693272921435614,TIME_LIMIT,178459,0,0,12,4
2,8,730158.0,-1.094770297769772,-0.8693272921435614,TIME_LIMIT,178478,0,0,8,3
2,8,730367.0,-1.094770297769772,-0.8693272921435614,TIME_LIMIT,178505,0,0,22,29
2,8,730511.0,-1.094765393142276,-0.8693272921435614,TIME_LIMIT,178541,0,0,20,13
2,8,730591.0,-1.094765393142276,-0.8693272921435614,TIME_LIMIT,178556,0,0,16,19
2,8,730690.0,-1.0947640819761646,-0.8693272921435614,TIME_LIMIT,178587,0,0,4,4
2,8,730795.0,-1.0947640819761646,-0.8693272921435614,TIME_LIMIT,178611,0,0,19,23
2,8,730911.0,-1.094760725694047,-0.8693272921435614,TIME_LIMIT,178647,0,0,16,11
2,8,731117.0,-1.094760725694047,-0.8693272921435614,TIME_LIMIT,178666,0,0,9,8
2,8,731204.0,-1.09475623770315,-0.8693272921435614,TIME_LIMIT,178688,0,0,6,4
2,8,731298.0,-1.09475623770315,-0.8693272921435614,TIME_LIMIT,178712,0,0,17,14
2,8,731353.0,-1.094753748303479,-0.8693272921435614,TIME_LIMIT,178739,0,0,14,13
2,8,731431.0,-1.094753748303479,-0.8693272921435614,TIME_LIMIT,178761,0,0,5,10
2,8,731522.0,-1.0947461809794172,-0.8693272921435614,TIME_LIMIT,178794,0,0,15,10
2,8,731577.0,-1.0947461809794172,-0.8693272921435614,TIME_LIMIT,178813,0,0,15,9
2,8,731634.0,-1.0947461402301042,-0.8693272921435614,TIME_LIMIT,178840,0,0,11,5
2,8,731720.0,-1.0947461402301042,-0.8693272921435614,TIME_LIMIT,178865,0,0,14,10
2,8,731766.0,-1.0947413145663751,-0.8693272921435614,TIME_LIMIT,178883,0,0,9,7
2,8,731819.0,-1.0947413145663751,-0.8693272921435614,TIME_LIMIT,178904,0,0,13,10
2,8,731850.0,-1.0947350860050862,-0.8693272921435614,TIME_LIMIT,178919,0,0,12,6
2,8,731898.0,-1.0947350860050862,-0.8693272921435614,TIME_LIMIT,178936,0,0,9,8
2,8,731973.0,-1.0947286960065985,-0.8693272921435614,TIME_LIMIT,178962,0,0,11,5
2,8,732014.0,-1.0947286960065985,-0.8693272921435614,TIME_LIMIT,178978,0,0,9,6
2,8,732070.0,-1.0947033676287763,-0.8693272921435614,TIME_LIMIT,179005,0,0,9,2
2,8,732216.0,-1.0947033676287763,-0.8693272921435614,TIME_LIMIT,179030,0,0,20,20
2,8,732323.0,-1.094674884458436,-0.8693272921435614,TIME_LIMIT,179064,0,0,15,9
2,8,732393.0,-1.094674884458436,-0.8693272921435614,TIME_LIMIT,179081,0,0,14,5
2,8,732438.0,-1.0946391336136254,-0.8693272921435614,TIME_LIMIT,179104,0,0,7,1
2,8,732532.0,-1.0946391336136254,-0.8693272921435614,TIME_LIMIT,179126,0,0,15,19
2,8,732601.0,-1.0946130943890147,-0.8693272921435614,TIME_LIMIT,179148,0,0,7,3
2,8,732790.0,-1.0946130943890147,-0.8693272921435614,TIME_LIMIT,179174,0,0,15,21
2,8,732863.0,-1.094597427150871,-0.8693272921435614,TIME_LIMIT,179206,0,0,14,7
2,8,732943.0,-1.094597427150871,-0.8693272921435614,TIME_LIMIT,179230,0,0,12,8
2,8,733102.0,-1.094576164266524,-0.8693272921435614,TIME_LIMIT,179263,0,0,15,12
2,8,733277.0,-1.094576164266524,-0.8693272921435614,TIME_LIMIT,179285,0,0,8,8
2,8,733330.0,-1.094571810449287,-0.8693272921435614,TIME_LIMIT,179311,0,0,7,6
2,8,733424.0,-1.094571810449287,-0.8693272921435614,TIME_LIMIT,179332,0,0,19,8
2,8,733511.0,-1.0945519055920712,-0.8693272921435614,TIME_LIMIT,179359,0,0,12,4
2,8,733603.0,-1.0945519055920712,-0.8693272921435614,TIME_LIMIT,179376,0,0,19,5
2,8,733672.0,-1.0945335609838254,-0.8693272921435614,TIME_LIMIT,179401,0,0,12,6
2,8,733818.0,-1.0945335609838254,-0.8693272921435614,TIME_LIMIT,179422,0,0,15,7
2,8,733928.0,-1.0945177473826844,-0.8693272921435614,TIME_LIMIT,179451,0,0,8,11
2,8,733965.0,-1.0945177473826844,-0.8693272921435614,TIME_LIMIT,179470,0,0,16,12
2,8,734078.0,-1.094502262377763,-0.8693272921435614,TIME_LIMIT,179497,0,0,13,9
2,8,734221.0,-1.094502262377763,-0.8693272921435614,TIME_LIMIT,179521,0,0,26,18
2,8,734394.0,-1.0944972528423582,-0.8693272921435614,TIME_LIMIT,179560,0,0,8,6
2,8,734567.0,-1.0944972528423582,-0.8693272921435614,TIME_LIMIT,179588,0,0,19,9
2,8,734693.0,-1.0944837754672934,-0.8693272921435614,TIME_LIMIT,179614,0,0,15,8
2,8,734765.0,-1.0944837754672934,-0.8693272921435614,TIME_LIMIT,179637,0,0,15,11
2,8,734851.0,-1.0944521270145784,-0.8693272921435614,TIME_LIMIT,179665,0,0,16,7
2,8,734883.0,-1.0944521270145784,-0.8693272921435614,TIME_LIMIT,179682,0,0,11,12
2,8,734972.0,-1.0944363765328422,-0.8693272921435614,TIME_LIMIT,179709,0,0,14,2
2,8,735171.0,-1.0944363765328422,-0.8693272921435614,TIME_LIMIT,179731,0,0,17,7
2,8,735260.0,-1.0944241534504346,-0.8693272921435614,TIME_LIMIT,179766,0,0,18,7
2,8,735457.0,-1.0944241534504346,-0.8693272921435614,TIME_LIMIT,179796,0,0,8,28
2,8,735661.0,-1.0944186492291101,-0.8693272921435614,TIME_LIMIT,179828,0,0,12,16
2,8,735771.0,-1.0944186492291101,-0.8693272921435614,TIME_LIMIT,179849,0,0,13,13
2,8,735854.0,-1.0944150750032655,-0.8693272921435614,TIME_LIMIT,179881,0,0,10,10
2,8,735913.0,-1.0944150750032655,-0.8693272921435614,TIME_LIMIT,179897,0,0,9,3
2,8,735972.0,-1.0944120129724952,-0.8693272921435614,TIME_LIMIT,179918,0,0,5,7
2,8,736155.0,-1.0944120129724952,-0.8693272921435614,TIME_LIMIT,179945,0,0,17,16
2,8,736292.0,-1.0944119758061923,-0.8693272921435614,TIME_LIMIT,179981,0,0,12,8
2,8,736393.0,-1.0944119758061923,-0.8693272921435614,TIME_LIMIT,180000,0,0,17,16
2,8,736477.0,-1.0943938942807643,-0.8693272921435614,TIME_LIMIT,180029,0,0,13,4
2,8,736506.0,-1.0943938942807643,-0.8693272921435614,TIME_LIMIT,180039,0,0,8,9
2,8,736543.0,-1.0943882335427793,-0.8693272921435614,TIME_LIMIT,180060,0,0,9,3
2,8,736746.0,-1.0943882335427793,-0.8693272921435614,TIME_LIMIT,180086,0,0,22,16
2,8,736893.0,-1.0943881154803625,-0.8693272921435614,TIME_LIMIT,180126,0,0,18,9
2,8,736934.0,-1.0943881154803625,-0.8693272921435614,TIME_LIMIT,180143,0,0,5,1
2,8,736943.0,-1.0943841375549064,-0.8693272921435614,TIME_LIMIT,180154,0,0,3,3
2,8,737124.0,-1.0943841375549064,-0.8693272921435614,TIME_LIMIT,180179,0,0,19,22
2,8,737326.0,-1.094378061095675,-0.8693272921435614,TIME_LIMIT,180213,0,0,17,10
2,8,737428.0,-1.094378061095675,-0.8693272921435614,TIME_LIMIT,180236,0,0,10,26
2,8,737576.0,-1.0943741655600994,-0.8693272921435614,TIME_LIMIT,180268,0,0,13,6
2,8,737658.0,-1.0943741655600994,-0.8693272921435614,TIME_LIMIT,180296,0,0,24,10
2,8,737732.0,-1.0943733778155302,-0.8693272921435614,TIME_LIMIT,180319,0,0,17,5
2,8,737805.0,-1.0943733778155302,-0.8693272921435614,TIME_LIMIT,180336,0,0,4,4
2,8,737959.0,-1.094363951073285,-0.8693272921435614,TIME_LIMIT,180364,0,0,12,5
2,8,738087.0,-1.094363951073285,-0.8693272921435614,TIME_LIMIT,180385,0,0,10,17
2,8,738205.0,-1.0943565310370607,-0.8693272921435614,TIME_LIMIT,180424,0,0,17,13
2,8,738263.0,-1.0943565310370607,-0.8693272921435614,TIME_LIMIT,180448,0,0,8,21
2,8,738317.0,-1.0943547255350907,-0.8693272921435614,TIME_LIMIT,180474,0,0,8,9
2,8,738516.0,-1.0943547255350907,-0.8693272921435614,TIME_LIMIT,180500,0,0,27,24
2,8,738729.0,-1.0943377210726704,-0.8693272921435614,TIME_LIMIT,180533,0,0,12,7
2,8,738849.0,-1.0943377210726704,-0.8693272921435614,TIME_LIMIT,180553,0,0,18,17
2,8,738958.0,-1.0943359303508404,-0.8693272921435614,TIME_LIMIT,180581,0,0,11,3
2,8,739161.0,-1.0943359303508404,-0.8693272921435614,TIME_LIMIT,180600,0,0,21,20
2,8,739212.0,-1.0943248569711115,-0.8693272921435614,TIME_LIMIT,180633,0,0,16,7
2,8,739422.0,-1.0943248569711115,-0.8693272921435614,TIME_LIMIT,180656,0,0,21,20
2,8,739628.0,-1.094321120622594,-0.8693272921435614,TIME_LIMIT,180686,0,0,13,13
2,8,739753.0,-1.094321120622594,-0.8693272921435614,TIME_LIMIT,180709,0,0,10,20
2,8,739961.0,-1.094313202951231,-0.8693272921435614,TIME_LIMIT,180737,0,0,16,6
2,8,740151.0,-1.094313202951231,-0.8693272921435614,TIME_LIMIT,180765,0,0,17,10
2,8,740212.0,-1.0942969229926107,-0.8693272921435614,TIME_LIMIT,180789,0,0,18,12
2,8,740417.0,-1.0942969229926107,-0.8693272921435614,TIME_LIMIT,180807,0,0,11,17
2,8,740628.0,-1.094295318437216,-0.8693272921435614,TIME_LIMIT,180843,0,0,7,9
2,8,740678.0,-1.094295318437216,-0.8693272921435614,TIME_LIMIT,180866,0,0,16,10
2,8,740778.0,-1.0942670267335748,-0.8693272921435614,TIME_LIMIT,180894,0,0,9,10
2,8,740816.0,-1.0942670267335748,-0.8693272921435614,TIME_LIMIT,180913,0,0,9,6
2,8,740838.0,-1.0942618802920034,-0.8693272921435614,TIME_LIMIT,180929,0,0,5,8
2,8,740960.0,-1.0942618802920034,-0.8693272921435614,TIME_LIMIT,180944,0,0,17,13
2,8,741088.0,-1.0942575082705344,-0.8693272921435614,TIME_LIMIT,180974,0,0,13,8
2,8,741120.0,-1.0942575082705344,-0.8693272921435614,TIME_LIMIT,180992,0,0,13,10
2,8,741203.0,-1.0942418033269576,-0.8693272921435614,TIME_LIMIT,181019,0,0,13,4
2,8,741260.0,-1.0942418033269576,-0.8693272921435614,TIME_LIMIT,181038,0,0,16,4
2,8,741297.0,-1.0941960870653484,-0.8693272921435614,TIME_LIMIT,181053,0,0,11,7
2,8,741502.0,-1.0941960870653484,-0.8693272921435614,TIME_LIMIT,181074,0,0,17,13
2,8,741641.0,-1.0941809535622307,-0.8693272921435614,TIME_LIMIT,181105,0,0,14,7
2,8,741681.0,-1.0941809535622307,-0.8693272921435614,TIME_LIMIT,181128,0,0,16,5
2,8,741724.0,-1.0941779001499756,-0.8693272921435614,TIME_LIMIT,181140,0,0,10,5
2,8,741863.0,-1.0941779001499756,-0.8693272921435614,TIME_LIMIT,181162,0,0,18,9
2,8,741963.0,-1.0941263250918025,-0.8693272921435614,TIME_LIMIT,181198,0,0,15,11
2,8,742063.0,-1.0941263250918025,-0.8693272921435614,TIME_LIMIT,181220,0,0,12,14
2,8,742237.0,-1.0941214529170706,-0.8693272921435614,TIME_LIMIT,181253,0,0,10,9
2,8,742380.0,-1.0941214529170706,-0.8693272921435614,TIME_LIMIT,181274,0,0,16,12
2,8,742452.0,-1.0941145972105297,-0.8693272921435614,TIME_LIMIT,181309,0,0,14,6
2,8,742563.0,-1.0941145972105297,-0.8693272921435614,TIME_LIMIT,181336,0,0,16,5
2,8,742643.0,-1.0941070062360447,-0.8693272921435614,TIME_LIMIT,181352,0,0,8,7
2,8,742736.0,-1.0941070062360447,-0.8693272921435614,TIME_LIMIT,181372,0,0,16,8
2,8,742789.0,-1.0940984323057297,-0.8693272921435614,TIME_LIMIT,181393,0,0,7,3
2,8,742815.0,-1.0940984323057297,-0.8693272921435614,TIME_LIMIT,181410,0,0,17,8
2,8,742861.0,-1.0940852664670642,-0.8693272921435614,TIME_LIMIT,181439,0,0,13,9
2,8,742981.0,-1.0940852664670642,-0.8693272921435614,TIME_LIMIT,181460,0,0,20,10
2,8,743126.0,-1.0940800927431642,-0.8693272921435614,TIME_LIMIT,181496,0,0,19,9
2,8,743220.0,-1.0940800927431642,-0.8693272921435614,TIME_LIMIT,181517,0,0,15,9
2,8,743412.0,-1.0940726917561496,-0.8693272921435614,TIME_LIMIT,181551,0,0,15,8
2,8,743621.0,-1.0940726917561496,-0.8693272921435614,TIME_LIMIT,181572,0,0,10,20
2,8,743774.0,-1.0940634555297493,-0.8693272921435614,TIME_LIMIT,181610,0,0,15,6
2,8,743899.0,-1.0940634555297493,-0.8693272921435614,TIME_LIMIT,181637,0,0,9,9
2,8,744056.0,-1.0940603091814345,-0.8693272921435614,TIME_LIMIT,181672,0,0,16,8
2,8,744154.0,-1.0940603091814345,-0.8693272921435614,TIME_LIMIT,181693,0,0,18,12
2,8,744334.0,-1.094027683185844,-0.8693272921435614,TIME_LIMIT,181723,0,0,7,7
2,8,744386.0,-1.094027683185844,-0.8693272921435614,TIME_LIMIT,181742,0,0,13,16
2,8,744448.0,-1.0940092978312808,-0.8693272921435614,TIME_LIMIT,181770,0,0,15,7
2,8,744539.0,-1.0940092978312808,-0.8693272921435614,TIME_LIMIT,181794,0,0,13,8
2,8,744607.0,-1.0939989195253357,-0.8693272921435614,TIME_LIMIT,181819,0,0,10,5
2,8,744714.0,-1.0939989195253357,-0.8693272921435614,TIME_LIMIT,181843,0,0,15,20
2,8,744825.0,-1.0939892739644803,-0.8693272921435614,TIME_LIMIT,181880,0,0,19,13
2,8,745032.0,-1.0939892739644803,-0.8693272921435614,TIME_LIMIT,181906,0,0,17,14
2,8,745151.0,-1.0939779029801948,-0.8693272921435614,TIME_LIMIT,181931,0,0,18,10
2,8,745364.0,-1.0939779029801948,-0.8693272921435614,TIME_LIMIT,181947,0,0,21,23
2,8,745576.0,-1.0939763167596237,-0.8693272921435614,TIME_LIMIT,181983,0,0,16,9
2,8,745623.0,-1.0939763167596237,-0.8693272921435614,TIME_LIMIT,182001,0,0,18,25
2,8,745829.0,-1.0939665776398106,-0.8693272921435614,TIME_LIMIT,182037,0,0,17,12
2,8,746036.0,-1.0939665776398106,-0.8693272921435614,TIME_LIMIT,182061,0,0,10,23
2,8,746236.0,-1.0939644502007144,-0.8693272921435614,TIME_LIMIT,182096,0,0,17,6
2,8,746354.0,-1.0939644502007144,-0.8693272921435614,TIME_LIMIT,182117,0,0,13,7
2,8,746496.0,-1.093935059477531,-0.8693272921435614,TIME_LIMIT,182151,0,0,15,6
2,8,746702.0,-1.093935059477531,-0.8693272921435614,TIME_LIMIT,182177,0,0,17,11
2,8,746837.0,-1.0939335311638663,-0.8693272921435614,TIME_LIMIT,182208,0,0,17,5
2,8,746884.0,-1.0939335311638663,-0.8693272921435614,TIME_LIMIT,182226,0,0,21,17
2,8,747014.0,-1.093923389434624,-0.8693272921435614,TIME_LIMIT,182261,0,0,13,8
2,8,747217.0,-1.093923389434624,-0.8693272921435614,TIME_LIMIT,182280,0,0,18,13
2,8,747268.0,-1.0939051499398682,-0.8693272921435614,TIME_LIMIT,182308,0,0,10,5
2,8,747431.0,-1.0939051499398682,-0.8693272921435614,TIME_LIMIT,182329,0,0,24,21
2,8,747641.0,-1.0938774749830165,-0.8693272921435614,TIME_LIMIT,182372,0,0,22,13
2,8,747671.0,-1.0938774749830165,-0.8693272921435614,TIME_LIMIT,182385,0,0,4,10
2,8,747754.0,-1.093875040530794,-0.8693272921435614,TIME_LIMIT,182409,0,0,8,5
2,8,747844.0,-1.093875040530794,-0.8693272921435614,TIME_LIMIT,182429,0,0,16,7
2,8,747992.0,-1.0938519079579256,-0.8693272921435614,TIME_LIMIT,182465,0,0,13,5
2,8,748096.0,-1.0938519079579256,-0.8693272921435614,TIME_LIMIT,182493,0,0,20,21
2,8,748220.0,-1.093845587695131,-0.8693272921435614,TIME_LIMIT,182524,0,0,11,7
2,8,748250.0,-1.093845587695131,-0.8693272921435614,TIME_LIMIT,182540,0,0,11,8
2,8,748314.0,-1.0938356213121314,-0.8693272921435614,TIME_LIMIT,182561,0,0,12,3
2,8,748362.0,-1.0938356213121314,-0.8693272921435614,TIME_LIMIT,182576,0,0,10,6
2,8,748413.0,-1.0938220058061954,-0.8693272921435614,TIME_LIMIT,182606,0,0,8,2
2,8,748626.0,-1.0938220058061954,-0.8693272921435614,TIME_LIMIT,182638,0,0,22,21
2,8,748836.0,-1.093820930227175,-0.8693272921435614,TIME_LIMIT,182675,0,0,18,9
2,8,748926.0,-1.093820930227175,-0.8693272921435614,TIME_LIMIT,182695,0,0,15,12
2,8,749130.0,-1.0938180295439728,-0.8693272921435614,TIME_LIMIT,182724,0,0,9,10
2,8,749228.0,-1.0938180295439728,-0.8693272921435614,TIME_LIMIT,182743,0,0,17,8
2,8,749356.0,-1.093810962140074,-0.8693272921435614,TIME_LIMIT,182777,0,0,8,7
2,8,749563.0,-1.093810962140074,-0.8693272921435614,TIME_LIMIT,182799,0,0,22,27
2,8,749772.0,-1.0938034065136937,-0.8693272921435614,TIME_LIMIT,182831,0,0,7,9
2,8,749858.0,-1.0938034065136937,-0.8693272921435614,TIME_LIMIT,182853,0,0,16,18
2,8,749910.0,-1.0937760184915057,-0.8693272921435614,TIME_LIMIT,182879,0,0,13,4
2,8,749962.0,-1.0937760184915057,-0.8693272921435614,TIME_LIMIT,182893,0,0,9,9
2,8,750035.0,-1.0937718440126734,-0.8693272921435614,TIME_LIMIT,182918,0,0,6,6
2,8,750142.0,-1.0937718440126734,-0.8693272921435614,TIME_LIMIT,182942,0,0,16,20
2,8,750269.0,-1.0937398318007499,-0.8693272921435614,TIME_LIMIT,182983,0,0,15,6
2,8,750399.0,-1.0937398318007499,-0.8693272921435614,TIME_LIMIT,183005,0,0,11,8
2,8,750598.0,-1.0937281827271848,-0.8693272921435614,TIME_LIMIT,183030,0,0,11,7
2,8,750656.0,-1.0937281827271848,-0.8693272921435614,TIME_LIMIT,183046,0,0,12,28
2,8,750800.0,-1.0937250017468407,-0.8693272921435614,TIME_LIMIT,183079,0,0,17,10
2,8,750919.0,-1.0937250017468407,-0.8693272921435614,TIME_LIMIT,183110,0,0,16,15
2,8,751008.0,-1.0936992933154448,-0.8693272921435614,TIME_LIMIT,183136,0,0,10,11
2,8,751062.0,-1.0936992933154448,-0.8693272921435614,TIME_LIMIT,183152,0,0,10,10
2,8,751093.0,-1.093694939602018,-0.8693272921435614,TIME_LIMIT,183177,0,0,9,7
2,8,751144.0,-1.093694939602018,-0.8693272921435614,TIME_LIMIT,183195,0,0,17,13
2,8,751352.0,-1.0936935581068026,-0.8693272921435614,TIME_LIMIT,183227,0,0,13,9
2,8,751424.0,-1.0936935581068026,-0.8693272921435614,TIME_LIMIT,183246,0,0,12,17
2,8,751635.0,-1.093662239373794,-0.8693272921435614,TIME_LIMIT,183280,0,0,13,7
2,8,751768.0,-1.093662239373794,-0.8693272921435614,TIME_LIMIT,183310,0,0,21,7
2,8,751980.0,-1.093659080638096,-0.8693272921435614,TIME_LIMIT,183346,0,0,13,16
2,8,752059.0,-1.093659080638096,-0.8693272921435614,TIME_LIMIT,183365,0,0,19,12
2,8,752195.0,-1.0936296944349095,-0.8693272921435614,TIME_LIMIT,183402,0,0,21,3
2,8,752342.0,-1.0936296944349095,-0.8693272921435614,TIME_LIMIT,183428,0,0,21,25
2,8,752543.0,-1.093619107511795,-0.8693272921435614,TIME_LIMIT,183469,0,0,20,5
2,8,752578.0,-1.093619107511795,-0.8693272921435614,TIME_LIMIT,183488,0,0,15,5
2,8,752644.0,-1.093618766208841,-0.8693272921435614,TIME_LIMIT,183504,0,0,12,9
2,8,752827.0,-1.093618766208841,-0.8693272921435614,TIME_LIMIT,183525,0,0,21,20
2,8,752983.0,-1.0936185654445596,-0.8693272921435614,TIME_LIMIT,183563,0,0,17,7
2,8,753090.0,-1.0936185654445596,-0.8693272921435614,TIME_LIMIT,183592,0,0,19,22
2,8,753189.0,-1.0936104271703653,-0.8693272921435614,TIME_LIMIT,183613,0,0,18,9
2,8,753297.0,-1.0936104271703653,-0.8693272921435614,TIME_LIMIT,183632,0,0,15,21
2,8,753439.0,-1.0936022707942938,-0.8693272921435614,TIME_LIMIT,183666,0,0,16,14
2,8,753617.0,-1.0936022707942938,-0.8693272921435614,TIME_LIMIT,183685,0,0,11,14
2,8,753743.0,-1.0935994906288502,-0.8693272921435614,TIME_LIMIT,183721,0,0,8,4
2,8,753799.0,-1.0935994906288502,-0.8693272921435614,TIME_LIMIT,183740,0,0,14,12
2,8,753835.0,-1.0935758326121703,-0.8693272921435614,TIME_LIMIT,183758,0,0,6,2
2,8,753940.0,-1.0935758326121703,-0.8693272921435614,TIME_LIMIT,183774,0,0,16,16
2,8,754143.0,-1.0935692837425686,-0.8693272921435614,TIME_LIMIT,183809,0,0,15,7
2,8,754225.0,-1.0935692837425686,-0.8693272921435614,TIME_LIMIT,183832,0,0,19,15
2,8,754279.0,-1.0935684836467832,-0.8693272921435614,TIME_LIMIT,183864,0,0,17,6
2,8,754485.0,-1.0935684836467832,-0.8693272921435614,TIME_LIMIT,183887,0,0,14,7
2,8,754554.0,-1.0935635422719248,-0.8693272921435614,TIME_LIMIT,183912,0,0,4,5
2,8,754590.0,-1.0935635422719248,-0.8693272921435614,TIME_LIMIT,183928,0,0,13,10
2,8,754661.0,-1.0935586424746517,-0.8693272921435614,TIME_LIMIT,183954,0,0,12,3
2,8,754722.0,-1.0935586424746517,-0.8693272921435614,TIME_LIMIT,183977,0,0,18,17
2,8,754928.0,-1.0935248270302056,-0.8693272921435614,TIME_LIMIT,184011,0,0,16,9
2,8,755037.0,-1.0935248270302056,-0.8693272921435614,TIME_LIMIT,184036,0,0,14,7
2,8,755201.0,-1.093522191246517,-0.8693272921435614,TIME_LIMIT,184070,0,0,13,10
2,8,755273.0,-1.093522191246517,-0.8693272921435614,TIME_LIMIT,184094,0,0,11,7
2,8,755310.0,-1.0935179438547564,-0.8693272921435614,TIME_LIMIT,184112,0,0,10,5
2,8,755421.0,-1.0935179438547564,-0.8693272921435614,TIME_LIMIT,184136,0,0,23,39
2,8,755625.0,-1.0934938110538752,-0.8693272921435614,TIME_LIMIT,184169,0,0,18,6
2,8,755836.0,-1.0934938110538752,-0.8693272921435614,TIME_LIMIT,184194,0,0,19,21
2,8,756046.0,-1.0934827389992483,-0.8693272921435614,TIME_LIMIT,184237,0,0,16,8
2,8,756242.0,-1.0934827389992483,-0.8693272921435614,TIME_LIMIT,184256,0,0,23,16
2,8,756452.0,-1.0934696043249885,-0.8693272921435614,TIME_LIMIT,184291,0,0,11,7
2,8,756656.0,-1.0934696043249885,-0.8693272921435614,TIME_LIMIT,184315,0,0,19,13
2,8,756735.0,-1.09346129838365,-0.8693272921435614,TIME_LIMIT,184345,0,0,13,8
2,8,756765.0,-1.09346129838365,-0.8693272921435614,TIME_LIMIT,184361,0,0,9,6
2,8,756962.0,-1.0934555209032255,-0.8693272921435614,TIME_LIMIT,184398,0,0,18,8
2,8,757026.0,-1.0934555209032255,-0.8693272921435614,TIME_LIMIT,184418,0,0,15,15
2,8,757210.0,-1.0934426561601736,-0.8693272921435614,TIME_LIMIT,184449,0,0,15,9
2,8,757278.0,-1.0934426561601736,-0.8693272921435614,TIME_LIMIT,184472,0,0,23,15
2,8,757355.0,-1.0934262856525825,-0.8693272921435614,TIME_LIMIT,184500,0,0,10,7
2,8,757400.0,-1.0934262856525825,-0.8693272921435614,TIME_LIMIT,184520,0,0,7,9
2,8,757448.0,-1.0933992047081182,-0.8693272921435614,TIME_LIMIT,184546,0,0,9,6
2,8,757479.0,-1.0933992047081182,-0.8693272921435614,TIME_LIMIT,184567,0,0,11,4
2,8,757507.0,-1.0933898517431153,-0.8693272921435614,TIME_LIMIT,184585,0,0,11,5
2,8,757650.0,-1.0933898517431153,-0.8693272921435614,TIME_LIMIT,184607,0,0,15,21
2,8,757855.0,-1.0933883452441195,-0.8693272921435614,TIME_LIMIT,184650,0,0,13,6
2,8,758067.0,-1.0933883452441195,-0.8693272921435614,TIME_LIMIT,184669,0,0,21,18
2,8,758211.0,-1.0933686003648129,-0.8693272921435614,TIME_LIMIT,184700,0,0,14,4
2,8,758247.0,-1.0933686003648129,-0.8693272921435614,TIME_LIMIT,184712,0,0,12,11
2,8,758311.0,-1.0933370327258944,-0.8693272921435614,TIME_LIMIT,184736,0,0,8,2
2,8,758429.0,-1.0933370327258944,-0.8693272921435614,TIME_LIMIT,184762,0,0,25,10
2,8,758635.0,-1.0933155015960316,-0.8693272921435614,TIME_LIMIT,184797,0,0,16,12
2,8,758843.0,-1.0933155015960316,-0.8693272921435614,TIME_LIMIT,184826,0,0,27,21
2,8,759016.0,-1.0932877678574933,-0.8693272921435614,TIME_LIMIT,184864,0,0,18,9
2,8,759073.0,-1.0932877678574933,-0.8693272921435614,TIME_LIMIT,184879,0,0,10,12
2,8,759138.0,-1.093280900078495,-0.8693272921435614,TIME_LIMIT,184907,0,0,9,1
2,8,759238.0,-1.093280900078495,-0.8693272921435614,TIME_LIMIT,184931,0,0,19,13
2,8,759450.0,-1.0932524168078905,-0.8693272921435614,TIME_LIMIT,184967,0,0,15,13
2,8,759574.0,-1.0932524168078905,-0.8693272921435614,TIME_LIMIT,184989,0,0,20,20
2,8,759632.0,-1.09324828235955,-0.8693272921435614,TIME_LIMIT,185020,0,0,14,6
2,8,759715.0,-1.09324828235955,-0.8693272921435614,TIME_LIMIT,185049,0,0,19,13
2,8,759799.0,-1.0932408110480787,-0.8693272921435614,TIME_LIMIT,185079,0,0,16,8
2,8,759857.0,-1.0932408110480787,-0.8693272921435614,TIME_LIMIT,185096,0,0,11,6
2,8,759902.0,-1.0932293849966563,-0.8693272921435614,TIME_LIMIT,185117,0,0,12,1
2,8,759960.0,-1.0932293849966563,-0.8693272921435614,TIME_LIMIT,185135,0,0,10,16
2,8,760117.0,-1.0932065846202992,-0.8693272921435614,TIME_LIMIT,185163,0,0,9,5
2,8,760204.0,-1.0932065846202992,-0.8693272921435614,TIME_LIMIT,185183,0,0,19,21
2,8,760350.0,-1.0931837151576178,-0.8693272921435614,TIME_LIMIT,185209,0,0,20,7
2,8,760558.0,-1.0931837151576178,-0.8693272921435614,TIME_LIMIT,185234,0,0,21,14
2,8,760653.0,-1.0931803157179742,-0.8693272921435614,TIME_LIMIT,185258,0,0,17,14
2,8,760857.0,-1.0931803157179742,-0.8693272921435614,TIME_LIMIT,185283,0,0,23,23
2,8,761068.0,-1.0931657254330278,-0.8693272921435614,TIME_LIMIT,185319,0,0,19,20
2,8,761184.0,-1.0931657254330278,-0.8693272921435614,TIME_LIMIT,185343,0,0,16,13
2,8,761245.0,-1.0931645451879577,-0.8693272921435614,TIME_LIMIT,185373,0,0,12,10
2,8,761365.0,-1.0931645451879577,-0.8693272921435614,TIME_LIMIT,185405,0,0,19,7
2,8,761458.0,-1.0931574374100164,-0.8693272921435614,TIME_LIMIT,185425,0,0,16,15
2,8,761530.0,-1.0931574374100164,-0.8693272921435614,TIME_LIMIT,185448,0,0,10,4
2,8,761562.0,-1.0931552802837043,-0.8693272921435614,TIME_LIMIT,185468,0,0,12,10
2,8,761665.0,-1.0931552802837043,-0.8693272921435614,TIME_LIMIT,185494,0,0,15,9
2,8,761760.0,-1.0931184200953283,-0.8693272921435614,TIME_LIMIT,185520,0,0,16,6
2,8,761971.0,-1.0931184200953283,-0.8693272921435614,TIME_LIMIT,185550,0,0,10,34
2,8,762181.0,-1.0930929708816932,-0.8693272921435614,TIME_LIMIT,185585,0,0,11,9
2,8,762226.0,-1.0930929708816932,-0.8693272921435614,TIME_LIMIT,185606,0,0,16,11
2,8,762334.0,-1.0930861362941777,-0.8693272921435614,TIME_LIMIT,185639,0,0,18,8
2,8,762403.0,-1.0930861362941777,-0.8693272921435614,TIME_LIMIT,185658,0,0,11,8
2,8,762505.0,-1.0930694684972229,-0.8693272921435614,TIME_LIMIT,185689,0,0,9,7
2,8,762533.0,-1.0930694684972229,-0.8693272921435614,TIME_LIMIT,185701,0,0,10,10
2,8,762610.0,-1.0930649735545854,-0.8693272921435614,TIME_LIMIT,185726,0,0,11,7
2,8,762817.0,-1.0930649735545854,-0.8693272921435614,TIME_LIMIT,185742,0,0,18,13
2,8,762883.0,-1.0930625004081431,-0.8693272921435614,TIME_LIMIT,185771,0,0,11,6
2,8,762962.0,-1.0930625004081431,-0.8693272921435614,TIME_LIMIT,185795,0,0,18,14
2,8,763177.0,-1.093043043251333,-0.8693272921435614,TIME_LIMIT,185825,0,0,9,15
2,8,763312.0,-1.093043043251333,-0.8693272921435614,TIME_LIMIT,185850,0,0,21,10
2,8,763364.0,-1.0930421789327127,-0.8693272921435614,TIME_LIMIT,185874,0,0,11,6
2,8,763412.0,-1.0930421789327127,-0.8693272921435614,TIME_LIMIT,185896,0,0,15,7
2,8,763443.0,-1.0930374159225429,-0.8693272921435614,TIME_LIMIT,185917,0,0,7,8
2,8,763485.0,-1.0930374159225429,-0.8693272921435614,TIME_LIMIT,185931,0,0,15,7
2,8,763560.0,-1.0930254373080583,-0.8693272921435614,TIME_LIMIT,185956,0,0,5,1
2,8,763743.0,-1.0930254373080583,-0.8693272921435614,TIME_LIMIT,185976,0,0,16,19
2,8,763948.0,-1.0930054138185898,-0.8693272921435614,TIME_LIMIT,186011,0,0,14,12
2,8,764127.0,-1.0930054138185898,-0.8693272921435614,TIME_LIMIT,186035,0,0,21,11
2,8,764337.0,-1.0929719790740107,-0.8693272921435614,TIME_LIMIT,186075,0,0,17,13
2,8,764408.0,-1.0929719790740107,-0.8693272921435614,TIME_LIMIT,186097,0,0,19,16
2,8,764549.0,-1.0929703348105844,-0.8693272921435614,TIME_LIMIT,186130,0,0,15,7
2,8,764630.0,-1.0929703348105844,-0.8693272921435614,TIME_LIMIT,186150,0,0,11,7
2,8,764796.0,-1.0929652479588707,-0.8693272921435614,TIME_LIMIT,186175,0,0,11,11
2,8,764906.0,-1.0929652479588707,-0.8693272921435614,TIME_LIMIT,186192,0,0,19,11
2,8,764975.0,-1.092957792505529,-0.8693272921435614,TIME_LIMIT,186221,0,0,12,9
2,8,765176.0,-1.092957792505529,-0.8693272921435614,TIME_LIMIT,186247,0,0,17,13
2,8,765378.0,-1.0929457266857274,-0.8693272921435614,TIME_LIMIT,186273,0,0,20,5
2,8,765523.0,-1.0929457266857274,-0.8693272921435614,TIME_LIMIT,186292,0,0,25,18
2,8,765601.0,-1.0929452183821553,-0.8693272921435614,TIME_LIMIT,186325,0,0,16,6
2,8,765727.0,-1.0929452183821553,-0.8693272921435614,TIME_LIMIT,186345,0,0,20,18
2,8,765935.0,-1.0929167359767589,-0.8693272921435614,TIME_LIMIT,186380,0,0,17,12
2,8,765999.0,-1.0929167359767589,-0.8693272921435614,TIME_LIMIT,186398,0,0,15,6
2,8,766075.0,-1.0928870417407404,-0.8693272921435614,TIME_LIMIT,186427,0,0,15,7
2,8,766218.0,-1.0928870417407404,-0.8693272921435614,TIME_LIMIT,186454,0,0,17,17
2,8,766427.0,-1.0928739185254206,-0.8693272921435614,TIME_LIMIT,186492,0,0,17,9
2,8,766636.0,-1.0928739185254206,-0.8693272921435614,TIME_LIMIT,186515,0,0,11,20
2,8,766792.0,-1.0928675815979643,-0.8693272921435614,TIME_LIMIT,186553,0,0,19,12
2,8,766938.0,-1.0928675815979643,-0.8693272921435614,TIME_LIMIT,186579,0,0,13,20
2,8,767022.0,-1.092866690345533,-0.8693272921435614,TIME_LIMIT,186597,0,0,19,11
2,8,767101.0,-1.092866690345533,-0.8693272921435614,TIME_LIMIT,186620,0,0,20,19
2,8,767208.0,-1.092865634532942,-0.8693272921435614,TIME_LIMIT,186654,0,0,12,9
2,8,767407.0,-1.092865634532942,-0.8693272921435614,TIME_LIMIT,186679,0,0,18,14
2,8,767504.0,-1.0928647023415898,-0.8693272921435614,TIME_LIMIT,186697,0,0,14,9
2,8,767583.0,-1.0928647023415898,-0.8693272921435614,TIME_LIMIT,186723,0,0,12,4
2,8,767622.0,-1.0928602955582596,-0.8693272921435614,TIME_LIMIT,186744,0,0,12,10
2,8,767694.0,-1.0928602955582596,-0.8693272921435614,TIME_LIMIT,186765,0,0,17,12
2,8,767815.0,-1.0928585597356157,-0.8693272921435614,TIME_LIMIT,186794,0,0,10,11
2,8,768025.0,-1.0928585597356157,-0.8693272921435614,TIME_LIMIT,186820,0,0,9,19
2,8,768121.0,-1.0928299306281346,-0.8693272921435614,TIME_LIMIT,186845,0,0,11,13
2,8,768253.0,-1.0928299306281346,-0.8693272921435614,TIME_LIMIT,186880,0,0,22,10
2,8,768449.0,-1.0928224059236253,-0.8693272921435614,TIME_LIMIT,186907,0,0,19,13
2,8,768482.0,-1.0928224059236253,-0.8693272921435614,TIME_LIMIT,186921,0,0,16,10
2,8,768570.0,-1.0928104286417235,-0.8693272921435614,TIME_LIMIT,186950,0,0,11,5
2,8,768775.0,-1.0928104286417235,-0.8693272921435614,TIME_LIMIT,186974,0,0,21,33
2,8,768979.0,-1.0927976585030668,-0.8693272921435614,TIME_LIMIT,187006,0,0,13,8
2,8,769031.0,-1.0927976585030668,-0.8693272921435614,TIME_LIMIT,187023,0,0,8,8
2,8,769199.0,-1.0927674731300854,-0.8693272921435614,TIME_LIMIT,187056,0,0,13,6
2,8,769312.0,-1.0927674731300854,-0.8693272921435614,TIME_LIMIT,187081,0,0,16,13
2,8,769518.0,-1.0927363837968098,-0.8693272921435614,TIME_LIMIT,187117,0,0,20,5
2,8,769644.0,-1.0927363837968098,-0.8693272921435614,TIME_LIMIT,187144,0,0,24,39
2,8,769857.0,-1.0927296399801856,-0.8693272921435614,TIME_LIMIT,187181,0,0,18,6
2,8,769884.0,-1.0927296399801856,-0.8693272921435614,TIME_LIMIT,187196,0,0,13,18
2,8,769989.0,-1.092726462110212,-0.8693272921435614,TIME_LIMIT,187225,0,0,11,5
2,8,770197.0,-1.092726462110212,-0.8693272921435614,TIME_LIMIT,187245,0,0,17,12
2,8,770303.0,-1.0927250975582528,-0.8693272921435614,TIME_LIMIT,187273,0,0,13,5
2,8,770449.0,-1.0927250975582528,-0.8693272921435614,TIME_LIMIT,187294,0,0,14,12
2,8,770518.0,-1.0927144272481573,-0.8693272921435614,TIME_LIMIT,187322,0,0,14,7
2,8,770636.0,-1.0927144272481573,-0.8693272921435614,TIME_LIMIT,187347,0,0,15,6
2,8,770719.0,-1.092703691467552,-0.8693272921435614,TIME_LIMIT,187365,0,0,11,5
2,8,770881.0,-1.092703691467552,-0.8693272921435614,TIME_LIMIT,187388,0,0,14,2
2,8,770952.0,-1.0926958205083355,-0.8693272921435614,TIME_LIMIT,187411,0,0,10,8
2,8,771098.0,-1.0926958205083355,-0.8693272921435614,TIME_LIMIT,187434,0,0,11,13
2,8,771180.0,-1.0926873052655095,-0.8693272921435614,TIME_LIMIT,187465,0,0,15,6
2,8,771241.0,-1.0926873052655095,-0.8693272921435614,TIME_LIMIT,187483,0,0,18,14
2,8,771330.0,-1.0926619021130435,-0.8693272921435614,TIME_LIMIT,187510,0,0,13,5
2,8,771543.0,-1.0926619021130435,-0.8693272921435614,TIME_LIMIT,187538,0,0,19,22
2,8,771745.0,-1.092649152512553,-0.8693272921435614,TIME_LIMIT,187570,0,0,9,10
2,8,771793.0,-1.092649152512553,-0.8693272921435614,TIME_LIMIT,187587,0,0,7,8
2,8,771826.0,-1.0926329055793713,-0.8693272921435614,TIME_LIMIT,187608,0,0,6,3
2,8,771913.0,-1.0926329055793713,-0.8693272921435614,TIME_LIMIT,187628,0,0,17,16
2,8,771994.0,-1.0926283449362078,-0.8693272921435614,TIME_LIMIT,187655,0,0,8,7
2,8,772165.0,-1.0926283449362078,-0.8693272921435614,TIME_LIMIT,187681,0,0,8,23
2,8,772286.0,-1.092628331298362,-0.8693272921435614,TIME_LIMIT,187718,0,0,12,15
2,8,772315.0,-1.092628331298362,-0.8693272921435614,TIME_LIMIT,187735,0,0,14,5
2,8,772406.0,-1.092588875799779,-0.8693272921435614,TIME_LIMIT,187761,0,0,8,6
2,8,772605.0,-1.092588875799779,-0.8693272921435614,TIME_LIMIT,187788,0,0,20,26
2,8,772817.0,-1.0925825692032447,-0.8693272921435614,TIME_LIMIT,187826,0,0,17,13
2,8,772899.0,-1.0925825692032447,-0.8693272921435614,TIME_LIMIT,187850,0,0,19,17
2,8,773057.0,-1.0925666484586005,-0.8693272921435614,TIME_LIMIT,187885,0,0,11,14
2,8,773113.0,-1.0925666484586005,-0.8693272921435614,TIME_LIMIT,187903,0,0,17,3
2,8,773151.0,-1.0925469803664285,-0.8693272921435614,TIME_LIMIT,187927,0,0,11,8
2,8,773256.0,-1.0925469803664285,-0.8693272921435614,TIME_LIMIT,187952,0,0,15,8
2,8,773297.0,-1.0925278966642875,-0.8693272921435614,TIME_LIMIT,187970,0,0,11,4
2,8,773356.0,-1.0925278966642875,-0.8693272921435614,TIME_LIMIT,187992,0,0,15,12
2,8,773386.0,-1.092501951903119,-0.8693272921435614,TIME_LIMIT,188015,0,0,11,3
2,8,773423.0,-1.092501951903119,-0.8693272921435614,TIME_LIMIT,188033,0,0,14,6
2,8,773463.0,-1.0924997664444132,-0.8693272921435614,TIME_LIMIT,188053,0,0,5,2
2,8,773667.0,-1.0924997664444132,-0.8693272921435614,TIME_LIMIT,188075,0,0,18,8
2,8,773747.0,-1.092495236274728,-0.8693272921435614,TIME_LIMIT,188098,0,0,10,6
2,8,773801.0,-1.092495236274728,-0.8693272921435614,TIME_LIMIT,188116,0,0,9,6
2,8,773858.0,-1.0924950329991168,-0.8693272921435614,TIME_LIMIT,188139,0,0,11,5
2,8,774016.0,-1.0924950329991168,-0.8693272921435614,TIME_LIMIT,188167,0,0,24,12
2,8,774177.0,-1.0924586372293223,-0.8693272921435614,TIME_LIMIT,188199,0,0,15,10
2,8,774355.0,-1.0924586372293223,-0.8693272921435614,TIME_LIMIT,188224,0,0,18,16
2,8,774447.0,-1.092455263438035,-0.8693272921435614,TIME_LIMIT,188259,0,0,12,8
2,8,774541.0,-1.092455263438035,-0.8693272921435614,TIME_LIMIT,188283,0,0,12,7
2,8,774623.0,-1.0924508343397705,-0.8693272921435614,TIME_LIMIT,188314,0,0,12,12
2,8,774661.0,-1.0924508343397705,-0.8693272921435614,TIME_LIMIT,188329,0,0,11,8
2,8,774714.0,-1.092445039770496,-0.8693272921435614,TIME_LIMIT,188352,0,0,5,8
2,8,774785.0,-1.092445039770496,-0.8693272921435614,TIME_LIMIT,188372,0,0,21,11
2,8,774867.0,-1.092431521668679,-0.8693272921435614,TIME_LIMIT,188402,0,0,14,2
2,8,775052.0,-1.092431521668679,-0.8693272921435614,TIME_LIMIT,188425,0,0,18,16
2,8,775145.0,-1.0924310425642962,-0.8693272921435614,TIME_LIMIT,188460,0,0,16,8
2,8,775216.0,-1.0924310425642962,-0.8693272921435614,TIME_LIMIT,188487,0,0,15,10
2,8,775286.0,-1.0923905184415084,-0.8693272921435614,TIME_LIMIT,188500,0,0,15,11
2,8,775400.0,-1.0923905184415084,-0.8693272921435614,TIME_LIMIT,188520,0,0,16,18
2,8,775490.0,-1.092389967451913,-0.8693272921435614,TIME_LIMIT,188540,0,0,13,5
2,8,775588.0,-1.092389967451913,-0.8693272921435614,TIME_LIMIT,188563,0,0,20,18
2,8,775749.0,-1.0923740474539305,-0.8693272921435614,TIME_LIMIT,188589,0,0,9,8
2,8,775947.0,-1.0923740474539305,-0.8693272921435614,TIME_LIMIT,188616,0,0,22,23
2,8,776159.0,-1.0923530243701354,-0.8693272921435614,TIME_LIMIT,188657,0,0,12,13
2,8,776256.0,-1.0923530243701354,-0.8693272921435614,TIME_LIMIT,188678,0,0,28,15
2,8,776430.0,-1.092333758013727,-0.8693272921435614,TIME_LIMIT,188710,0,0,13,7
2,8,776519.0,-1.092333758013727,-0.8693272921435614,TIME_LIMIT,188728,0,0,14,13
2,8,776573.0,-1.092309919744761,-0.8693272921435614,TIME_LIMIT,188755,0,0,12,13
2,8,776673.0,-1.092309919744761,-0.8693272921435614,TIME_LIMIT,188779,0,0,12,9
2,8,776720.0,-1.0923083067930752,-0.8693272921435614,TIME_LIMIT,188794,0,0,10,4
2,8,776771.0,-1.0923083067930752,-0.8693272921435614,TIME_LIMIT,188810,0,0,12,8
2,8,776848.0,-1.0923053478010745,-0.8693272921435614,TIME_LIMIT,188835,0,0,8,2
2,8,777059.0,-1.0923053478010745,-0.8693272921435614,TIME_LIMIT,188860,0,0,22,17
2,8,777203.0,-1.0923013090614249,-0.8693272921435614,TIME_LIMIT,188898,0,0,17,11
2,8,777303.0,-1.0923013090614249,-0.8693272921435614,TIME_LIMIT,188929,0,0,16,5
2,8,777360.0,-1.0922921645542971,-0.8693272921435614,TIME_LIMIT,188948,0,0,8,7
2,8,777574.0,-1.0922921645542971,-0.8693272921435614,TIME_LIMIT,188973,0,0,24,20
2,8,777781.0,-1.0922729299125615,-0.8693272921435614,TIME_LIMIT,189016,0,0,18,12
2,8,777866.0,-1.0922729299125615,-0.8693272921435614,TIME_LIMIT,189034,0,0,11,7
2,8,777982.0,-1.0922666482808931,-0.8693272921435614,TIME_LIMIT,189066,0,0,11,6
2,8,778155.0,-1.0922666482808931,-0.8693272921435614,TIME_LIMIT,189088,0,0,8,11
2,8,778282.0,-1.0922536284449988,-0.8693272921435614,TIME_LIMIT,189121,0,0,14,9
2,8,778370.0,-1.0922536284449988,-0.8693272921435614,TIME_LIMIT,189149,0,0,15,11
2,8,778416.0,-1.092247774119406,-0.8693272921435614,TIME_LIMIT,189163,0,0,8,16
2,8,778552.0,-1.092247774119406,-0.8693272921435614,TIME_LIMIT,189186,0,0,23,30
2,8,778760.0,-1.0922265929412078,-0.8693272921435614,TIME_LIMIT,189220,0,0,14,10
2,8,778843.0,-1.0922265929412078,-0.8693272921435614,TIME_LIMIT,189236,0,0,15,15
2,8,778896.0,-1.0922148426438172,-0.8693272921435614,TIME_LIMIT,189260,0,0,6,7
2,8,779093.0,-1.0922148426438172,-0.8693272921435614,TIME_LIMIT,189281,0,0,20,28
2,8,779306.0,-1.0921934063208658,-0.8693272921435614,TIME_LIMIT,189316,0,0,20,13
2,8,779447.0,-1.0921934063208658,-0.8693272921435614,TIME_LIMIT,189340,0,0,13,10
2,8,779595.0,-1.0921852228623603,-0.8693272921435614,TIME_LIMIT,189379,0,0,19,11
2,8,779732.0,-1.0921852228623603,-0.8693272921435614,TIME_LIMIT,189414,0,0,21,20
2,8,779881.0,-1.092181356372582,-0.8693272921435614,TIME_LIMIT,189436,0,0,7,10
2,8,779910.0,-1.092181356372582,-0.8693272921435614,TIME_LIMIT,189452,0,0,15,5
2,8,779986.0,-1.0921762789504308,-0.8693272921435614,TIME_LIMIT,189479,0,0,11,5
2,8,780084.0,-1.0921762789504308,-0.8693272921435614,TIME_LIMIT,189506,0,0,21,24
2,8,780288.0,-1.0921755530473902,-0.8693272921435614,TIME_LIMIT,189540,0,0,16,15
2,8,780427.0,-1.0921755530473902,-0.8693272921435614,TIME_LIMIT,189566,0,0,9,9
2,8,780536.0,-1.0921678651275712,-0.8693272921435614,TIME_LIMIT,189588,0,0,12,8
2,8,780709.0,-1.0921678651275712,-0.8693272921435614,TIME_LIMIT,189616,0,0,21,15
2,8,780868.0,-1.0921654226281188,-0.8693272921435614,TIME_LIMIT,189653,0,0,10,18
2,8,780967.0,-1.0921654226281188,-0.8693272921435614,TIME_LIMIT,189670,0,0,11,4
2,8,781080.0,-1.092141288148094,-0.8693272921435614,TIME_LIMIT,189703,0,0,6,3
2,8,781139.0,-1.092141288148094,-0.8693272921435614,TIME_LIMIT,189721,0,0,11,18
2,8,781262.0,-1.092135388651149,-0.8693272921435614,TIME_LIMIT,189756,0,0,15,11
2,8,781418.0,-1.092135388651149,-0.8693272921435614,TIME_LIMIT,189791,0,0,28,16
2,8,781588.0,-1.092111569615717,-0.8693272921435614,TIME_LIMIT,189824,0,0,13,13
2,8,781685.0,-1.092111569615717,-0.8693272921435614,TIME_LIMIT,189843,0,0,21,21
2,8,781793.0,-1.0920744554367388,-0.8693272921435614,TIME_LIMIT,189881,0,0,18,9
2,8,781852.0,-1.0920744554367388,-0.8693272921435614,TIME_LIMIT,189899,0,0,14,8
2,8,781901.0,-1.0920697950137217,-0.8693272921435614,TIME_LIMIT,189918,0,0,15,2
2,8,781972.0,-1.0920697950137217,-0.8693272921435614,TIME_LIMIT,189941,0,0,23,22
2,8,782132.0,-1.092064525752522,-0.8693272921435614,TIME_LIMIT,189976,0,0,19,10
2,8,782323.0,-1.092064525752522,-0.8693272921435614,TIME_LIMIT,190004,0,0,23,18
2,8,782419.0,-1.0920547845318795,-0.8693272921435614,TIME_LIMIT,190037,0,0,10,4
2,8,782542.0,-1.0920547845318795,-0.8693272921435614,TIME_LIMIT,190061,0,0,21,8
2,8,782635.0,-1.0920412183982804,-0.8693272921435614,TIME_LIMIT,190087,0,0,5,4
2,8,782681.0,-1.0920412183982804,-0.8693272921435614,TIME_LIMIT,190111,0,0,14,8
2,8,782727.0,-1.0920252729486792,-0.8693272921435614,TIME_LIMIT,190135,0,0,10,6
2,8,782802.0,-1.0920252729486792,-0.8693272921435614,TIME_LIMIT,190157,0,0,11,16
2,8,782929.0,-1.0920178014266895,-0.8693272921435614,TIME_LIMIT,190188,0,0,8,7
2,8,782981.0,-1.0920178014266895,-0.8693272921435614,TIME_LIMIT,190208,0,0,14,30
2,8,783108.0,-1.0919987642641882,-0.8693272921435614,TIME_LIMIT,190241,0,0,16,11
2,8,783245.0,-1.0919987642641882,-0.8693272921435614,TIME_LIMIT,190261,0,0,17,5
2,8,783324.0,-1.0919983863174578,-0.8693272921435614,TIME_LIMIT,190289,0,0,11,3
2,8,783443.0,-1.0919983863174578,-0.8693272921435614,TIME_LIMIT,190311,0,0,13,9
2,8,783550.0,-1.091976126105437,-0.8693272921435614,TIME_LIMIT,190344,0,0,6,9
2,8,783616.0,-1.091976126105437,-0.8693272921435614,TIME_LIMIT,190364,0,0,14,15
2,8,783672.0,-1.0919728824894441,-0.8693272921435614,TIME_LIMIT,190391,0,0,7,11
2,8,783758.0,-1.0919728824894441,-0.8693272921435614,TIME_LIMIT,190411,0,0,13,19
2,8,783857.0,-1.0919627485488224,-0.8693272921435614,TIME_LIMIT,190444,0,0,9,2
2,8,783968.0,-1.0919627485488224,-0.8693272921435614,TIME_LIMIT,190470,0,0,18,15
2,8,784075.0,-1.0919604300063668,-0.8693272921435614,TIME_LIMIT,190500,0,0,13,7
2,8,784141.0,-1.0919604300063668,-0.8693272921435614,TIME_LIMIT,190517,0,0,17,13
2,8,784196.0,-1.0919532700252623,-0.8693272921435614,TIME_LIMIT,190545,0,0,14,7
2,8,784236.0,-1.0919532700252623,-0.8693272921435614,TIME_LIMIT,190559,0,0,13,10
2,8,784300.0,-1.0919518908469086,-0.8693272921435614,TIME_LIMIT,190585,0,0,9,9
2,8,784375.0,-1.0919518908469086,-0.8693272921435614,TIME_LIMIT,190605,0,0,15,11
2,8,784468.0,-1.0919471171120443,-0.8693272921435614,TIME_LIMIT,190631,0,0,9,7
2,8,784560.0,-1.0919471171120443,-0.8693272921435614,TIME_LIMIT,190656,0,0,17,10
2,8,784683.0,-1.0919075631418573,-0.8693272921435614,TIME_LIMIT,190677,0,0,10,3
2,8,784850.0,-1.0919075631418573,-0.8693272921435614,TIME_LIMIT,190700,0,0,20,18
2,8,784964.0,-1.0919058567868447,-0.8693272921435614,TIME_LIMIT,190733,0,0,19,10
2,8,785094.0,-1.0919058567868447,-0.8693272921435614,TIME_LIMIT,190756,0,0,22,13
2,8,785300.0,-1.0918867217122854,-0.8693272921435614,TIME_LIMIT,190783,0,0,10,6
2,8,785429.0,-1.0918867217122854,-0.8693272921435614,TIME_LIMIT,190816,0,0,12,10
2,8,785467.0,-1.0918702133023823,-0.8693272921435614,TIME_LIMIT,190835,0,0,15,11
2,8,785590.0,-1.0918702133023823,-0.8693272921435614,TIME_LIMIT,190858,0,0,11,5
2,8,785667.0,-1.091865244197019,-0.8693272921435614,TIME_LIMIT,190887,0,0,13,4
2,8,785735.0,-1.091865244197019,-0.8693272921435614,TIME_LIMIT,190909,0,0,10,6
2,8,785789.0,-1.0918639860336015,-0.8693272921435614,TIME_LIMIT,190928,0,0,14,6
2,8,785885.0,-1.0918639860336015,-0.8693272921435614,TIME_LIMIT,190954,0,0,10,6
2,8,786015.0,-1.0918610129261057,-0.8693272921435614,TIME_LIMIT,190987,0,0,5,1
2,8,786083.0,-1.0918610129261057,-0.8693272921435614,TIME_LIMIT,191007,0,0,13,11
2,8,786176.0,-1.091860181339659,-0.8693272921435614,TIME_LIMIT,191036,0,0,13,7
2,8,786338.0,-1.091860181339659,-0.8693272921435614,TIME_LIMIT,191053,0,0,13,12
2,8,786483.0,-1.0918575418907748,-0.8693272921435614,TIME_LIMIT,191085,0,0,12,6
2,8,786567.0,-1.0918575418907748,-0.8693272921435614,TIME_LIMIT,191106,0,0,21,13
2,8,786662.0,-1.0918555845607192,-0.8693272921435614,TIME_LIMIT,191138,0,0,15,6
2,8,786732.0,-1.0918555845607192,-0.8693272921435614,TIME_LIMIT,191165,0,0,23,10
2,8,786815.0,-1.0918539495435864,-0.8693272921435614,TIME_LIMIT,191194,0,0,16,9
2,8,786894.0,-1.0918539495435864,-0.8693272921435614,TIME_LIMIT,191213,0,0,19,15
2,8,786968.0,-1.0918299143685553,-0.8693272921435614,TIME_LIMIT,191242,0,0,10,8
2,8,787134.0,-1.0918299143685553,-0.8693272921435614,TIME_LIMIT,191269,0,0,18,13
2,8,787336.0,-1.0918223562774159,-0.8693272921435614,TIME_LIMIT,191302,0,0,19,5
2,8,787427.0,-1.0918223562774159,-0.8693272921435614,TIME_LIMIT,191330,0,0,17,8
2,8,787534.0,-1.0918217848140586,-0.8693272921435614,TIME_LIMIT,191364,0,0,15,6
2,8,787682.0,-1.0918217848140586,-0.8693272921435614,TIME_LIMIT,191391,0,0,15,15
2,8,787757.0,-1.0918201230747997,-0.8693272921435614,TIME_LIMIT,191403,0,0,9,6
2,8,787955.0,-1.0918201230747997,-0.8693272921435614,TIME_LIMIT,191429,0,0,12,10
2,8,788010.0,-1.0918193767222946,-0.8693272921435614,TIME_LIMIT,191454,0,0,13,4
2,8,788078.0,-1.0918193767222946,-0.8693272921435614,TIME_LIMIT,191475,0,0,16,10
2,8,788231.0,-1.0918190272050574,-0.8693272921435614,TIME_LIMIT,191503,0,0,8,5
2,8,788299.0,-1.0918190272050574,-0.8693272921435614,TIME_LIMIT,191525,0,0,13,13
2,8,788418.0,-1.091803294170317,-0.8693272921435614,TIME_LIMIT,191562,0,0,6,3
2,8,788518.0,-1.091803294170317,-0.8693272921435614,TIME_LIMIT,191580,0,0,15,14
2,8,788648.0,-1.0918014700841692,-0.8693272921435614,TIME_LIMIT,191616,0,0,13,11
2,8,788698.0,-1.0918014700841692,-0.8693272921435614,TIME_LIMIT,191636,0,0,16,14
2,8,788771.0,-1.0917958241244445,-0.8693272921435614,TIME_LIMIT,191666,0,0,9,7
2,8,788977.0,-1.0917958241244445,-0.8693272921435614,TIME_LIMIT,191683,0,0,15,14
2,8,789173.0,-1.0917865114161311,-0.8693272921435614,TIME_LIMIT,191714,0,0,17,6
2,8,789383.0,-1.0917865114161311,-0.8693272921435614,TIME_LIMIT,191739,0,0,25,16
2,8,789503.0,-1.0917770217415135,-0.8693272921435614,TIME_LIMIT,191774,0,0,11,6
2,8,789715.0,-1.0917770217415135,-0.8693272921435614,TIME_LIMIT,191797,0,0,26,19
2,8,789847.0,-1.0917768656681686,-0.8693272921435614,TIME_LIMIT,191833,0,0,14,10
2,8,789902.0,-1.0917768656681686,-0.8693272921435614,TIME_LIMIT,191848,0,0,19,8
2,8,790043.0,-1.0917649542025447,-0.8693272921435614,TIME_LIMIT,191880,0,0,17,7
2,8,790217.0,-1.0917649542025447,-0.8693272921435614,TIME_LIMIT,191907,0,0,14,14
2,8,790361.0,-1.091756813321426,-0.8693272921435614,TIME_LIMIT,191943,0,0,17,7
2,8,790442.0,-1.091756813321426,-0.8693272921435614,TIME_LIMIT,191964,0,0,16,6
2,8,790648.0,-1.0917278896031362,-0.8693272921435614,TIME_LIMIT,191992,0,0,12,7
2,8,790722.0,-1.0917278896031362,-0.8693272921435614,TIME_LIMIT,192012,0,0,18,20
2,8,790807.0,-1.0917169251794836,-0.8693272921435614,TIME_LIMIT,192037,0,0,9,17
2,8,790859.0,-1.0917169251794836,-0.8693272921435614,TIME_LIMIT,192049,0,0,13,6
2,8,790930.0,-1.0916935071885132,-0.8693272921435614,TIME_LIMIT,192071,0,0,7,5
2,8,791049.0,-1.0916935071885132,-0.8693272921435614,TIME_LIMIT,192096,0,0,26,20
2,8,791146.0,-1.091693292096128,-0.8693272921435614,TIME_LIMIT,192124,0,0,13,6
2,8,791272.0,-1.091693292096128,-0.8693272921435614,TIME_LIMIT,192148,0,0,13,5
2,8,791317.0,-1.0916834753301186,-0.8693272921435614,TIME_LIMIT,192165,0,0,8,6
2,8,791430.0,-1.0916834753301186,-0.8693272921435614,TIME_LIMIT,192188,0,0,20,19
2,8,791639.0,-1.0916827640102476,-0.8693272921435614,TIME_LIMIT,192226,0,0,18,11
2,8,791783.0,-1.0916827640102476,-0.8693272921435614,TIME_LIMIT,192245,0,0,13,18
2,8,791904.0,-1.0916730324111084,-0.8693272921435614,TIME_LIMIT,192277,0,0,16,7
2,8,792011.0,-1.0916730324111084,-0.8693272921435614,TIME_LIMIT,192297,0,0,15,10
2,8,792048.0,-1.0916180884577136,-0.8693272921435614,TIME_LIMIT,192319,0,0,8,2
2,8,792256.0,-1.0916180884577136,-0.8693272921435614,TIME_LIMIT,192338,0,0,8,7
2,8,792392.0,-1.091614474951005,-0.8693272921435614,TIME_LIMIT,192366,0,0,7,1
2,8,792597.0,-1.091614474951005,-0.8693272921435614,TIME_LIMIT,192391,0,0,17,10
2,8,792768.0,-1.0916095264248358,-0.8693272921435614,TIME_LIMIT,192423,0,0,7,7
2,8,792874.0,-1.0916095264248358,-0.8693272921435614,TIME_LIMIT,192444,0,0,16,7
2,8,792927.0,-1.0916087050147862,-0.8693272921435614,TIME_LIMIT,192470,0,0,15,4
2,8,793099.0,-1.0916087050147862,-0.8693272921435614,TIME_LIMIT,192491,0,0,17,13
2,8,793252.0,-1.091607755854547,-0.8693272921435614,TIME_LIMIT,192525,0,0,15,7
2,8,793318.0,-1.091607755854547,-0.8693272921435614,TIME_LIMIT,192548,0,0,21,13
2,8,793495.0,-1.0916022551188729,-0.8693272921435614,TIME_LIMIT,192576,0,0,12,5
2,8,793555.0,-1.0916022551188729,-0.8693272921435614,TIME_LIMIT,192596,0,0,15,9
2,8,793634.0,-1.091592392693554,-0.8693272921435614,TIME_LIMIT,192619,0,0,14,10
2,8,793757.0,-1.091592392693554,-0.8693272921435614,TIME_LIMIT,192646,0,0,8,16
2,8,793829.0,-1.0915899914609994,-0.8693272921435614,TIME_LIMIT,192666,0,0,12,14
2,8,793914.0,-1.0915899914609994,-0.8693272921435614,TIME_LIMIT,192686,0,0,17,15
2,8,794034.0,-1.0915794613477494,-0.8693272921435614,TIME_LIMIT,192716,0,0,14,7
2,8,794083.0,-1.0915794613477494,-0.8693272921435614,TIME_LIMIT,192734,0,0,14,8
2,8,794118.0,-1.0915789783802088,-0.8693272921435614,TIME_LIMIT,192757,0,0,11,3
2,8,794198.0,-1.0915789783802088,-0.8693272921435614,TIME_LIMIT,192775,0,0,9,12
2,8,794371.0,-1.091570970503718,-0.8693272921435614,TIME_LIMIT,192806,0,0,9,8
2,8,794578.0,-1.091570970503718,-0.8693272921435614,TIME_LIMIT,192829,0,0,16,15
2,8,794785.0,-1.091565961499473,-0.8693272921435614,TIME_LIMIT,192868,0,0,15,8
2,8,794919.0,-1.091565961499473,-0.8693272921435614,TIME_LIMIT,192891,0,0,15,10
2,8,795091.0,-1.0915546381872052,-0.8693272921435614,TIME_LIMIT,192920,0,0,4,5
2,8,795256.0,-1.0915546381872052,-0.8693272921435614,TIME_LIMIT,192943,0,0,12,21
2,8,795464.0,-1.0915258127324836,-0.8693272921435614,TIME_LIMIT,192978,0,0,14,6
2,8,795605.0,-1.0915258127324836,-0.8693272921435614,TIME_LIMIT,192997,0,0,11,7
2,8,795662.0,-1.091521552674314,-0.8693272921435614,TIME_LIMIT,193022,0,0,10,4
2,8,795866.0,-1.091521552674314,-0.8693272921435614,TIME_LIMIT,193045,0,0,11,15
2,8,795959.0,-1.0915161117920131,-0.8693272921435614,TIME_LIMIT,193073,0,0,9,8
2,8,796046.0,-1.0915161117920131,-0.8693272921435614,TIME_LIMIT,193091,0,0,15,8
2,8,796146.0,-1.0914969928070464,-0.8693272921435614,TIME_LIMIT,193114,0,0,10,2
2,8,796213.0,-1.0914969928070464,-0.8693272921435614,TIME_LIMIT,193137,0,0,19,12
2,8,796307.0,-1.0914941267461642,-0.8693272921435614,TIME_LIMIT,193161,0,0,8,9
2,8,796355.0,-1.0914941267461642,-0.8693272921435614,TIME_LIMIT,193176,0,0,9,17
2,8,796417.0,-1.091485187243755,-0.8693272921435614,TIME_LIMIT,193202,0,0,8,11
2,8,796475.0,-1.091485187243755,-0.8693272921435614,TIME_LIMIT,193222,0,0,17,9
2,8,796507.0,-1.0914764728384347,-0.8693272921435614,TIME_LIMIT,193239,0,0,14,6
2,8,796560.0,-1.0914764728384347,-0.8693272921435614,TIME_LIMIT,193255,0,0,12,9
2,8,796664.0,-1.0914717706766544,-0.8693272921435614,TIME_LIMIT,193282,0,0,11,4
2,8,796697.0,-1.0914717706766544,-0.8693272921435614,TIME_LIMIT,193301,0,0,11,4
2,8,796720.0,-1.091446550078031,-0.8693272921435614,TIME_LIMIT,193313,0,0,6,7
2,8,796735.0,-1.091446550078031,-0.8693272921435614,TIME_LIMIT,193326,0,0,6,0
2,8,796748.0,-1.0914460663737278,-0.8693272921435614,TIME_LIMIT,193340,0,0,9,3
2,8,796888.0,-1.0914460663737278,-0.8693272921435614,TIME_LIMIT,193362,0,0,17,18
2,8,797023.0,-1.0914440218182664,-0.8693272921435614,TIME_LIMIT,193392,0,0,11,10
2,8,797138.0,-1.0914440218182664,-0.8693272921435614,TIME_LIMIT,193411,0,0,7,22
2,8,797255.0,-1.0914246555187794,-0.8693272921435614,TIME_LIMIT,193443,0,0,12,6
2,8,797403.0,-1.0914246555187794,-0.8693272921435614,TIME_LIMIT,193465,0,0,13,13
2,8,797493.0,-1.0914071832234868,-0.8693272921435614,TIME_LIMIT,193494,0,0,11,3
2,8,797516.0,-1.0914071832234868,-0.8693272921435614,TIME_LIMIT,193507,0,0,12,5
2,8,797577.0,-1.091389861285752,-0.8693272921435614,TIME_LIMIT,193529,0,0,10,3
2,8,797685.0,-1.091389861285752,-0.8693272921435614,TIME_LIMIT,193549,0,0,16,10
2,8,797814.0,-1.0913767384616628,-0.8693272921435614,TIME_LIMIT,193581,0,0,14,12
2,8,798029.0,-1.0913767384616628,-0.8693272921435614,TIME_LIMIT,193605,0,0,20,21
2,8,798226.0,-1.091371044117742,-0.8693272921435614,TIME_LIMIT,193643,0,0,6,3
2,8,798397.0,-1.091371044117742,-0.8693272921435614,TIME_LIMIT,193658,0,0,9,13
2,8,798477.0,-1.091350093289956,-0.8693272921435614,TIME_LIMIT,193689,0,0,11,6
2,8,798630.0,-1.091350093289956,-0.8693272921435614,TIME_LIMIT,193714,0,0,21,16
2,8,798688.0,-1.091349832219347,-0.8693272921435614,TIME_LIMIT,193743,0,0,14,5
2,8,798803.0,-1.091349832219347,-0.8693272921435614,TIME_LIMIT,193766,0,0,24,15
2,8,798929.0,-1.0913477304537818,-0.8693272921435614,TIME_LIMIT,193801,0,0,12,7
2,8,799017.0,-1.0913477304537818,-0.8693272921435614,TIME_LIMIT,193823,0,0,12,8
2,8,799148.0,-1.0913420592497998,-0.8693272921435614,TIME_LIMIT,193851,0,0,11,5
2,8,799216.0,-1.0913420592497998,-0.8693272921435614,TIME_LIMIT,193868,0,0,13,9
2,8,799298.0,-1.0913408795922384,-0.8693272921435614,TIME_LIMIT,193893,0,0,10,4
2,8,799460.0,-1.0913408795922384,-0.8693272921435614,TIME_LIMIT,193921,0,0,20,14
2,8,799590.0,-1.0913403068924417,-0.8693272921435614,TIME_LIMIT,193958,0,0,15,9
2,8,799691.0,-1.0913403068924417,-0.8693272921435614,TIME_LIMIT,193977,0,0,9,16
2,8,799785.0,-1.091333476993157,-0.8693272921435614,TIME_LIMIT,194008,0,0,16,5
2,8,799885.0,-1.091333476993157,-0.8693272921435614,TIME_LIMIT,194029,0,0,7,12
2,8,799945.0,-1.0913225924267738,-0.8693272921435614,TIME_LIMIT,194056,0,0,13,3
2,8,800038.0,-1.0913225924267738,-0.8693272921435614,TIME_LIMIT,194080,0,0,24,11
2,8,800158.0,-1.0913198711131753,-0.8693272921435614,TIME_LIMIT,194117,0,0,18,8
2,8,800211.0,-1.0913198711131753,-0.8693272921435614,TIME_LIMIT,194134,0,0,17,17
2,8,800301.0,-1.0913083596679471,-0.8693272921435614,TIME_LIMIT,194167,0,0,14,6
2,8,800422.0,-1.0913083596679471,-0.8693272921435614,TIME_LIMIT,194189,0,0,15,3
2,8,800522.0,-1.0913033702710793,-0.8693272921435614,TIME_LIMIT,194211,0,0,7,1
2,8,800611.0,-1.0913033702710793,-0.8693272921435614,TIME_LIMIT,194232,0,0,13,4
2,8,800638.0,-1.0912968186886949,-0.8693272921435614,TIME_LIMIT,194250,0,0,4,6
2,8,800698.0,-1.0912968186886949,-0.8693272921435614,TIME_LIMIT,194268,0,0,13,10
2,8,800727.0,-1.0912948296450777,-0.8693272921435614,TIME_LIMIT,194286,0,0,6,2
2,8,800864.0,-1.0912948296450777,-0.8693272921435614,TIME_LIMIT,194313,0,0,22,22
2,8,800968.0,-1.091280646110481,-0.8693272921435614,TIME_LIMIT,194334,0,0,13,17
2,8,801019.0,-1.091280646110481,-0.8693272921435614,TIME_LIMIT,194354,0,0,12,9
2,8,801174.0,-1.091277923997304,-0.8693272921435614,TIME_LIMIT,194390,0,0,16,10
2,8,801383.0,-1.091277923997304,-0.8693272921435614,TIME_LIMIT,194404,0,0,18,13
2,8,801535.0,-1.0912760196851483,-0.8693272921435614,TIME_LIMIT,194434,0,0,13,5
2,8,801679.0,-1.0912760196851483,-0.8693272921435614,TIME_LIMIT,194458,0,0,13,14
2,8,801889.0,-1.0912738034775442,-0.8693272921435614,TIME_LIMIT,194476,0,0,13,12
2,8,801938.0,-1.0912738034775442,-0.8693272921435614,TIME_LIMIT,194493,0,0,18,18
2,8,802088.0,-1.091265602926903,-0.8693272921435614,TIME_LIMIT,194522,0,0,11,2
2,8,802144.0,-1.091265602926903,-0.8693272921435614,TIME_LIMIT,194540,0,0,12,10
2,8,802300.0,-1.09126441990602,-0.8693272921435614,TIME_LIMIT,194570,0,0,13,6
2,8,802436.0,-1.09126441990602,-0.8693272921435614,TIME_LIMIT,194597,0,0,6,13
2,8,802469.0,-1.0912620432057492,-0.8693272921435614,TIME_LIMIT,194617,0,0,7,5
2,8,802530.0,-1.0912620432057492,-0.8693272921435614,TIME_LIMIT,194639,0,0,8,13
2,8,802573.0,-1.0912485290870693,-0.8693272921435614,TIME_LIMIT,194654,0,0,4,5
2,8,802646.0,-1.0912485290870693,-0.8693272921435614,TIME_LIMIT,194667,0,0,10,8
2,8,802682.0,-1.0912345947942692,-0.8693272921435614,TIME_LIMIT,194686,0,0,8,4
2,8,802751.0,-1.0912345947942692,-0.8693272921435614,TIME_LIMIT,194709,0,0,24,12
2,8,802903.0,-1.091232662519173,-0.8693272921435614,TIME_LIMIT,194739,0,0,15,10
2,8,803017.0,-1.091232662519173,-0.8693272921435614,TIME_LIMIT,194760,0,0,16,11
2,8,803078.0,-1.0912275953598332,-0.8693272921435614,TIME_LIMIT,194785,0,0,10,6
2,8,803181.0,-1.0912275953598332,-0.8693272921435614,TIME_LIMIT,194804,0,0,15,17
2,8,803392.0,-1.09122471126509,-0.8693272921435614,TIME_LIMIT,194835,0,0,16,8
2,8,803484.0,-1.09122471126509,-0.8693272921435614,TIME_LIMIT,194854,0,0,15,15
2,8,803689.0,-1.0912208027601578,-0.8693272921435614,TIME_LIMIT,194884,0,0,11,10
2,8,803894.0,-1.0912208027601578,-0.8693272921435614,TIME_LIMIT,194908,0,0,16,19
2,8,804078.0,-1.0912148956888719,-0.8693272921435614,TIME_LIMIT,194945,0,0,8,14
2,8,804100.0,-1.0912148956888719,-0.8693272921435614,TIME_LIMIT,194959,0,0,10,4
2,8,804109.0,-1.0912015743298484,-0.8693272921435614,TIME_LIMIT,194971,0,0,3,1
2,8,804153.0,-1.0912015743298484,-0.8693272921435614,TIME_LIMIT,194993,0,0,11,13
2,8,804266.0,-1.091193646930659,-0.8693272921435614,TIME_LIMIT,195022,0,0,12,11
2,8,804472.0,-1.091193646930659,-0.8693272921435614,TIME_LIMIT,195041,0,0,14,10
2,8,804579.0,-1.0911912299176174,-0.8693272921435614,TIME_LIMIT,195071,0,0,10,7
2,8,804788.0,-1.0911912299176174,-0.8693272921435614,TIME_LIMIT,195096,0,0,27,19
2,8,804993.0,-1.0911650279904064,-0.8693272921435614,TIME_LIMIT,195144,0,0,16,8
2,8,805079.0,-1.0911650279904064,-0.8693272921435614,TIME_LIMIT,195157,0,0,8,12
2,8,805226.0,-1.0911489845002427,-0.8693272921435614,TIME_LIMIT,195190,0,0,9,10
2,8,805273.0,-1.0911489845002427,-0.8693272921435614,TIME_LIMIT,195211,0,0,10,3
2,8,805304.0,-1.0911336169766774,-0.8693272921435614,TIME_LIMIT,195227,0,0,11,3
2,8,805354.0,-1.0911336169766774,-0.8693272921435614,TIME_LIMIT,195246,0,0,13,4
2,8,805406.0,-1.0911328447736577,-0.8693272921435614,TIME_LIMIT,195272,0,0,10,7
2,8,805485.0,-1.0911328447736577,-0.8693272921435614,TIME_LIMIT,195289,0,0,9,8
2,8,805511.0,-1.0911328359328771,-0.8693272921435614,TIME_LIMIT,195309,0,0,8,3
2,8,805621.0,-1.0911328359328771,-0.8693272921435614,TIME_LIMIT,195328,0,0,12,14
2,8,805672.0,-1.091132565315407,-0.8693272921435614,TIME_LIMIT,195355,0,0,11,6
2,8,805879.0,-1.091132565315407,-0.8693272921435614,TIME_LIMIT,195385,0,0,22,14
2,8,805960.0,-1.0911240996909903,-0.8693272921435614,TIME_LIMIT,195408,0,0,22,9
2,8,806137.0,-1.0911240996909903,-0.8693272921435614,TIME_LIMIT,195435,0,0,18,13
2,8,806184.0,-1.0911168005090026,-0.8693272921435614,TIME_LIMIT,195453,0,0,11,11
2,8,806279.0,-1.0911168005090026,-0.8693272921435614,TIME_LIMIT,195483,0,0,15,9
2,8,806359.0,-1.091103540062209,-0.8693272921435614,TIME_LIMIT,195507,0,0,16,7
2,8,806568.0,-1.091103540062209,-0.8693272921435614,TIME_LIMIT,195530,0,0,19,33
2,8,806767.0,-1.0911028157708595,-0.8693272921435614,TIME_LIMIT,195562,0,0,10,6
2,8,806828.0,-1.0911028157708595,-0.8693272921435614,TIME_LIMIT,195582,0,0,9,12
2,8,807011.0,-1.0911009250679673,-0.8693272921435614,TIME_LIMIT,195614,0,0,15,7
2,8,807045.0,-1.0911009250679673,-0.8693272921435614,TIME_LIMIT,195630,0,0,7,1
2,8,807070.0,-1.0910619922943516,-0.8693272921435614,TIME_LIMIT,195645,0,0,6,4
2,8,807114.0,-1.0910619922943516,-0.8693272921435614,TIME_LIMIT,195666,0,0,7,2
2,8,807164.0,-1.0910534555337037,-0.8693272921435614,TIME_LIMIT,195683,0,0,10,8
2,8,807365.0,-1.0910534555337037,-0.8693272921435614,TIME_LIMIT,195698,0,0,15,20
2,8,807576.0,-1.0910522680248023,-0.8693272921435614,TIME_LIMIT,195731,0,0,18,6
2,8,807636.0,-1.0910522680248023,-0.8693272921435614,TIME_LIMIT,195745,0,0,10,5
2,8,807679.0,-1.0910481974442352,-0.8693272921435614,TIME_LIMIT,195765,0,0,9,7
2,8,807814.0,-1.0910481974442352,-0.8693272921435614,TIME_LIMIT,195784,0,0,19,26
2,8,807889.0,-1.0910441028319706,-0.8693272921435614,TIME_LIMIT,195813,0,0,11,5
2,8,807951.0,-1.0910441028319706,-0.8693272921435614,TIME_LIMIT,195838,0,0,12,5
2,8,807997.0,-1.091037558583217,-0.8693272921435614,TIME_LIMIT,195853,0,0,11,5
2,8,808066.0,-1.091037558583217,-0.8693272921435614,TIME_LIMIT,195878,0,0,11,4
2,8,808129.0,-1.0910352372416603,-0.8693272921435614,TIME_LIMIT,195904,0,0,6,5
2,8,808207.0,-1.0910352372416603,-0.8693272921435614,TIME_LIMIT,195922,0,0,11,12
2,8,808248.0,-1.0910272576258468,-0.8693272921435614,TIME_LIMIT,195949,0,0,11,9
2,8,808455.0,-1.0910272576258468,-0.8693272921435614,TIME_LIMIT,195972,0,0,17,6
2,8,808532.0,-1.091020358118178,-0.8693272921435614,TIME_LIMIT,196001,0,0,13,4
2,8,808683.0,-1.091020358118178,-0.8693272921435614,TIME_LIMIT,196020,0,0,14,6
2,8,808838.0,-1.091009713130474,-0.8693272921435614,TIME_LIMIT,196056,0,0,20,6
2,8,808919.0,-1.091009713130474,-0.8693272921435614,TIME_LIMIT,196075,0,0,15,6
2,8,808982.0,-1.0909975962468108,-0.8693272921435614,TIME_LIMIT,196103,0,0,14,5
2,8,809194.0,-1.0909975962468108,-0.8693272921435614,TIME_LIMIT,196132,0,0,26,30
2,8,809392.0,-1.0909933932246152,-0.8693272921435614,TIME_LIMIT,196170,0,0,21,18
2,8,809599.0,-1.0909933932246152,-0.8693272921435614,TIME_LIMIT,196198,0,0,11,22
2,8,809807.0,-1.0909918168089012,-0.8693272921435614,TIME_LIMIT,196225,0,0,21,20
2,8,809861.0,-1.0909918168089012,-0.8693272921435614,TIME_LIMIT,196243,0,0,12,9
2,8,809911.0,-1.0909825603967267,-0.8693272921435614,TIME_LIMIT,196266,0,0,10,5
2,8,810110.0,-1.0909825603967267,-0.8693272921435614,TIME_LIMIT,196290,0,0,20,16
2,8,810251.0,-1.0909637910561438,-0.8693272921435614,TIME_LIMIT,196324,0,0,7,2
2,8,810405.0,-1.0909637910561438,-0.8693272921435614,TIME_LIMIT,196346,0,0,22,6
2,8,810613.0,-1.0909463251702094,-0.8693272921435614,TIME_LIMIT,196383,0,0,20,8
2,8,810673.0,-1.0909463251702094,-0.8693272921435614,TIME_LIMIT,196403,0,0,18,7
2,8,810724.0,-1.0909358558919642,-0.8693272921435614,TIME_LIMIT,196429,0,0,10,3
2,8,810827.0,-1.0909358558919642,-0.8693272921435614,TIME_LIMIT,196453,0,0,21,25
2,8,810903.0,-1.09091645249437,-0.8693272921435614,TIME_LIMIT,196483,0,0,18,9
2,8,810973.0,-1.09091645249437,-0.8693272921435614,TIME_LIMIT,196504,0,0,15,11
2,8,811128.0,-1.0909136413572975,-0.8693272921435614,TIME_LIMIT,196532,0,0,13,4
2,8,811230.0,-1.0909136413572975,-0.8693272921435614,TIME_LIMIT,196553,0,0,15,12
2,8,811317.0,-1.0909077928466484,-0.8693272921435614,TIME_LIMIT,196577,0,0,6,5
2,8,811347.0,-1.0909077928466484,-0.8693272921435614,TIME_LIMIT,196586,0,0,7,4
2,8,811359.0,-1.0908984205005374,-0.8693272921435614,TIME_LIMIT,196598,0,0,4,4
2,8,811417.0,-1.0908984205005374,-0.8693272921435614,TIME_LIMIT,196617,0,0,10,12
2,8,811448.0,-1.0908939550033288,-0.8693272921435614,TIME_LIMIT,196638,0,0,9,2
2,8,811483.0,-1.0908939550033288,-0.8693272921435614,TIME_LIMIT,196654,0,0,11,19
2,8,811544.0,-1.0908936541669454,-0.8693272921435614,TIME_LIMIT,196682,0,0,12,6
2,8,811589.0,-1.0908936541669454,-0.8693272921435614,TIME_LIMIT,196698,0,0,10,7
2,8,811625.0,-1.0908707954706367,-0.8693272921435614,TIME_LIMIT,196715,0,0,6,4
2,8,811747.0,-1.0908707954706367,-0.8693272921435614,TIME_LIMIT,196741,0,0,16,8
2,8,811936.0,-1.0908674987909288,-0.8693272921435614,TIME_LIMIT,196763,0,0,19,20
2,8,811997.0,-1.0908674987909288,-0.8693272921435614,TIME_LIMIT,196788,0,0,14,4
2,8,812039.0,-1.0908663630911761,-0.8693272921435614,TIME_LIMIT,196804,0,0,11,6
2,8,812123.0,-1.0908663630911761,-0.8693272921435614,TIME_LIMIT,196821,0,0,17,15
2,8,812325.0,-1.0908548725541274,-0.8693272921435614,TIME_LIMIT,196850,0,0,8,1
2,8,812494.0,-1.0908548725541274,-0.8693272921435614,TIME_LIMIT,196873,0,0,11,4
2,8,812615.0,-1.0908529544152543,-0.8693272921435614,TIME_LIMIT,196906,0,0,14,6
2,8,812724.0,-1.0908529544152543,-0.8693272921435614,TIME_LIMIT,196926,0,0,7,11
2,8,812928.0,-1.0908418691953397,-0.8693272921435614,TIME_LIMIT,196964,0,0,15,6
2,8,812955.0,-1.0908418691953397,-0.8693272921435614,TIME_LIMIT,196979,0,0,9,8
2,8,813004.0,-1.0908319949944563,-0.8693272921435614,TIME_LIMIT,197001,0,0,6,3
2,8,813181.0,-1.0908319949944563,-0.8693272921435614,TIME_LIMIT,197026,0,0,12,19
2,8,813332.0,-1.090823249523426,-0.8693272921435614,TIME_LIMIT,197059,0,0,12,12
2,8,813392.0,-1.090823249523426,-0.8693272921435614,TIME_LIMIT,197074,0,0,16,9
2,8,813445.0,-1.0907837324764127,-0.8693272921435614,TIME_LIMIT,197099,0,0,11,2
2,8,813538.0,-1.0907837324764127,-0.8693272921435614,TIME_LIMIT,197127,0,0,18,11
2,8,813621.0,-1.0907805963753052,-0.8693272921435614,TIME_LIMIT,197145,0,0,15,6
2,8,813819.0,-1.0907805963753052,-0.8693272921435614,TIME_LIMIT,197172,0,0,21,7
2,8,813875.0,-1.0907793004198623,-0.8693272921435614,TIME_LIMIT,197192,0,0,4,4
2,8,813955.0,-1.0907793004198623,-0.8693272921435614,TIME_LIMIT,197214,0,0,14,15
2,8,814008.0,-1.0907570298962956,-0.8693272921435614,TIME_LIMIT,197240,0,0,13,7
2,8,814062.0,-1.0907570298962956,-0.8693272921435614,TIME_LIMIT,197260,0,0,13,13
2,8,814161.0,-1.0907463372217248,-0.8693272921435614,TIME_LIMIT,197285,0,0,11,7
2,8,814245.0,-1.0907463372217248,-0.8693272921435614,TIME_LIMIT,197304,0,0,9,9
2,8,814284.0,-1.0907262077394582,-0.8693272921435614,TIME_LIMIT,197326,0,0,5,2
2,8,814483.0,-1.0907262077394582,-0.8693272921435614,TIME_LIMIT,197349,0,0,22,9
2,8,814534.0,-1.0907037482875275,-0.8693272921435614,TIME_LIMIT,197372,0,0,15,10
2,8,814608.0,-1.0907037482875275,-0.8693272921435614,TIME_LIMIT,197394,0,0,10,8
2,8,814690.0,-1.0906949545750508,-0.8693272921435614,TIME_LIMIT,197425,0,0,9,7
2,8,814747.0,-1.0906949545750508,-0.8693272921435614,TIME_LIMIT,197444,0,0,11,13
2,8,814914.0,-1.0906916997095226,-0.8693272921435614,TIME_LIMIT,197468,0,0,12,4
2,8,815038.0,-1.0906916997095226,-0.8693272921435614,TIME_LIMIT,197490,0,0,21,16
2,8,815210.0,-1.0906911971927964,-0.8693272921435614,TIME_LIMIT,197524,0,0,13,7
2,8,815341.0,-1.0906911971927964,-0.8693272921435614,TIME_LIMIT,197541,0,0,16,28
2,8,815520.0,-1.0906816351206063,-0.8693272921435614,TIME_LIMIT,197579,0,0,17,10
2,8,815571.0,-1.0906816351206063,-0.8693272921435614,TIME_LIMIT,197599,0,0,13,6
2,8,815625.0,-1.0906717241960178,-0.8693272921435614,TIME_LIMIT,197619,0,0,14,4
2,8,815773.0,-1.0906717241960178,-0.8693272921435614,TIME_LIMIT,197658,0,0,12,20
2,8,815944.0,-1.090670715420221,-0.8693272921435614,TIME_LIMIT,197686,0,0,11,5
2,8,816033.0,-1.090670715420221,-0.8693272921435614,TIME_LIMIT,197705,0,0,8,11
2,8,816076.0,-1.0906605254393507,-0.8693272921435614,TIME_LIMIT,197728,0,0,11,3
2,8,816115.0,-1.0906605254393507,-0.8693272921435614,TIME_LIMIT,197746,0,0,9,10
2,8,816190.0,-1.0906587917622983,-0.8693272921435614,TIME_LIMIT,197769,0,0,9,4
2,8,816281.0,-1.0906587917622983,-0.8693272921435614,TIME_LIMIT,197790,0,0,17,16
2,8,816396.0,-1.0906574528104023,-0.8693272921435614,TIME_LIMIT,197828,0,0,14,14
2,8,816454.0,-1.0906574528104023,-0.8693272921435614,TIME_LIMIT,197844,0,0,11,16
2,8,816558.0,-1.0906487938069058,-0.8693272921435614,TIME_LIMIT,197871,0,0,14,5
2,8,816602.0,-1.0906487938069058,-0.8693272921435614,TIME_LIMIT,197890,0,0,9,11
2,8,816632.0,-1.090640540275337,-0.8693272921435614,TIME_LIMIT,197909,0,0,5,1
2,8,816664.0,-1.090640540275337,-0.8693272921435614,TIME_LIMIT,197923,0,0,8,7
2,8,816700.0,-1.0906365645187859,-0.8693272921435614,TIME_LIMIT,197944,0,0,8,3
2,8,816776.0,-1.0906365645187859,-0.8693272921435614,TIME_LIMIT,197969,0,0,12,7
2,8,816830.0,-1.0906352471438008,-0.8693272921435614,TIME_LIMIT,197990,0,0,11,8
2,8,817026.0,-1.0906352471438008,-0.8693272921435614,TIME_LIMIT,198018,0,0,7,19
2,8,817227.0,-1.0906309900457476,-0.8693272921435614,TIME_LIMIT,198055,0,0,17,11
2,8,817334.0,-1.0906309900457476,-0.8693272921435614,TIME_LIMIT,198081,0,0,18,16
2,8,817459.0,-1.0906231172356327,-0.8693272921435614,TIME_LIMIT,198117,0,0,17,13
2,8,817489.0,-1.0906231172356327,-0.8693272921435614,TIME_LIMIT,198134,0,0,17,10
2,8,817531.0,-1.0906203181072822,-0.8693272921435614,TIME_LIMIT,198160,0,0,10,4
2,8,817589.0,-1.0906203181072822,-0.8693272921435614,TIME_LIMIT,198177,0,0,17,6
2,8,817773.0,-1.090609896396014,-0.8693272921435614,TIME_LIMIT,198211,0,0,11,7
2,8,817889.0,-1.090609896396014,-0.8693272921435614,TIME_LIMIT,198234,0,0,19,15
2,8,817947.0,-1.09060625023328,-0.8693272921435614,TIME_LIMIT,198265,0,0,16,5
2,8,818132.0,-1.09060625023328,-0.8693272921435614,TIME_LIMIT,198293,0,0,18,20
2,8,818202.0,-1.090605183192462,-0.8693272921435614,TIME_LIMIT,198327,0,0,3,6
2,8,818368.0,-1.090605183192462,-0.8693272921435614,TIME_LIMIT,198354,0,0,7,16
2,8,818477.0,-1.0905872778937211,-0.8693272921435614,TIME_LIMIT,198388,0,0,18,16
2,8,818545.0,-1.0905872778937211,-0.8693272921435614,TIME_LIMIT,198409,0,0,17,20
2,8,818744.0,-1.0905861526902283,-0.8693272921435614,TIME_LIMIT,198445,0,0,19,14
2,8,818827.0,-1.0905861526902283,-0.8693272921435614,TIME_LIMIT,198465,0,0,4,8
2,8,818862.0,-1.0905761021915426,-0.8693272921435614,TIME_LIMIT,198492,0,0,10,8
2,8,818967.0,-1.0905761021915426,-0.8693272921435614,TIME_LIMIT,198512,0,0,10,11
2,8,819062.0,-1.090564212315012,-0.8693272921435614,TIME_LIMIT,198529,0,0,4,3
2,8,819108.0,-1.090564212315012,-0.8693272921435614,TIME_LIMIT,198548,0,0,15,11
2,8,819187.0,-1.0905559113165857,-0.8693272921435614,TIME_LIMIT,198574,0,0,13,4
2,8,819394.0,-1.0905559113165857,-0.8693272921435614,TIME_LIMIT,198598,0,0,22,18
2,8,819554.0,-1.09054311829986,-0.8693272921435614,TIME_LIMIT,198632,0,0,5,10
2,8,819742.0,-1.09054311829986,-0.8693272921435614,TIME_LIMIT,198660,0,0,28,32
2,8,819893.0,-1.0905372655995338,-0.8693272921435614,TIME_LIMIT,198699,0,0,20,8
2,8,819994.0,-1.0905372655995338,-0.8693272921435614,TIME_LIMIT,198720,0,0,15,14
2,8,820041.0,-1.090535966816705,-0.8693272921435614,TIME_LIMIT,198739,0,0,6,5
2,8,820234.0,-1.090535966816705,-0.8693272921435614,TIME_LIMIT,198773,0,0,32,31
2,8,820435.0,-1.0904951631632955,-0.8693272921435614,TIME_LIMIT,198804,0,0,15,10
2,8,820481.0,-1.0904951631632955,-0.8693272921435614,TIME_LIMIT,198821,0,0,13,5
2,8,820519.0,-1.0904854642313895,-0.8693272921435614,TIME_LIMIT,198844,0,0,7,8
2,8,820594.0,-1.0904854642313895,-0.8693272921435614,TIME_LIMIT,198864,0,0,20,11
2,8,820690.0,-1.0904832164047666,-0.8693272921435614,TIME_LIMIT,198895,0,0,17,4
2,8,820781.0,-1.0904832164047666,-0.8693272921435614,TIME_LIMIT,198908,0,0,11,13
2,8,820852.0,-1.090472127215726,-0.8693272921435614,TIME_LIMIT,198938,0,0,3,3
2,8,820921.0,-1.090472127215726,-0.8693272921435614,TIME_LIMIT,198965,0,0,20,13
2,8,820971.0,-1.0904564767630143,-0.8693272921435614,TIME_LIMIT,198993,0,0,11,5
2,8,821098.0,-1.0904564767630143,-0.8693272921435614,TIME_LIMIT,199017,0,0,12,5
2,8,821127.0,-1.0904454363558722,-0.8693272921435614,TIME_LIMIT,199032,0,0,7,3
2,8,821233.0,-1.0904454363558722,-0.8693272921435614,TIME_LIMIT,199047,0,0,9,7
2,8,821315.0,-1.090445256544402,-0.8693272921435614,TIME_LIMIT,199072,0,0,9,6
2,8,821390.0,-1.090445256544402,-0.8693272921435614,TIME_LIMIT,199088,0,0,15,12
2,8,821502.0,-1.0904384495134818,-0.8693272921435614,TIME_LIMIT,199121,0,0,16,8
2,8,821549.0,-1.0904384495134818,-0.8693272921435614,TIME_LIMIT,199144,0,0,18,4
2,8,821575.0,-1.0904383949310446,-0.8693272921435614,TIME_LIMIT,199163,0,0,14,3
2,8,821709.0,-1.0904383949310446,-0.8693272921435614,TIME_LIMIT,199188,0,0,19,24
2,8,821911.0,-1.09042984910066,-0.8693272921435614,TIME_LIMIT,199223,0,0,10,6
2,8,822111.0,-1.09042984910066,-0.8693272921435614,TIME_LIMIT,199247,0,0,19,10
2,8,822312.0,-1.0904179971271364,-0.8693272921435614,TIME_LIMIT,199275,0,0,13,9
2,8,822344.0,-1.0904179971271364,-0.8693272921435614,TIME_LIMIT,199297,0,0,8,10
2,8,822440.0,-1.0903893279822827,-0.8693272921435614,TIME_LIMIT,199320,0,0,3,5
2,8,822572.0,-1.0903893279822827,-0.8693272921435614,TIME_LIMIT,199347,0,0,17,11
2,8,822662.0,-1.090387388916487,-0.8693272921435614,TIME_LIMIT,199370,0,0,9,4
2,8,822863.0,-1.090387388916487,-0.8693272921435614,TIME_LIMIT,199385,0,0,15,11
2,8,823005.0,-1.09037840546195,-0.8693272921435614,TIME_LIMIT,199423,0,0,14,6
2,8,823116.0,-1.09037840546195,-0.8693272921435614,TIME_LIMIT,199446,0,0,22,26
2,8,823216.0,-1.0903764141403927,-0.8693272921435614,TIME_LIMIT,199480,0,0,17,8
2,8,823279.0,-1.0903764141403927,-0.8693272921435614,TIME_LIMIT,199499,0,0,12,7
2,8,823310.0,-1.0903528532732374,-0.8693272921435614,TIME_LIMIT,199519,0,0,11,7
2,8,823358.0,-1.0903528532732374,-0.8693272921435614,TIME_LIMIT,199531,0,0,12,15
2,8,823424.0,-1.0903513218403111,-0.8693272921435614,TIME_LIMIT,199565,0,0,16,6
2,8,823505.0,-1.0903513218403111,-0.8693272921435614,TIME_LIMIT,199584,0,0,9,10
2,8,823536.0,-1.090321842429616,-0.8693272921435614,TIME_LIMIT,199606,0,0,7,4
2,8,823659.0,-1.090321842429616,-0.8693272921435614,TIME_LIMIT,199631,0,0,18,13
2,8,823757.0,-1.0903202180543585,-0.8693272921435614,TIME_LIMIT,199659,0,0,9,9
2,8,823802.0,-1.0903202180543585,-0.8693272921435614,TIME_LIMIT,199674,0,0,9,13
2,8,823881.0,-1.0903192054404283,-0.8693272921435614,TIME_LIMIT,199702,0,0,8,6
2,8,823949.0,-1.0903192054404283,-0.8693272921435614,TIME_LIMIT,199723,0,0,16,14
2,8,824010.0,-1.0903048999248055,-0.8693272921435614,TIME_LIMIT,199748,0,0,9,7
2,8,824117.0,-1.0903048999248055,-0.8693272921435614,TIME_LIMIT,199775,0,0,17,19
2,8,824313.0,-1.0902858363567907,-0.8693272921435614,TIME_LIMIT,199806,0,0,15,8
2,8,824410.0,-1.0902858363567907,-0.8693272921435614,TIME_LIMIT,199822,0,0,18,21
2,8,824519.0,-1.0902582848932103,-0.8693272921435614,TIME_LIMIT,199858,0,0,17,7
2,8,824722.0,-1.0902582848932103,-0.8693272921435614,TIME_LIMIT,199879,0,0,18,11
2,8,824817.0,-1.0902529321454546,-0.8693272921435614,TIME_LIMIT,199910,0,0,12,5
2,8,824865.0,-1.0902529321454546,-0.8693272921435614,TIME_LIMIT,199926,0,0,23,21
2,8,825004.0,-1.090236732824938,-0.8693272921435614,TIME_LIMIT,199962,0,0,19,5
2,8,825207.0,-1.090236732824938,-0.8693272921435614,TIME_LIMIT,199983,0,0,15,11
2,8,825367.0,-1.0902167362461788,-0.8693272921435614,TIME_LIMIT,200024,0,0,22,10
2,8,825441.0,-1.0902167362461788,-0.8693272921435614,TIME_LIMIT,200045,0,0,17,9
2,8,825546.0,-1.0902166401290563,-0.8693272921435614,TIME_LIMIT,200069,0,0,8,14
2,8,825740.0,-1.0902166401290563,-0.8693272921435614,TIME_LIMIT,200093,0,0,15,19
2,8,825942.0,-1.0902128964960178,-0.8693272921435614,TIME_LIMIT,200130,0,0,15,8
2,8,826005.0,-1.0902128964960178,-0.8693272921435614,TIME_LIMIT,200158,0,0,17,18
2,8,826122.0,-1.0902085895896398,-0.8693272921435614,TIME_LIMIT,200192,0,0,16,8
2,8,826169.0,-1.0902085895896398,-0.8693272921435614,TIME_LIMIT,200211,0,0,6,3
2,8,826248.0,-1.0902042622963788,-0.8693272921435614,TIME_LIMIT,200235,0,0,7,2
2,8,826388.0,-1.0902042622963788,-0.8693272921435614,TIME_LIMIT,200266,0,0,29,25
2,8,826588.0,-1.0901949540885538,-0.8693272921435614,TIME_LIMIT,200304,0,0,18,17
2,8,826675.0,-1.0901949540885538,-0.8693272921435614,TIME_LIMIT,200321,0,0,14,10
2,8,826708.0,-1.0901934622927774,-0.8693272921435614,TIME_LIMIT,200341,0,0,8,5
2,8,826755.0,-1.0901934622927774,-0.8693272921435614,TIME_LIMIT,200362,0,0,13,2
2,8,826786.0,-1.0901845733373845,-0.8693272921435614,TIME_LIMIT,200375,0,0,8,4
2,8,826966.0,-1.0901845733373845,-0.8693272921435614,TIME_LIMIT,200393,0,0,20,21
2,8,827076.0,-1.0901814467278557,-0.8693272921435614,TIME_LIMIT,200430,0,0,17,7
2,8,827132.0,-1.0901814467278557,-0.8693272921435614,TIME_LIMIT,200449,0,0,14,13
2,8,827160.0,-1.0901782790547938,-0.8693272921435614,TIME_LIMIT,200469,0,0,7,1
2,8,827262.0,-1.0901782790547938,-0.8693272921435614,TIME_LIMIT,200482,0,0,14,10
2,8,827337.0,-1.090177724471813,-0.8693272921435614,TIME_LIMIT,200508,0,0,8,3
2,8,827438.0,-1.090177724471813,-0.8693272921435614,TIME_LIMIT,200529,0,0,14,10
2,8,827566.0,-1.0901720313281102,-0.8693272921435614,TIME_LIMIT,200551,0,0,8,4
2,8,827705.0,-1.0901720313281102,-0.8693272921435614,TIME_LIMIT,200573,0,0,13,11
2,8,827909.0,-1.0901693396422112,-0.8693272921435614,TIME_LIMIT,200601,0,0,13,5
2,8,827939.0,-1.0901693396422112,-0.8693272921435614,TIME_LIMIT,200623,0,0,17,17
2,8,828081.0,-1.0901368853112507,-0.8693272921435614,TIME_LIMIT,200655,0,0,12,12
2,8,828210.0,-1.0901368853112507,-0.8693272921435614,TIME_LIMIT,200678,0,0,11,12
2,8,828286.0,-1.0901339927722007,-0.8693272921435614,TIME_LIMIT,200703,0,0,11,5
2,8,828324.0,-1.0901339927722007,-0.8693272921435614,TIME_LIMIT,200716,0,0,7,6
2,8,828437.0,-1.0900954108536607,-0.8693272921435614,TIME_LIMIT,200744,0,0,12,1
2,8,828484.0,-1.0900954108536607,-0.8693272921435614,TIME_LIMIT,200767,0,0,23,8
2,8,828611.0,-1.0900880264500739,-0.8693272921435614,TIME_LIMIT,200802,0,0,18,8
2,8,828815.0,-1.0900880264500739,-0.8693272921435614,TIME_LIMIT,200828,0,0,19,33
2,8,829021.0,-1.0900803622449458,-0.8693272921435614,TIME_LIMIT,200868,0,0,9,6
2,8,829087.0,-1.0900803622449458,-0.8693272921435614,TIME_LIMIT,200896,0,0,16,5
2,8,829127.0,-1.0900703255167299,-0.8693272921435614,TIME_LIMIT,200911,0,0,9,11
2,8,829196.0,-1.0900703255167299,-0.8693272921435614,TIME_LIMIT,200935,0,0,15,12
2,8,829346.0,-1.0900699444705058,-0.8693272921435614,TIME_LIMIT,200963,0,0,12,5
2,8,829468.0,-1.0900699444705058,-0.8693272921435614,TIME_LIMIT,200986,0,0,15,21
2,8,829558.0,-1.090062655644227,-0.8693272921435614,TIME_LIMIT,201020,0,0,11,9
2,8,829701.0,-1.090062655644227,-0.8693272921435614,TIME_LIMIT,201048,0,0,18,13
2,8,829826.0,-1.0900562033882388,-0.8693272921435614,TIME_LIMIT,201069,0,0,12,14
2,8,829940.0,-1.0900562033882388,-0.8693272921435614,TIME_LIMIT,201089,0,0,6,3
2,8,830008.0,-1.0900369496864026,-0.8693272921435614,TIME_LIMIT,201104,0,0,9,4
2,8,830215.0,-1.0900369496864026,-0.8693272921435614,TIME_LIMIT,201129,0,0,15,12
2,8,830259.0,-1.090021818427665,-0.8693272921435614,TIME_LIMIT,201156,0,0,9,9
2,8,830294.0,-1.090021818427665,-0.8693272921435614,TIME_LIMIT,201173,0,0,15,9
2,8,830357.0,-1.0900088470835207,-0.8693272921435614,TIME_LIMIT,201202,0,0,14,4
2,8,830388.0,-1.0900088470835207,-0.8693272921435614,TIME_LIMIT,201217,0,0,11,7
2,8,830430.0,-1.0899829061395292,-0.8693272921435614,TIME_LIMIT,201233,0,0,9,2
2,8,830470.0,-1.0899829061395292,-0.8693272921435614,TIME_LIMIT,201249,0,0,16,12
2,8,830596.0,-1.0899739990517054,-0.8693272921435614,TIME_LIMIT,201283,0,0,8,5
2,8,830686.0,-1.0899739990517054,-0.8693272921435614,TIME_LIMIT,201303,0,0,13,6
2,8,830792.0,-1.089969567427925,-0.8693272921435614,TIME_LIMIT,201330,0,0,11,7
2,8,830888.0,-1.089969567427925,-0.8693272921435614,TIME_LIMIT,201355,0,0,26,20
2,8,831029.0,-1.089961461299377,-0.8693272921435614,TIME_LIMIT,201390,0,0,22,10
2,8,831053.0,-1.089961461299377,-0.8693272921435614,TIME_LIMIT,201406,0,0,12,8
2,8,831090.0,-1.0899552576248261,-0.8693272921435614,TIME_LIMIT,201428,0,0,10,3
2,8,831138.0,-1.0899552576248261,-0.8693272921435614,TIME_LIMIT,201441,0,0,14,8
2,8,831202.0,-1.0899378318047543,-0.8693272921435614,TIME_LIMIT,201466,0,0,3,3
2,8,831293.0,-1.0899378318047543,-0.8693272921435614,TIME_LIMIT,201481,0,0,9,13
2,8,831367.0,-1.089933717783225,-0.8693272921435614,TIME_LIMIT,201504,0,0,4,3
2,8,831465.0,-1.089933717783225,-0.8693272921435614,TIME_LIMIT,201528,0,0,17,16
2,8,831575.0,-1.089933066728698,-0.8693272921435614,TIME_LIMIT,201566,0,0,17,7
2,8,831625.0,-1.089933066728698,-0.8693272921435614,TIME_LIMIT,201585,0,0,12,14
2,8,831700.0,-1.0899310895831356,-0.8693272921435614,TIME_LIMIT,201613,0,0,5,5
2,8,831803.0,-1.0899310895831356,-0.8693272921435614,TIME_LIMIT,201635,0,0,16,17
2,8,831874.0,-1.0899302111027338,-0.8693272921435614,TIME_LIMIT,201661,0,0,8,7
2,8,832080.0,-1.0899302111027338,-0.8693272921435614,TIME_LIMIT,201690,0,0,16,11
2,8,832288.0,-1.0899269785314518,-0.8693272921435614,TIME_LIMIT,201720,0,0,15,13
2,8,832338.0,-1.0899269785314518,-0.8693272921435614,TIME_LIMIT,201735,0,0,12,4
2,8,832372.0,-1.0899040582535113,-0.8693272921435614,TIME_LIMIT,201756,0,0,9,5
2,8,832426.0,-1.0899040582535113,-0.8693272921435614,TIME_LIMIT,201769,0,0,10,14
2,8,832488.0,-1.0898942466080281,-0.8693272921435614,TIME_LIMIT,201800,0,0,12,9
2,8,832546.0,-1.0898942466080281,-0.8693272921435614,TIME_LIMIT,201820,0,0,14,10
2,8,832749.0,-1.0898719995113946,-0.8693272921435614,TIME_LIMIT,201850,0,0,15,6
2,8,832840.0,-1.0898719995113946,-0.8693272921435614,TIME_LIMIT,201874,0,0,14,3
2,8,832915.0,-1.0898530112423543,-0.8693272921435614,TIME_LIMIT,201894,0,0,15,11
2,8,833117.0,-1.0898530112423543,-0.8693272921435614,TIME_LIMIT,201919,0,0,18,11
2,8,833265.0,-1.0898528044403706,-0.8693272921435614,TIME_LIMIT,201954,0,0,3,8
2,8,833291.0,-1.0898528044403706,-0.8693272921435614,TIME_LIMIT,201969,0,0,8,4
2,8,833321.0,-1.08985190993748,-0.8693272921435614,TIME_LIMIT,201989,0,0,5,3
2,8,833407.0,-1.08985190993748,-0.8693272921435614,TIME_LIMIT,202015,0,0,22,18
2,8,833531.0,-1.089847332158373,-0.8693272921435614,TIME_LIMIT,202048,0,0,14,9
2,8,833566.0,-1.089847332158373,-0.8693272921435614,TIME_LIMIT,202063,0,0,9,7
2,8,833659.0,-1.0898433072004265,-0.8693272921435614,TIME_LIMIT,202090,0,0,9,5
2,8,833768.0,-1.0898433072004265,-0.8693272921435614,TIME_LIMIT,202122,0,0,24,24
2,8,833930.0,-1.0898318562828924,-0.8693272921435614,TIME_LIMIT,202158,0,0,14,10
2,8,834072.0,-1.0898318562828924,-0.8693272921435614,TIME_LIMIT,202184,0,0,8,13
2,8,834276.0,-1.0898301165519588,-0.8693272921435614,TIME_LIMIT,202217,0,0,12,7
2,8,834382.0,-1.0898301165519588,-0.8693272921435614,TIME_LIMIT,202234,0,0,15,33
2,8,834579.0,-1.0898166301897882,-0.8693272921435614,TIME_LIMIT,202268,0,0,6,11
2,8,834668.0,-1.0898166301897882,-0.8693272921435614,TIME_LIMIT,202288,0,0,19,24
2,8,834842.0,-1.08981652304122,-0.8693272921435614,TIME_LIMIT,202326,0,0,18,7
2,8,834888.0,-1.08981652304122,-0.8693272921435614,TIME_LIMIT,202344,0,0,11,13
2,8,834965.0,-1.0898060881536074,-0.8693272921435614,TIME_LIMIT,202366,0,0,11,6
2,8,835046.0,-1.0898060881536074,-0.8693272921435614,TIME_LIMIT,202393,0,0,22,10
2,8,835152.0,-1.0897853209335404,-0.8693272921435614,TIME_LIMIT,202421,0,0,10,9
2,8,835291.0,-1.0897853209335404,-0.8693272921435614,TIME_LIMIT,202439,0,0,4,15
2,8,835345.0,-1.0897764660176525,-0.8693272921435614,TIME_LIMIT,202457,0,0,5,3
2,8,835403.0,-1.0897764660176525,-0.8693272921435614,TIME_LIMIT,202471,0,0,8,9
2,8,835495.0,-1.089774116215641,-0.8693272921435614,TIME_LIMIT,202494,0,0,7,5
2,8,835553.0,-1.089774116215641,-0.8693272921435614,TIME_LIMIT,202512,0,0,19,11
2,8,835685.0,-1.0897664477773028,-0.8693272921435614,TIME_LIMIT,202537,0,0,10,8
2,8,835720.0,-1.0897664477773028,-0.8693272921435614,TIME_LIMIT,202553,0,0,12,9
2,8,835797.0,-1.0897579180631758,-0.8693272921435614,TIME_LIMIT,202578,0,0,8,3
2,8,835850.0,-1.0897579180631758,-0.8693272921435614,TIME_LIMIT,202599,0,0,9,14
2,8,835938.0,-1.0897553032660863,-0.8693272921435614,TIME_LIMIT,202629,0,0,15,11
2,8,836046.0,-1.0897553032660863,-0.8693272921435614,TIME_LIMIT,202656,0,0,15,12
2,8,836140.0,-1.0897310199469519,-0.8693272921435614,TIME_LIMIT,202682,0,0,14,6
2,8,836205.0,-1.0897310199469519,-0.8693272921435614,TIME_LIMIT,202702,0,0,12,20
2,8,836279.0,-1.0897228496183282,-0.8693272921435614,TIME_LIMIT,202731,0,0,16,8
2,8,836377.0,-1.0897228496183282,-0.8693272921435614,TIME_LIMIT,202756,0,0,9,13
2,8,836580.0,-1.0896854642359546,-0.8693272921435614,TIME_LIMIT,202789,0,0,18,10
2,8,836645.0,-1.0896854642359546,-0.8693272921435614,TIME_LIMIT,202809,0,0,15,7
2,8,836676.0,-1.0896836103032792,-0.8693272921435614,TIME_LIMIT,202828,0,0,7,1
2,8,836713.0,-1.0896836103032792,-0.8693272921435614,TIME_LIMIT,202844,0,0,11,4
2,8,836762.0,-1.089671007934132,-0.8693272921435614,TIME_LIMIT,202865,0,0,11,9
2,8,836824.0,-1.089671007934132,-0.8693272921435614,TIME_LIMIT,202888,0,0,15,9
2,8,836933.0,-1.089656370544783,-0.8693272921435614,TIME_LIMIT,202920,0,0,19,9
2,8,837038.0,-1.089656370544783,-0.8693272921435614,TIME_LIMIT,202940,0,0,19,16
2,8,837114.0,-1.0896368184474823,-0.8693272921435614,TIME_LIMIT,202974,0,0,7,6
2,8,837305.0,-1.0896368184474823,-0.8693272921435614,TIME_LIMIT,202995,0,0,21,15
2,8,837391.0,-1.0896166353698415,-0.8693272921435614,TIME_LIMIT,203028,0,0,13,6
2,8,837510.0,-1.0896166353698415,-0.8693272921435614,TIME_LIMIT,203048,0,0,12,7
2,8,837588.0,-1.0896066024677877,-0.8693272921435614,TIME_LIMIT,203079,0,0,7,4
2,8,837793.0,-1.0896066024677877,-0.8693272921435614,TIME_LIMIT,203102,0,0,16,22
2,8,837992.0,-1.08959773536634,-0.8693272921435614,TIME_LIMIT,203134,0,0,19,11
2,8,838161.0,-1.08959773536634,-0.8693272921435614,TIME_LIMIT,203160,0,0,22,12
2,8,838257.0,-1.089593257126521,-0.8693272921435614,TIME_LIMIT,203195,0,0,16,6
2,8,838379.0,-1.089593257126521,-0.8693272921435614,TIME_LIMIT,203224,0,0,17,8
2,8,838516.0,-1.0895931422498641,-0.8693272921435614,TIME_LIMIT,203252,0,0,10,8
2,8,838722.0,-1.0895931422498641,-0.8693272921435614,TIME_LIMIT,203274,0,0,21,25
2,8,838896.0,-1.0895758062100778,-0.8693272921435614,TIME_LIMIT,203313,0,0,10,7
2,8,838987.0,-1.0895758062100778,-0.8693272921435614,TIME_LIMIT,203335,0,0,16,11
2,8,839082.0,-1.0895757313169643,-0.8693272921435614,TIME_LIMIT,203363,0,0,9,9
2,8,839180.0,-1.0895757313169643,-0.8693272921435614,TIME_LIMIT,203384,0,0,11,10
2,8,839235.0,-1.0895725836557983,-0.8693272921435614,TIME_LIMIT,203409,0,0,12,9
2,8,839309.0,-1.0895725836557983,-0.8693272921435614,TIME_LIMIT,203439,0,0,17,9
2,8,839369.0,-1.0895581293884224,-0.8693272921435614,TIME_LIMIT,203461,0,0,13,4
2,8,839575.0,-1.0895581293884224,-0.8693272921435614,TIME_LIMIT,203487,0,0,17,9
2,8,839730.0,-1.0895239884274748,-0.8693272921435614,TIME_LIMIT,203512,0,0,15,5
2,8,839857.0,-1.0895239884274748,-0.8693272921435614,TIME_LIMIT,203535,0,0,8,16
2,8,839966.0,-1.0895234363740707,-0.8693272921435614,TIME_LIMIT,203572,0,0,19,8
2,8,840073.0,-1.0895234363740707,-0.8693272921435614,TIME_LIMIT,203596,0,0,13,6
2,8,840182.0,-1.0895180483436504,-0.8693272921435614,TIME_LIMIT,203622,0,0,8,9
2,8,840262.0,-1.0895180483436504,-0.8693272921435614,TIME_LIMIT,203641,0,0,18,18
2,8,840468.0,-1.0894955982752257,-0.8693272921435614,TIME_LIMIT,203678,0,0,15,11
2,8,840560.0,-1.0894955982752257,-0.8693272921435614,TIME_LIMIT,203699,0,0,19,15
2,8,840656.0,-1.089494279236522,-0.8693272921435614,TIME_LIMIT,203728,0,0,12,9
2,8,840745.0,-1.089494279236522,-0.8693272921435614,TIME_LIMIT,203748,0,0,6,4
2,8,840789.0,-1.0894938348228376,-0.8693272921435614,TIME_LIMIT,203767,0,0,7,9
2,8,840850.0,-1.0894938348228376,-0.8693272921435614,TIME_LIMIT,203791,0,0,13,7
2,8,840927.0,-1.089491133669497,-0.8693272921435614,TIME_LIMIT,203818,0,0,12,5
2,8,841010.0,-1.089491133669497,-0.8693272921435614,TIME_LIMIT,203846,0,0,15,7
2,8,841186.0,-1.0894863007104494,-0.8693272921435614,TIME_LIMIT,203882,0,0,8,7
2,8,841247.0,-1.0894863007104494,-0.8693272921435614,TIME_LIMIT,203900,0,0,6,9
2,8,841431.0,-1.0894737146893942,-0.8693272921435614,TIME_LIMIT,203931,0,0,7,5
2,8,841504.0,-1.0894737146893942,-0.8693272921435614,TIME_LIMIT,203955,0,0,14,14
2,8,841612.0,-1.0894724768024484,-0.8693272921435614,TIME_LIMIT,203986,0,0,12,8
2,8,841647.0,-1.0894724768024484,-0.8693272921435614,TIME_LIMIT,204000,0,0,7,14
2,8,841716.0,-1.0894675279055885,-0.8693272921435614,TIME_LIMIT,204029,0,0,10,8
2,8,841729.0,-1.0894675279055885,-0.8693272921435614,TIME_LIMIT,204038,0,0,12,4
2,8,841775.0,-1.0894627444931062,-0.8693272921435614,TIME_LIMIT,204061,0,0,11,4
2,8,841797.0,-1.0894627444931062,-0.8693272921435614,TIME_LIMIT,204079,0,0,16,12
2,8,841916.0,-1.0894545197188792,-0.8693272921435614,TIME_LIMIT,204114,0,0,15,6
2,8,842003.0,-1.0894545197188792,-0.8693272921435614,TIME_LIMIT,204136,0,0,15,9
2,8,842061.0,-1.0894390581163664,-0.8693272921435614,TIME_LIMIT,204156,0,0,14,11
2,8,842140.0,-1.0894390581163664,-0.8693272921435614,TIME_LIMIT,204177,0,0,21,12
2,8,842268.0,-1.0894373441505136,-0.8693272921435614,TIME_LIMIT,204209,0,0,16,4
2,8,842424.0,-1.0894373441505136,-0.8693272921435614,TIME_LIMIT,204232,0,0,19,13
2,8,842492.0,-1.0894258250945605,-0.8693272921435614,TIME_LIMIT,204262,0,0,11,4
2,8,842648.0,-1.0894258250945605,-0.8693272921435614,TIME_LIMIT,204291,0,0,17,24
2,8,842724.0,-1.0894182864748447,-0.8693272921435614,TIME_LIMIT,204321,0,0,18,18
2,8,842929.0,-1.0894182864748447,-0.8693272921435614,TIME_LIMIT,204342,0,0,5,10
2,8,843102.0,-1.0894109501920783,-0.8693272921435614,TIME_LIMIT,204372,0,0,12,5
2,8,843178.0,-1.0894109501920783,-0.8693272921435614,TIME_LIMIT,204393,0,0,14,12
2,8,843332.0,-1.0894068938969794,-0.8693272921435614,TIME_LIMIT,204424,0,0,7,6
2,8,843381.0,-1.0894068938969794,-0.8693272921435614,TIME_LIMIT,204445,0,0,11,9
2,8,843417.0,-1.0894026562341637,-0.8693272921435614,TIME_LIMIT,204465,0,0,8,4
2,8,843493.0,-1.0894026562341637,-0.8693272921435614,TIME_LIMIT,204485,0,0,14,16
2,8,843538.0,-1.0893828179324014,-0.8693272921435614,TIME_LIMIT,204511,0,0,9,7
2,8,843650.0,-1.0893828179324014,-0.8693272921435614,TIME_LIMIT,204529,0,0,19,24
2,8,843856.0,-1.0893594482095634,-0.8693272921435614,TIME_LIMIT,204563,0,0,20,9
2,8,843992.0,-1.0893594482095634,-0.8693272921435614,TIME_LIMIT,204586,0,0,15,17
2,8,844189.0,-1.089355299688192,-0.8693272921435614,TIME_LIMIT,204621,0,0,14,12
2,8,844278.0,-1.089355299688192,-0.8693272921435614,TIME_LIMIT,204643,0,0,19,13
2,8,844362.0,-1.0893514896498226,-0.8693272921435614,TIME_LIMIT,204671,0,0,13,12
2,8,844509.0,-1.0893514896498226,-0.8693272921435614,TIME_LIMIT,204697,0,0,17,11
2,8,844552.0,-1.0893244290080568,-0.8693272921435614,TIME_LIMIT,204715,0,0,11,5
2,8,844613.0,-1.0893244290080568,-0.8693272921435614,TIME_LIMIT,204735,0,0,14,7
2,8,844643.0,-1.089316953875782,-0.8693272921435614,TIME_LIMIT,204755,0,0,5,5
2,8,844677.0,-1.089316953875782,-0.8693272921435614,TIME_LIMIT,204773,0,0,17,12
2,8,844764.0,-1.08931628224239,-0.8693272921435614,TIME_LIMIT,204810,0,0,12,10
2,8,844817.0,-1.08931628224239,-0.8693272921435614,TIME_LIMIT,204835,0,0,13,16
2,8,844868.0,-1.0893135048253786,-0.8693272921435614,TIME_LIMIT,204859,0,0,6,3
2,8,844914.0,-1.0893135048253786,-0.8693272921435614,TIME_LIMIT,204877,0,0,9,5
2,8,844953.0,-1.0893069634476973,-0.8693272921435614,TIME_LIMIT,204899,0,0,5,4
2,8,845003.0,-1.0893069634476973,-0.8693272921435614,TIME_LIMIT,204919,0,0,16,12
2,8,845088.0,-1.0892982024213018,-0.8693272921435614,TIME_LIMIT,204946,0,0,9,12
2,8,845144.0,-1.0892982024213018,-0.8693272921435614,TIME_LIMIT,204967,0,0,15,7
2,8,845197.0,-1.0892887437520133,-0.8693272921435614,TIME_LIMIT,204987,0,0,10,5
2,8,845234.0,-1.0892887437520133,-0.8693272921435614,TIME_LIMIT,205004,0,0,12,7
2,8,845288.0,-1.0892793250021735,-0.8693272921435614,TIME_LIMIT,205028,0,0,10,7
2,8,845350.0,-1.0892793250021735,-0.8693272921435614,TIME_LIMIT,205051,0,0,15,9
2,8,845495.0,-1.089275208615438,-0.8693272921435614,TIME_LIMIT,205073,0,0,14,10
2,8,845663.0,-1.089275208615438,-0.8693272921435614,TIME_LIMIT,205094,0,0,18,24
2,8,845860.0,-1.0892583466045618,-0.8693272921435614,TIME_LIMIT,205128,0,0,17,10
2,8,845959.0,-1.0892583466045618,-0.8693272921435614,TIME_LIMIT,205147,0,0,15,8
2,8,846058.0,-1.0892573415603715,-0.8693272921435614,TIME_LIMIT,205178,0,0,15,5
2,8,846125.0,-1.0892573415603715,-0.8693272921435614,TIME_LIMIT,205204,0,0,23,8
2,8,846209.0,-1.089228433952628,-0.8693272921435614,TIME_LIMIT,205237,0,0,13,8
2,8,846262.0,-1.089228433952628,-0.8693272921435614,TIME_LIMIT,205258,0,0,15,0
2,8,846284.0,-1.089227156903526,-0.8693272921435614,TIME_LIMIT,205272,0,0,5,3
2,8,846325.0,-1.089227156903526,-0.8693272921435614,TIME_LIMIT,205293,0,0,11,6
2,8,846356.0,-1.0892235455297206,-0.8693272921435614,TIME_LIMIT,205315,0,0,6,2
2,8,846558.0,-1.0892235455297206,-0.8693272921435614,TIME_LIMIT,205338,0,0,22,16
2,8,846737.0,-1.0892194836861249,-0.8693272921435614,TIME_LIMIT,205379,0,0,10,6
2,8,846942.0,-1.0892194836861249,-0.8693272921435614,TIME_LIMIT,205399,0,0,9,17
2,8,847147.0,-1.089219103605113,-0.8693272921435614,TIME_LIMIT,205428,0,0,6,4
2,8,847257.0,-1.089219103605113,-0.8693272921435614,TIME_LIMIT,205451,0,0,12,11
2,8,847359.0,-1.0892171277833935,-0.8693272921435614,TIME_LIMIT,205470,0,0,10,7
2,8,847501.0,-1.0892171277833935,-0.8693272921435614,TIME_LIMIT,205496,0,0,13,12
2,8,847574.0,-1.0892148944266973,-0.8693272921435614,TIME_LIMIT,205512,0,0,8,7
2,8,847744.0,-1.0892148944266973,-0.8693272921435614,TIME_LIMIT,205541,0,0,18,18
2,8,847840.0,-1.0892067149309295,-0.8693272921435614,TIME_LIMIT,205575,0,0,15,9
2,8,847865.0,-1.0892067149309295,-0.8693272921435614,TIME_LIMIT,205592,0,0,12,6
2,8,847924.0,-1.0891990797369795,-0.8693272921435614,TIME_LIMIT,205620,0,0,12,13
2,8,848120.0,-1.0891990797369795,-0.8693272921435614,TIME_LIMIT,205643,0,0,23,29
2,8,848252.0,-1.0891984903799956,-0.8693272921435614,TIME_LIMIT,205679,0,0,14,12
2,8,848307.0,-1.0891984903799956,-0.8693272921435614,TIME_LIMIT,205695,0,0,20,13
2,8,848468.0,-1.0891872678468226,-0.8693272921435614,TIME_LIMIT,205729,0,0,18,6
2,8,848575.0,-1.0891872678468226,-0.8693272921435614,TIME_LIMIT,205756,0,0,18,13
2,8,848779.0,-1.0891811262463362,-0.8693272921435614,TIME_LIMIT,205789,0,0,17,15
2,8,848960.0,-1.0891811262463362,-0.8693272921435614,TIME_LIMIT,205811,0,0,19,22
2,8,849085.0,-1.0891757148559715,-0.8693272921435614,TIME_LIMIT,205841,0,0,11,7
2,8,849149.0,-1.0891757148559715,-0.8693272921435614,TIME_LIMIT,205859,0,0,12,6
2,8,849194.0,-1.089161134693926,-0.8693272921435614,TIME_LIMIT,205877,0,0,6,4
2,8,849266.0,-1.089161134693926,-0.8693272921435614,TIME_LIMIT,205898,0,0,16,5
2,8,849290.0,-1.0891452651629117,-0.8693272921435614,TIME_LIMIT,205913,0,0,12,3
2,8,849371.0,-1.0891452651629117,-0.8693272921435614,TIME_LIMIT,205935,0,0,11,15
2,8,849490.0,-1.0891417191486306,-0.8693272921435614,TIME_LIMIT,205968,0,0,11,5
2,8,849624.0,-1.0891417191486306,-0.8693272921435614,TIME_LIMIT,205988,0,0,15,23
2,8,849669.0,-1.0891415556365207,-0.8693272921435614,TIME_LIMIT,206014,0,0,12,6
2,8,849869.0,-1.0891415556365207,-0.8693272921435614,TIME_LIMIT,206040,0,0,8,18
2,8,850068.0,-1.08913429885109,-0.8693272921435614,TIME_LIMIT,206069,0,0,8,14
2,8,850238.0,-1.08913429885109,-0.8693272921435614,TIME_LIMIT,206097,0,0,16,11
2,8,850443.0,-1.089130459307381,-0.8693272921435614,TIME_LIMIT,206132,0,0,16,13
2,8,850492.0,-1.089130459307381,-0.8693272921435614,TIME_LIMIT,206155,0,0,22,16
2,8,850577.0,-1.0891303352196275,-0.8693272921435614,TIME_LIMIT,206189,0,0,15,8
2,8,850756.0,-1.0891303352196275,-0.8693272921435614,TIME_LIMIT,206212,0,0,18,14
2,8,850955.0,-1.089119383230798,-0.8693272921435614,TIME_LIMIT,206244,0,0,9,10
2,8,851075.0,-1.089119383230798,-0.8693272921435614,TIME_LIMIT,206260,0,0,19,10
2,8,851218.0,-1.089090042584865,-0.8693272921435614,TIME_LIMIT,206291,0,0,10,10
2,8,851251.0,-1.089090042584865,-0.8693272921435614,TIME_LIMIT,206310,0,0,24,19
2,8,851301.0,-1.0890872621346175,-0.8693272921435614,TIME_LIMIT,206340,0,0,16,7
2,8,851468.0,-1.0890872621346175,-0.8693272921435614,TIME_LIMIT,206361,0,0,18,9
2,8,851652.0,-1.0890824206918022,-0.8693272921435614,TIME_LIMIT,206393,0,0,14,11
2,8,851854.0,-1.0890824206918022,-0.8693272921435614,TIME_LIMIT,206420,0,0,23,11
2,8,851960.0,-1.0890716158782268,-0.8693272921435614,TIME_LIMIT,206457,0,0,17,8
2,8,852158.0,-1.0890716158782268,-0.8693272921435614,TIME_LIMIT,206482,0,0,15,12
2,8,852229.0,-1.0890627795160777,-0.8693272921435614,TIME_LIMIT,206500,0,0,9,9
2,8,852429.0,-1.0890627795160777,-0.8693272921435614,TIME_LIMIT,206523,0,0,18,28
2,8,852537.0,-1.0890510803593945,-0.8693272921435614,TIME_LIMIT,206554,0,0,10,6
2,8,852741.0,-1.0890510803593945,-0.8693272921435614,TIME_LIMIT,206579,0,0,13,13
2,8,852938.0,-1.0890498948328504,-0.8693272921435614,TIME_LIMIT,206601,0,0,13,10
2,8,853129.0,-1.0890498948328504,-0.8693272921435614,TIME_LIMIT,206625,0,0,19,15
2,8,853334.0,-1.08904526882337,-0.8693272921435614,TIME_LIMIT,206661,0,0,17,13
2,8,853384.0,-1.08904526882337,-0.8693272921435614,TIME_LIMIT,206683,0,0,15,19
2,8,853546.0,-1.0890361123605738,-0.8693272921435614,TIME_LIMIT,206715,0,0,11,12
2,8,853707.0,-1.0890361123605738,-0.8693272921435614,TIME_LIMIT,206741,0,0,25,21
2,8,853780.0,-1.0890217089693355,-0.8693272921435614,TIME_LIMIT,206766,0,0,17,6
2,8,853916.0,-1.0890217089693355,-0.8693272921435614,TIME_LIMIT,206791,0,0,14,15
2,8,854010.0,-1.0890208440905258,-0.8693272921435614,TIME_LIMIT,206813,0,0,13,4
2,8,854136.0,-1.0890208440905258,-0.8693272921435614,TIME_LIMIT,206835,0,0,20,19
2,8,854213.0,-1.089016317582229,-0.8693272921435614,TIME_LIMIT,206869,0,0,14,10
2,8,854423.0,-1.089016317582229,-0.8693272921435614,TIME_LIMIT,206891,0,0,16,10
2,8,854513.0,-1.0890021273445214,-0.8693272921435614,TIME_LIMIT,206922,0,0,8,8
2,8,854585.0,-1.0890021273445214,-0.8693272921435614,TIME_LIMIT,206948,0,0,10,6
2,8,854617.0,-1.0889910960518743,-0.8693272921435614,TIME_LIMIT,206966,0,0,11,4
2,8,854709.0,-1.0889910960518743,-0.8693272921435614,TIME_LIMIT,206984,0,0,18,11
2,8,854771.0,-1.0889857809447152,-0.8693272921435614,TIME_LIMIT,207009,0,0,15,2
2,8,854885.0,-1.0889857809447152,-0.8693272921435614,TIME_LIMIT,207038,0,0,15,11
2,8,855082.0,-1.0889790767389613,-0.8693272921435614,TIME_LIMIT,207067,0,0,8,6
2,8,855189.0,-1.0889790767389613,-0.8693272921435614,TIME_LIMIT,207086,0,0,9,9
2,8,855329.0,-1.0889761863242384,-0.8693272921435614,TIME_LIMIT,207123,0,0,19,9
2,8,855471.0,-1.0889761863242384,-0.8693272921435614,TIME_LIMIT,207144,0,0,15,14
2,8,855556.0,-1.0889740243172552,-0.8693272921435614,TIME_LIMIT,207169,0,0,12,7
2,8,855599.0,-1.0889740243172552,-0.8693272921435614,TIME_LIMIT,207181,0,0,9,0
2,8,855637.0,-1.0889630833764659,-0.8693272921435614,TIME_LIMIT,207197,0,0,3,2
2,8,855735.0,-1.0889630833764659,-0.8693272921435614,TIME_LIMIT,207217,0,0,14,15
2,8,855935.0,-1.0889492040639928,-0.8693272921435614,TIME_LIMIT,207261,0,0,20,8
2,8,856136.0,-1.0889492040639928,-0.8693272921435614,TIME_LIMIT,207282,0,0,14,14
2,8,856310.0,-1.0889470101753838,-0.8693272921435614,TIME_LIMIT,207317,0,0,15,12
2,8,856343.0,-1.0889470101753838,-0.8693272921435614,TIME_LIMIT,207333,0,0,11,6
2,8,856378.0,-1.0889458553133609,-0.8693272921435614,TIME_LIMIT,207352,0,0,3,2
2,8,856529.0,-1.0889458553133609,-0.8693272921435614,TIME_LIMIT,207374,0,0,13,10
2,8,856720.0,-1.0889241011601603,-0.8693272921435614,TIME_LIMIT,207408,0,0,4,6
2,8,856779.0,-1.0889241011601603,-0.8693272921435614,TIME_LIMIT,207427,0,0,13,8
2,8,856813.0,-1.0889205375203277,-0.8693272921435614,TIME_LIMIT,207447,0,0,8,5
2,8,856932.0,-1.0889205375203277,-0.8693272921435614,TIME_LIMIT,207467,0,0,16,15
2,8,857015.0,-1.088902090485448,-0.8693272921435614,TIME_LIMIT,207499,0,0,16,6
2,8,857035.0,-1.088902090485448,-0.8693272921435614,TIME_LIMIT,207511,0,0,5,1
2,8,857043.0,-1.0888944687665305,-0.8693272921435614,TIME_LIMIT,207517,0,0,3,2
2,8,857201.0,-1.0888944687665305,-0.8693272921435614,TIME_LIMIT,207544,0,0,18,22
2,8,857404.0,-1.088888094854653,-0.8693272921435614,TIME_LIMIT,207575,0,0,20,11
2,8,857529.0,-1.088888094854653,-0.8693272921435614,TIME_LIMIT,207596,0,0,20,9
2,8,857588.0,-1.0888842650628086,-0.8693272921435614,TIME_LIMIT,207624,0,0,14,5
2,8,857677.0,-1.0888842650628086,-0.8693272921435614,TIME_LIMIT,207647,0,0,15,11
2,8,857730.0,-1.0888704130588773,-0.8693272921435614,TIME_LIMIT,207676,0,0,12,6
2,8,857864.0,-1.0888704130588773,-0.8693272921435614,TIME_LIMIT,207707,0,0,21,26
2,8,858066.0,-1.0888593823399288,-0.8693272921435614,TIME_LIMIT,207740,0,0,14,17
2,8,858147.0,-1.0888593823399288,-0.8693272921435614,TIME_LIMIT,207763,0,0,10,5
2,8,858339.0,-1.0888529615176024,-0.8693272921435614,TIME_LIMIT,207787,0,0,7,5
2,8,858433.0,-1.0888529615176024,-0.8693272921435614,TIME_LIMIT,207805,0,0,9,20
2,8,858504.0,-1.0888427712925877,-0.8693272921435614,TIME_LIMIT,207834,0,0,5,2
2,8,858607.0,-1.0888427712925877,-0.8693272921435614,TIME_LIMIT,207862,0,0,13,10
2,8,858677.0,-1.08883899119961,-0.8693272921435614,TIME_LIMIT,207892,0,0,11,14
2,8,858806.0,-1.08883899119961,-0.8693272921435614,TIME_LIMIT,207919,0,0,20,13
2,8,858945.0,-1.0888033265681887,-0.8693272921435614,TIME_LIMIT,207949,0,0,13,7
2,8,859020.0,-1.0888033265681887,-0.8693272921435614,TIME_LIMIT,207968,0,0,8,7
2,8,859151.0,-1.0887891077446157,-0.8693272921435614,TIME_LIMIT,208000,0,0,16,7
2,8,859307.0,-1.0887891077446157,-0.8693272921435614,TIME_LIMIT,208019,0,0,10,11
2,8,859348.0,-1.0887832349533073,-0.8693272921435614,TIME_LIMIT,208040,0,0,7,3
2,8,859486.0,-1.0887832349533073,-0.8693272921435614,TIME_LIMIT,208066,0,0,26,25
2,8,859685.0,-1.08878140652864,-0.8693272921435614,TIME_LIMIT,208109,0,0,22,11
2,8,859735.0,-1.08878140652864,-0.8693272921435614,TIME_LIMIT,208128,0,0,15,25
2,8,859794.0,-1.0887622972179445,-0.8693272921435614,TIME_LIMIT,208158,0,0,14,9
2,8,859999.0,-1.0887622972179445,-0.8693272921435614,TIME_LIMIT,208182,0,0,24,17
2,8,860168.0,-1.0887562856346986,-0.8693272921435614,TIME_LIMIT,208214,0,0,15,6
2,8,860255.0,-1.0887562856346986,-0.8693272921435614,TIME_LIMIT,208237,0,0,20,7
2,8,860348.0,-1.08875620021958,-0.8693272921435614,TIME_LIMIT,208263,0,0,15,4
2,8,860475.0,-1.08875620021958,-0.8693272921435614,TIME_LIMIT,208287,0,0,24,8
2,8,860536.0,-1.0887552680630654,-0.8693272921435614,TIME_LIMIT,208318,0,0,11,3
2,8,860593.0,-1.0887552680630654,-0.8693272921435614,TIME_LIMIT,208333,0,0,12,6
2,8,860633.0,-1.0887479042036525,-0.8693272921435614,TIME_LIMIT,208361,0,0,12,5
2,8,860827.0,-1.0887479042036525,-0.8693272921435614,TIME_LIMIT,208384,0,0,14,13
2,8,860930.0,-1.0887334756403355,-0.8693272921435614,TIME_LIMIT,208415,0,0,6,6
2,8,861002.0,-1.0887334756403355,-0.8693272921435614,TIME_LIMIT,208437,0,0,16,16
2,8,861205.0,-1.0887023873731136,-0.8693272921435614,TIME_LIMIT,208470,0,0,10,7
2,8,861275.0,-1.0887023873731136,-0.8693272921435614,TIME_LIMIT,208491,0,0,14,7
2,8,861472.0,-1.0887009027579304,-0.8693272921435614,TIME_LIMIT,208529,0,0,14,10
2,8,861675.0,-1.0887009027579304,-0.8693272921435614,TIME_LIMIT,208558,0,0,21,22
2,8,861797.0,-1.0886909168820114,-0.8693272921435614,TIME_LIMIT,208593,0,0,9,13
2,8,861999.0,-1.0886909168820114,-0.8693272921435614,TIME_LIMIT,208618,0,0,15,6
2,8,862155.0,-1.088688797379303,-0.8693272921435614,TIME_LIMIT,208650,0,0,10,10
2,8,862358.0,-1.088688797379303,-0.8693272921435614,TIME_LIMIT,208672,0,0,20,5
2,8,862561.0,-1.088686166296464,-0.8693272921435614,TIME_LIMIT,208709,0,0,16,11
2,8,862642.0,-1.088686166296464,-0.8693272921435614,TIME_LIMIT,208732,0,0,16,13
2,8,862743.0,-1.0886828128229276,-0.8693272921435614,TIME_LIMIT,208755,0,0,17,10
2,8,862797.0,-1.0886828128229276,-0.8693272921435614,TIME_LIMIT,208774,0,0,6,6
2,8,862851.0,-1.0886792909342353,-0.8693272921435614,TIME_LIMIT,208797,0,0,11,6
2,8,862936.0,-1.0886792909342353,-0.8693272921435614,TIME_LIMIT,208824,0,0,20,31
2,8,863141.0,-1.0886789582445817,-0.8693272921435614,TIME_LIMIT,208866,0,0,18,11
2,8,863340.0,-1.0886789582445817,-0.8693272921435614,TIME_LIMIT,208886,0,0,14,19
2,8,863536.0,-1.0886779449158839,-0.8693272921435614,TIME_LIMIT,208917,0,0,11,11
2,8,863621.0,-1.0886779449158839,-0.8693272921435614,TIME_LIMIT,208940,0,0,13,9
2,8,863711.0,-1.0886691203848828,-0.8693272921435614,TIME_LIMIT,208969,0,0,14,11
2,8,863821.0,-1.0886691203848828,-0.8693272921435614,TIME_LIMIT,208993,0,0,12,9
2,8,863930.0,-1.0886442655060278,-0.8693272921435614,TIME_LIMIT,209020,0,0,10,6
2,8,864133.0,-1.0886442655060278,-0.8693272921435614,TIME_LIMIT,209047,0,0,19,20
2,8,864336.0,-1.0886371890651088,-0.8693272921435614,TIME_LIMIT,209084,0,0,13,14
2,8,864432.0,-1.0886371890651088,-0.8693272921435614,TIME_LIMIT,209106,0,0,17,10
2,8,864510.0,-1.088635857989284,-0.8693272921435614,TIME_LIMIT,209132,0,0,9,6
2,8,864591.0,-1.088635857989284,-0.8693272921435614,TIME_LIMIT,209154,0,0,21,16
2,8,864647.0,-1.088626140702678,-0.8693272921435614,TIME_LIMIT,209183,0,0,9,6
2,8,864663.0,-1.088626140702678,-0.8693272921435614,TIME_LIMIT,209201,0,0,11,12
2,8,864730.0,-1.08862242879878,-0.8693272921435614,TIME_LIMIT,209223,0,0,10,5
2,8,864820.0,-1.08862242879878,-0.8693272921435614,TIME_LIMIT,209245,0,0,20,5
2,8,864915.0,-1.0885987743602,-0.8693272921435614,TIME_LIMIT,209265,0,0,14,10
2,8,865129.0,-1.0885987743602,-0.8693272921435614,TIME_LIMIT,209289,0,0,15,19
2,8,865275.0,-1.0885907172624618,-0.8693272921435614,TIME_LIMIT,209325,0,0,7,13
2,8,865316.0,-1.0885907172624618,-0.8693272921435614,TIME_LIMIT,209345,0,0,12,0
2,8,865361.0,-1.0885490073023876,-0.8693272921435614,TIME_LIMIT,209354,0,0,8,2
2,8,865549.0,-1.0885490073023876,-0.8693272921435614,TIME_LIMIT,209379,0,0,17,30
2,8,865698.0,-1.0885434606131037,-0.8693272921435614,TIME_LIMIT,209405,0,0,14,3
2,8,865909.0,-1.0885434606131037,-0.8693272921435614,TIME_LIMIT,209433,0,0,26,22
2,8,866043.0,-1.0885280483763309,-0.8693272921435614,TIME_LIMIT,209470,0,0,13,4
2,8,866103.0,-1.0885280483763309,-0.8693272921435614,TIME_LIMIT,209488,0,0,9,5
2,8,866192.0,-1.088471289217651,-0.8693272921435614,TIME_LIMIT,209511,0,0,16,9
2,8,866391.0,-1.088471289217651,-0.8693272921435614,TIME_LIMIT,209537,0,0,23,21
2,8,866524.0,-1.0884668866806666,-0.8693272921435614,TIME_LIMIT,209572,0,0,15,18
2,8,866670.0,-1.0884668866806666,-0.8693272921435614,TIME_LIMIT,209595,0,0,20,8
2,8,866787.0,-1.0884625887762354,-0.8693272921435614,TIME_LIMIT,209625,0,0,15,6
2,8,867003.0,-1.0884625887762354,-0.8693272921435614,TIME_LIMIT,209652,0,0,21,17
2,8,867220.0,-1.0884551862967329,-0.8693272921435614,TIME_LIMIT,209686,0,0,11,5
2,8,867290.0,-1.0884551862967329,-0.8693272921435614,TIME_LIMIT,209708,0,0,10,7
2,8,867349.0,-1.0884495718779907,-0.8693272921435614,TIME_LIMIT,209729,0,0,9,7
2,8,867424.0,-1.0884495718779907,-0.8693272921435614,TIME_LIMIT,209751,0,0,19,9
2,8,867532.0,-1.0884364883223026,-0.8693272921435614,TIME_LIMIT,209780,0,0,10,7
2,8,867651.0,-1.0884364883223026,-0.8693272921435614,TIME_LIMIT,209807,0,0,20,10
2,8,867728.0,-1.0884288934854647,-0.8693272921435614,TIME_LIMIT,209833,0,0,17,11
2,8,867806.0,-1.0884288934854647,-0.8693272921435614,TIME_LIMIT,209856,0,0,15,13
2,8,867820.0,-1.0884031198457707,-0.8693272921435614,TIME_LIMIT,209874,0,0,8,2
2,8,867956.0,-1.0884031198457707,-0.8693272921435614,TIME_LIMIT,209901,0,0,13,20
2,8,868028.0,-1.0883977017775148,-0.8693272921435614,TIME_LIMIT,209923,0,0,3,8
2,8,868089.0,-1.0883977017775148,-0.8693272921435614,TIME_LIMIT,209940,0,0,13,20
2,8,868198.0,-1.0883891578869975,-0.8693272921435614,TIME_LIMIT,209975,0,0,7,3
2,8,868350.0,-1.0883891578869975,-0.8693272921435614,TIME_LIMIT,210005,0,0,20,36
2,8,868567.0,-1.0883785272229058,-0.8693272921435614,TIME_LIMIT,210042,0,0,15,21
2,8,868650.0,-1.0883785272229058,-0.8693272921435614,TIME_LIMIT,210065,0,0,14,7
2,8,868690.0,-1.0883369600096313,-0.8693272921435614,TIME_LIMIT,210086,0,0,7,6
2,8,868773.0,-1.0883369600096313,-0.8693272921435614,TIME_LIMIT,210107,0,0,15,13
2,8,868813.0,-1.0883104753426798,-0.8693272921435614,TIME_LIMIT,210125,0,0,5,4
2,8,868931.0,-1.0883104753426798,-0.8693272921435614,TIME_LIMIT,210147,0,0,25,20
2,8,869084.0,-1.0883097439766785,-0.8693272921435614,TIME_LIMIT,210187,0,0,22,6
2,8,869151.0,-1.0883097439766785,-0.8693272921435614,TIME_LIMIT,210205,0,0,14,20
2,8,869228.0,-1.0883061009811619,-0.8693272921435614,TIME_LIMIT,210230,0,0,10,5
2,8,869324.0,-1.0883061009811619,-0.8693272921435614,TIME_LIMIT,210251,0,0,16,5
2,8,869385.0,-1.0882923078936853,-0.8693272921435614,TIME_LIMIT,210272,0,0,16,1
2,8,869490.0,-1.0882923078936853,-0.8693272921435614,TIME_LIMIT,210293,0,0,20,10
2,8,869545.0,-1.0882899473053604,-0.8693272921435614,TIME_LIMIT,210323,0,0,11,7
2,8,869604.0,-1.0882899473053604,-0.8693272921435614,TIME_LIMIT,210338,0,0,10,3
2,8,869693.0,-1.0882879090279156,-0.8693272921435614,TIME_LIMIT,210366,0,0,15,3
2,8,869909.0,-1.0882879090279156,-0.8693272921435614,TIME_LIMIT,210387,0,0,20,11
2,8,869982.0,-1.088281443551431,-0.8693272921435614,TIME_LIMIT,210418,0,0,12,17
2,8,870093.0,-1.088281443551431,-0.8693272921435614,TIME_LIMIT,210446,0,0,21,11
2,8,870154.0,-1.0882761485009467,-0.8693272921435614,TIME_LIMIT,210481,0,0,16,6
2,8,870302.0,-1.0882761485009467,-0.8693272921435614,TIME_LIMIT,210501,0,0,19,16
2,8,870481.0,-1.0882542219603255,-0.8693272921435614,TIME_LIMIT,210539,0,0,15,7
2,8,870551.0,-1.0882542219603255,-0.8693272921435614,TIME_LIMIT,210556,0,0,18,9
2,8,870725.0,-1.088248903797341,-0.8693272921435614,TIME_LIMIT,210589,0,0,15,8
2,8,870837.0,-1.088248903797341,-0.8693272921435614,TIME_LIMIT,210617,0,0,19,12
2,8,870922.0,-1.0882431485698492,-0.8693272921435614,TIME_LIMIT,210649,0,0,17,6
2,8,871011.0,-1.0882431485698492,-0.8693272921435614,TIME_LIMIT,210668,0,0,14,10
2,8,871195.0,-1.0882422303405663,-0.8693272921435614,TIME_LIMIT,210700,0,0,14,8
2,8,871280.0,-1.0882422303405663,-0.8693272921435614,TIME_LIMIT,210724,0,0,18,13
2,8,871356.0,-1.0882407649135215,-0.8693272921435614,TIME_LIMIT,210750,0,0,10,4
2,8,871385.0,-1.0882407649135215,-0.8693272921435614,TIME_LIMIT,210762,0,0,9,2
2,8,871435.0,-1.088234244194993,-0.8693272921435614,TIME_LIMIT,210781,0,0,7,2
2,8,871573.0,-1.088234244194993,-0.8693272921435614,TIME_LIMIT,210803,0,0,13,9
2,8,871679.0,-1.0882129750262863,-0.8693272921435614,TIME_LIMIT,210837,0,0,22,9
2,8,871761.0,-1.0882129750262863,-0.8693272921435614,TIME_LIMIT,210861,0,0,18,9
2,8,871869.0,-1.0882060361145667,-0.8693272921435614,TIME_LIMIT,210892,0,0,13,8
2,8,871972.0,-1.0882060361145667,-0.8693272921435614,TIME_LIMIT,210912,0,0,21,19
2,8,872020.0,-1.088204724964638,-0.8693272921435614,TIME_LIMIT,210937,0,0,13,2
2,8,872210.0,-1.088204724964638,-0.8693272921435614,TIME_LIMIT,210969,0,0,18,14
2,8,872288.0,-1.0881827587406359,-0.8693272921435614,TIME_LIMIT,210991,0,0,14,13
2,8,872319.0,-1.0881827587406359,-0.8693272921435614,TIME_LIMIT,211009,0,0,10,5
2,8,872357.0,-1.0881797483262634,-0.8693272921435614,TIME_LIMIT,211032,0,0,11,9
2,8,872471.0,-1.0881797483262634,-0.8693272921435614,TIME_LIMIT,211056,0,0,20,23
2,8,872551.0,-1.088141441198117,-0.8693272921435614,TIME_LIMIT,211087,0,0,11,11
2,8,872613.0,-1.088141441198117,-0.8693272921435614,TIME_LIMIT,211101,0,0,11,7
2,8,872646.0,-1.0881382069310601,-0.8693272921435614,TIME_LIMIT,211120,0,0,8,4
2,8,872686.0,-1.0881382069310601,-0.8693272921435614,TIME_LIMIT,211139,0,0,13,12
2,8,872725.0,-1.0881350853410043,-0.8693272921435614,TIME_LIMIT,211161,0,0,7,5
2,8,872936.0,-1.0881350853410043,-0.8693272921435614,TIME_LIMIT,211181,0,0,15,24
2,8,873153.0,-1.0881220621409327,-0.8693272921435614,TIME_LIMIT,211217,0,0,4,7
2,8,873284.0,-1.0881220621409327,-0.8693272921435614,TIME_LIMIT,211238,0,0,17,9
2,8,873337.0,-1.0881205094420179,-0.8693272921435614,TIME_LIMIT,211266,0,0,12,7
2,8,873538.0,-1.0881205094420179,-0.8693272921435614,TIME_LIMIT,211288,0,0,14,12
2,8,873630.0,-1.0881133416169733,-0.8693272921435614,TIME_LIMIT,211311,0,0,17,8
2,8,873658.0,-1.0881133416169733,-0.8693272921435614,TIME_LIMIT,211328,0,0,8,10
2,8,873795.0,-1.088103913419959,-0.8693272921435614,TIME_LIMIT,211358,0,0,11,6
2,8,873936.0,-1.088103913419959,-0.8693272921435614,TIME_LIMIT,211379,0,0,18,14
2,8,874152.0,-1.0880974497671905,-0.8693272921435614,TIME_LIMIT,211412,0,0,6,3
2,8,874293.0,-1.0880974497671905,-0.8693272921435614,TIME_LIMIT,211436,0,0,21,13
2,8,874379.0,-1.0880973105365523,-0.8693272921435614,TIME_LIMIT,211466,0,0,14,5
2,8,874474.0,-1.0880973105365523,-0.8693272921435614,TIME_LIMIT,211489,0,0,16,12
2,8,874577.0,-1.088089290355942,-0.8693272921435614,TIME_LIMIT,211516,0,0,13,5
2,8,874655.0,-1.088089290355942,-0.8693272921435614,TIME_LIMIT,211536,0,0,15,12
2,8,874860.0,-1.0880679191628309,-0.8693272921435614,TIME_LIMIT,211567,0,0,17,11
2,8,874954.0,-1.0880679191628309,-0.8693272921435614,TIME_LIMIT,211592,0,0,13,14
2,8,875096.0,-1.0880607932457544,-0.8693272921435614,TIME_LIMIT,211630,0,0,13,9
2,8,875105.0,-1.0880607932457544,-0.8693272921435614,TIME_LIMIT,211637,0,0,3,2
2,8,875126.0,-1.0880526638423111,-0.8693272921435614,TIME_LIMIT,211651,0,0,2,4
2,8,875216.0,-1.0880526638423111,-0.8693272921435614,TIME_LIMIT,211674,0,0,5,6
2,8,875253.0,-1.0880520689432216,-0.8693272921435614,TIME_LIMIT,211696,0,0,12,2
2,8,875453.0,-1.0880520689432216,-0.8693272921435614,TIME_LIMIT,211711,0,0,9,6
2,8,875532.0,-1.0880325428197968,-0.8693272921435614,TIME_LIMIT,211739,0,0,10,3
2,8,875656.0,-1.0880325428197968,-0.8693272921435614,TIME_LIMIT,211759,0,0,10,6
2,8,875818.0,-1.088022067090741,-0.8693272921435614,TIME_LIMIT,211789,0,0,9,4
2,8,875921.0,-1.088022067090741,-0.8693272921435614,TIME_LIMIT,211810,0,0,13,11
2,8,876024.0,-1.0880172290870038,-0.8693272921435614,TIME_LIMIT,211846,0,0,17,7
2,8,876077.0,-1.0880172290870038,-0.8693272921435614,TIME_LIMIT,211868,0,0,14,9
2,8,876132.0,-1.0880076252517226,-0.8693272921435614,TIME_LIMIT,211891,0,0,9,4
2,8,876191.0,-1.0880076252517226,-0.8693272921435614,TIME_LIMIT,211911,0,0,9,8
2,8,876245.0,-1.08800741828132,-0.8693272921435614,TIME_LIMIT,211931,0,0,17,6
2,8,876303.0,-1.08800741828132,-0.8693272921435614,TIME_LIMIT,211950,0,0,10,4
2,8,876359.0,-1.0879894362278466,-0.8693272921435614,TIME_LIMIT,211977,0,0,5,4
2,8,876453.0,-1.0879894362278466,-0.8693272921435614,TIME_LIMIT,212008,0,0,11,19
2,8,876659.0,-1.0879861335694834,-0.8693272921435614,TIME_LIMIT,212049,0,0,24,14
2,8,876704.0,-1.0879861335694834,-0.8693272921435614,TIME_LIMIT,212067,0,0,8,1
2,8,876722.0,-1.0879707949005546,-0.8693272921435614,TIME_LIMIT,212077,0,0,7,2
2,8,876934.0,-1.0879707949005546,-0.8693272921435614,TIME_LIMIT,212102,0,0,18,15
2,8,877026.0,-1.087957138151169,-0.8693272921435614,TIME_LIMIT,212135,0,0,5,4
2,8,877237.0,-1.087957138151169,-0.8693272921435614,TIME_LIMIT,212157,0,0,11,7
2,8,877454.0,-1.0879431671457338,-0.8693272921435614,TIME_LIMIT,212192,0,0,15,11
2,8,877539.0,-1.0879431671457338,-0.8693272921435614,TIME_LIMIT,212214,0,0,15,20
2,8,877593.0,-1.0879411021101457,-0.8693272921435614,TIME_LIMIT,212239,0,0,6,7
2,8,877694.0,-1.0879411021101457,-0.8693272921435614,TIME_LIMIT,212258,0,0,13,13
2,8,877773.0,-1.0879099188037973,-0.8693272921435614,TIME_LIMIT,212283,0,0,5,4
2,8,877983.0,-1.0879099188037973,-0.8693272921435614,TIME_LIMIT,212308,0,0,20,14
2,8,878192.0,-1.0879007933279368,-0.8693272921435614,TIME_LIMIT,212341,0,0,14,10
2,8,878338.0,-1.0879007933279368,-0.8693272921435614,TIME_LIMIT,212368,0,0,13,26
2,8,878505.0,-1.087898056055987,-0.8693272921435614,TIME_LIMIT,212404,0,0,18,9
2,8,878716.0,-1.087898056055987,-0.8693272921435614,TIME_LIMIT,212423,0,0,19,38
2,8,878916.0,-1.0878941130194257,-0.8693272921435614,TIME_LIMIT,212464,0,0,22,14
2,8,879025.0,-1.0878941130194257,-0.8693272921435614,TIME_LIMIT,212486,0,0,20,16
2,8,879151.0,-1.087891928471545,-0.8693272921435614,TIME_LIMIT,212522,0,0,14,9
2,8,879207.0,-1.087891928471545,-0.8693272921435614,TIME_LIMIT,212545,0,0,15,14
2,8,879329.0,-1.0878869823677813,-0.8693272921435614,TIME_LIMIT,212577,0,0,10,11
2,8,879532.0,-1.0878869823677813,-0.8693272921435614,TIME_LIMIT,212601,0,0,19,12
2,8,879727.0,-1.087886602331086,-0.8693272921435614,TIME_LIMIT,212622,0,0,17,9
2,8,879893.0,-1.087886602331086,-0.8693272921435614,TIME_LIMIT,212654,0,0,23,11
2,8,880024.0,-1.0878850888029459,-0.8693272921435614,TIME_LIMIT,212684,0,0,19,16
2,8,880206.0,-1.0878850888029459,-0.8693272921435614,TIME_LIMIT,212717,0,0,23,8
2,8,880303.0,-1.087879430011962,-0.8693272921435614,TIME_LIMIT,212744,0,0,5,9
2,8,880517.0,-1.087879430011962,-0.8693272921435614,TIME_LIMIT,212767,0,0,15,11
2,8,880734.0,-1.0878758089367684,-0.8693272921435614,TIME_LIMIT,212785,0,0,9,4
2,8,880772.0,-1.0878758089367684,-0.8693272921435614,TIME_LIMIT,212802,0,0,7,3
2,8,880936.0,-1.0878747134865128,-0.8693272921435614,TIME_LIMIT,212830,0,0,10,7
2,8,880970.0,-1.0878747134865128,-0.8693272921435614,TIME_LIMIT,212845,0,0,8,4
2,8,880993.0,-1.0878736294754496,-0.8693272921435614,TIME_LIMIT,212858,0,0,6,6
2,8,881055.0,-1.0878736294754496,-0.8693272921435614,TIME_LIMIT,212877,0,0,11,13
2,8,881099.0,-1.0878642057147945,-0.8693272921435614,TIME_LIMIT,212902,0,0,10,9
2,8,881160.0,-1.0878642057147945,-0.8693272921435614,TIME_LIMIT,212919,0,0,13,9
2,8,881196.0,-1.0878611835418361,-0.8693272921435614,TIME_LIMIT,212945,0,0,12,5
2,8,881298.0,-1.0878611835418361,-0.8693272921435614,TIME_LIMIT,212961,0,0,13,11
2,8,881394.0,-1.0878538924116405,-0.8693272921435614,TIME_LIMIT,212988,0,0,11,8
2,8,881477.0,-1.0878538924116405,-0.8693272921435614,TIME_LIMIT,213009,0,0,13,20
2,8,881687.0,-1.087851697738194,-0.8693272921435614,TIME_LIMIT,213045,0,0,9,9
2,8,881898.0,-1.087851697738194,-0.8693272921435614,TIME_LIMIT,213069,0,0,14,16
2,8,882028.0,-1.0878458681549712,-0.8693272921435614,TIME_LIMIT,213103,0,0,19,6
2,8,882055.0,-1.0878458681549712,-0.8693272921435614,TIME_LIMIT,213116,0,0,8,3
2,8,882071.0,-1.0878423384445028,-0.8693272921435614,TIME_LIMIT,213135,0,0,8,1
2,8,882177.0,-1.0878423384445028,-0.8693272921435614,TIME_LIMIT,213158,0,0,16,21
2,8,882209.0,-1.0878347353172084,-0.8693272921435614,TIME_LIMIT,213181,0,0,7,6
2,8,882256.0,-1.0878347353172084,-0.8693272921435614,TIME_LIMIT,213200,0,0,15,9
2,8,882287.0,-1.0878326565227747,-0.8693272921435614,TIME_LIMIT,213222,0,0,9,5
2,8,882316.0,-1.0878326565227747,-0.8693272921435614,TIME_LIMIT,213233,0,0,9,5
2,8,882367.0,-1.0878308309494313,-0.8693272921435614,TIME_LIMIT,213253,0,0,3,1
2,8,882453.0,-1.0878308309494313,-0.8693272921435614,TIME_LIMIT,213271,0,0,17,14
2,8,882551.0,-1.0878132150733675,-0.8693272921435614,TIME_LIMIT,213299,0,0,9,8
2,8,882580.0,-1.0878132150733675,-0.8693272921435614,TIME_LIMIT,213314,0,0,14,11
2,8,882668.0,-1.0878117094035253,-0.8693272921435614,TIME_LIMIT,213338,0,0,8,5
2,8,882711.0,-1.0878117094035253,-0.8693272921435614,TIME_LIMIT,213358,0,0,10,2
2,8,882738.0,-1.0878034869986122,-0.8693272921435614,TIME_LIMIT,213377,0,0,5,4
2,8,882945.0,-1.0878034869986122,-0.8693272921435614,TIME_LIMIT,213406,0,0,26,30
2,8,883156.0,-1.0877948195857159,-0.8693272921435614,TIME_LIMIT,213446,0,0,19,18
2,8,883237.0,-1.0877948195857159,-0.8693272921435614,TIME_LIMIT,213465,0,0,14,20
2,8,883430.0,-1.0877899533266573,-0.8693272921435614,TIME_LIMIT,213492,0,0,13,5
2,8,883631.0,-1.0877899533266573,-0.8693272921435614,TIME_LIMIT,213521,0,0,18,8
2,8,883769.0,-1.0877870608686127,-0.8693272921435614,TIME_LIMIT,213557,0,0,12,8
2,8,883846.0,-1.0877870608686127,-0.8693272921435614,TIME_LIMIT,213583,0,0,16,5
2,8,883935.0,-1.0877771891031445,-0.8693272921435614,TIME_LIMIT,213608,0,0,17,5
2,8,884097.0,-1.0877771891031445,-0.8693272921435614,TIME_LIMIT,213629,0,0,15,10
2,8,884249.0,-1.0877762448891377,-0.8693272921435614,TIME_LIMIT,213658,0,0,13,7
2,8,884446.0,-1.0877762448891377,-0.8693272921435614,TIME_LIMIT,213687,0,0,9,18
2,8,884662.0,-1.0877603259243487,-0.8693272921435614,TIME_LIMIT,213717,0,0,14,13
2,8,884720.0,-1.0877603259243487,-0.8693272921435614,TIME_LIMIT,213734,0,0,15,12
2,8,884774.0,-1.0877585066740096,-0.8693272921435614,TIME_LIMIT,213757,0,0,9,8
2,8,884910.0,-1.0877585066740096,-0.8693272921435614,TIME_LIMIT,213778,0,0,19,15
2,8,885051.0,-1.0877580065156178,-0.8693272921435614,TIME_LIMIT,213811,0,0,13,9
2,8,885169.0,-1.0877580065156178,-0.8693272921435614,TIME_LIMIT,213838,0,0,24,8
2,8,885312.0,-1.0877486877921987,-0.8693272921435614,TIME_LIMIT,213868,0,0,17,10
2,8,885477.0,-1.0877486877921987,-0.8693272921435614,TIME_LIMIT,213892,0,0,5,13
2,8,885515.0,-1.0877452395592075,-0.8693272921435614,TIME_LIMIT,213908,0,0,4,4
2,8,885667.0,-1.0877452395592075,-0.8693272921435614,TIME_LIMIT,213932,0,0,25,12
2,8,885885.0,-1.0877403559408787,-0.8693272921435614,TIME_LIMIT,213970,0,0,14,10
2,8,886103.0,-1.0877403559408787,-0.8693272921435614,TIME_LIMIT,213991,0,0,15,21
2,8,886322.0,-1.0877356916510552,-0.8693272921435614,TIME_LIMIT,214021,0,0,16,11
2,8,886515.0,-1.0877356916510552,-0.8693272921435614,TIME_LIMIT,214045,0,0,20,10
2,8,886733.0,-1.0877177609377404,-0.8693272921435614,TIME_LIMIT,214080,0,0,5,9
2,8,886924.0,-1.0877177609377404,-0.8693272921435614,TIME_LIMIT,214103,0,0,19,12
2,8,887003.0,-1.0877028510005755,-0.8693272921435614,TIME_LIMIT,214127,0,0,8,5
2,8,887043.0,-1.0877028510005755,-0.8693272921435614,TIME_LIMIT,214148,0,0,10,10
2,8,887175.0,-1.087701174685866,-0.8693272921435614,TIME_LIMIT,214181,0,0,11,10
2,8,887281.0,-1.087701174685866,-0.8693272921435614,TIME_LIMIT,214208,0,0,21,22
2,8,887474.0,-1.0876973880503094,-0.8693272921435614,TIME_LIMIT,214246,0,0,13,7
2,8,887677.0,-1.0876973880503094,-0.8693272921435614,TIME_LIMIT,214273,0,0,21,13
2,8,887880.0,-1.087693308597013,-0.8693272921435614,TIME_LIMIT,214309,0,0,18,9
2,8,888090.0,-1.087693308597013,-0.8693272921435614,TIME_LIMIT,214338,0,0,21,21
2,8,888215.0,-1.08769162498981,-0.8693272921435614,TIME_LIMIT,214368,0,0,10,9
2,8,888320.0,-1.08769162498981,-0.8693272921435614,TIME_LIMIT,214392,0,0,13,12
2,8,888511.0,-1.0876914482083175,-0.8693272921435614,TIME_LIMIT,214412,0,0,9,7
2,8,888601.0,-1.0876914482083175,-0.8693272921435614,TIME_LIMIT,214433,0,0,14,6
2,8,888688.0,-1.0876889242911596,-0.8693272921435614,TIME_LIMIT,214461,0,0,12,2
2,8,888699.0,-1.0876889242911596,-0.8693272921435614,TIME_LIMIT,214472,0,0,5,1
2,8,888758.0,-1.087680515525996,-0.8693272921435614,TIME_LIMIT,214497,0,0,8,5
2,8,888840.0,-1.087680515525996,-0.8693272921435614,TIME_LIMIT,214522,0,0,15,15
2,8,889008.0,-1.0876779201264788,-0.8693272921435614,TIME_LIMIT,214538,0,0,15,7
2,8,889071.0,-1.0876779201264788,-0.8693272921435614,TIME_LIMIT,214559,0,0,15,30
2,8,889223.0,-1.0876513037787723,-0.8693272921435614,TIME_LIMIT,214586,0,0,19,8
2,8,889324.0,-1.0876513037787723,-0.8693272921435614,TIME_LIMIT,214609,0,0,19,9
2,8,889433.0,-1.0876411853246069,-0.8693272921435614,TIME_LIMIT,214641,0,0,15,4
2,8,889643.0,-1.0876411853246069,-0.8693272921435614,TIME_LIMIT,214669,0,0,19,17
2,8,889791.0,-1.0876320540247004,-0.8693272921435614,TIME_LIMIT,214699,0,0,11,6
2,8,889871.0,-1.0876320540247004,-0.8693272921435614,TIME_LIMIT,214720,0,0,8,12
2,8,889896.0,-1.0876291064701955,-0.8693272921435614,TIME_LIMIT,214738,0,0,4,2
2,8,889964.0,-1.0876291064701955,-0.8693272921435614,TIME_LIMIT,214758,0,0,13,10
2,8,890026.0,-1.0876284386841693,-0.8693272921435614,TIME_LIMIT,214784,0,0,4,5
2,8,890166.0,-1.0876284386841693,-0.8693272921435614,TIME_LIMIT,214810,0,0,19,15
2,8,890334.0,-1.0876270381664646,-0.8693272921435614,TIME_LIMIT,214841,0,0,17,7
2,8,890544.0,-1.0876270381664646,-0.8693272921435614,TIME_LIMIT,214861,0,0,22,19
2,8,890731.0,-1.0876185160849545,-0.8693272921435614,TIME_LIMIT,214901,0,0,12,10
2,8,890934.0,-1.0876185160849545,-0.8693272921435614,TIME_LIMIT,214924,0,0,26,17
2,8,891131.0,-1.087587229420828,-0.8693272921435614,TIME_LIMIT,214960,0,0,15,10
2,8,891287.0,-1.087587229420828,-0.8693272921435614,TIME_LIMIT,214980,0,0,20,17
2,8,891437.0,-1.087579878239489,-0.8693272921435614,TIME_LIMIT,215019,0,0,15,6
2,8,891529.0,-1.087579878239489,-0.8693272921435614,TIME_LIMIT,215038,0,0,16,8
2,8,891577.0,-1.0875663746787845,-0.8693272921435614,TIME_LIMIT,215062,0,0,11,4
2,8,891704.0,-1.0875663746787845,-0.8693272921435614,TIME_LIMIT,215082,0,0,15,9
2,8,891749.0,-1.0875589169881141,-0.8693272921435614,TIME_LIMIT,215101,0,0,9,4
2,8,891821.0,-1.0875589169881141,-0.8693272921435614,TIME_LIMIT,215115,0,0,12,13
2,8,891907.0,-1.08754828815063,-0.8693272921435614,TIME_LIMIT,215144,0,0,6,5
2,8,892109.0,-1.08754828815063,-0.8693272921435614,TIME_LIMIT,215172,0,0,18,24
2,8,892320.0,-1.087547595114795,-0.8693272921435614,TIME_LIMIT,215197,0,0,13,12
2,8,892449.0,-1.087547595114795,-0.8693272921435614,TIME_LIMIT,215226,0,0,29,13
2,8,892658.0,-1.0875375222483221,-0.8693272921435614,TIME_LIMIT,215263,0,0,20,8
2,8,892805.0,-1.0875375222483221,-0.8693272921435614,TIME_LIMIT,215283,0,0,11,16
2,8,892930.0,-1.087527543224134,-0.8693272921435614,TIME_LIMIT,215317,0,0,15,9
2,8,893050.0,-1.087527543224134,-0.8693272921435614,TIME_LIMIT,215340,0,0,17,12
2,8,893156.0,-1.0875149091456908,-0.8693272921435614,TIME_LIMIT,215371,0,0,14,7
2,8,893368.0,-1.0875149091456908,-0.8693272921435614,TIME_LIMIT,215398,0,0,23,22
2,8,893567.0,-1.0875080324133275,-0.8693272921435614,TIME_LIMIT,215441,0,0,25,11
2,8,893694.0,-1.0875080324133275,-0.8693272921435614,TIME_LIMIT,215461,0,0,16,12
2,8,893809.0,-1.0874951076492936,-0.8693272921435614,TIME_LIMIT,215489,0,0,16,4
2,8,893917.0,-1.0874951076492936,-0.8693272921435614,TIME_LIMIT,215511,0,0,16,11
2,8,893979.0,-1.087488250844256,-0.8693272921435614,TIME_LIMIT,215537,0,0,5,5
2,8,894196.0,-1.087488250844256,-0.8693272921435614,TIME_LIMIT,215562,0,0,13,21
2,8,894351.0,-1.0874790467878417,-0.8693272921435614,TIME_LIMIT,215593,0,0,14,7
2,8,894450.0,-1.0874790467878417,-0.8693272921435614,TIME_LIMIT,215618,0,0,13,16
2,8,894546.0,-1.0874757331294838,-0.8693272921435614,TIME_LIMIT,215640,0,0,15,6
2,8,894629.0,-1.0874757331294838,-0.8693272921435614,TIME_LIMIT,215662,0,0,17,7
2,8,894672.0,-1.0874517975740199,-0.8693272921435614,TIME_LIMIT,215687,0,0,9,4
2,8,894763.0,-1.0874517975740199,-0.8693272921435614,TIME_LIMIT,215709,0,0,20,15
2,8,894853.0,-1.087425576718795,-0.8693272921435614,TIME_LIMIT,215740,0,0,16,6
2,8,894909.0,-1.087425576718795,-0.8693272921435614,TIME_LIMIT,215759,0,0,10,10
2,8,894984.0,-1.087424016236492,-0.8693272921435614,TIME_LIMIT,215786,0,0,11,3
2,8,895161.0,-1.087424016236492,-0.8693272921435614,TIME_LIMIT,215813,0,0,23,21
2,8,895341.0,-1.0874017667974256,-0.8693272921435614,TIME_LIMIT,215851,0,0,11,9
2,8,895424.0,-1.0874017667974256,-0.8693272921435614,TIME_LIMIT,215874,0,0,17,9
2,8,895477.0,-1.0873943969697972,-0.8693272921435614,TIME_LIMIT,215898,0,0,7,11
2,8,895686.0,-1.0873943969697972,-0.8693272921435614,TIME_LIMIT,215923,0,0,26,24
2,8,895852.0,-1.0873754755731762,-0.8693272921435614,TIME_LIMIT,215962,0,0,20,7
2,8,895910.0,-1.0873754755731762,-0.8693272921435614,TIME_LIMIT,215979,0,0,20,22
2,8,896114.0,-1.08737439557793,-0.8693272921435614,TIME_LIMIT,216017,0,0,19,9
2,8,896148.0,-1.08737439557793,-0.8693272921435614,TIME_LIMIT,216033,0,0,10,4
2,8,896174.0,-1.0873574451202934,-0.8693272921435614,TIME_LIMIT,216046,0,0,6,3
2,8,896200.0,-1.0873574451202934,-0.8693272921435614,TIME_LIMIT,216064,0,0,11,7
2,8,896228.0,-1.0873443631553796,-0.8693272921435614,TIME_LIMIT,216079,0,0,10,2
2,8,896301.0,-1.0873443631553796,-0.8693272921435614,TIME_LIMIT,216103,0,0,22,25
2,8,896492.0,-1.0873440397691645,-0.8693272921435614,TIME_LIMIT,216139,0,0,12,8
2,8,896526.0,-1.0873440397691645,-0.8693272921435614,TIME_LIMIT,216152,0,0,10,4
2,8,896555.0,-1.0873420885344807,-0.8693272921435614,TIME_LIMIT,216174,0,0,8,4
2,8,896733.0,-1.0873420885344807,-0.8693272921435614,TIME_LIMIT,216193,0,0,16,11
2,8,896841.0,-1.087325232648082,-0.8693272921435614,TIME_LIMIT,216228,0,0,19,8
2,8,897035.0,-1.087325232648082,-0.8693272921435614,TIME_LIMIT,216250,0,0,22,18
2,8,897190.0,-1.08732506495009,-0.8693272921435614,TIME_LIMIT,216285,0,0,17,13
2,8,897855.0,-1.08732506495009,-0.8693272921435614,TIME_LIMIT,216306,0,0,16,20
2,8,898041.0,-1.0873241904852415,-0.8693272921435614,TIME_LIMIT,216338,0,0,18,3
2,8,898126.0,-1.0873241904852415,-0.8693272921435614,TIME_LIMIT,216365,0,0,17,23
2,8,898233.0,-1.0873131284971804,-0.8693272921435614,TIME_LIMIT,216398,0,0,17,7
2,8,898380.0,-1.0873131284971804,-0.8693272921435614,TIME_LIMIT,216429,0,0,21,18
2,8,898559.0,-1.0873032893421324,-0.8693272921435614,TIME_LIMIT,216457,0,0,11,13
2,8,898736.0,-1.0873032893421324,-0.8693272921435614,TIME_LIMIT,216483,0,0,20,14
2,8,898855.0,-1.0872992273363047,-0.8693272921435614,TIME_LIMIT,216520,0,0,21,7
2,8,898923.0,-1.0872992273363047,-0.8693272921435614,TIME_LIMIT,216537,0,0,11,6
2,8,898990.0,-1.0872843499435227,-0.8693272921435614,TIME_LIMIT,216561,0,0,8,4
2,8,899108.0,-1.0872843499435227,-0.8693272921435614,TIME_LIMIT,216584,0,0,20,7
2,8,899210.0,-1.0872833157567436,-0.8693272921435614,TIME_LIMIT,216613,0,0,14,9
2,8,899267.0,-1.0872833157567436,-0.8693272921435614,TIME_LIMIT,216632,0,0,7,11
2,8,899482.0,-1.0872590536376459,-0.8693272921435614,TIME_LIMIT,216665,0,0,5,7
2,8,899707.0,-1.0872590536376459,-0.8693272921435614,TIME_LIMIT,216684,0,0,15,14
2,8,899908.0,-1.0872530419420108,-0.8693272921435614,TIME_LIMIT,216720,0,0,15,10
2,8,900004.0,-1.0872530419420108,-0.8693272921435614,TIME_LIMIT,216743,0,0,16,5
2,8,900087.0,-1.087244275445593,-0.8693272921435614,TIME_LIMIT,216766,0,0,17,8
2,8,900197.0,-1.087244275445593,-0.8693272921435614,TIME_LIMIT,216796,0,0,20,6
2,8,900237.0,-1.087239979277009,-0.8693272921435614,TIME_LIMIT,216814,0,0,14,5
2,8,900300.0,-1.087239979277009,-0.8693272921435614,TIME_LIMIT,216833,0,0,16,9
2,8,900439.0,-1.0872397630869435,-0.8693272921435614,TIME_LIMIT,216869,0,0,15,10
2,8,900507.0,-1.0872397630869435,-0.8693272921435614,TIME_LIMIT,216890,0,0,14,9
2,8,900665.0,-1.0872200608884692,-0.8693272921435614,TIME_LIMIT,216924,0,0,15,9
2,8,900729.0,-1.0872200608884692,-0.8693272921435614,TIME_LIMIT,216948,0,0,11,18
2,8,900770.0,-1.0872171462464446,-0.8693272921435614,TIME_LIMIT,216977,0,0,13,4
2,8,901005.0,-1.0872171462464446,-0.8693272921435614,TIME_LIMIT,217000,0,0,13,12
2,8,901061.0,-1.087213611834488,-0.8693272921435614,TIME_LIMIT,217028,0,0,13,13
2,8,901296.0,-1.087213611834488,-0.8693272921435614,TIME_LIMIT,217047,0,0,15,15
2,8,901468.0,-1.0872108039002024,-0.8693272921435614,TIME_LIMIT,217079,0,0,15,5
2,8,901610.0,-1.0872108039002024,-0.8693272921435614,TIME_LIMIT,217102,0,0,16,7
2,8,901841.0,-1.0872065797309935,-0.8693272921435614,TIME_LIMIT,217134,0,0,7,6
2,8,902029.0,-1.0872065797309935,-0.8693272921435614,TIME_LIMIT,217161,0,0,20,17
2,8,902130.0,-1.0871975467627641,-0.8693272921435614,TIME_LIMIT,217186,0,0,15,3
2,8,902236.0,-1.0871975467627641,-0.8693272921435614,TIME_LIMIT,217211,0,0,19,10
2,8,902380.0,-1.087196460717267,-0.8693272921435614,TIME_LIMIT,217233,0,0,11,4
2,8,902446.0,-1.087196460717267,-0.8693272921435614,TIME_LIMIT,217255,0,0,14,10
2,8,902500.0,-1.0871928508480027,-0.8693272921435614,TIME_LIMIT,217280,0,0,11,6
2,8,902709.0,-1.0871928508480027,-0.8693272921435614,TIME_LIMIT,217305,0,0,16,4
2,8,902932.0,-1.087184389384794,-0.8693272921435614,TIME_LIMIT,217337,0,0,17,11
2,8,903014.0,-1.087184389384794,-0.8693272921435614,TIME_LIMIT,217358,0,0,16,19
2,8,903183.0,-1.0871840762421292,-0.8693272921435614,TIME_LIMIT,217392,0,0,10,12
2,8,903329.0,-1.0871840762421292,-0.8693272921435614,TIME_LIMIT,217423,0,0,20,18
2,8,903429.0,-1.087174975771081,-0.8693272921435614,TIME_LIMIT,217456,0,0,15,12
2,8,903637.0,-1.087174975771081,-0.8693272921435614,TIME_LIMIT,217482,0,0,6,20
2,8,903734.0,-1.0871729451646983,-0.8693272921435614,TIME_LIMIT,217516,0,0,14,12
2,8,903962.0,-1.0871729451646983,-0.8693272921435614,TIME_LIMIT,217538,0,0,17,9
2,8,904175.0,-1.087172463899312,-0.8693272921435614,TIME_LIMIT,217576,0,0,19,8
2,8,904256.0,-1.087172463899312,-0.8693272921435614,TIME_LIMIT,217605,0,0,23,6
2,8,904373.0,-1.0871690101226101,-0.8693272921435614,TIME_LIMIT,217627,0,0,16,6
2,8,904471.0,-1.0871690101226101,-0.8693272921435614,TIME_LIMIT,217653,0,0,14,21
2,8,904684.0,-1.0871509265198882,-0.8693272921435614,TIME_LIMIT,217685,0,0,12,8
2,8,904768.0,-1.0871509265198882,-0.8693272921435614,TIME_LIMIT,217703,0,0,13,7
2,8,904822.0,-1.0871455108928636,-0.8693272921435614,TIME_LIMIT,217724,0,0,2,1
2,8,905031.0,-1.0871455108928636,-0.8693272921435614,TIME_LIMIT,217751,0,0,11,17
2,8,905138.0,-1.0871265702275097,-0.8693272921435614,TIME_LIMIT,217778,0,0,12,6
2,8,905216.0,-1.0871265702275097,-0.8693272921435614,TIME_LIMIT,217800,0,0,13,6
2,8,905274.0,-1.0871145211105802,-0.8693272921435614,TIME_LIMIT,217828,0,0,13,10
2,8,905501.0,-1.0871145211105802,-0.8693272921435614,TIME_LIMIT,217850,0,0,18,23
2,8,905711.0,-1.0871116575349244,-0.8693272921435614,TIME_LIMIT,217891,0,0,16,12
2,8,905794.0,-1.0871116575349244,-0.8693272921435614,TIME_LIMIT,217913,0,0,17,27
2,8,905958.0,-1.087102458047309,-0.8693272921435614,TIME_LIMIT,217949,0,0,15,10
2,8,906004.0,-1.087102458047309,-0.8693272921435614,TIME_LIMIT,217965,0,0,7,3
2,8,906114.0,-1.087102365049892,-0.8693272921435614,TIME_LIMIT,217991,0,0,8,4
2,8,906221.0,-1.087102365049892,-0.8693272921435614,TIME_LIMIT,218014,0,0,10,11
2,8,906433.0,-1.0871001030391427,-0.8693272921435614,TIME_LIMIT,218049,0,0,13,9
2,8,906622.0,-1.0871001030391427,-0.8693272921435614,TIME_LIMIT,218071,0,0,9,11
2,8,906739.0,-1.0870877400385563,-0.8693272921435614,TIME_LIMIT,218098,0,0,4,6
2,8,906861.0,-1.0870877400385563,-0.8693272921435614,TIME_LIMIT,218122,0,0,21,12
2,8,906955.0,-1.0870847946795745,-0.8693272921435614,TIME_LIMIT,218148,0,0,15,10
2,8,907055.0,-1.0870847946795745,-0.8693272921435614,TIME_LIMIT,218174,0,0,23,8
2,8,907241.0,-1.087078630962615,-0.8693272921435614,TIME_LIMIT,218212,0,0,21,6
2,8,907302.0,-1.087078630962615,-0.8693272921435614,TIME_LIMIT,218229,0,0,13,10
2,8,907347.0,-1.0870745651624616,-0.8693272921435614,TIME_LIMIT,218258,0,0,5,4
2,8,907456.0,-1.0870745651624616,-0.8693272921435614,TIME_LIMIT,218281,0,0,21,13
2,8,907675.0,-1.0870732137886785,-0.8693272921435614,TIME_LIMIT,218318,0,0,13,9
2,8,907759.0,-1.0870732137886785,-0.8693272921435614,TIME_LIMIT,218337,0,0,11,10
2,8,907830.0,-1.0870692483111328,-0.8693272921435614,TIME_LIMIT,218360,0,0,10,5
2,8,907981.0,-1.0870692483111328,-0.8693272921435614,TIME_LIMIT,218388,0,0,19,16
2,8,908059.0,-1.0870496000247138,-0.8693272921435614,TIME_LIMIT,218416,0,0,13,10
2,8,908095.0,-1.0870496000247138,-0.8693272921435614,TIME_LIMIT,218430,0,0,6,6
2,8,908128.0,-1.0870398827030643,-0.8693272921435614,TIME_LIMIT,218445,0,0,3,1
2,8,908357.0,-1.0870398827030643,-0.8693272921435614,TIME_LIMIT,218470,0,0,22,15
2,8,908549.0,-1.0870378546882715,-0.8693272921435614,TIME_LIMIT,218508,0,0,19,8
2,8,908743.0,-1.0870378546882715,-0.8693272921435614,TIME_LIMIT,218532,0,0,7,10
2,8,908866.0,-1.0870354728457046,-0.8693272921435614,TIME_LIMIT,218557,0,0,13,9
2,8,909094.0,-1.0870354728457046,-0.8693272921435614,TIME_LIMIT,218581,0,0,15,24
2,8,909273.0,-1.0870185153321807,-0.8693272921435614,TIME_LIMIT,218617,0,0,17,10
2,8,909432.0,-1.0870185153321807,-0.8693272921435614,TIME_LIMIT,218639,0,0,6,17
2,8,909536.0,-1.08699679386774,-0.8693272921435614,TIME_LIMIT,218666,0,0,9,2
2,8,909581.0,-1.08699679386774,-0.8693272921435614,TIME_LIMIT,218686,0,0,12,4
2,8,909606.0,-1.0869899902890556,-0.8693272921435614,TIME_LIMIT,218698,0,0,10,3
2,8,909721.0,-1.0869899902890556,-0.8693272921435614,TIME_LIMIT,218724,0,0,17,34
2,8,909923.0,-1.0869875065840726,-0.8693272921435614,TIME_LIMIT,218762,0,0,17,10
2,8,910060.0,-1.0869875065840726,-0.8693272921435614,TIME_LIMIT,218779,0,0,22,16
2,8,910164.0,-1.0869789966297065,-0.8693272921435614,TIME_LIMIT,218808,0,0,14,5
2,8,910224.0,-1.0869789966297065,-0.8693272921435614,TIME_LIMIT,218826,0,0,21,11
2,8,910305.0,-1.0869615514682973,-0.8693272921435614,TIME_LIMIT,218853,0,0,12,4
2,8,910486.0,-1.0869615514682973,-0.8693272921435614,TIME_LIMIT,218874,0,0,18,16
2,8,910581.0,-1.0869596572612743,-0.8693272921435614,TIME_LIMIT,218905,0,0,14,12
2,8,910689.0,-1.0869596572612743,-0.8693272921435614,TIME_LIMIT,218926,0,0,15,11
2,8,910781.0,-1.0869580305517026,-0.8693272921435614,TIME_LIMIT,218955,0,0,14,8
2,8,910859.0,-1.0869580305517026,-0.8693272921435614,TIME_LIMIT,218979,0,0,23,7
2,8,910990.0,-1.0869572917787762,-0.8693272921435614,TIME_LIMIT,219015,0,0,15,7
2,8,911073.0,-1.0869572917787762,-0.8693272921435614,TIME_LIMIT,219035,0,0,13,31
2,8,911277.0,-1.0869571506401274,-0.8693272921435614,TIME_LIMIT,219072,0,0,18,11
2,8,911436.0,-1.0869571506401274,-0.8693272921435614,TIME_LIMIT,219102,0,0,27,26
2,8,911672.0,-1.086947259931287,-0.8693272921435614,TIME_LIMIT,219138,0,0,9,7
2,8,911789.0,-1.086947259931287,-0.8693272921435614,TIME_LIMIT,219156,0,0,8,2
2,8,911892.0,-1.086944992767476,-0.8693272921435614,TIME_LIMIT,219182,0,0,8,6
2,8,912121.0,-1.086944992767476,-0.8693272921435614,TIME_LIMIT,219212,0,0,23,15
2,8,912357.0,-1.0869431857896932,-0.8693272921435614,TIME_LIMIT,219237,0,0,19,17
2,8,912394.0,-1.0869431857896932,-0.8693272921435614,TIME_LIMIT,219253,0,0,16,11
2,8,912495.0,-1.0869313307291242,-0.8693272921435614,TIME_LIMIT,219285,0,0,14,6
2,8,912580.0,-1.0869313307291242,-0.8693272921435614,TIME_LIMIT,219307,0,0,15,11
2,8,912719.0,-1.0869105223077264,-0.8693272921435614,TIME_LIMIT,219341,0,0,14,9
2,8,912818.0,-1.0869105223077264,-0.8693272921435614,TIME_LIMIT,219356,0,0,13,20
2,8,912888.0,-1.0869057405506304,-0.8693272921435614,TIME_LIMIT,219386,0,0,13,4
2,8,912978.0,-1.0869057405506304,-0.8693272921435614,TIME_LIMIT,219410,0,0,19,13
2,8,913083.0,-1.0868929756098438,-0.8693272921435614,TIME_LIMIT,219440,0,0,12,15
2,8,913261.0,-1.0868929756098438,-0.8693272921435614,TIME_LIMIT,219459,0,0,8,18
2,8,913395.0,-1.0868920218324627,-0.8693272921435614,TIME_LIMIT,219489,0,0,15,6
2,8,913513.0,-1.0868920218324627,-0.8693272921435614,TIME_LIMIT,219508,0,0,7,6
2,8,913579.0,-1.0868739128040752,-0.8693272921435614,TIME_LIMIT,219531,0,0,9,5
2,8,913649.0,-1.0868739128040752,-0.8693272921435614,TIME_LIMIT,219551,0,0,13,6
2,8,913690.0,-1.0868631645752695,-0.8693272921435614,TIME_LIMIT,219567,0,0,8,3
2,8,913787.0,-1.0868631645752695,-0.8693272921435614,TIME_LIMIT,219591,0,0,9,28
2,8,913983.0,-1.0868614414870295,-0.8693272921435614,TIME_LIMIT,219628,0,0,15,11
2,8,914203.0,-1.0868614414870295,-0.8693272921435614,TIME_LIMIT,219652,0,0,16,15
2,8,914257.0,-1.08685504741175,-0.8693272921435614,TIME_LIMIT,219675,0,0,8,3
2,8,914476.0,-1.08685504741175,-0.8693272921435614,TIME_LIMIT,219702,0,0,21,17
2,8,914620.0,-1.086847924182662,-0.8693272921435614,TIME_LIMIT,219739,0,0,12,6
2,8,914669.0,-1.086847924182662,-0.8693272921435614,TIME_LIMIT,219758,0,0,14,8
2,8,914775.0,-1.0868383859634392,-0.8693272921435614,TIME_LIMIT,219784,0,0,13,7
2,8,914837.0,-1.0868383859634392,-0.8693272921435614,TIME_LIMIT,219804,0,0,12,12
2,8,914957.0,-1.0868282988373288,-0.8693272921435614,TIME_LIMIT,219834,0,0,7,9
2,8,915045.0,-1.0868282988373288,-0.8693272921435614,TIME_LIMIT,219857,0,0,23,18
2,8,915149.0,-1.0868277084413958,-0.8693272921435614,TIME_LIMIT,219888,0,0,14,10
2,8,915367.0,-1.0868277084413958,-0.8693272921435614,TIME_LIMIT,219902,0,0,12,17
2,8,915427.0,-1.0868273721702573,-0.8693272921435614,TIME_LIMIT,219930,0,0,12,4
2,8,915599.0,-1.0868273721702573,-0.8693272921435614,TIME_LIMIT,219959,0,0,16,10
2,8,915770.0,-1.086818604781811,-0.8693272921435614,TIME_LIMIT,219977,0,0,8,7
2,8,915803.0,-1.086818604781811,-0.8693272921435614,TIME_LIMIT,219991,0,0,9,9
2,8,915877.0,-1.0868176586757257,-0.8693272921435614,TIME_LIMIT,220016,0,0,11,2
2,8,915931.0,-1.0868176586757257,-0.8693272921435614,TIME_LIMIT,220035,0,0,14,19
2,8,915977.0,-1.0867969133400672,-0.8693272921435614,TIME_LIMIT,220058,0,0,8,6
2,8,916154.0,-1.0867969133400672,-0.8693272921435614,TIME_LIMIT,220079,0,0,11,17
2,8,916305.0,-1.086795752866751,-0.8693272921435614,TIME_LIMIT,220112,0,0,14,9
2,8,916383.0,-1.086795752866751,-0.8693272921435614,TIME_LIMIT,220135,0,0,21,10
2,8,916466.0,-1.0867745022221398,-0.8693272921435614,TIME_LIMIT,220163,0,0,14,5
2,8,916502.0,-1.0867745022221398,-0.8693272921435614,TIME_LIMIT,220176,0,0,11,7
2,8,916530.0,-1.0867661742515393,-0.8693272921435614,TIME_LIMIT,220198,0,0,6,4
2,8,916622.0,-1.0867661742515393,-0.8693272921435614,TIME_LIMIT,220223,0,0,4,8
2,8,916801.0,-1.086755210388985,-0.8693272921435614,TIME_LIMIT,220243,0,0,13,13
2,8,916923.0,-1.086755210388985,-0.8693272921435614,TIME_LIMIT,220271,0,0,15,10
2,8,917006.0,-1.0867525714701918,-0.8693272921435614,TIME_LIMIT,220292,0,0,11,5
2,8,917236.0,-1.0867525714701918,-0.8693272921435614,TIME_LIMIT,220317,0,0,22,15
2,8,917411.0,-1.0867491605559532,-0.8693272921435614,TIME_LIMIT,220355,0,0,18,9
2,8,917646.0,-1.0867491605559532,-0.8693272921435614,TIME_LIMIT,220371,0,0,13,7
2,8,917733.0,-1.0867312495967294,-0.8693272921435614,TIME_LIMIT,220393,0,0,9,3
2,8,917963.0,-1.0867312495967294,-0.8693272921435614,TIME_LIMIT,220414,0,0,14,13
2,8,918181.0,-1.086723980093149,-0.8693272921435614,TIME_LIMIT,220454,0,0,10,5
2,8,918245.0,-1.086723980093149,-0.8693272921435614,TIME_LIMIT,220474,0,0,11,5
2,8,918273.0,-1.0866866455481023,-0.8693272921435614,TIME_LIMIT,220493,0,0,7,5
2,8,918494.0,-1.0866866455481023,-0.8693272921435614,TIME_LIMIT,220513,0,0,10,16
2,8,918712.0,-1.086684825220333,-0.8693272921435614,TIME_LIMIT,220547,0,0,17,9
2,8,918788.0,-1.086684825220333,-0.8693272921435614,TIME_LIMIT,220562,0,0,15,8
2,8,918845.0,-1.0866767946037932,-0.8693272921435614,TIME_LIMIT,220588,0,0,10,2
2,8,918939.0,-1.0866767946037932,-0.8693272921435614,TIME_LIMIT,220604,0,0,15,12
2,8,919112.0,-1.0866751221371729,-0.8693272921435614,TIME_LIMIT,220635,0,0,11,4
2,8,919238.0,-1.0866751221371729,-0.8693272921435614,TIME_LIMIT,220659,0,0,16,13
2,8,919416.0,-1.0866723866127654,-0.8693272921435614,TIME_LIMIT,220688,0,0,8,13
2,8,919559.0,-1.0866723866127654,-0.8693272921435614,TIME_LIMIT,220715,0,0,16,19
2,8,919645.0,-1.0866667455817098,-0.8693272921435614,TIME_LIMIT,220744,0,0,12,4
2,8,919749.0,-1.0866667455817098,-0.8693272921435614,TIME_LIMIT,220774,0,0,14,9
2,8,919792.0,-1.0866603682350098,-0.8693272921435614,TIME_LIMIT,220795,0,0,17,7
2,8,919863.0,-1.0866603682350098,-0.8693272921435614,TIME_LIMIT,220820,0,0,19,16
2,8,919948.0,-1.0866598200479798,-0.8693272921435614,TIME_LIMIT,220848,0,0,13,3
2,8,920184.0,-1.0866598200479798,-0.8693272921435614,TIME_LIMIT,220872,0,0,6,20
2,8,920362.0,-1.0866557518152191,-0.8693272921435614,TIME_LIMIT,220904,0,0,15,7
2,8,920500.0,-1.0866557518152191,-0.8693272921435614,TIME_LIMIT,220927,0,0,14,16
2,8,920567.0,-1.0866487539886163,-0.8693272921435614,TIME_LIMIT,220955,0,0,12,7
2,8,920692.0,-1.0866487539886163,-0.8693272921435614,TIME_LIMIT,220976,0,0,12,9
2,8,920928.0,-1.0866261529593486,-0.8693272921435614,TIME_LIMIT,221006,0,0,12,6
2,8,921052.0,-1.0866261529593486,-0.8693272921435614,TIME_LIMIT,221028,0,0,19,13
2,8,921194.0,-1.0866188363094764,-0.8693272921435614,TIME_LIMIT,221055,0,0,6,3
2,8,921423.0,-1.0866188363094764,-0.8693272921435614,TIME_LIMIT,221075,0,0,16,26
2,8,921614.0,-1.0866164378424217,-0.8693272921435614,TIME_LIMIT,221115,0,0,15,10
2,8,921706.0,-1.0866164378424217,-0.8693272921435614,TIME_LIMIT,221139,0,0,13,12
2,8,921736.0,-1.0865868093216862,-0.8693272921435614,TIME_LIMIT,221155,0,0,6,2
2,8,921872.0,-1.0865868093216862,-0.8693272921435614,TIME_LIMIT,221179,0,0,25,11
2,8,921964.0,-1.086580107963714,-0.8693272921435614,TIME_LIMIT,221209,0,0,13,5
2,8,922050.0,-1.086580107963714,-0.8693272921435614,TIME_LIMIT,221229,0,0,8,3
2,8,922109.0,-1.0865762646543509,-0.8693272921435614,TIME_LIMIT,221247,0,0,12,8
2,8,922207.0,-1.0865762646543509,-0.8693272921435614,TIME_LIMIT,221270,0,0,14,8
2,8,922290.0,-1.0865708473426725,-0.8693272921435614,TIME_LIMIT,221295,0,0,9,8
2,8,922314.0,-1.0865708473426725,-0.8693272921435614,TIME_LIMIT,221307,0,0,10,10
2,8,922382.0,-1.0865588868254201,-0.8693272921435614,TIME_LIMIT,221330,0,0,11,5
2,8,922458.0,-1.0865588868254201,-0.8693272921435614,TIME_LIMIT,221350,0,0,18,11
2,8,922522.0,-1.0865498616802178,-0.8693272921435614,TIME_LIMIT,221379,0,0,13,5
2,8,922666.0,-1.0865498616802178,-0.8693272921435614,TIME_LIMIT,221404,0,0,20,9
2,8,922889.0,-1.0865449013161685,-0.8693272921435614,TIME_LIMIT,221438,0,0,19,10
2,8,923076.0,-1.0865449013161685,-0.8693272921435614,TIME_LIMIT,221457,0,0,5,12
2,8,923122.0,-1.0865448842006344,-0.8693272921435614,TIME_LIMIT,221481,0,0,10,4
2,8,923333.0,-1.0865448842006344,-0.8693272921435614,TIME_LIMIT,221506,0,0,21,25
2,8,923469.0,-1.0865393480574381,-0.8693272921435614,TIME_LIMIT,221541,0,0,16,10
2,8,923631.0,-1.0865393480574381,-0.8693272921435614,TIME_LIMIT,221563,0,0,11,18
2,8,923700.0,-1.0865305541478398,-0.8693272921435614,TIME_LIMIT,221589,0,0,10,6
2,8,923811.0,-1.0865305541478398,-0.8693272921435614,TIME_LIMIT,221615,0,0,16,6
2,8,924032.0,-1.086530235147643,-0.8693272921435614,TIME_LIMIT,221640,0,0,10,9
2,8,924083.0,-1.086530235147643,-0.8693272921435614,TIME_LIMIT,221662,0,0,16,13
2,8,924277.0,-1.086499147990664,-0.8693272921435614,TIME_LIMIT,221692,0,0,9,14
2,8,924311.0,-1.086499147990664,-0.8693272921435614,TIME_LIMIT,221713,0,0,13,9
2,8,924365.0,-1.086497318878947,-0.8693272921435614,TIME_LIMIT,221738,0,0,10,5
2,8,924439.0,-1.086497318878947,-0.8693272921435614,TIME_LIMIT,221756,0,0,16,6
2,8,924499.0,-1.0864869526020098,-0.8693272921435614,TIME_LIMIT,221787,0,0,11,9
2,8,924682.0,-1.0864869526020098,-0.8693272921435614,TIME_LIMIT,221815,0,0,24,22
2,8,924775.0,-1.0864779804260396,-0.8693272921435614,TIME_LIMIT,221850,0,0,17,7
2,8,924828.0,-1.0864779804260396,-0.8693272921435614,TIME_LIMIT,221878,0,0,15,6
2,8,924874.0,-1.086473267305347,-0.8693272921435614,TIME_LIMIT,221895,0,0,11,11
2,8,924965.0,-1.086473267305347,-0.8693272921435614,TIME_LIMIT,221912,0,0,14,12
2,8,925031.0,-1.0864731680663102,-0.8693272921435614,TIME_LIMIT,221935,0,0,9,4
2,8,925248.0,-1.0864731680663102,-0.8693272921435614,TIME_LIMIT,221955,0,0,16,12
2,8,925427.0,-1.0864704688214326,-0.8693272921435614,TIME_LIMIT,221990,0,0,18,6
2,8,925539.0,-1.0864704688214326,-0.8693272921435614,TIME_LIMIT,222007,0,0,16,15
2,8,925728.0,-1.0864703616960343,-0.8693272921435614,TIME_LIMIT,222046,0,0,19,9
2,8,925842.0,-1.0864703616960343,-0.8693272921435614,TIME_LIMIT,222065,0,0,10,9
2,8,925952.0,-1.0864570252459613,-0.8693272921435614,TIME_LIMIT,222096,0,0,11,6
2,8,926169.0,-1.0864570252459613,-0.8693272921435614,TIME_LIMIT,222118,0,0,21,33
2,8,926303.0,-1.0864535592797862,-0.8693272921435614,TIME_LIMIT,222153,0,0,15,8
2,8,926428.0,-1.0864535592797862,-0.8693272921435614,TIME_LIMIT,222176,0,0,9,11
2,8,926647.0,-1.0864533585284866,-0.8693272921435614,TIME_LIMIT,222212,0,0,12,10
2,8,926710.0,-1.0864533585284866,-0.8693272921435614,TIME_LIMIT,222230,0,0,20,17
2,8,926858.0,-1.086449718703248,-0.8693272921435614,TIME_LIMIT,222269,0,0,18,5
2,8,926954.0,-1.086449718703248,-0.8693272921435614,TIME_LIMIT,222289,0,0,19,22
2,8,927168.0,-1.0864467573876682,-0.8693272921435614,TIME_LIMIT,222325,0,0,16,11
2,8,927326.0,-1.0864467573876682,-0.8693272921435614,TIME_LIMIT,222358,0,0,20,15
2,8,927444.0,-1.0864260826200507,-0.8693272921435614,TIME_LIMIT,222393,0,0,10,9
2,8,927645.0,-1.0864260826200507,-0.8693272921435614,TIME_LIMIT,222422,0,0,18,15
2,8,927782.0,-1.086423934512681,-0.8693272921435614,TIME_LIMIT,222455,0,0,19,11
2,8,927844.0,-1.086423934512681,-0.8693272921435614,TIME_LIMIT,222476,0,0,16,14
2,8,928003.0,-1.0864098724120084,-0.8693272921435614,TIME_LIMIT,222510,0,0,16,9
2,8,928218.0,-1.0864098724120084,-0.8693272921435614,TIME_LIMIT,222531,0,0,20,12
2,8,928363.0,-1.0864034081272638,-0.8693272921435614,TIME_LIMIT,222566,0,0,8,5
2,8,928494.0,-1.0864034081272638,-0.8693272921435614,TIME_LIMIT,222591,0,0,18,7
2,8,928563.0,-1.0863956904392582,-0.8693272921435614,TIME_LIMIT,222613,0,0,13,5
2,8,928745.0,-1.0863956904392582,-0.8693272921435614,TIME_LIMIT,222632,0,0,14,14
2,8,928825.0,-1.0863916177008575,-0.8693272921435614,TIME_LIMIT,222661,0,0,8,4
2,8,928898.0,-1.0863916177008575,-0.8693272921435614,TIME_LIMIT,222680,0,0,12,7
2,8,928929.0,-1.0863848350341125,-0.8693272921435614,TIME_LIMIT,222697,0,0,6,4
2,8,929139.0,-1.0863848350341125,-0.8693272921435614,TIME_LIMIT,222716,0,0,14,31
2,8,929343.0,-1.0863838117401674,-0.8693272921435614,TIME_LIMIT,222753,0,0,18,17
2,8,929564.0,-1.0863838117401674,-0.8693272921435614,TIME_LIMIT,222777,0,0,21,12
2,8,929643.0,-1.086379171390514,-0.8693272921435614,TIME_LIMIT,222811,0,0,21,13
2,8,929708.0,-1.086379171390514,-0.8693272921435614,TIME_LIMIT,222830,0,0,12,12
2,8,929832.0,-1.0863791157873766,-0.8693272921435614,TIME_LIMIT,222859,0,0,14,9
2,8,929862.0,-1.0863791157873766,-0.8693272921435614,TIME_LIMIT,222873,0,0,7,5
2,8,929916.0,-1.0863768718706344,-0.8693272921435614,TIME_LIMIT,222895,0,0,9,4
2,8,929949.0,-1.0863768718706344,-0.8693272921435614,TIME_LIMIT,222912,0,0,9,8
2,8,929959.0,-1.0863767827457138,-0.8693272921435614,TIME_LIMIT,222925,0,0,4,5
2,8,930081.0,-1.0863767827457138,-0.8693272921435614,TIME_LIMIT,222949,0,0,15,12
2,8,930233.0,-1.086376528703145,-0.8693272921435614,TIME_LIMIT,222989,0,0,17,11
2,8,930285.0,-1.086376528703145,-0.8693272921435614,TIME_LIMIT,223007,0,0,9,6
2,8,930319.0,-1.0863668680050675,-0.8693272921435614,TIME_LIMIT,223028,0,0,9,1
2,8,930529.0,-1.0863668680050675,-0.8693272921435614,TIME_LIMIT,223054,0,0,31,33
2,8,930749.0,-1.086365748806458,-0.8693272921435614,TIME_LIMIT,223089,0,0,9,4
2,8,930942.0,-1.086365748806458,-0.8693272921435614,TIME_LIMIT,223113,0,0,17,9
2,8,931041.0,-1.0863564192069712,-0.8693272921435614,TIME_LIMIT,223136,0,0,11,3
2,8,931269.0,-1.0863564192069712,-0.8693272921435614,TIME_LIMIT,223156,0,0,13,16
2,8,931451.0,-1.0863512330106126,-0.8693272921435614,TIME_LIMIT,223187,0,0,14,7
2,8,931542.0,-1.0863512330106126,-0.8693272921435614,TIME_LIMIT,223207,0,0,13,9
2,8,931619.0,-1.0863476874165856,-0.8693272921435614,TIME_LIMIT,223233,0,0,8,7
2,8,931837.0,-1.0863476874165856,-0.8693272921435614,TIME_LIMIT,223257,0,0,11,15
2,8,932059.0,-1.0863392998790231,-0.8693272921435614,TIME_LIMIT,223293,0,0,16,7
2,8,932222.0,-1.0863392998790231,-0.8693272921435614,TIME_LIMIT,223316,0,0,10,8
2,8,932276.0,-1.0863303185063284,-0.8693272921435614,TIME_LIMIT,223341,0,0,4,3
2,8,932376.0,-1.0863303185063284,-0.8693272921435614,TIME_LIMIT,223365,0,0,19,19
2,8,932525.0,-1.0863097374376096,-0.8693272921435614,TIME_LIMIT,223400,0,0,13,8
2,8,932575.0,-1.0863097374376096,-0.8693272921435614,TIME_LIMIT,223417,0,0,12,7
2,8,932589.0,-1.0863062121626323,-0.8693272921435614,TIME_LIMIT,223434,0,0,4,4
2,8,932660.0,-1.0863062121626323,-0.8693272921435614,TIME_LIMIT,223455,0,0,10,7
2,8,932747.0,-1.0862986777388643,-0.8693272921435614,TIME_LIMIT,223481,0,0,11,1
2,8,932976.0,-1.0862986777388643,-0.8693272921435614,TIME_LIMIT,223504,0,0,22,27
2,8,933172.0,-1.0862789308147298,-0.8693272921435614,TIME_LIMIT,223540,0,0,15,9
2,8,933372.0,-1.0862789308147298,-0.8693272921435614,TIME_LIMIT,223568,0,0,19,15
2,8,933588.0,-1.0862645265634006,-0.8693272921435614,TIME_LIMIT,223599,0,0,13,9
2,8,933620.0,-1.0862645265634006,-0.8693272921435614,TIME_LIMIT,223618,0,0,15,12
2,8,933705.0,-1.0862628519287594,-0.8693272921435614,TIME_LIMIT,223655,0,0,12,9
2,8,933765.0,-1.0862628519287594,-0.8693272921435614,TIME_LIMIT,223669,0,0,13,9
2,8,933822.0,-1.086260399609068,-0.8693272921435614,TIME_LIMIT,223695,0,0,12,5
2,8,933908.0,-1.086260399609068,-0.8693272921435614,TIME_LIMIT,223718,0,0,22,11
2,8,933956.0,-1.0862546236865713,-0.8693272921435614,TIME_LIMIT,223749,0,0,13,10
2,8,934045.0,-1.0862546236865713,-0.8693272921435614,TIME_LIMIT,223773,0,0,19,14
2,8,934229.0,-1.0862402095815087,-0.8693272921435614,TIME_LIMIT,223809,0,0,16,12
2,8,934285.0,-1.0862402095815087,-0.8693272921435614,TIME_LIMIT,223829,0,0,17,3
2,8,934315.0,-1.0862376225364145,-0.8693272921435614,TIME_LIMIT,223847,0,0,8,3
2,8,934528.0,-1.0862376225364145,-0.8693272921435614,TIME_LIMIT,223874,0,0,20,27
2,8,934744.0,-1.0862354258546056,-0.8693272921435614,TIME_LIMIT,223908,0,0,7,8
2,8,934801.0,-1.0862354258546056,-0.8693272921435614,TIME_LIMIT,223930,0,0,7,11
2,8,934913.0,-1.0862338863769905,-0.8693272921435614,TIME_LIMIT,223956,0,0,11,7
2,8,934982.0,-1.0862338863769905,-0.8693272921435614,TIME_LIMIT,223973,0,0,12,7
2,8,935050.0,-1.086231544192855,-0.8693272921435614,TIME_LIMIT,224000,0,0,10,1
2,8,935100.0,-1.086231544192855,-0.8693272921435614,TIME_LIMIT,224019,0,0,19,15
2,8,935182.0,-1.0862252685380192,-0.8693272921435614,TIME_LIMIT,224047,0,0,14,4
2,8,935234.0,-1.0862252685380192,-0.8693272921435614,TIME_LIMIT,224066,0,0,11,10
2,8,935342.0,-1.0862114285219064,-0.8693272921435614,TIME_LIMIT,224097,0,0,12,7
2,8,935417.0,-1.0862114285219064,-0.8693272921435614,TIME_LIMIT,224116,0,0,22,14
2,8,935486.0,-1.0862112147626353,-0.8693272921435614,TIME_LIMIT,224149,0,0,11,8
2,8,935689.0,-1.0862112147626353,-0.8693272921435614,TIME_LIMIT,224175,0,0,26,15
2,8,935912.0,-1.0861985458686776,-0.8693272921435614,TIME_LIMIT,224207,0,0,15,11
2,8,936009.0,-1.0861985458686776,-0.8693272921435614,TIME_LIMIT,224233,0,0,10,10
2,8,936127.0,-1.0861935629396293,-0.8693272921435614,TIME_LIMIT,224258,0,0,10,11
2,8,936344.0,-1.0861935629396293,-0.8693272921435614,TIME_LIMIT,224279,0,0,6,14
2,8,936451.0,-1.0861893598831542,-0.8693272921435614,TIME_LIMIT,224297,0,0,15,13
2,8,936534.0,-1.0861893598831542,-0.8693272921435614,TIME_LIMIT,224315,0,0,11,7
2,8,936560.0,-1.0861887287701542,-0.8693272921435614,TIME_LIMIT,224332,0,0,6,2
2,8,936778.0,-1.0861887287701542,-0.8693272921435614,TIME_LIMIT,224354,0,0,21,12
2,8,936877.0,-1.0861707079851155,-0.8693272921435614,TIME_LIMIT,224387,0,0,18,2
2,8,936991.0,-1.0861707079851155,-0.8693272921435614,TIME_LIMIT,224410,0,0,21,8
2,8,937064.0,-1.086169139083217,-0.8693272921435614,TIME_LIMIT,224437,0,0,9,8
2,8,937205.0,-1.086169139083217,-0.8693272921435614,TIME_LIMIT,224458,0,0,17,19
2,8,937364.0,-1.086135476223426,-0.8693272921435614,TIME_LIMIT,224491,0,0,17,5
2,8,937450.0,-1.086135476223426,-0.8693272921435614,TIME_LIMIT,224517,0,0,23,12
2,8,937543.0,-1.086119745164354,-0.8693272921435614,TIME_LIMIT,224542,0,0,20,13
2,8,937648.0,-1.086119745164354,-0.8693272921435614,TIME_LIMIT,224565,0,0,16,11
2,8,937736.0,-1.0861126386832602,-0.8693272921435614,TIME_LIMIT,224598,0,0,17,9
2,8,937843.0,-1.0861126386832602,-0.8693272921435614,TIME_LIMIT,224621,0,0,11,15
2,8,937948.0,-1.0861101283634629,-0.8693272921435614,TIME_LIMIT,224655,0,0,8,11
2,8,938062.0,-1.0861101283634629,-0.8693272921435614,TIME_LIMIT,224680,0,0,19,10
2,8,938116.0,-1.0861081839183613,-0.8693272921435614,TIME_LIMIT,224708,0,0,13,8
2,8,938275.0,-1.0861081839183613,-0.8693272921435614,TIME_LIMIT,224726,0,0,15,28
2,8,938434.0,-1.0860791013399647,-0.8693272921435614,TIME_LIMIT,224758,0,0,14,10
2,8,938480.0,-1.0860791013399647,-0.8693272921435614,TIME_LIMIT,224776,0,0,11,6
2,8,938499.0,-1.0860729600623875,-0.8693272921435614,TIME_LIMIT,224792,0,0,6,7
2,8,938572.0,-1.0860729600623875,-0.8693272921435614,TIME_LIMIT,224809,0,0,9,12
2,8,938703.0,-1.0860710946355243,-0.8693272921435614,TIME_LIMIT,224841,0,0,18,7
2,8,938726.0,-1.0860710946355243,-0.8693272921435614,TIME_LIMIT,224853,0,0,6,5
2,8,938755.0,-1.0860705719462618,-0.8693272921435614,TIME_LIMIT,224869,0,0,6,7
2,8,938895.0,-1.0860705719462618,-0.8693272921435614,TIME_LIMIT,224896,0,0,17,20
2,8,939076.0,-1.086065810939236,-0.8693272921435614,TIME_LIMIT,224926,0,0,6,10
2,8,939143.0,-1.086065810939236,-0.8693272921435614,TIME_LIMIT,224947,0,0,18,11
2,8,939304.0,-1.0860563822107903,-0.8693272921435614,TIME_LIMIT,224981,0,0,15,4
2,8,939527.0,-1.0860563822107903,-0.8693272921435614,TIME_LIMIT,225001,0,0,21,12
2,8,939644.0,-1.0860561419502905,-0.8693272921435614,TIME_LIMIT,225035,0,0,10,8
2,8,939702.0,-1.0860561419502905,-0.8693272921435614,TIME_LIMIT,225058,0,0,8,3
2,8,939765.0,-1.086042484223372,-0.8693272921435614,TIME_LIMIT,225083,0,0,10,4
2,8,939823.0,-1.086042484223372,-0.8693272921435614,TIME_LIMIT,225103,0,0,13,9
2,8,939853.0,-1.0860347618146038,-0.8693272921435614,TIME_LIMIT,225121,0,0,8,3
2,8,939985.0,-1.0860347618146038,-0.8693272921435614,TIME_LIMIT,225146,0,0,23,13
2,8,940173.0,-1.0860218243628,-0.8693272921435614,TIME_LIMIT,225177,0,0,8,4
2,8,940298.0,-1.0860218243628,-0.8693272921435614,TIME_LIMIT,225203,0,0,17,18
2,8,940425.0,-1.0860178709657315,-0.8693272921435614,TIME_LIMIT,225233,0,0,10,7
2,8,940642.0,-1.0860178709657315,-0.8693272921435614,TIME_LIMIT,225251,0,0,16,12
2,8,940764.0,-1.0860171638069085,-0.8693272921435614,TIME_LIMIT,225288,0,0,5,8
2,8,940843.0,-1.0860171638069085,-0.8693272921435614,TIME_LIMIT,225305,0,0,15,24
2,8,940969.0,-1.0860154448448593,-0.8693272921435614,TIME_LIMIT,225340,0,0,18,6
2,8,941069.0,-1.0860154448448593,-0.8693272921435614,TIME_LIMIT,225361,0,0,9,9
2,8,941192.0,-1.0860134259306407,-0.8693272921435614,TIME_LIMIT,225393,0,0,15,5
2,8,941309.0,-1.0860134259306407,-0.8693272921435614,TIME_LIMIT,225412,0,0,8,7
2,8,941529.0,-1.0859809159428715,-0.8693272921435614,TIME_LIMIT,225448,0,0,16,10
2,8,941589.0,-1.0859809159428715,-0.8693272921435614,TIME_LIMIT,225468,0,0,14,8
2,8,941653.0,-1.0859695478748723,-0.8693272921435614,TIME_LIMIT,225497,0,0,14,10
2,8,941792.0,-1.0859695478748723,-0.8693272921435614,TIME_LIMIT,225520,0,0,17,8
2,8,941891.0,-1.0859573691160347,-0.8693272921435614,TIME_LIMIT,225553,0,0,19,7
2,8,942105.0,-1.0859573691160347,-0.8693272921435614,TIME_LIMIT,225579,0,0,11,19
2,8,942214.0,-1.08595619628219,-0.8693272921435614,TIME_LIMIT,225603,0,0,14,5
2,8,942436.0,-1.08595619628219,-0.8693272921435614,TIME_LIMIT,225630,0,0,17,18
2,8,942568.0,-1.0859551735711874,-0.8693272921435614,TIME_LIMIT,225661,0,0,14,4
2,8,942645.0,-1.0859551735711874,-0.8693272921435614,TIME_LIMIT,225683,0,0,15,8
2,8,942681.0,-1.0859480596128699,-0.8693272921435614,TIME_LIMIT,225705,0,0,11,4
2,8,942734.0,-1.0859480596128699,-0.8693272921435614,TIME_LIMIT,225728,0,0,18,17
2,8,942839.0,-1.085947200370787,-0.8693272921435614,TIME_LIMIT,225764,0,0,17,9
2,8,942887.0,-1.085947200370787,-0.8693272921435614,TIME_LIMIT,225783,0,0,15,7
2,8,942926.0,-1.0859448728165066,-0.8693272921435614,TIME_LIMIT,225805,0,0,7,8
2,8,943142.0,-1.0859448728165066,-0.8693272921435614,TIME_LIMIT,225826,0,0,15,14
2,8,943180.0,-1.0859359907059085,-0.8693272921435614,TIME_LIMIT,225846,0,0,7,4
2,8,943261.0,-1.0859359907059085,-0.8693272921435614,TIME_LIMIT,225870,0,0,19,13
2,8,943463.0,-1.085930385735447,-0.8693272921435614,TIME_LIMIT,225908,0,0,17,10
2,8,943665.0,-1.085930385735447,-0.8693272921435614,TIME_LIMIT,225933,0,0,24,10
2,8,943850.0,-1.0859297550215588,-0.8693272921435614,TIME_LIMIT,225972,0,0,16,7
2,8,944051.0,-1.0859297550215588,-0.8693272921435614,TIME_LIMIT,225994,0,0,24,16
2,8,944227.0,-1.0859274466679751,-0.8693272921435614,TIME_LIMIT,226033,0,0,23,7
2,8,944308.0,-1.0859274466679751,-0.8693272921435614,TIME_LIMIT,226052,0,0,19,13
2,8,944445.0,-1.0859167395637723,-0.8693272921435614,TIME_LIMIT,226083,0,0,10,9
2,8,944542.0,-1.0859167395637723,-0.8693272921435614,TIME_LIMIT,226102,0,0,12,20
2,8,944590.0,-1.0858872175620489,-0.8693272921435614,TIME_LIMIT,226129,0,0,15,2
2,8,944681.0,-1.0858872175620489,-0.8693272921435614,TIME_LIMIT,226151,0,0,14,12
2,8,944786.0,-1.0858622256656063,-0.8693272921435614,TIME_LIMIT,226180,0,0,13,9
2,8,944849.0,-1.0858622256656063,-0.8693272921435614,TIME_LIMIT,226200,0,0,10,13
2,8,944909.0,-1.0858607804269234,-0.8693272921435614,TIME_LIMIT,226224,0,0,10,9
2,8,944999.0,-1.0858607804269234,-0.8693272921435614,TIME_LIMIT,226239,0,0,10,3
2,8,945063.0,-1.085838391404158,-0.8693272921435614,TIME_LIMIT,226267,0,0,11,4
2,8,945148.0,-1.085838391404158,-0.8693272921435614,TIME_LIMIT,226285,0,0,17,6
2,8,945230.0,-1.0858366536927906,-0.8693272921435614,TIME_LIMIT,226314,0,0,12,8
2,8,945424.0,-1.0858366536927906,-0.8693272921435614,TIME_LIMIT,226341,0,0,23,18
2,8,945489.0,-1.0858290991107116,-0.8693272921435614,TIME_LIMIT,226368,0,0,11,4
2,8,945603.0,-1.0858290991107116,-0.8693272921435614,TIME_LIMIT,226390,0,0,7,23
2,8,945759.0,-1.0858258846609368,-0.8693272921435614,TIME_LIMIT,226415,0,0,13,18
2,8,945845.0,-1.0858258846609368,-0.8693272921435614,TIME_LIMIT,226431,0,0,13,15
2,8,945963.0,-1.0858214076958002,-0.8693272921435614,TIME_LIMIT,226456,0,0,10,7
2,8,946053.0,-1.0858214076958002,-0.8693272921435614,TIME_LIMIT,226481,0,0,16,30
2,8,946171.0,-1.0858161421817725,-0.8693272921435614,TIME_LIMIT,226519,0,0,14,7
2,8,946215.0,-1.0858161421817725,-0.8693272921435614,TIME_LIMIT,226537,0,0,10,4
2,8,946231.0,-1.085811460120767,-0.8693272921435614,TIME_LIMIT,226551,0,0,6,6
2,8,946330.0,-1.085811460120767,-0.8693272921435614,TIME_LIMIT,226568,0,0,16,12
2,8,946461.0,-1.0858069951350071,-0.8693272921435614,TIME_LIMIT,226600,0,0,6,5
2,8,946533.0,-1.0858069951350071,-0.8693272921435614,TIME_LIMIT,226623,0,0,16,9
2,8,946612.0,-1.0858051522538021,-0.8693272921435614,TIME_LIMIT,226651,0,0,13,4
2,8,946769.0,-1.0858051522538021,-0.8693272921435614,TIME_LIMIT,226673,0,0,20,23
2,8,946966.0,-1.085797450508085,-0.8693272921435614,TIME_LIMIT,226709,0,0,19,7
2,8,947082.0,-1.085797450508085,-0.8693272921435614,TIME_LIMIT,226730,0,0,12,10
2,8,947144.0,-1.0857927465152277,-0.8693272921435614,TIME_LIMIT,226749,0,0,13,2
2,8,947252.0,-1.0857927465152277,-0.8693272921435614,TIME_LIMIT,226769,0,0,19,9
2,8,947388.0,-1.085789468419638,-0.8693272921435614,TIME_LIMIT,226799,0,0,12,10
2,8,947505.0,-1.085789468419638,-0.8693272921435614,TIME_LIMIT,226816,0,0,13,22
2,8,947597.0,-1.08577278158501,-0.8693272921435614,TIME_LIMIT,226845,0,0,9,7
2,8,947650.0,-1.08577278158501,-0.8693272921435614,TIME_LIMIT,226864,0,0,9,10
2,8,947732.0,-1.0857704984516865,-0.8693272921435614,TIME_LIMIT,226894,0,0,16,10
2,8,947853.0,-1.0857704984516865,-0.8693272921435614,TIME_LIMIT,226921,0,0,18,8
2,8,947974.0,-1.0857646454506371,-0.8693272921435614,TIME_LIMIT,226946,0,0,7,10
2,8,948070.0,-1.0857646454506371,-0.8693272921435614,TIME_LIMIT,226968,0,0,18,12
2,8,948206.0,-1.085752969960288,-0.8693272921435614,TIME_LIMIT,226998,0,0,12,6
2,8,948292.0,-1.085752969960288,-0.8693272921435614,TIME_LIMIT,227025,0,0,17,14
2,8,948410.0,-1.085749028297465,-0.8693272921435614,TIME_LIMIT,227053,0,0,10,3
2,8,948543.0,-1.085749028297465,-0.8693272921435614,TIME_LIMIT,227073,0,0,15,23
2,8,948689.0,-1.0857399604839935,-0.8693272921435614,TIME_LIMIT,227104,0,0,13,8
2,8,948899.0,-1.0857399604839935,-0.8693272921435614,TIME_LIMIT,227125,0,0,17,19
2,8,949117.0,-1.0857188109763474,-0.8693272921435614,TIME_LIMIT,227161,0,0,18,16
2,8,949219.0,-1.0857188109763474,-0.8693272921435614,TIME_LIMIT,227177,0,0,16,7
2,8,949333.0,-1.085686557163875,-0.8693272921435614,TIME_LIMIT,227207,0,0,8,5
2,8,949521.0,-1.085686557163875,-0.8693272921435614,TIME_LIMIT,227235,0,0,18,14
2,8,949581.0,-1.0856804908913542,-0.8693272921435614,TIME_LIMIT,227262,0,0,14,4
2,8,949703.0,-1.0856804908913542,-0.8693272921435614,TIME_LIMIT,227277,0,0,14,7
2,8,949793.0,-1.0856691072765339,-0.8693272921435614,TIME_LIMIT,227299,0,0,4,4
2,8,949976.0,-1.0856691072765339,-0.8693272921435614,TIME_LIMIT,227318,0,0,21,15
2,8,950116.0,-1.085652202343784,-0.8693272921435614,TIME_LIMIT,227349,0,0,7,2
2,8,950280.0,-1.085652202343784,-0.8693272921435614,TIME_LIMIT,227373,0,0,19,13
2,8,950396.0,-1.0856517712877354,-0.8693272921435614,TIME_LIMIT,227399,0,0,9,7
2,8,950613.0,-1.0856517712877354,-0.8693272921435614,TIME_LIMIT,227419,0,0,14,24
2,8,950736.0,-1.085648844989875,-0.8693272921435614,TIME_LIMIT,227450,0,0,14,4
2,8,950834.0,-1.085648844989875,-0.8693272921435614,TIME_LIMIT,227477,0,0,22,4
2,8,950899.0,-1.0856483102897623,-0.8693272921435614,TIME_LIMIT,227497,0,0,8,7
2,8,951088.0,-1.0856483102897623,-0.8693272921435614,TIME_LIMIT,227516,0,0,18,29
2,8,951310.0,-1.0856370965421391,-0.8693272921435614,TIME_LIMIT,227548,0,0,12,6
2,8,951397.0,-1.0856370965421391,-0.8693272921435614,TIME_LIMIT,227571,0,0,15,15
2,8,951540.0,-1.0856185637357787,-0.8693272921435614,TIME_LIMIT,227602,0,0,14,7
2,8,951672.0,-1.0856185637357787,-0.8693272921435614,TIME_LIMIT,227629,0,0,16,8
2,8,951784.0,-1.0856154065945056,-0.8693272921435614,TIME_LIMIT,227654,0,0,16,11
2,8,951893.0,-1.0856154065945056,-0.8693272921435614,TIME_LIMIT,227677,0,0,10,7
2,8,951987.0,-1.085591123618467,-0.8693272921435614,TIME_LIMIT,227703,0,0,7,5
2,8,952106.0,-1.085591123618467,-0.8693272921435614,TIME_LIMIT,227728,0,0,15,26
2,8,952260.0,-1.0855733121043696,-0.8693272921435614,TIME_LIMIT,227762,0,0,14,7
2,8,952440.0,-1.0855733121043696,-0.8693272921435614,TIME_LIMIT,227788,0,0,20,17
2,8,952659.0,-1.0855630390709463,-0.8693272921435614,TIME_LIMIT,227819,0,0,14,5
2,8,952723.0,-1.0855630390709463,-0.8693272921435614,TIME_LIMIT,227845,0,0,9,12
2,8,952803.0,-1.0855521431625452,-0.8693272921435614,TIME_LIMIT,227861,0,0,14,8
2,8,952859.0,-1.0855521431625452,-0.8693272921435614,TIME_LIMIT,227884,0,0,13,6
2,8,952895.0,-1.0855239040581761,-0.8693272921435614,TIME_LIMIT,227899,0,0,11,10
2,8,952997.0,-1.0855239040581761,-0.8693272921435614,TIME_LIMIT,227926,0,0,15,7
2,8,953153.0,-1.0855025715747917,-0.8693272921435614,TIME_LIMIT,227950,0,0,7,11
2,8,953216.0,-1.0855025715747917,-0.8693272921435614,TIME_LIMIT,227966,0,0,11,23
2,8,953311.0,-1.0854883075292203,-0.8693272921435614,TIME_LIMIT,227990,0,0,10,2
2,8,953378.0,-1.0854883075292203,-0.8693272921435614,TIME_LIMIT,228007,0,0,15,12
2,8,953548.0,-1.0854827415762593,-0.8693272921435614,TIME_LIMIT,228037,0,0,12,5
2,8,953614.0,-1.0854827415762593,-0.8693272921435614,TIME_LIMIT,228062,0,0,24,7
2,8,953693.0,-1.0854408137867009,-0.8693272921435614,TIME_LIMIT,228087,0,0,12,6
2,8,953787.0,-1.0854408137867009,-0.8693272921435614,TIME_LIMIT,228115,0,0,24,14
2,8,953868.0,-1.0854341731693407,-0.8693272921435614,TIME_LIMIT,228148,0,0,16,9
2,8,953975.0,-1.0854341731693407,-0.8693272921435614,TIME_LIMIT,228171,0,0,18,17
2,8,954190.0,-1.0854331241680149,-0.8693272921435614,TIME_LIMIT,228201,0,0,9,8
2,8,954411.0,-1.0854331241680149,-0.8693272921435614,TIME_LIMIT,228223,0,0,17,18
2,8,954630.0,-1.0854285582427152,-0.8693272921435614,TIME_LIMIT,228261,0,0,14,10
2,8,954835.0,-1.0854285582427152,-0.8693272921435614,TIME_LIMIT,228282,0,0,13,12
2,8,955003.0,-1.0854058718138324,-0.8693272921435614,TIME_LIMIT,228316,0,0,17,7
2,8,955061.0,-1.0854058718138324,-0.8693272921435614,TIME_LIMIT,228340,0,0,18,19
2,8,955150.0,-1.085402941305054,-0.8693272921435614,TIME_LIMIT,228375,0,0,11,7
2,8,955302.0,-1.085402941305054,-0.8693272921435614,TIME_LIMIT,228399,0,0,13,22
2,8,955498.0,-1.0853997311056274,-0.8693272921435614,TIME_LIMIT,228432,0,0,12,15
2,8,955632.0,-1.0853997311056274,-0.8693272921435614,TIME_LIMIT,228454,0,0,16,27
2,8,955762.0,-1.0853839325616361,-0.8693272921435614,TIME_LIMIT,228493,0,0,21,9
2,8,955822.0,-1.0853839325616361,-0.8693272921435614,TIME_LIMIT,228515,0,0,19,13
2,8,955937.0,-1.085373624367417,-0.8693272921435614,TIME_LIMIT,228543,0,0,10,8
2,8,956053.0,-1.085373624367417,-0.8693272921435614,TIME_LIMIT,228569,0,0,20,5
2,8,956180.0,-1.0853607121699729,-0.8693272921435614,TIME_LIMIT,228592,0,0,19,7
2,8,956231.0,-1.0853607121699729,-0.8693272921435614,TIME_LIMIT,228618,0,0,15,3
2,8,956269.0,-1.0853580204849602,-0.8693272921435614,TIME_LIMIT,228634,0,0,7,10
2,8,956443.0,-1.0853580204849602,-0.8693272921435614,TIME_LIMIT,228661,0,0,15,15
2,8,956480.0,-1.085356401269932,-0.8693272921435614,TIME_LIMIT,228685,0,0,7,4
2,8,956566.0,-1.085356401269932,-0.8693272921435614,TIME_LIMIT,228703,0,0,16,12
2,8,956663.0,-1.0853535503951175,-0.8693272921435614,TIME_LIMIT,228729,0,0,8,3
2,8,956864.0,-1.0853535503951175,-0.8693272921435614,TIME_LIMIT,228762,0,0,26,16
2,8,957009.0,-1.0853533069565273,-0.8693272921435614,TIME_LIMIT,228791,0,0,12,4
2,8,957047.0,-1.0853533069565273,-0.8693272921435614,TIME_LIMIT,228805,0,0,7,12
2,8,957126.0,-1.085348386837767,-0.8693272921435614,TIME_LIMIT,228833,0,0,12,6
2,8,957252.0,-1.085348386837767,-0.8693272921435614,TIME_LIMIT,228858,0,0,22,13
2,8,957335.0,-1.085347690651798,-0.8693272921435614,TIME_LIMIT,228886,0,0,4,5
2,8,957419.0,-1.085347690651798,-0.8693272921435614,TIME_LIMIT,228911,0,0,9,13
2,8,957473.0,-1.0853421833854777,-0.8693272921435614,TIME_LIMIT,228929,0,0,10,6
2,8,957521.0,-1.0853421833854777,-0.8693272921435614,TIME_LIMIT,228947,0,0,19,11
2,8,957742.0,-1.0853326125143188,-0.8693272921435614,TIME_LIMIT,228976,0,0,8,10
2,8,957833.0,-1.0853326125143188,-0.8693272921435614,TIME_LIMIT,228993,0,0,5,13
2,8,957944.0,-1.0853251378036246,-0.8693272921435614,TIME_LIMIT,229020,0,0,14,6
2,8,958060.0,-1.0853251378036246,-0.8693272921435614,TIME_LIMIT,229046,0,0,16,10
2,8,958181.0,-1.0853184834665903,-0.8693272921435614,TIME_LIMIT,229075,0,0,7,7
2,8,958259.0,-1.0853184834665903,-0.8693272921435614,TIME_LIMIT,229096,0,0,14,19
2,8,958423.0,-1.0853160030736562,-0.8693272921435614,TIME_LIMIT,229124,0,0,16,6
2,8,958544.0,-1.0853160030736562,-0.8693272921435614,TIME_LIMIT,229149,0,0,20,30
2,8,958765.0,-1.08531375252654,-0.8693272921435614,TIME_LIMIT,229177,0,0,12,7
2,8,958984.0,-1.08531375252654,-0.8693272921435614,TIME_LIMIT,229200,0,0,15,23
2,8,959203.0,-1.0853124739628122,-0.8693272921435614,TIME_LIMIT,229237,0,0,16,8
2,8,959365.0,-1.0853124739628122,-0.8693272921435614,TIME_LIMIT,229260,0,0,12,17
2,8,959552.0,-1.0853042919116258,-0.8693272921435614,TIME_LIMIT,229294,0,0,14,8
2,8,959616.0,-1.0853042919116258,-0.8693272921435614,TIME_LIMIT,229309,0,0,17,22
2,8,959718.0,-1.0852824913144037,-0.8693272921435614,TIME_LIMIT,229341,0,0,15,4
2,8,959815.0,-1.0852824913144037,-0.8693272921435614,TIME_LIMIT,229362,0,0,16,9
2,8,959868.0,-1.0852770360033959,-0.8693272921435614,TIME_LIMIT,229384,0,0,14,1
2,8,959989.0,-1.0852770360033959,-0.8693272921435614,TIME_LIMIT,229411,0,0,22,21
2,8,960134.0,-1.0852697827038673,-0.8693272921435614,TIME_LIMIT,229443,0,0,16,10
2,8,960352.0,-1.0852697827038673,-0.8693272921435614,TIME_LIMIT,229461,0,0,10,23
2,8,960546.0,-1.0852655962309703,-0.8693272921435614,TIME_LIMIT,229504,0,0,19,15
2,8,960687.0,-1.0852655962309703,-0.8693272921435614,TIME_LIMIT,229532,0,0,22,9
2,8,960740.0,-1.0852649486884367,-0.8693272921435614,TIME_LIMIT,229558,0,0,10,4
2,8,960836.0,-1.0852649486884367,-0.8693272921435614,TIME_LIMIT,229583,0,0,16,15
2,8,961038.0,-1.085254538432175,-0.8693272921435614,TIME_LIMIT,229614,0,0,11,4
2,8,961065.0,-1.085254538432175,-0.8693272921435614,TIME_LIMIT,229629,0,0,10,6
2,8,961111.0,-1.0852457414252954,-0.8693272921435614,TIME_LIMIT,229648,0,0,8,2
2,8,961185.0,-1.0852457414252954,-0.8693272921435614,TIME_LIMIT,229674,0,0,17,6
2,8,961361.0,-1.0852090270198462,-0.8693272921435614,TIME_LIMIT,229705,0,0,15,9
2,8,961395.0,-1.0852090270198462,-0.8693272921435614,TIME_LIMIT,229720,0,0,13,7
2,8,961469.0,-1.0852084398865438,-0.8693272921435614,TIME_LIMIT,229745,0,0,14,3
2,8,961677.0,-1.0852084398865438,-0.8693272921435614,TIME_LIMIT,229770,0,0,13,15
2,8,961775.0,-1.0852051981768962,-0.8693272921435614,TIME_LIMIT,229798,0,0,15,4
2,8,961994.0,-1.0852051981768962,-0.8693272921435614,TIME_LIMIT,229823,0,0,7,6
2,8,962099.0,-1.0852029786488675,-0.8693272921435614,TIME_LIMIT,229858,0,0,14,13
2,8,962328.0,-1.0852029786488675,-0.8693272921435614,TIME_LIMIT,229875,0,0,18,26
2,8,962474.0,-1.0851954251368574,-0.8693272921435614,TIME_LIMIT,229914,0,0,17,11
2,8,962674.0,-1.0851954251368574,-0.8693272921435614,TIME_LIMIT,229938,0,0,17,11
2,8,962864.0,-1.0851900732648996,-0.8693272921435614,TIME_LIMIT,229967,0,0,7,7
2,8,962983.0,-1.0851900732648996,-0.8693272921435614,TIME_LIMIT,229988,0,0,16,14
2,8,963212.0,-1.0851870397533716,-0.8693272921435614,TIME_LIMIT,230019,0,0,7,4
2,8,963325.0,-1.0851870397533716,-0.8693272921435614,TIME_LIMIT,230039,0,0,8,7
2,8,963455.0,-1.0851852813150162,-0.8693272921435614,TIME_LIMIT,230068,0,0,11,11
2,8,963509.0,-1.0851852813150162,-0.8693272921435614,TIME_LIMIT,230083,0,0,13,18
2,8,963631.0,-1.085176004729763,-0.8693272921435614,TIME_LIMIT,230115,0,0,14,5
2,8,963693.0,-1.085176004729763,-0.8693272921435614,TIME_LIMIT,230134,0,0,17,6
2,8,963847.0,-1.0851743667344536,-0.8693272921435614,TIME_LIMIT,230164,0,0,17,7
2,8,963895.0,-1.0851743667344536,-0.8693272921435614,TIME_LIMIT,230176,0,0,10,2
2,8,963955.0,-1.0851727275338323,-0.8693272921435614,TIME_LIMIT,230200,0,0,10,5
2,8,964179.0,-1.0851727275338323,-0.8693272921435614,TIME_LIMIT,230224,0,0,15,17
2,8,964408.0,-1.085171667219191,-0.8693272921435614,TIME_LIMIT,230256,0,0,9,10
2,8,964462.0,-1.085171667219191,-0.8693272921435614,TIME_LIMIT,230270,0,0,15,19
2,8,964683.0,-1.0851531515349175,-0.8693272921435614,TIME_LIMIT,230301,0,0,13,7
2,8,964767.0,-1.0851531515349175,-0.8693272921435614,TIME_LIMIT,230323,0,0,16,6
2,8,964966.0,-1.085145444038583,-0.8693272921435614,TIME_LIMIT,230357,0,0,15,5
2,8,965120.0,-1.085145444038583,-0.8693272921435614,TIME_LIMIT,230378,0,0,16,24
2,8,965289.0,-1.0851227663704253,-0.8693272921435614,TIME_LIMIT,230409,0,0,6,7
2,8,965378.0,-1.0851227663704253,-0.8693272921435614,TIME_LIMIT,230431,0,0,12,12
2,8,965459.0,-1.085118134143609,-0.8693272921435614,TIME_LIMIT,230454,0,0,4,5
2,8,965524.0,-1.085118134143609,-0.8693272921435614,TIME_LIMIT,230478,0,0,15,12
2,8,965580.0,-1.0851144355224815,-0.8693272921435614,TIME_LIMIT,230503,0,0,12,7
2,8,965749.0,-1.0851144355224815,-0.8693272921435614,TIME_LIMIT,230526,0,0,19,7
2,8,965873.0,-1.0850899439085353,-0.8693272921435614,TIME_LIMIT,230549,0,0,10,6
2,8,966009.0,-1.0850899439085353,-0.8693272921435614,TIME_LIMIT,230573,0,0,16,13
2,8,966101.0,-1.0850790258584233,-0.8693272921435614,TIME_LIMIT,230598,0,0,14,5
2,8,966182.0,-1.0850790258584233,-0.8693272921435614,TIME_LIMIT,230616,0,0,10,5
2,8,966258.0,-1.0850732400669267,-0.8693272921435614,TIME_LIMIT,230637,0,0,4,3
2,8,966487.0,-1.0850732400669267,-0.8693272921435614,TIME_LIMIT,230665,0,0,22,18
2,8,966719.0,-1.0850411476930901,-0.8693272921435614,TIME_LIMIT,230703,0,0,15,10
2,8,966779.0,-1.0850411476930901,-0.8693272921435614,TIME_LIMIT,230725,0,0,11,5
2,8,966839.0,-1.0850345381809836,-0.8693272921435614,TIME_LIMIT,230743,0,0,7,5
2,8,966927.0,-1.0850345381809836,-0.8693272921435614,TIME_LIMIT,230761,0,0,10,9
2,8,967036.0,-1.0850174362859406,-0.8693272921435614,TIME_LIMIT,230790,0,0,5,3
2,8,967151.0,-1.0850174362859406,-0.8693272921435614,TIME_LIMIT,230813,0,0,11,8
2,8,967214.0,-1.0850066333559378,-0.8693272921435614,TIME_LIMIT,230838,0,0,8,3
2,8,967399.0,-1.0850066333559378,-0.8693272921435614,TIME_LIMIT,230863,0,0,7,5
2,8,967525.0,-1.0850057715231207,-0.8693272921435614,TIME_LIMIT,230886,0,0,8,5
2,8,967695.0,-1.0850057715231207,-0.8693272921435614,TIME_LIMIT,230909,0,0,15,6
2,8,967757.0,-1.0850041565191222,-0.8693272921435614,TIME_LIMIT,230938,0,0,8,5
2,8,967797.0,-1.0850041565191222,-0.8693272921435614,TIME_LIMIT,230953,0,0,7,9
2,8,967966.0,-1.0849870064644564,-0.8693272921435614,TIME_LIMIT,230985,0,0,11,8
2,8,968127.0,-1.0849870064644564,-0.8693272921435614,TIME_LIMIT,231002,0,0,18,39
2,8,968242.0,-1.084982438265404,-0.8693272921435614,TIME_LIMIT,231034,0,0,15,6
2,8,968317.0,-1.084982438265404,-0.8693272921435614,TIME_LIMIT,231055,0,0,11,12
2,8,968420.0,-1.0849796487734307,-0.8693272921435614,TIME_LIMIT,231079,0,0,8,7
2,8,968513.0,-1.0849796487734307,-0.8693272921435614,TIME_LIMIT,231099,0,0,20,12
2,8,968658.0,-1.0849722729974856,-0.8693272921435614,TIME_LIMIT,231128,0,0,13,4
2,8,968733.0,-1.0849722729974856,-0.8693272921435614,TIME_LIMIT,231149,0,0,11,14
2,8,968770.0,-1.0849718297622277,-0.8693272921435614,TIME_LIMIT,231166,0,0,8,2
2,8,968985.0,-1.0849718297622277,-0.8693272921435614,TIME_LIMIT,231185,0,0,19,24
2,8,969150.0,-1.0849608340636576,-0.8693272921435614,TIME_LIMIT,231219,0,0,18,9
2,8,969184.0,-1.0849608340636576,-0.8693272921435614,TIME_LIMIT,231234,0,0,10,4
2,8,969193.0,-1.0849595912973717,-0.8693272921435614,TIME_LIMIT,231243,0,0,2,1
2,8,969304.0,-1.0849595912973717,-0.8693272921435614,TIME_LIMIT,231267,0,0,19,15
2,8,969468.0,-1.0849555982611236,-0.8693272921435614,TIME_LIMIT,231293,0,0,17,10
2,8,969543.0,-1.0849555982611236,-0.8693272921435614,TIME_LIMIT,231317,0,0,13,6
2,8,969575.0,-1.084954396632535,-0.8693272921435614,TIME_LIMIT,231330,0,0,6,3
2,8,969646.0,-1.084954396632535,-0.8693272921435614,TIME_LIMIT,231352,0,0,13,8
2,8,969734.0,-1.0849517705727127,-0.8693272921435614,TIME_LIMIT,231371,0,0,6,3
2,8,969930.0,-1.0849517705727127,-0.8693272921435614,TIME_LIMIT,231393,0,0,14,19
2,8,970024.0,-1.0849386622552886,-0.8693272921435614,TIME_LIMIT,231428,0,0,9,3
2,8,970252.0,-1.0849386622552886,-0.8693272921435614,TIME_LIMIT,231449,0,0,12,21
2,8,970482.0,-1.0849139131144352,-0.8693272921435614,TIME_LIMIT,231497,0,0,26,16
2,8,970620.0,-1.0849139131144352,-0.8693272921435614,TIME_LIMIT,231524,0,0,7,14
2,8,970751.0,-1.0849017373074,-0.8693272921435614,TIME_LIMIT,231552,0,0,13,13
2,8,970842.0,-1.0849017373074,-0.8693272921435614,TIME_LIMIT,231573,0,0,11,6
2,8,970889.0,-1.0848811416794706,-0.8693272921435614,TIME_LIMIT,231599,0,0,9,6
2,8,970949.0,-1.0848811416794706,-0.8693272921435614,TIME_LIMIT,231613,0,0,3,4
2,8,970967.0,-1.0848656550942835,-0.8693272921435614,TIME_LIMIT,231629,0,0,7,1
2,8,971121.0,-1.0848656550942835,-0.8693272921435614,TIME_LIMIT,231659,0,0,21,9
2,8,971188.0,-1.0848534042081748,-0.8693272921435614,TIME_LIMIT,231689,0,0,15,7
2,8,971276.0,-1.0848534042081748,-0.8693272921435614,TIME_LIMIT,231705,0,0,10,5
2,8,971327.0,-1.0848464357362113,-0.8693272921435614,TIME_LIMIT,231729,0,0,12,3
2,8,971411.0,-1.0848464357362113,-0.8693272921435614,TIME_LIMIT,231743,0,0,11,12
2,8,971491.0,-1.0848341826914627,-0.8693272921435614,TIME_LIMIT,231768,0,0,10,5
2,8,971535.0,-1.0848341826914627,-0.8693272921435614,TIME_LIMIT,231787,0,0,4,5
2,8,971630.0,-1.0848161545772261,-0.8693272921435614,TIME_LIMIT,231811,0,0,3,5
2,8,971658.0,-1.0848161545772261,-0.8693272921435614,TIME_LIMIT,231825,0,0,6,6
2,8,971696.0,-1.0848148930069965,-0.8693272921435614,TIME_LIMIT,231844,0,0,6,6
2,8,971912.0,-1.0848148930069965,-0.8693272921435614,TIME_LIMIT,231870,0,0,16,15
2,8,972141.0,-1.084796835978025,-0.8693272921435614,TIME_LIMIT,231890,0,0,12,7
2,8,972354.0,-1.084796835978025,-0.8693272921435614,TIME_LIMIT,231916,0,0,13,16
2,8,972589.0,-1.08479647473263,-0.8693272921435614,TIME_LIMIT,231947,0,0,10,7
2,8,972668.0,-1.08479647473263,-0.8693272921435614,TIME_LIMIT,231968,0,0,9,5
2,8,972709.0,-1.0847860202251187,-0.8693272921435614,TIME_LIMIT,231984,0,0,14,10
2,8,972877.0,-1.0847860202251187,-0.8693272921435614,TIME_LIMIT,232008,0,0,23,17
2,8,973012.0,-1.0847825065771248,-0.8693272921435614,TIME_LIMIT,232045,0,0,17,9
2,8,973151.0,-1.0847825065771248,-0.8693272921435614,TIME_LIMIT,232069,0,0,21,23
2,8,973241.0,-1.084774205708836,-0.8693272921435614,TIME_LIMIT,232105,0,0,17,9
2,8,973321.0,-1.084774205708836,-0.8693272921435614,TIME_LIMIT,232132,0,0,18,14
2,8,973423.0,-1.0847703441704142,-0.8693272921435614,TIME_LIMIT,232154,0,0,3,3
2,8,973477.0,-1.0847703441704142,-0.8693272921435614,TIME_LIMIT,232175,0,0,16,10
2,8,973589.0,-1.0847600632754641,-0.8693272921435614,TIME_LIMIT,232205,0,0,13,4
2,8,973684.0,-1.0847600632754641,-0.8693272921435614,TIME_LIMIT,232224,0,0,15,9
2,8,973839.0,-1.0847599401704784,-0.8693272921435614,TIME_LIMIT,232259,0,0,15,9
2,8,973930.0,-1.0847599401704784,-0.8693272921435614,TIME_LIMIT,232281,0,0,22,17
2,8,974041.0,-1.0847277677026863,-0.8693272921435614,TIME_LIMIT,232315,0,0,10,15
2,8,974069.0,-1.0847277677026863,-0.8693272921435614,TIME_LIMIT,232331,0,0,8,4
2,8,974109.0,-1.0847266338121337,-0.8693272921435614,TIME_LIMIT,232350,0,0,5,6
2,8,974348.0,-1.0847266338121337,-0.8693272921435614,TIME_LIMIT,232376,0,0,23,18
2,8,974466.0,-1.084699279739553,-0.8693272921435614,TIME_LIMIT,232410,0,0,11,4
2,8,974550.0,-1.084699279739553,-0.8693272921435614,TIME_LIMIT,232432,0,0,9,8
2,8,974642.0,-1.0846664901396994,-0.8693272921435614,TIME_LIMIT,232456,0,0,6,2
2,8,974870.0,-1.0846664901396994,-0.8693272921435614,TIME_LIMIT,232475,0,0,15,8
2,8,975058.0,-1.0846659256290758,-0.8693272921435614,TIME_LIMIT,232507,0,0,8,10
2,8,975156.0,-1.0846659256290758,-0.8693272921435614,TIME_LIMIT,232529,0,0,12,17
2,8,975207.0,-1.0846607771147663,-0.8693272921435614,TIME_LIMIT,232553,0,0,8,5
2,8,975420.0,-1.0846607771147663,-0.8693272921435614,TIME_LIMIT,232579,0,0,15,24
2,8,975533.0,-1.0846567078836062,-0.8693272921435614,TIME_LIMIT,232608,0,0,8,7
2,8,975588.0,-1.0846567078836062,-0.8693272921435614,TIME_LIMIT,232623,0,0,6,4
2,8,975698.0,-1.0846490812915732,-0.8693272921435614,TIME_LIMIT,232643,0,0,6,2
2,8,975760.0,-1.0846490812915732,-0.8693272921435614,TIME_LIMIT,232670,0,0,19,7
2,8,975867.0,-1.0846315742093429,-0.8693272921435614,TIME_LIMIT,232693,0,0,16,6
2,8,975920.0,-1.0846315742093429,-0.8693272921435614,TIME_LIMIT,232714,0,0,8,8
2,8,975963.0,-1.0846307409056313,-0.8693272921435614,TIME_LIMIT,232736,0,0,6,7
2,8,976148.0,-1.0846307409056313,-0.8693272921435614,TIME_LIMIT,232762,0,0,21,25
2,8,976275.0,-1.084629333627425,-0.8693272921435614,TIME_LIMIT,232788,0,0,18,7
2,8,976351.0,-1.084629333627425,-0.8693272921435614,TIME_LIMIT,232813,0,0,18,12
2,8,976388.0,-1.0846187216430752,-0.8693272921435614,TIME_LIMIT,232836,0,0,10,5
2,8,976476.0,-1.0846187216430752,-0.8693272921435614,TIME_LIMIT,232857,0,0,11,17
2,8,976586.0,-1.084617916062657,-0.8693272921435614,TIME_LIMIT,232891,0,0,14,7
2,8,976651.0,-1.084617916062657,-0.8693272921435614,TIME_LIMIT,232914,0,0,18,17
2,8,976806.0,-1.0846154612993923,-0.8693272921435614,TIME_LIMIT,232949,0,0,17,6
2,8,977002.0,-1.0846154612993923,-0.8693272921435614,TIME_LIMIT,232981,0,0,21,15
2,8,977145.0,-1.0846143786848208,-0.8693272921435614,TIME_LIMIT,233000,0,0,19,13
2,8,977256.0,-1.0846143786848208,-0.8693272921435614,TIME_LIMIT,233031,0,0,16,18
2,8,977347.0,-1.0846102229790668,-0.8693272921435614,TIME_LIMIT,233059,0,0,14,5
2,8,977433.0,-1.0846102229790668,-0.8693272921435614,TIME_LIMIT,233081,0,0,14,12
2,8,977480.0,-1.0845807338995987,-0.8693272921435614,TIME_LIMIT,233098,0,0,10,6
2,8,977543.0,-1.0845807338995987,-0.8693272921435614,TIME_LIMIT,233121,0,0,5,18
2,8,977668.0,-1.0845747535173251,-0.8693272921435614,TIME_LIMIT,233158,0,0,13,15
2,8,977717.0,-1.0845747535173251,-0.8693272921435614,TIME_LIMIT,233176,0,0,10,9
2,8,977760.0,-1.084566906907733,-0.8693272921435614,TIME_LIMIT,233195,0,0,8,3
2,8,977902.0,-1.084566906907733,-0.8693272921435614,TIME_LIMIT,233225,0,0,22,9
2,8,977968.0,-1.0845589512121965,-0.8693272921435614,TIME_LIMIT,233248,0,0,16,9
2,8,978031.0,-1.0845589512121965,-0.8693272921435614,TIME_LIMIT,233268,0,0,21,17
2,8,978259.0,-1.084553314452192,-0.8693272921435614,TIME_LIMIT,233303,0,0,14,10
2,8,978335.0,-1.084553314452192,-0.8693272921435614,TIME_LIMIT,233331,0,0,16,8
2,8,978395.0,-1.0845443516472344,-0.8693272921435614,TIME_LIMIT,233352,0,0,9,4
2,8,978427.0,-1.0845443516472344,-0.8693272921435614,TIME_LIMIT,233369,0,0,7,3
2,8,978452.0,-1.084533731419652,-0.8693272921435614,TIME_LIMIT,233381,0,0,4,1
2,8,978521.0,-1.084533731419652,-0.8693272921435614,TIME_LIMIT,233392,0,0,3,4
2,8,978589.0,-1.084523430585072,-0.8693272921435614,TIME_LIMIT,233409,0,0,5,3
2,8,978723.0,-1.084523430585072,-0.8693272921435614,TIME_LIMIT,233434,0,0,13,12
2,8,978913.0,-1.0845177615258164,-0.8693272921435614,TIME_LIMIT,233468,0,0,19,4
2,8,979027.0,-1.0845177615258164,-0.8693272921435614,TIME_LIMIT,233490,0,0,16,13
2,8,979144.0,-1.0845116939501835,-0.8693272921435614,TIME_LIMIT,233520,0,0,14,6
2,8,979209.0,-1.0845116939501835,-0.8693272921435614,TIME_LIMIT,233534,0,0,15,7
2,8,979258.0,-1.0845038661498303,-0.8693272921435614,TIME_LIMIT,233556,0,0,10,3
2,8,979479.0,-1.0845038661498303,-0.8693272921435614,TIME_LIMIT,233578,0,0,16,23
2,8,979621.0,-1.0845012455721927,-0.8693272921435614,TIME_LIMIT,233616,0,0,17,9
2,8,979794.0,-1.0845012455721927,-0.8693272921435614,TIME_LIMIT,233651,0,0,22,12
2,8,979864.0,-1.0844997190985532,-0.8693272921435614,TIME_LIMIT,233672,0,0,20,11
2,8,980101.0,-1.0844997190985532,-0.8693272921435614,TIME_LIMIT,233696,0,0,17,8
2,8,980336.0,-1.0844994932988883,-0.8693272921435614,TIME_LIMIT,233722,0,0,13,14
2,8,980396.0,-1.0844994932988883,-0.8693272921435614,TIME_LIMIT,233739,0,0,12,4
2,8,980428.0,-1.0844813000081608,-0.8693272921435614,TIME_LIMIT,233755,0,0,6,1
2,8,980656.0,-1.0844813000081608,-0.8693272921435614,TIME_LIMIT,233781,0,0,23,8
2,8,980779.0,-1.0844804252799753,-0.8693272921435614,TIME_LIMIT,233816,0,0,18,10
2,8,980830.0,-1.0844804252799753,-0.8693272921435614,TIME_LIMIT,233836,0,0,8,5
2,8,980858.0,-1.0844732112345934,-0.8693272921435614,TIME_LIMIT,233853,0,0,7,7
2,8,981006.0,-1.0844732112345934,-0.8693272921435614,TIME_LIMIT,233882,0,0,17,19
2,8,981167.0,-1.0844692013065484,-0.8693272921435614,TIME_LIMIT,233919,0,0,19,16
2,8,981388.0,-1.0844692013065484,-0.8693272921435614,TIME_LIMIT,233948,0,0,12,14
2,8,981575.0,-1.0844338542392307,-0.8693272921435614,TIME_LIMIT,233989,0,0,11,8
2,8,981665.0,-1.0844338542392307,-0.8693272921435614,TIME_LIMIT,234010,0,0,11,16
2,8,981735.0,-1.0844291092962082,-0.8693272921435614,TIME_LIMIT,234036,0,0,12,5
2,8,981786.0,-1.0844291092962082,-0.8693272921435614,TIME_LIMIT,234052,0,0,7,5
2,8,981835.0,-1.0844236021553082,-0.8693272921435614,TIME_LIMIT,234075,0,0,5,1
2,8,981918.0,-1.0844236021553082,-0.8693272921435614,TIME_LIMIT,234103,0,0,11,6
2,8,981992.0,-1.0844218871613305,-0.8693272921435614,TIME_LIMIT,234119,0,0,7,7
2,8,982111.0,-1.0844218871613305,-0.8693272921435614,TIME_LIMIT,234134,0,0,5,12
2,8,982348.0,-1.0844172691670195,-0.8693272921435614,TIME_LIMIT,234164,0,0,5,5
2,8,982521.0,-1.0844172691670195,-0.8693272921435614,TIME_LIMIT,234187,0,0,19,21
2,8,982669.0,-1.08441716692885,-0.8693272921435614,TIME_LIMIT,234223,0,0,17,11
2,8,982736.0,-1.08441716692885,-0.8693272921435614,TIME_LIMIT,234244,0,0,13,15
2,8,982816.0,-1.0844100436455766,-0.8693272921435614,TIME_LIMIT,234272,0,0,10,11
2,8,982832.0,-1.0844100436455766,-0.8693272921435614,TIME_LIMIT,234286,0,0,4,1
2,8,982843.0,-1.084402940377798,-0.8693272921435614,TIME_LIMIT,234298,0,0,3,3
2,8,982871.0,-1.084402940377798,-0.8693272921435614,TIME_LIMIT,234314,0,0,10,4
2,8,982898.0,-1.0843929523565543,-0.8693272921435614,TIME_LIMIT,234333,0,0,7,3
2,8,982976.0,-1.0843929523565543,-0.8693272921435614,TIME_LIMIT,234349,0,0,12,11
2,8,983015.0,-1.0843662505231864,-0.8693272921435614,TIME_LIMIT,234375,0,0,12,4
2,8,983244.0,-1.0843662505231864,-0.8693272921435614,TIME_LIMIT,234403,0,0,24,22
2,8,983474.0,-1.0843653911676243,-0.8693272921435614,TIME_LIMIT,234436,0,0,11,11
2,8,983680.0,-1.0843653911676243,-0.8693272921435614,TIME_LIMIT,234463,0,0,12,27
2,8,983813.0,-1.0843536108972849,-0.8693272921435614,TIME_LIMIT,234494,0,0,6,9
2,8,983877.0,-1.0843536108972849,-0.8693272921435614,TIME_LIMIT,234516,0,0,7,7
2,8,984010.0,-1.0843465756972392,-0.8693272921435614,TIME_LIMIT,234545,0,0,15,5
2,8,984076.0,-1.0843465756972392,-0.8693272921435614,TIME_LIMIT,234568,0,0,12,17
2,8,984201.0,-1.0843384874521156,-0.8693272921435614,TIME_LIMIT,234599,0,0,16,5
2,8,984233.0,-1.0843384874521156,-0.8693272921435614,TIME_LIMIT,234614,0,0,9,10
2,8,984275.0,-1.0842990808333437,-0.8693272921435614,TIME_LIMIT,234637,0,0,9,5
2,8,984355.0,-1.0842990808333437,-0.8693272921435614,TIME_LIMIT,234654,0,0,15,6
2,8,984454.0,-1.0842957241783702,-0.8693272921435614,TIME_LIMIT,234677,0,0,16,4
2,8,984469.0,-1.0842957241783702,-0.8693272921435614,TIME_LIMIT,234689,0,0,6,9
2,8,984535.0,-1.084294658193687,-0.8693272921435614,TIME_LIMIT,234715,0,0,9,7
2,8,984747.0,-1.084294658193687,-0.8693272921435614,TIME_LIMIT,234737,0,0,20,16
2,8,984891.0,-1.0842903355682605,-0.8693272921435614,TIME_LIMIT,234770,0,0,14,4
2,8,984961.0,-1.0842903355682605,-0.8693272921435614,TIME_LIMIT,234791,0,0,7,15
2,8,985168.0,-1.0842705230442264,-0.8693272921435614,TIME_LIMIT,234821,0,0,13,10
2,8,985248.0,-1.0842705230442264,-0.8693272921435614,TIME_LIMIT,234844,0,0,18,8
2,8,985311.0,-1.0842634705025158,-0.8693272921435614,TIME_LIMIT,234875,0,0,17,9
2,8,985381.0,-1.0842634705025158,-0.8693272921435614,TIME_LIMIT,234897,0,0,14,5
2,8,985460.0,-1.0842615781694422,-0.8693272921435614,TIME_LIMIT,234914,0,0,10,5
2,8,985494.0,-1.0842615781694422,-0.8693272921435614,TIME_LIMIT,234930,0,0,22,19
2,8,985540.0,-1.0842456806295093,-0.8693272921435614,TIME_LIMIT,234958,0,0,13,6
2,8,985600.0,-1.0842456806295093,-0.8693272921435614,TIME_LIMIT,234979,0,0,19,9
2,8,985793.0,-1.0842443878880268,-0.8693272921435614,TIME_LIMIT,235015,0,0,7,5
2,8,986009.0,-1.0842443878880268,-0.8693272921435614,TIME_LIMIT,235041,0,0,20,16
2,8,986125.0,-1.0842428605113952,-0.8693272921435614,TIME_LIMIT,235075,0,0,17,6
2,8,986230.0,-1.0842428605113952,-0.8693272921435614,TIME_LIMIT,235101,0,0,20,17
2,8,986451.0,-1.084225756686907,-0.8693272921435614,TIME_LIMIT,235131,0,0,8,4
2,8,986558.0,-1.084225756686907,-0.8693272921435614,TIME_LIMIT,235162,0,0,17,9
2,8,986751.0,-1.084225224861251,-0.8693272921435614,TIME_LIMIT,235186,0,0,16,15
2,8,986951.0,-1.084225224861251,-0.8693272921435614,TIME_LIMIT,235210,0,0,21,15
2,8,987139.0,-1.0842186268866345,-0.8693272921435614,TIME_LIMIT,235244,0,0,16,13
2,8,987242.0,-1.0842186268866345,-0.8693272921435614,TIME_LIMIT,235265,0,0,10,18
2,8,987346.0,-1.0842138200420746,-0.8693272921435614,TIME_LIMIT,235295,0,0,9,8
2,8,987444.0,-1.0842138200420746,-0.8693272921435614,TIME_LIMIT,235321,0,0,28,16
2,8,987559.0,-1.0841883833488333,-0.8693272921435614,TIME_LIMIT,235356,0,0,12,3
2,8,987636.0,-1.0841883833488333,-0.8693272921435614,TIME_LIMIT,235373,0,0,14,15
2,8,987723.0,-1.0841850360970493,-0.8693272921435614,TIME_LIMIT,235396,0,0,13,10
2,8,987821.0,-1.0841850360970493,-0.8693272921435614,TIME_LIMIT,235419,0,0,17,26
2,8,987952.0,-1.0841779190540288,-0.8693272921435614,TIME_LIMIT,235457,0,0,17,10
2,8,988098.0,-1.0841779190540288,-0.8693272921435614,TIME_LIMIT,235477,0,0,19,10
2,8,988151.0,-1.08417787329053,-0.8693272921435614,TIME_LIMIT,235504,0,0,11,6
2,8,988199.0,-1.08417787329053,-0.8693272921435614,TIME_LIMIT,235522,0,0,13,5
2,8,988391.0,-1.0841752162503633,-0.8693272921435614,TIME_LIMIT,235555,0,0,16,8
2,8,988443.0,-1.0841752162503633,-0.8693272921435614,TIME_LIMIT,235570,0,0,7,2
2,8,988470.0,-1.084168985932811,-0.8693272921435614,TIME_LIMIT,235589,0,0,3,3
2,8,988689.0,-1.084168985932811,-0.8693272921435614,TIME_LIMIT,235611,0,0,15,15
2,8,988901.0,-1.0841608167456243,-0.8693272921435614,TIME_LIMIT,235650,0,0,18,10
2,8,988975.0,-1.0841608167456243,-0.8693272921435614,TIME_LIMIT,235672,0,0,15,17
2,8,989150.0,-1.0841575632484501,-0.8693272921435614,TIME_LIMIT,235708,0,0,15,10
2,8,989299.0,-1.0841575632484501,-0.8693272921435614,TIME_LIMIT,235734,0,0,18,13
2,8,989364.0,-1.0841546300774327,-0.8693272921435614,TIME_LIMIT,235766,0,0,16,5
2,8,989426.0,-1.0841546300774327,-0.8693272921435614,TIME_LIMIT,235778,0,0,7,12
2,8,989452.0,-1.0841500840140643,-0.8693272921435614,TIME_LIMIT,235798,0,0,9,3
2,8,989531.0,-1.0841500840140643,-0.8693272921435614,TIME_LIMIT,235818,0,0,17,11
2,8,989747.0,-1.0841481517961622,-0.8693272921435614,TIME_LIMIT,235861,0,0,19,6
2,8,989967.0,-1.0841481517961622,-0.8693272921435614,TIME_LIMIT,235890,0,0,24,14
2,8,990196.0,-1.0841479547259851,-0.8693272921435614,TIME_LIMIT,235925,0,0,19,12
2,8,990305.0,-1.0841479547259851,-0.8693272921435614,TIME_LIMIT,235958,0,0,19,10
2,8,990393.0,-1.0841464949589454,-0.8693272921435614,TIME_LIMIT,235978,0,0,7,10
2,8,990518.0,-1.0841464949589454,-0.8693272921435614,TIME_LIMIT,236005,0,0,11,15
2,8,990734.0,-1.0841436874190304,-0.8693272921435614,TIME_LIMIT,236030,0,0,17,12
2,8,990785.0,-1.0841436874190304,-0.8693272921435614,TIME_LIMIT,236044,0,0,16,16
2,8,990891.0,-1.0841343465787823,-0.8693272921435614,TIME_LIMIT,236077,0,0,14,8
2,8,990948.0,-1.0841343465787823,-0.8693272921435614,TIME_LIMIT,236096,0,0,11,8
2,8,990986.0,-1.0841166224012393,-0.8693272921435614,TIME_LIMIT,236116,0,0,7,6
2,8,991007.0,-1.0841166224012393,-0.8693272921435614,TIME_LIMIT,236136,0,0,14,6
2,8,991069.0,-1.0841108453544883,-0.8693272921435614,TIME_LIMIT,236163,0,0,9,3
2,8,991167.0,-1.0841108453544883,-0.8693272921435614,TIME_LIMIT,236182,0,0,8,5
2,8,991237.0,-1.0840970699617127,-0.8693272921435614,TIME_LIMIT,236206,0,0,8,3
2,8,991286.0,-1.0840970699617127,-0.8693272921435614,TIME_LIMIT,236217,0,0,5,4
2,8,991307.0,-1.084083584262586,-0.8693272921435614,TIME_LIMIT,236229,0,0,2,1
2,8,991538.0,-1.084083584262586,-0.8693272921435614,TIME_LIMIT,236249,0,0,11,17
2,8,991712.0,-1.0840698565654836,-0.8693272921435614,TIME_LIMIT,236278,0,0,8,6
2,8,991933.0,-1.0840698565654836,-0.8693272921435614,TIME_LIMIT,236302,0,0,13,20
2,8,992077.0,-1.0840629668948294,-0.8693272921435614,TIME_LIMIT,236337,0,0,16,7
2,8,992244.0,-1.0840629668948294,-0.8693272921435614,TIME_LIMIT,236359,0,0,11,18
2,8,992471.0,-1.0840556978257088,-0.8693272921435614,TIME_LIMIT,236392,0,0,14,17
2,8,992568.0,-1.0840556978257088,-0.8693272921435614,TIME_LIMIT,236417,0,0,19,26
2,8,992782.0,-1.0840525782132813,-0.8693272921435614,TIME_LIMIT,236446,0,0,16,9
2,8,992967.0,-1.0840525782132813,-0.8693272921435614,TIME_LIMIT,236474,0,0,17,6
2,8,993075.0,-1.0840486115388357,-0.8693272921435614,TIME_LIMIT,236492,0,0,11,7
2,8,993134.0,-1.0840486115388357,-0.8693272921435614,TIME_LIMIT,236507,0,0,7,4
2,8,993208.0,-1.0840448999435695,-0.8693272921435614,TIME_LIMIT,236531,0,0,7,9
2,8,993306.0,-1.0840448999435695,-0.8693272921435614,TIME_LIMIT,236556,0,0,20,22
2,8,993521.0,-1.0840407963772711,-0.8693272921435614,TIME_LIMIT,236588,0,0,14,10
2,8,993712.0,-1.0840407963772711,-0.8693272921435614,TIME_LIMIT,236611,0,0,14,6
2,8,993798.0,-1.0840360177892032,-0.8693272921435614,TIME_LIMIT,236628,0,0,11,6
2,8,994023.0,-1.0840360177892032,-0.8693272921435614,TIME_LIMIT,236656,0,0,18,21
2,8,994151.0,-1.0840347475643752,-0.8693272921435614,TIME_LIMIT,236683,0,0,12,7
2,8,994298.0,-1.0840347475643752,-0.8693272921435614,TIME_LIMIT,236705,0,0,18,20
2,8,994513.0,-1.0840290931881653,-0.8693272921435614,TIME_LIMIT,236741,0,0,5,9
2,8,994611.0,-1.0840290931881653,-0.8693272921435614,TIME_LIMIT,236765,0,0,18,19
2,8,994791.0,-1.0840209806004526,-0.8693272921435614,TIME_LIMIT,236802,0,0,12,1
2,8,994948.0,-1.0840209806004526,-0.8693272921435614,TIME_LIMIT,236828,0,0,19,12
2,8,995175.0,-1.0840200456422595,-0.8693272921435614,TIME_LIMIT,236858,0,0,15,11
2,8,995335.0,-1.0840200456422595,-0.8693272921435614,TIME_LIMIT,236883,0,0,19,13
2,8,995418.0,-1.0840108927881922,-0.8693272921435614,TIME_LIMIT,236913,0,0,13,3
2,8,995508.0,-1.0840108927881922,-0.8693272921435614,TIME_LIMIT,236934,0,0,8,15
2,8,995584.0,-1.0840042570231716,-0.8693272921435614,TIME_LIMIT,236956,0,0,11,14
2,8,995687.0,-1.0840042570231716,-0.8693272921435614,TIME_LIMIT,236979,0,0,11,8
2,8,995779.0,-1.084003379222039,-0.8693272921435614,TIME_LIMIT,237002,0,0,16,10
2,8,995817.0,-1.084003379222039,-0.8693272921435614,TIME_LIMIT,237021,0,0,11,4
2,8,995844.0,-1.0839992445657338,-0.8693272921435614,TIME_LIMIT,237034,0,0,7,0
2,8,995860.0,-1.0839992445657338,-0.8693272921435614,TIME_LIMIT,237047,0,0,11,8
2,8,995945.0,-1.0839988874374822,-0.8693272921435614,TIME_LIMIT,237074,0,0,8,7
2,8,996037.0,-1.0839988874374822,-0.8693272921435614,TIME_LIMIT,237090,0,0,22,16
2,8,996259.0,-1.0839948757086995,-0.8693272921435614,TIME_LIMIT,237126,0,0,17,12
2,8,996286.0,-1.0839948757086995,-0.8693272921435614,TIME_LIMIT,237137,0,0,7,10
2,8,996339.0,-1.0839828092755306,-0.8693272921435614,TIME_LIMIT,237161,0,0,10,3
2,8,996516.0,-1.0839828092755306,-0.8693272921435614,TIME_LIMIT,237187,0,0,19,11
2,8,996624.0,-1.083970538442203,-0.8693272921435614,TIME_LIMIT,237222,0,0,5,3
2,8,996726.0,-1.083970538442203,-0.8693272921435614,TIME_LIMIT,237239,0,0,12,3
2,8,996787.0,-1.0839704469440488,-0.8693272921435614,TIME_LIMIT,237261,0,0,5,3
2,8,996849.0,-1.0839704469440488,-0.8693272921435614,TIME_LIMIT,237278,0,0,10,12
2,8,996889.0,-1.0839499061585824,-0.8693272921435614,TIME_LIMIT,237297,0,0,7,2
2,8,996950.0,-1.0839499061585824,-0.8693272921435614,TIME_LIMIT,237322,0,0,21,7
2,8,997151.0,-1.0839456689415556,-0.8693272921435614,TIME_LIMIT,237353,0,0,14,17
2,8,997370.0,-1.0839456689415556,-0.8693272921435614,TIME_LIMIT,237378,0,0,14,15
2,8,997565.0,-1.0839413567656027,-0.8693272921435614,TIME_LIMIT,237416,0,0,11,5
2,8,997755.0,-1.0839413567656027,-0.8693272921435614,TIME_LIMIT,237448,0,0,26,14
2,8,997813.0,-1.083932618068178,-0.8693272921435614,TIME_LIMIT,237471,0,0,21,2
2,8,997866.0,-1.083932618068178,-0.8693272921435614,TIME_LIMIT,237495,0,0,21,11
2,8,998093.0,-1.0839307690851867,-0.8693272921435614,TIME_LIMIT,237537,0,0,21,9
2,8,998318.0,-1.0839307690851867,-0.8693272921435614,TIME_LIMIT,237560,0,0,19,44
2,8,998545.0,-1.08390990098451,-0.8693272921435614,TIME_LIMIT,237591,0,0,18,13
2,8,998587.0,-1.08390990098451,-0.8693272921435614,TIME_LIMIT,237614,0,0,7,7
2,8,998610.0,-1.0839088842890017,-0.8693272921435614,TIME_LIMIT,237626,0,0,4,3
2,8,998737.0,-1.0839088842890017,-0.8693272921435614,TIME_LIMIT,237645,0,0,18,21
2,8,998964.0,-1.083894818321469,-0.8693272921435614,TIME_LIMIT,237682,0,0,9,7
2,8,999016.0,-1.083894818321469,-0.8693272921435614,TIME_LIMIT,237700,0,0,13,7
2,8,999095.0,-1.0838859938132441,-0.8693272921435614,TIME_LIMIT,237727,0,0,7,3
2,8,999244.0,-1.0838859938132441,-0.8693272921435614,TIME_LIMIT,237750,0,0,15,17
2,8,999365.0,-1.0838696702628527,-0.8693272921435614,TIME_LIMIT,237788,0,0,21,10
2,8,999593.0,-1.0838696702628527,-0.8693272921435614,TIME_LIMIT,237811,0,0,8,10
2,8,999795.0,-1.0838371855105726,-0.8693272921435614,TIME_LIMIT,237846,0,0,16,8
2,8,999844.0,-1.0838371855105726,-0.8693272921435614,TIME_LIMIT,237864,0,0,18,8
2,8,999882.0,-1.0838354164552624,-0.8693272921435614,TIME_LIMIT,237887,0,0,9,5
2,8,1.000098e6,-1.0838354164552624,-0.8693272921435614,TIME_LIMIT,237908,0,0,16,25
2,8,1.000331e6,-1.083828363651286,-0.8693272921435614,TIME_LIMIT,237940,0,0,13,9
2,8,1.000366e6,-1.083828363651286,-0.8693272921435614,TIME_LIMIT,237954,0,0,11,9
2,8,1.000446e6,-1.083825714008473,-0.8693272921435614,TIME_LIMIT,237979,0,0,7,8
2,8,1.000565e6,-1.083825714008473,-0.8693272921435614,TIME_LIMIT,238001,0,0,15,12
2,8,1.000682e6,-1.083819792147187,-0.8693272921435614,TIME_LIMIT,238021,0,0,11,20
2,8,1.00076e6,-1.083819792147187,-0.8693272921435614,TIME_LIMIT,238043,0,0,20,19
2,8,1.000974e6,-1.0838135304795744,-0.8693272921435614,TIME_LIMIT,238076,0,0,16,6
2,8,1.001044e6,-1.0838135304795744,-0.8693272921435614,TIME_LIMIT,238102,0,0,20,29
2,8,1.001171e6,-1.0838004426478143,-0.8693272921435614,TIME_LIMIT,238135,0,0,11,13
2,8,1.001332e6,-1.0838004426478143,-0.8693272921435614,TIME_LIMIT,238156,0,0,20,12
2,8,1.001554e6,-1.0837949458348246,-0.8693272921435614,TIME_LIMIT,238191,0,0,17,11
2,8,1.00162e6,-1.0837949458348246,-0.8693272921435614,TIME_LIMIT,238216,0,0,12,5
2,8,1.001725e6,-1.0837806919084856,-0.8693272921435614,TIME_LIMIT,238243,0,0,10,7
2,8,1.001828e6,-1.0837806919084856,-0.8693272921435614,TIME_LIMIT,238270,0,0,17,18
2,8,1.002056e6,-1.083780652815011,-0.8693272921435614,TIME_LIMIT,238308,0,0,22,13
2,8,1.002259e6,-1.083780652815011,-0.8693272921435614,TIME_LIMIT,238334,0,0,14,13
2,8,1.002404e6,-1.0837718124602744,-0.8693272921435614,TIME_LIMIT,238373,0,0,17,15
2,8,1.002494e6,-1.0837718124602744,-0.8693272921435614,TIME_LIMIT,238397,0,0,13,13
2,8,1.002528e6,-1.083768354997951,-0.8693272921435614,TIME_LIMIT,238419,0,0,7,8
2,8,1.00262e6,-1.083768354997951,-0.8693272921435614,TIME_LIMIT,238441,0,0,12,9
2,8,1.002804e6,-1.0837580125665673,-0.8693272921435614,TIME_LIMIT,238466,0,0,10,10
2,8,1.002899e6,-1.0837580125665673,-0.8693272921435614,TIME_LIMIT,238484,0,0,15,4
2,8,1.002973e6,-1.0837452450600318,-0.8693272921435614,TIME_LIMIT,238510,0,0,15,8
2,8,1.003039e6,-1.0837452450600318,-0.8693272921435614,TIME_LIMIT,238533,0,0,16,16
2,8,1.003136e6,-1.0837435412015006,-0.8693272921435614,TIME_LIMIT,238563,0,0,9,8
2,8,1.003157e6,-1.0837435412015006,-0.8693272921435614,TIME_LIMIT,238579,0,0,13,2
2,8,1.00321e6,-1.0837281459616452,-0.8693272921435614,TIME_LIMIT,238601,0,0,8,3
2,8,1.003309e6,-1.0837281459616452,-0.8693272921435614,TIME_LIMIT,238627,0,0,14,4
2,8,1.003376e6,-1.0837239498872688,-0.8693272921435614,TIME_LIMIT,238648,0,0,14,9
2,8,1.003603e6,-1.0837239498872688,-0.8693272921435614,TIME_LIMIT,238666,0,0,20,14
2,8,1.003696e6,-1.0837101036628018,-0.8693272921435614,TIME_LIMIT,238696,0,0,8,6
2,8,1.00379e6,-1.0837101036628018,-0.8693272921435614,TIME_LIMIT,238715,0,0,13,8
2,8,1.003832e6,-1.0837076781545123,-0.8693272921435614,TIME_LIMIT,238737,0,0,5,6
2,8,1.003961e6,-1.0837076781545123,-0.8693272921435614,TIME_LIMIT,238764,0,0,20,12
2,8,1.004096e6,-1.0836988151154907,-0.8693272921435614,TIME_LIMIT,238801,0,0,13,6
2,8,1.004184e6,-1.0836988151154907,-0.8693272921435614,TIME_LIMIT,238823,0,0,18,13
2,8,1.00433e6,-1.0836900511549663,-0.8693272921435614,TIME_LIMIT,238858,0,0,17,7
2,8,1.004494e6,-1.0836900511549663,-0.8693272921435614,TIME_LIMIT,238882,0,0,9,19
2,8,1.004607e6,-1.0836894192546334,-0.8693272921435614,TIME_LIMIT,238913,0,0,16,10
2,8,1.004656e6,-1.0836894192546334,-0.8693272921435614,TIME_LIMIT,238928,0,0,4,4
2,8,1.004696e6,-1.0836805377632857,-0.8693272921435614,TIME_LIMIT,238949,0,0,8,3
2,8,1.004768e6,-1.0836805377632857,-0.8693272921435614,TIME_LIMIT,238968,0,0,9,12
2,8,1.004933e6,-1.083679912515224,-0.8693272921435614,TIME_LIMIT,239007,0,0,18,10
2,8,1.005073e6,-1.083679912515224,-0.8693272921435614,TIME_LIMIT,239030,0,0,9,9
2,8,1.005234e6,-1.08366352607327,-0.8693272921435614,TIME_LIMIT,239059,0,0,7,8
2,8,1.00532e6,-1.08366352607327,-0.8693272921435614,TIME_LIMIT,239084,0,0,20,11
2,8,1.005425e6,-1.0836602671303646,-0.8693272921435614,TIME_LIMIT,239113,0,0,9,3
2,8,1.005486e6,-1.0836602671303646,-0.8693272921435614,TIME_LIMIT,239134,0,0,17,11
2,8,1.005538e6,-1.083658883044093,-0.8693272921435614,TIME_LIMIT,239162,0,0,16,5
2,8,1.005718e6,-1.083658883044093,-0.8693272921435614,TIME_LIMIT,239191,0,0,18,11
2,8,1.005754e6,-1.0836486911032142,-0.8693272921435614,TIME_LIMIT,239208,0,0,14,11
2,8,1.00578e6,-1.0836486911032142,-0.8693272921435614,TIME_LIMIT,239222,0,0,6,4
2,8,1.005791e6,-1.0836484625196148,-0.8693272921435614,TIME_LIMIT,239231,0,0,4,3
2,8,1.005923e6,-1.0836484625196148,-0.8693272921435614,TIME_LIMIT,239257,0,0,18,14
2,8,1.00606e6,-1.0836431130197064,-0.8693272921435614,TIME_LIMIT,239291,0,0,19,7
2,8,1.006121e6,-1.0836431130197064,-0.8693272921435614,TIME_LIMIT,239315,0,0,11,16
2,8,1.006268e6,-1.0836334350300594,-0.8693272921435614,TIME_LIMIT,239343,0,0,21,8
2,8,1.006458e6,-1.0836334350300594,-0.8693272921435614,TIME_LIMIT,239372,0,0,15,24
2,8,1.006658e6,-1.0836294208765451,-0.8693272921435614,TIME_LIMIT,239410,0,0,10,6
2,8,1.006761e6,-1.0836294208765451,-0.8693272921435614,TIME_LIMIT,239431,0,0,14,19
2,8,1.006837e6,-1.0836138573936422,-0.8693272921435614,TIME_LIMIT,239450,0,0,16,10
2,8,1.006897e6,-1.0836138573936422,-0.8693272921435614,TIME_LIMIT,239468,0,0,6,2
2,8,1.00697e6,-1.0836135331712948,-0.8693272921435614,TIME_LIMIT,239490,0,0,11,10
2,8,1.007072e6,-1.0836135331712948,-0.8693272921435614,TIME_LIMIT,239507,0,0,13,5
2,8,1.007177e6,-1.0835939089885938,-0.8693272921435614,TIME_LIMIT,239537,0,0,11,10
2,8,1.007301e6,-1.0835939089885938,-0.8693272921435614,TIME_LIMIT,239560,0,0,14,5
2,8,1.007432e6,-1.0835752498430808,-0.8693272921435614,TIME_LIMIT,239590,0,0,12,9
2,8,1.007651e6,-1.0835752498430808,-0.8693272921435614,TIME_LIMIT,239617,0,0,17,9
2,8,1.007877e6,-1.083572551351141,-0.8693272921435614,TIME_LIMIT,239640,0,0,16,7
2,8,1.008041e6,-1.083572551351141,-0.8693272921435614,TIME_LIMIT,239669,0,0,24,13
2,8,1.008162e6,-1.083571161463685,-0.8693272921435614,TIME_LIMIT,239697,0,0,22,11
2,8,1.00824e6,-1.083571161463685,-0.8693272921435614,TIME_LIMIT,239723,0,0,18,11
2,8,1.008361e6,-1.08355315382989,-0.8693272921435614,TIME_LIMIT,239753,0,0,5,4
2,8,1.008451e6,-1.08355315382989,-0.8693272921435614,TIME_LIMIT,239774,0,0,20,13
2,8,1.008656e6,-1.0835499180686077,-0.8693272921435614,TIME_LIMIT,239806,0,0,16,6
2,8,1.008824e6,-1.0835499180686077,-0.8693272921435614,TIME_LIMIT,239826,0,0,14,18
2,8,1.008905e6,-1.0835421448761418,-0.8693272921435614,TIME_LIMIT,239849,0,0,7,4
2,8,1.008965e6,-1.0835421448761418,-0.8693272921435614,TIME_LIMIT,239868,0,0,10,4
2,8,1.009172e6,-1.0835194821046614,-0.8693272921435614,TIME_LIMIT,239894,0,0,6,7
2,8,1.009342e6,-1.0835194821046614,-0.8693272921435614,TIME_LIMIT,239920,0,0,20,11
2,8,1.009486e6,-1.0835159274773323,-0.8693272921435614,TIME_LIMIT,239945,0,0,12,7
2,8,1.009539e6,-1.0835159274773323,-0.8693272921435614,TIME_LIMIT,239962,0,0,11,6
2,8,1.009565e6,-1.0834888247794565,-0.8693272921435614,TIME_LIMIT,239988,0,0,9,3
2,8,1.009732e6,-1.0834888247794565,-0.8693272921435614,TIME_LIMIT,240012,0,0,22,11
2,8,1.009795e6,-1.0834871134678967,-0.8693272921435614,TIME_LIMIT,240034,0,0,7,4
2,8,1.009889e6,-1.0834871134678967,-0.8693272921435614,TIME_LIMIT,240052,0,0,14,13
2,8,1.00993e6,-1.083485079188247,-0.8693272921435614,TIME_LIMIT,240076,0,0,10,6
2,8,1.00996e6,-1.083485079188247,-0.8693272921435614,TIME_LIMIT,240088,0,0,9,7
2,8,1.009977e6,-1.0834757528941337,-0.8693272921435614,TIME_LIMIT,240107,0,0,7,5
2,8,1.010204e6,-1.0834757528941337,-0.8693272921435614,TIME_LIMIT,240135,0,0,22,32
2,8,1.010304e6,-1.0834707936959354,-0.8693272921435614,TIME_LIMIT,240169,0,0,18,13
2,8,1.010414e6,-1.0834707936959354,-0.8693272921435614,TIME_LIMIT,240189,0,0,12,12
2,8,1.010474e6,-1.0834689461034452,-0.8693272921435614,TIME_LIMIT,240212,0,0,6,7
2,8,1.010588e6,-1.0834689461034452,-0.8693272921435614,TIME_LIMIT,240230,0,0,20,12
2,8,1.010681e6,-1.0834485686427846,-0.8693272921435614,TIME_LIMIT,240263,0,0,14,5
2,8,1.010864e6,-1.0834485686427846,-0.8693272921435614,TIME_LIMIT,240290,0,0,21,9
2,8,1.010954e6,-1.08343039104729,-0.8693272921435614,TIME_LIMIT,240320,0,0,15,16
2,8,1.010964e6,-1.08343039104729,-0.8693272921435614,TIME_LIMIT,240326,0,0,4,1
2,8,1.010973e6,-1.0834116362840864,-0.8693272921435614,TIME_LIMIT,240334,0,0,2,1
2,8,1.011191e6,-1.0834116362840864,-0.8693272921435614,TIME_LIMIT,240359,0,0,20,9
2,8,1.011346e6,-1.0834036632725415,-0.8693272921435614,TIME_LIMIT,240392,0,0,18,7
2,8,1.011511e6,-1.0834036632725415,-0.8693272921435614,TIME_LIMIT,240412,0,0,21,10
2,8,1.011613e6,-1.083400306462177,-0.8693272921435614,TIME_LIMIT,240444,0,0,13,11
2,8,1.011675e6,-1.083400306462177,-0.8693272921435614,TIME_LIMIT,240473,0,0,27,12
2,8,1.011775e6,-1.0833813307571063,-0.8693272921435614,TIME_LIMIT,240506,0,0,16,8
2,8,1.011996e6,-1.0833813307571063,-0.8693272921435614,TIME_LIMIT,240524,0,0,14,9
2,8,1.012033e6,-1.0833785956940325,-0.8693272921435614,TIME_LIMIT,240548,0,0,12,4
2,8,1.012095e6,-1.0833785956940325,-0.8693272921435614,TIME_LIMIT,240564,0,0,15,20
2,8,1.012216e6,-1.0833666302135463,-0.8693272921435614,TIME_LIMIT,240596,0,0,15,12
2,8,1.012426e6,-1.0833666302135463,-0.8693272921435614,TIME_LIMIT,240625,0,0,18,24
2,8,1.012637e6,-1.0833512359112991,-0.8693272921435614,TIME_LIMIT,240667,0,0,18,15
2,8,1.012848e6,-1.0833512359112991,-0.8693272921435614,TIME_LIMIT,240693,0,0,27,11
2,8,1.013006e6,-1.0833400576158114,-0.8693272921435614,TIME_LIMIT,240727,0,0,19,11
2,8,1.013021e6,-1.0833400576158114,-0.8693272921435614,TIME_LIMIT,240740,0,0,7,7
2,8,1.013057e6,-1.083336535576088,-0.8693272921435614,TIME_LIMIT,240760,0,0,8,4
2,8,1.013241e6,-1.083336535576088,-0.8693272921435614,TIME_LIMIT,240783,0,0,13,11
2,8,1.013338e6,-1.0833074487145855,-0.8693272921435614,TIME_LIMIT,240811,0,0,8,6
2,8,1.013477e6,-1.0833074487145855,-0.8693272921435614,TIME_LIMIT,240836,0,0,19,10
2,8,1.01366e6,-1.0833015360862603,-0.8693272921435614,TIME_LIMIT,240867,0,0,16,14
2,8,1.013885e6,-1.0833015360862603,-0.8693272921435614,TIME_LIMIT,240889,0,0,21,17
2,8,1.014061e6,-1.0833013271014629,-0.8693272921435614,TIME_LIMIT,240922,0,0,12,11
2,8,1.014281e6,-1.0833013271014629,-0.8693272921435614,TIME_LIMIT,240947,0,0,22,22
2,8,1.014508e6,-1.0832864283035193,-0.8693272921435614,TIME_LIMIT,240984,0,0,17,21
2,8,1.014711e6,-1.0832864283035193,-0.8693272921435614,TIME_LIMIT,241009,0,0,14,35
2,8,1.014937e6,-1.0832776215990056,-0.8693272921435614,TIME_LIMIT,241048,0,0,14,11
2,8,1.014992e6,-1.0832776215990056,-0.8693272921435614,TIME_LIMIT,241070,0,0,15,18
2,8,1.015211e6,-1.083275657992069,-0.8693272921435614,TIME_LIMIT,241103,0,0,15,17
2,8,1.015325e6,-1.083275657992069,-0.8693272921435614,TIME_LIMIT,241133,0,0,23,13
2,8,1.015445e6,-1.0832756011298958,-0.8693272921435614,TIME_LIMIT,241165,0,0,16,12
2,8,1.015476e6,-1.0832756011298958,-0.8693272921435614,TIME_LIMIT,241182,0,0,10,4
2,8,1.015503e6,-1.0832742232363735,-0.8693272921435614,TIME_LIMIT,241197,0,0,5,4
2,8,1.015576e6,-1.0832742232363735,-0.8693272921435614,TIME_LIMIT,241221,0,0,15,11
2,8,1.015673e6,-1.0832537744052027,-0.8693272921435614,TIME_LIMIT,241243,0,0,15,7
2,8,1.015771e6,-1.0832537744052027,-0.8693272921435614,TIME_LIMIT,241267,0,0,14,6
2,8,1.015989e6,-1.0832520203921043,-0.8693272921435614,TIME_LIMIT,241292,0,0,8,12
2,8,1.016156e6,-1.0832520203921043,-0.8693272921435614,TIME_LIMIT,241312,0,0,13,7
2,8,1.016209e6,-1.0832194230830545,-0.8693272921435614,TIME_LIMIT,241333,0,0,8,1
2,8,1.016233e6,-1.0832194230830545,-0.8693272921435614,TIME_LIMIT,241347,0,0,14,5
2,8,1.016292e6,-1.0831999300902249,-0.8693272921435614,TIME_LIMIT,241371,0,0,11,2
2,8,1.016388e6,-1.0831999300902249,-0.8693272921435614,TIME_LIMIT,241398,0,0,16,15
2,8,1.016501e6,-1.0831945338839537,-0.8693272921435614,TIME_LIMIT,241424,0,0,7,6
2,8,1.016634e6,-1.0831945338839537,-0.8693272921435614,TIME_LIMIT,241445,0,0,16,20
2,8,1.016781e6,-1.0831868799263185,-0.8693272921435614,TIME_LIMIT,241470,0,0,19,5
2,8,1.016912e6,-1.0831868799263185,-0.8693272921435614,TIME_LIMIT,241490,0,0,15,26
2,8,1.017138e6,-1.083185614215008,-0.8693272921435614,TIME_LIMIT,241525,0,0,13,17
2,8,1.017194e6,-1.083185614215008,-0.8693272921435614,TIME_LIMIT,241543,0,0,12,9
2,8,1.017261e6,-1.0831741007345723,-0.8693272921435614,TIME_LIMIT,241569,0,0,4,2
2,8,1.017304e6,-1.0831741007345723,-0.8693272921435614,TIME_LIMIT,241588,0,0,16,7
2,8,1.017381e6,-1.0831602862082508,-0.8693272921435614,TIME_LIMIT,241617,0,0,9,6
2,8,1.017449e6,-1.0831602862082508,-0.8693272921435614,TIME_LIMIT,241631,0,0,12,3
2,8,1.017512e6,-1.0831584487855408,-0.8693272921435614,TIME_LIMIT,241654,0,0,12,7
2,8,1.017611e6,-1.0831584487855408,-0.8693272921435614,TIME_LIMIT,241678,0,0,5,6
2,8,1.017793e6,-1.0831354135311613,-0.8693272921435614,TIME_LIMIT,241717,0,0,15,10
2,8,1.018011e6,-1.0831354135311613,-0.8693272921435614,TIME_LIMIT,241734,0,0,13,13
2,8,1.018222e6,-1.0831229192773368,-0.8693272921435614,TIME_LIMIT,241766,0,0,19,7
2,8,1.018379e6,-1.0831229192773368,-0.8693272921435614,TIME_LIMIT,241787,0,0,20,11
2,8,1.018426e6,-1.083115053025898,-0.8693272921435614,TIME_LIMIT,241809,0,0,13,3
2,8,1.018466e6,-1.083115053025898,-0.8693272921435614,TIME_LIMIT,241829,0,0,15,4
2,8,1.018517e6,-1.0831070770502016,-0.8693272921435614,TIME_LIMIT,241850,0,0,8,5
2,8,1.018539e6,-1.0831070770502016,-0.8693272921435614,TIME_LIMIT,241865,0,0,7,3
2,8,1.018579e6,-1.0830943764920147,-0.8693272921435614,TIME_LIMIT,241887,0,0,9,5
2,8,1.018594e6,-1.0830943764920147,-0.8693272921435614,TIME_LIMIT,241902,0,0,11,2
2,8,1.018617e6,-1.0830763635567444,-0.8693272921435614,TIME_LIMIT,241916,0,0,5,1
2,8,1.018671e6,-1.0830763635567444,-0.8693272921435614,TIME_LIMIT,241934,0,0,14,6
2,8,1.018752e6,-1.0830490276576674,-0.8693272921435614,TIME_LIMIT,241956,0,0,11,5
2,8,1.018816e6,-1.0830490276576674,-0.8693272921435614,TIME_LIMIT,241977,0,0,13,7
2,8,1.018853e6,-1.0830359824555842,-0.8693272921435614,TIME_LIMIT,241997,0,0,8,4
2,8,1.018912e6,-1.0830359824555842,-0.8693272921435614,TIME_LIMIT,242021,0,0,4,6
2,8,1.01896e6,-1.083034779266369,-0.8693272921435614,TIME_LIMIT,242041,0,0,11,7
2,8,1.019186e6,-1.083034779266369,-0.8693272921435614,TIME_LIMIT,242064,0,0,28,23
2,8,1.019411e6,-1.0830335372470279,-0.8693272921435614,TIME_LIMIT,242102,0,0,22,9
2,8,1.019443e6,-1.0830335372470279,-0.8693272921435614,TIME_LIMIT,242122,0,0,12,4
2,8,1.019473e6,-1.0830298762025428,-0.8693272921435614,TIME_LIMIT,242140,0,0,5,4
2,8,1.019534e6,-1.0830298762025428,-0.8693272921435614,TIME_LIMIT,242158,0,0,17,5
2,8,1.019652e6,-1.0829940402283147,-0.8693272921435614,TIME_LIMIT,242183,0,0,12,3
2,8,1.01973e6,-1.0829940402283147,-0.8693272921435614,TIME_LIMIT,242200,0,0,15,8
2,8,1.0198e6,-1.0829807220928158,-0.8693272921435614,TIME_LIMIT,242230,0,0,11,4
2,8,1.019853e6,-1.0829807220928158,-0.8693272921435614,TIME_LIMIT,242245,0,0,15,15
2,8,1.019955e6,-1.0829765040089767,-0.8693272921435614,TIME_LIMIT,242274,0,0,13,5
2,8,1.020141e6,-1.0829765040089767,-0.8693272921435614,TIME_LIMIT,242302,0,0,17,16
2,8,1.020349e6,-1.0829690795251974,-0.8693272921435614,TIME_LIMIT,242335,0,0,4,10
2,8,1.020566e6,-1.0829690795251974,-0.8693272921435614,TIME_LIMIT,242359,0,0,21,23
2,8,1.020777e6,-1.0829689791614578,-0.8693272921435614,TIME_LIMIT,242394,0,0,21,18
2,8,1.02085e6,-1.0829689791614578,-0.8693272921435614,TIME_LIMIT,242412,0,0,15,6
2,8,1.020886e6,-1.082968409584215,-0.8693272921435614,TIME_LIMIT,242436,0,0,11,4
2,8,1.020974e6,-1.082968409584215,-0.8693272921435614,TIME_LIMIT,242458,0,0,11,8
2,8,1.021036e6,-1.0829594939561697,-0.8693272921435614,TIME_LIMIT,242477,0,0,10,4
2,8,1.021235e6,-1.0829594939561697,-0.8693272921435614,TIME_LIMIT,242503,0,0,13,9
2,8,1.021429e6,-1.0829500343925882,-0.8693272921435614,TIME_LIMIT,242528,0,0,5,7
2,8,1.021521e6,-1.0829500343925882,-0.8693272921435614,TIME_LIMIT,242543,0,0,5,4
2,8,1.021563e6,-1.082943475501252,-0.8693272921435614,TIME_LIMIT,242567,0,0,9,5
2,8,1.02177e6,-1.082943475501252,-0.8693272921435614,TIME_LIMIT,242593,0,0,22,19
2,8,1.021847e6,-1.0829402475005643,-0.8693272921435614,TIME_LIMIT,242625,0,0,18,2
2,8,1.02198e6,-1.0829402475005643,-0.8693272921435614,TIME_LIMIT,242648,0,0,17,11
2,8,1.022044e6,-1.0829385465376657,-0.8693272921435614,TIME_LIMIT,242674,0,0,11,7
2,8,1.022095e6,-1.0829385465376657,-0.8693272921435614,TIME_LIMIT,242690,0,0,13,6
2,8,1.022149e6,-1.0829369194255665,-0.8693272921435614,TIME_LIMIT,242715,0,0,12,4
2,8,1.022362e6,-1.0829369194255665,-0.8693272921435614,TIME_LIMIT,242736,0,0,15,17
2,8,1.022445e6,-1.082926795677045,-0.8693272921435614,TIME_LIMIT,242766,0,0,11,14
2,8,1.022541e6,-1.082926795677045,-0.8693272921435614,TIME_LIMIT,242786,0,0,17,12
2,8,1.022753e6,-1.0829204956257468,-0.8693272921435614,TIME_LIMIT,242817,0,0,12,10
2,8,1.022817e6,-1.0829204956257468,-0.8693272921435614,TIME_LIMIT,242832,0,0,14,10
2,8,1.022875e6,-1.0829094405883182,-0.8693272921435614,TIME_LIMIT,242856,0,0,10,4
2,8,1.023038e6,-1.0829094405883182,-0.8693272921435614,TIME_LIMIT,242881,0,0,17,19
2,8,1.023167e6,-1.0829058026347933,-0.8693272921435614,TIME_LIMIT,242909,0,0,13,2
2,8,1.023242e6,-1.0829058026347933,-0.8693272921435614,TIME_LIMIT,242927,0,0,11,16
2,8,1.023381e6,-1.0829012169733112,-0.8693272921435614,TIME_LIMIT,242958,0,0,12,9
2,8,1.023559e6,-1.0829012169733112,-0.8693272921435614,TIME_LIMIT,242981,0,0,14,19
2,8,1.023656e6,-1.082889293542555,-0.8693272921435614,TIME_LIMIT,243014,0,0,15,11
2,8,1.023828e6,-1.082889293542555,-0.8693272921435614,TIME_LIMIT,243038,0,0,14,11
2,8,1.023908e6,-1.0828750584138849,-0.8693272921435614,TIME_LIMIT,243064,0,0,11,6
2,8,1.024096e6,-1.0828750584138849,-0.8693272921435614,TIME_LIMIT,243086,0,0,19,11
2,8,1.024197e6,-1.0828678910759124,-0.8693272921435614,TIME_LIMIT,243115,0,0,13,7
2,8,1.024247e6,-1.0828678910759124,-0.8693272921435614,TIME_LIMIT,243134,0,0,17,15
2,8,1.024408e6,-1.0828677918009906,-0.8693272921435614,TIME_LIMIT,243162,0,0,11,14
2,8,1.024436e6,-1.0828677918009906,-0.8693272921435614,TIME_LIMIT,243175,0,0,8,1
2,8,1.024448e6,-1.0828284527326564,-0.8693272921435614,TIME_LIMIT,243186,0,0,4,6
2,8,1.024489e6,-1.0828284527326564,-0.8693272921435614,TIME_LIMIT,243200,0,0,13,14
2,8,1.024614e6,-1.0828166909097263,-0.8693272921435614,TIME_LIMIT,243229,0,0,11,7
2,8,1.024808e6,-1.0828166909097263,-0.8693272921435614,TIME_LIMIT,243256,0,0,15,6
2,8,1.024944e6,-1.0828149431038854,-0.8693272921435614,TIME_LIMIT,243284,0,0,5,17
2,8,1.025044e6,-1.0828149431038854,-0.8693272921435614,TIME_LIMIT,243306,0,0,19,16
2,8,1.0252e6,-1.0828090095106198,-0.8693272921435614,TIME_LIMIT,243340,0,0,13,12
2,8,1.025255e6,-1.0828090095106198,-0.8693272921435614,TIME_LIMIT,243359,0,0,18,11
2,8,1.025462e6,-1.082785201943981,-0.8693272921435614,TIME_LIMIT,243389,0,0,15,7
2,8,1.025533e6,-1.082785201943981,-0.8693272921435614,TIME_LIMIT,243407,0,0,16,8
2,8,1.02574e6,-1.082783640471423,-0.8693272921435614,TIME_LIMIT,243441,0,0,17,8
2,8,1.025798e6,-1.082783640471423,-0.8693272921435614,TIME_LIMIT,243461,0,0,14,6
2,8,1.025828e6,-1.0827575830809117,-0.8693272921435614,TIME_LIMIT,243478,0,0,10,3
2,8,1.025903e6,-1.0827575830809117,-0.8693272921435614,TIME_LIMIT,243499,0,0,12,14
2,8,1.025964e6,-1.0827572904311002,-0.8693272921435614,TIME_LIMIT,243529,0,0,14,5
2,8,1.026026e6,-1.0827572904311002,-0.8693272921435614,TIME_LIMIT,243548,0,0,14,16
2,8,1.026121e6,-1.082754243971066,-0.8693272921435614,TIME_LIMIT,243581,0,0,16,15
2,8,1.026221e6,-1.082754243971066,-0.8693272921435614,TIME_LIMIT,243602,0,0,25,13
2,8,1.026369e6,-1.0827359084869488,-0.8693272921435614,TIME_LIMIT,243636,0,0,17,3
2,8,1.026501e6,-1.0827359084869488,-0.8693272921435614,TIME_LIMIT,243661,0,0,21,35
2,8,1.026659e6,-1.0827291564090062,-0.8693272921435614,TIME_LIMIT,243694,0,0,14,10
2,8,1.02672e6,-1.0827291564090062,-0.8693272921435614,TIME_LIMIT,243713,0,0,18,12
2,8,1.026778e6,-1.0827094093131049,-0.8693272921435614,TIME_LIMIT,243740,0,0,6,6
2,8,1.026888e6,-1.0827094093131049,-0.8693272921435614,TIME_LIMIT,243765,0,0,21,9
2,8,1.026984e6,-1.0827081613566991,-0.8693272921435614,TIME_LIMIT,243793,0,0,10,3
2,8,1.027105e6,-1.0827081613566991,-0.8693272921435614,TIME_LIMIT,243818,0,0,11,6
2,8,1.027184e6,-1.0826994278840143,-0.8693272921435614,TIME_LIMIT,243836,0,0,13,3
2,8,1.027282e6,-1.0826994278840143,-0.8693272921435614,TIME_LIMIT,243857,0,0,10,10
2,8,1.02732e6,-1.082699295192994,-0.8693272921435614,TIME_LIMIT,243880,0,0,11,2
2,8,1.027396e6,-1.082699295192994,-0.8693272921435614,TIME_LIMIT,243909,0,0,12,5
2,8,1.027534e6,-1.0826914435551838,-0.8693272921435614,TIME_LIMIT,243929,0,0,14,12
2,8,1.027719e6,-1.0826914435551838,-0.8693272921435614,TIME_LIMIT,243960,0,0,15,17
2,8,1.027822e6,-1.082684941873603,-0.8693272921435614,TIME_LIMIT,243991,0,0,16,9
2,8,1.028033e6,-1.082684941873603,-0.8693272921435614,TIME_LIMIT,244014,0,0,22,32
2,8,1.028137e6,-1.0826720023095726,-0.8693272921435614,TIME_LIMIT,244049,0,0,11,5
2,8,1.02819e6,-1.0826720023095726,-0.8693272921435614,TIME_LIMIT,244065,0,0,8,6
2,8,1.028218e6,-1.0826444905424593,-0.8693272921435614,TIME_LIMIT,244083,0,0,6,5
2,8,1.028403e6,-1.0826444905424593,-0.8693272921435614,TIME_LIMIT,244114,0,0,23,20
2,8,1.028482e6,-1.0826232129270377,-0.8693272921435614,TIME_LIMIT,244148,0,0,10,4
2,8,1.028584e6,-1.0826232129270377,-0.8693272921435614,TIME_LIMIT,244171,0,0,21,18
2,8,1.02875e6,-1.0826190608787358,-0.8693272921435614,TIME_LIMIT,244208,0,0,14,11
2,8,1.028885e6,-1.0826190608787358,-0.8693272921435614,TIME_LIMIT,244227,0,0,15,17
2,8,1.028965e6,-1.082616757806724,-0.8693272921435614,TIME_LIMIT,244250,0,0,9,5
2,8,1.029043e6,-1.082616757806724,-0.8693272921435614,TIME_LIMIT,244265,0,0,13,10
2,8,1.029188e6,-1.0826154717474912,-0.8693272921435614,TIME_LIMIT,244298,0,0,16,5
2,8,1.029314e6,-1.0826154717474912,-0.8693272921435614,TIME_LIMIT,244328,0,0,19,17
2,8,1.029455e6,-1.0825989628949277,-0.8693272921435614,TIME_LIMIT,244362,0,0,11,17
2,8,1.029651e6,-1.0825989628949277,-0.8693272921435614,TIME_LIMIT,244390,0,0,25,17
2,8,1.029752e6,-1.0825943274449366,-0.8693272921435614,TIME_LIMIT,244426,0,0,14,7
2,8,1.029793e6,-1.0825943274449366,-0.8693272921435614,TIME_LIMIT,244447,0,0,20,16
2,8,1.029971e6,-1.082592214595644,-0.8693272921435614,TIME_LIMIT,244483,0,0,14,7
2,8,1.030186e6,-1.082592214595644,-0.8693272921435614,TIME_LIMIT,244506,0,0,18,31
2,8,1.030308e6,-1.0825839268410742,-0.8693272921435614,TIME_LIMIT,244540,0,0,16,7
2,8,1.030514e6,-1.0825839268410742,-0.8693272921435614,TIME_LIMIT,244564,0,0,17,13
2,8,1.030575e6,-1.0825767525681047,-0.8693272921435614,TIME_LIMIT,244595,0,0,16,10
2,8,1.030704e6,-1.0825767525681047,-0.8693272921435614,TIME_LIMIT,244620,0,0,13,15
2,8,1.030782e6,-1.0825706352638629,-0.8693272921435614,TIME_LIMIT,244647,0,0,13,8
2,8,1.030901e6,-1.0825706352638629,-0.8693272921435614,TIME_LIMIT,244666,0,0,16,17
2,8,1.031052e6,-1.0825646582631434,-0.8693272921435614,TIME_LIMIT,244696,0,0,12,6
2,8,1.031255e6,-1.0825646582631434,-0.8693272921435614,TIME_LIMIT,244722,0,0,14,6
2,8,1.031327e6,-1.0825613103351022,-0.8693272921435614,TIME_LIMIT,244746,0,0,13,7
2,8,1.03139e6,-1.0825613103351022,-0.8693272921435614,TIME_LIMIT,244764,0,0,18,13
2,8,1.031514e6,-1.0825600363783914,-0.8693272921435614,TIME_LIMIT,244794,0,0,10,2
2,8,1.031577e6,-1.0825600363783914,-0.8693272921435614,TIME_LIMIT,244816,0,0,15,7
2,8,1.031613e6,-1.082556233379027,-0.8693272921435614,TIME_LIMIT,244835,0,0,8,3
2,8,1.031665e6,-1.082556233379027,-0.8693272921435614,TIME_LIMIT,244857,0,0,13,3
2,8,1.031704e6,-1.0825477558735837,-0.8693272921435614,TIME_LIMIT,244879,0,0,8,5
2,8,1.031717e6,-1.0825477558735837,-0.8693272921435614,TIME_LIMIT,244890,0,0,8,8
2,8,1.031787e6,-1.0825462070756062,-0.8693272921435614,TIME_LIMIT,244912,0,0,8,5
2,8,1.031895e6,-1.0825462070756062,-0.8693272921435614,TIME_LIMIT,244938,0,0,10,12
2,8,1.031974e6,-1.0825315868926082,-0.8693272921435614,TIME_LIMIT,244967,0,0,11,8
2,8,1.032034e6,-1.0825315868926082,-0.8693272921435614,TIME_LIMIT,244983,0,0,11,8
2,8,1.032117e6,-1.08252374766426,-0.8693272921435614,TIME_LIMIT,245017,0,0,16,5
2,8,1.032208e6,-1.08252374766426,-0.8693272921435614,TIME_LIMIT,245041,0,0,7,4
2,8,1.032261e6,-1.082511386347376,-0.8693272921435614,TIME_LIMIT,245055,0,0,7,9
2,8,1.032331e6,-1.082511386347376,-0.8693272921435614,TIME_LIMIT,245077,0,0,15,19
2,8,1.032487e6,-1.082498016381371,-0.8693272921435614,TIME_LIMIT,245097,0,0,16,12
2,8,1.032523e6,-1.082498016381371,-0.8693272921435614,TIME_LIMIT,245114,0,0,8,7
2,8,1.032616e6,-1.0824924964048543,-0.8693272921435614,TIME_LIMIT,245144,0,0,9,6
2,8,1.032726e6,-1.0824924964048543,-0.8693272921435614,TIME_LIMIT,245160,0,0,17,19
2,8,1.032928e6,-1.0824880933900447,-0.8693272921435614,TIME_LIMIT,245194,0,0,14,4
2,8,1.033039e6,-1.0824880933900447,-0.8693272921435614,TIME_LIMIT,245217,0,0,17,12
2,8,1.033116e6,-1.082486827690669,-0.8693272921435614,TIME_LIMIT,245245,0,0,14,3
2,8,1.033157e6,-1.082486827690669,-0.8693272921435614,TIME_LIMIT,245264,0,0,8,7
2,8,1.033216e6,-1.0824842740693512,-0.8693272921435614,TIME_LIMIT,245284,0,0,6,1
2,8,1.033318e6,-1.0824842740693512,-0.8693272921435614,TIME_LIMIT,245314,0,0,19,6
2,8,1.033383e6,-1.0824723753563037,-0.8693272921435614,TIME_LIMIT,245333,0,0,11,6
2,8,1.033543e6,-1.0824723753563037,-0.8693272921435614,TIME_LIMIT,245353,0,0,15,13
2,8,1.033743e6,-1.0824578274895083,-0.8693272921435614,TIME_LIMIT,245390,0,0,15,11
2,8,1.033951e6,-1.0824578274895083,-0.8693272921435614,TIME_LIMIT,245414,0,0,13,12
2,8,1.034008e6,-1.082452463447602,-0.8693272921435614,TIME_LIMIT,245442,0,0,8,3
2,8,1.034183e6,-1.082452463447602,-0.8693272921435614,TIME_LIMIT,245470,0,0,2,18
2,8,1.034235e6,-1.0824388371706362,-0.8693272921435614,TIME_LIMIT,245499,0,0,12,5
2,8,1.034338e6,-1.0824388371706362,-0.8693272921435614,TIME_LIMIT,245524,0,0,23,14
2,8,1.034455e6,-1.082409671925928,-0.8693272921435614,TIME_LIMIT,245558,0,0,18,7
2,8,1.034588e6,-1.082409671925928,-0.8693272921435614,TIME_LIMIT,245580,0,0,24,20
2,8,1.034796e6,-1.082397711466022,-0.8693272921435614,TIME_LIMIT,245606,0,0,19,6
2,8,1.035004e6,-1.082397711466022,-0.8693272921435614,TIME_LIMIT,245629,0,0,17,10
2,8,1.035189e6,-1.0823953052875799,-0.8693272921435614,TIME_LIMIT,245648,0,0,12,7
2,8,1.035242e6,-1.0823953052875799,-0.8693272921435614,TIME_LIMIT,245668,0,0,8,5
2,8,1.03528e6,-1.08238271286082,-0.8693272921435614,TIME_LIMIT,245683,0,0,7,6
2,8,1.035327e6,-1.08238271286082,-0.8693272921435614,TIME_LIMIT,245698,0,0,9,18
2,8,1.035417e6,-1.0823772578696134,-0.8693272921435614,TIME_LIMIT,245724,0,0,10,3
2,8,1.035521e6,-1.0823772578696134,-0.8693272921435614,TIME_LIMIT,245743,0,0,12,13
2,8,1.035634e6,-1.0823669704174617,-0.8693272921435614,TIME_LIMIT,245771,0,0,13,9
2,8,1.035735e6,-1.0823669704174617,-0.8693272921435614,TIME_LIMIT,245798,0,0,15,22
2,8,1.035847e6,-1.082352171522627,-0.8693272921435614,TIME_LIMIT,245829,0,0,15,3
2,8,1.035877e6,-1.082352171522627,-0.8693272921435614,TIME_LIMIT,245845,0,0,10,1
2,8,1.035946e6,-1.0823383431015243,-0.8693272921435614,TIME_LIMIT,245874,0,0,14,2
2,8,1.035989e6,-1.0823383431015243,-0.8693272921435614,TIME_LIMIT,245889,0,0,5,1
2,8,1.036019e6,-1.0823353916112939,-0.8693272921435614,TIME_LIMIT,245906,0,0,7,9
2,8,1.036114e6,-1.0823353916112939,-0.8693272921435614,TIME_LIMIT,245927,0,0,18,13
2,8,1.036216e6,-1.0823263563594339,-0.8693272921435614,TIME_LIMIT,245952,0,0,8,5
2,8,1.036377e6,-1.0823263563594339,-0.8693272921435614,TIME_LIMIT,245969,0,0,12,4
2,8,1.03648e6,-1.0823258023559863,-0.8693272921435614,TIME_LIMIT,245996,0,0,3,4
2,8,1.036542e6,-1.0823258023559863,-0.8693272921435614,TIME_LIMIT,246011,0,0,13,9
2,8,1.036637e6,-1.082324126290813,-0.8693272921435614,TIME_LIMIT,246040,0,0,12,7
2,8,1.036733e6,-1.082324126290813,-0.8693272921435614,TIME_LIMIT,246060,0,0,18,24
2,8,1.036875e6,-1.0823212210555448,-0.8693272921435614,TIME_LIMIT,246090,0,0,14,9
2,8,1.036895e6,-1.0823212210555448,-0.8693272921435614,TIME_LIMIT,246101,0,0,5,2
2,8,1.036908e6,-1.08230982610868,-0.8693272921435614,TIME_LIMIT,246112,0,0,5,3
2,8,1.036939e6,-1.08230982610868,-0.8693272921435614,TIME_LIMIT,246127,0,0,10,8
2,8,1.036968e6,-1.0822956621842783,-0.8693272921435614,TIME_LIMIT,246145,0,0,3,2
2,8,1.037065e6,-1.0822956621842783,-0.8693272921435614,TIME_LIMIT,246169,0,0,12,11
2,8,1.037227e6,-1.0822849380389568,-0.8693272921435614,TIME_LIMIT,246201,0,0,14,8
2,8,1.037359e6,-1.0822849380389568,-0.8693272921435614,TIME_LIMIT,246230,0,0,16,21
2,8,1.037506e6,-1.0822811895922126,-0.8693272921435614,TIME_LIMIT,246262,0,0,10,9
2,8,1.037565e6,-1.0822811895922126,-0.8693272921435614,TIME_LIMIT,246276,0,0,13,1
2,8,1.037598e6,-1.0822798503856297,-0.8693272921435614,TIME_LIMIT,246294,0,0,8,1
2,8,1.037788e6,-1.0822798503856297,-0.8693272921435614,TIME_LIMIT,246318,0,0,12,9
2,8,1.037988e6,-1.082277564199259,-0.8693272921435614,TIME_LIMIT,246354,0,0,5,7
2,8,1.038196e6,-1.082277564199259,-0.8693272921435614,TIME_LIMIT,246374,0,0,6,12
2,8,1.038354e6,-1.082274658421568,-0.8693272921435614,TIME_LIMIT,246405,0,0,16,10
2,8,1.038488e6,-1.082274658421568,-0.8693272921435614,TIME_LIMIT,246431,0,0,24,8
2,8,1.038596e6,-1.0822704492133706,-0.8693272921435614,TIME_LIMIT,246459,0,0,18,5
2,8,1.038657e6,-1.0822704492133706,-0.8693272921435614,TIME_LIMIT,246479,0,0,15,7
2,8,1.03869e6,-1.0822628369371483,-0.8693272921435614,TIME_LIMIT,246499,0,0,5,7
2,8,1.038851e6,-1.0822628369371483,-0.8693272921435614,TIME_LIMIT,246526,0,0,20,8
2,8,1.038931e6,-1.082251247053081,-0.8693272921435614,TIME_LIMIT,246549,0,0,7,9
2,8,1.03907e6,-1.082251247053081,-0.8693272921435614,TIME_LIMIT,246571,0,0,13,15
2,8,1.039176e6,-1.0822341137147444,-0.8693272921435614,TIME_LIMIT,246602,0,0,7,3
2,8,1.039317e6,-1.0822341137147444,-0.8693272921435614,TIME_LIMIT,246621,0,0,16,23
2,8,1.039516e6,-1.0822315000486826,-0.8693272921435614,TIME_LIMIT,246654,0,0,16,6
2,8,1.039725e6,-1.0822315000486826,-0.8693272921435614,TIME_LIMIT,246686,0,0,23,12
2,8,1.039872e6,-1.0822170171475274,-0.8693272921435614,TIME_LIMIT,246716,0,0,18,8
2,8,1.039925e6,-1.0822170171475274,-0.8693272921435614,TIME_LIMIT,246738,0,0,16,17
2,8,1.040081e6,-1.0822137283113333,-0.8693272921435614,TIME_LIMIT,246770,0,0,11,8
2,8,1.040235e6,-1.0822137283113333,-0.8693272921435614,TIME_LIMIT,246794,0,0,11,6
2,8,1.040319e6,-1.0822010573642729,-0.8693272921435614,TIME_LIMIT,246811,0,0,6,3
2,8,1.040406e6,-1.0822010573642729,-0.8693272921435614,TIME_LIMIT,246834,0,0,20,21
2,8,1.040537e6,-1.0821999815769379,-0.8693272921435614,TIME_LIMIT,246872,0,0,22,8
2,8,1.040612e6,-1.0821999815769379,-0.8693272921435614,TIME_LIMIT,246892,0,0,10,4
2,8,1.040647e6,-1.0821834179425667,-0.8693272921435614,TIME_LIMIT,246907,0,0,8,3
2,8,1.040842e6,-1.0821834179425667,-0.8693272921435614,TIME_LIMIT,246932,0,0,24,15
2,8,1.041051e6,-1.082169290113934,-0.8693272921435614,TIME_LIMIT,246967,0,0,14,11
2,8,1.041101e6,-1.082169290113934,-0.8693272921435614,TIME_LIMIT,246988,0,0,11,10
2,8,1.04112e6,-1.082168031860078,-0.8693272921435614,TIME_LIMIT,247008,0,0,7,4
2,8,1.041197e6,-1.082168031860078,-0.8693272921435614,TIME_LIMIT,247024,0,0,15,11
2,8,1.041309e6,-1.0821577160664422,-0.8693272921435614,TIME_LIMIT,247056,0,0,14,5
2,8,1.041512e6,-1.0821577160664422,-0.8693272921435614,TIME_LIMIT,247076,0,0,22,25
2,8,1.041716e6,-1.082153029371495,-0.8693272921435614,TIME_LIMIT,247112,0,0,20,18
2,8,1.041813e6,-1.082153029371495,-0.8693272921435614,TIME_LIMIT,247135,0,0,4,6
2,8,1.041874e6,-1.082124648974973,-0.8693272921435614,TIME_LIMIT,247159,0,0,10,5
2,8,1.04195e6,-1.082124648974973,-0.8693272921435614,TIME_LIMIT,247180,0,0,3,10
2,8,1.041981e6,-1.0821137593276378,-0.8693272921435614,TIME_LIMIT,247202,0,0,6,2
2,8,1.042017e6,-1.0821137593276378,-0.8693272921435614,TIME_LIMIT,247217,0,0,12,6
2,8,1.042078e6,-1.0821109995758547,-0.8693272921435614,TIME_LIMIT,247242,0,0,12,5
2,8,1.042275e6,-1.0821109995758547,-0.8693272921435614,TIME_LIMIT,247269,0,0,11,25
2,8,1.042426e6,-1.0820972493986964,-0.8693272921435614,TIME_LIMIT,247297,0,0,13,7
2,8,1.042534e6,-1.0820972493986964,-0.8693272921435614,TIME_LIMIT,247318,0,0,19,17
2,8,1.042672e6,-1.0820907153290245,-0.8693272921435614,TIME_LIMIT,247348,0,0,13,5
2,8,1.042845e6,-1.0820907153290245,-0.8693272921435614,TIME_LIMIT,247369,0,0,16,15
2,8,1.043055e6,-1.0820842079908486,-0.8693272921435614,TIME_LIMIT,247400,0,0,10,12
2,8,1.043179e6,-1.0820842079908486,-0.8693272921435614,TIME_LIMIT,247420,0,0,18,20
2,8,1.043334e6,-1.0820557474466772,-0.8693272921435614,TIME_LIMIT,247459,0,0,19,15
2,8,1.043543e6,-1.0820557474466772,-0.8693272921435614,TIME_LIMIT,247482,0,0,17,33
2,8,1.04375e6,-1.0820421725315894,-0.8693272921435614,TIME_LIMIT,247515,0,0,19,16
2,8,1.043856e6,-1.0820421725315894,-0.8693272921435614,TIME_LIMIT,247535,0,0,13,13
2,8,1.043945e6,-1.0820370065441014,-0.8693272921435614,TIME_LIMIT,247561,0,0,10,9
2,8,1.04398e6,-1.0820370065441014,-0.8693272921435614,TIME_LIMIT,247578,0,0,19,8
2,8,1.044022e6,-1.0820197222992414,-0.8693272921435614,TIME_LIMIT,247604,0,0,11,5
2,8,1.044131e6,-1.0820197222992414,-0.8693272921435614,TIME_LIMIT,247620,0,0,14,16
2,8,1.044214e6,-1.0820126439252689,-0.8693272921435614,TIME_LIMIT,247651,0,0,16,6
2,8,1.044417e6,-1.0820126439252689,-0.8693272921435614,TIME_LIMIT,247670,0,0,19,20
2,8,1.044626e6,-1.0820051039710155,-0.8693272921435614,TIME_LIMIT,247707,0,0,15,6
2,8,1.044764e6,-1.0820051039710155,-0.8693272921435614,TIME_LIMIT,247727,0,0,16,16
2,8,1.044911e6,-1.0819969134972465,-0.8693272921435614,TIME_LIMIT,247759,0,0,18,7
2,8,1.044992e6,-1.0819969134972465,-0.8693272921435614,TIME_LIMIT,247781,0,0,19,12
2,8,1.045091e6,-1.0819929396210988,-0.8693272921435614,TIME_LIMIT,247807,0,0,14,6
2,8,1.045295e6,-1.0819929396210988,-0.8693272921435614,TIME_LIMIT,247828,0,0,21,12
2,8,1.045411e6,-1.081991006312451,-0.8693272921435614,TIME_LIMIT,247864,0,0,15,8
2,8,1.045468e6,-1.081991006312451,-0.8693272921435614,TIME_LIMIT,247883,0,0,16,6
2,8,1.045518e6,-1.0819875504302807,-0.8693272921435614,TIME_LIMIT,247901,0,0,7,4
2,8,1.045637e6,-1.0819875504302807,-0.8693272921435614,TIME_LIMIT,247926,0,0,23,20
2,8,1.045833e6,-1.0819865916876727,-0.8693272921435614,TIME_LIMIT,247967,0,0,14,9
2,8,1.045911e6,-1.0819865916876727,-0.8693272921435614,TIME_LIMIT,247990,0,0,26,15
2,8,1.046011e6,-1.0819827176379357,-0.8693272921435614,TIME_LIMIT,248022,0,0,10,6
2,8,1.046076e6,-1.0819827176379357,-0.8693272921435614,TIME_LIMIT,248042,0,0,9,35
2,8,1.046174e6,-1.0819503606983334,-0.8693272921435614,TIME_LIMIT,248074,0,0,16,14
2,8,1.046331e6,-1.0819503606983334,-0.8693272921435614,TIME_LIMIT,248100,0,0,6,5
2,8,1.046408e6,-1.0819457947355209,-0.8693272921435614,TIME_LIMIT,248117,0,0,9,6
2,8,1.046491e6,-1.0819457947355209,-0.8693272921435614,TIME_LIMIT,248140,0,0,15,18
2,8,1.046596e6,-1.0819380211515468,-0.8693272921435614,TIME_LIMIT,248169,0,0,8,5
2,8,1.046696e6,-1.0819380211515468,-0.8693272921435614,TIME_LIMIT,248192,0,0,14,20
2,8,1.046907e6,-1.081925929745451,-0.8693272921435614,TIME_LIMIT,248220,0,0,14,7
2,8,1.047029e6,-1.081925929745451,-0.8693272921435614,TIME_LIMIT,248240,0,0,16,13
2,8,1.047131e6,-1.0819033789889214,-0.8693272921435614,TIME_LIMIT,248272,0,0,17,6
2,8,1.047304e6,-1.0819033789889214,-0.8693272921435614,TIME_LIMIT,248293,0,0,15,22
2,8,1.04748e6,-1.0818980628148136,-0.8693272921435614,TIME_LIMIT,248326,0,0,10,12
2,8,1.04757e6,-1.0818980628148136,-0.8693272921435614,TIME_LIMIT,248349,0,0,10,10
2,8,1.047626e6,-1.0818886835059782,-0.8693272921435614,TIME_LIMIT,248376,0,0,12,5
2,8,1.047694e6,-1.0818886835059782,-0.8693272921435614,TIME_LIMIT,248394,0,0,14,12
2,8,1.047753e6,-1.08187994925989,-0.8693272921435614,TIME_LIMIT,248419,0,0,11,6
2,8,1.047816e6,-1.08187994925989,-0.8693272921435614,TIME_LIMIT,248436,0,0,4,5
2,8,1.047859e6,-1.081878267495889,-0.8693272921435614,TIME_LIMIT,248452,0,0,6,1
2,8,1.047979e6,-1.081878267495889,-0.8693272921435614,TIME_LIMIT,248477,0,0,14,5
2,8,1.048131e6,-1.081850800139022,-0.8693272921435614,TIME_LIMIT,248512,0,0,14,18
2,8,1.048293e6,-1.081850800139022,-0.8693272921435614,TIME_LIMIT,248535,0,0,20,25
2,8,1.048331e6,-1.0818484786286504,-0.8693272921435614,TIME_LIMIT,248559,0,0,14,8
2,8,1.048392e6,-1.0818484786286504,-0.8693272921435614,TIME_LIMIT,248575,0,0,12,11
2,8,1.048484e6,-1.0818484415628067,-0.8693272921435614,TIME_LIMIT,248604,0,0,14,6
2,8,1.048614e6,-1.0818484415628067,-0.8693272921435614,TIME_LIMIT,248627,0,0,18,12
2,8,1.048782e6,-1.0818479152210403,-0.8693272921435614,TIME_LIMIT,248653,0,0,6,4
2,8,1.048843e6,-1.0818479152210403,-0.8693272921435614,TIME_LIMIT,248673,0,0,17,7
2,8,1.04894e6,-1.081847474525985,-0.8693272921435614,TIME_LIMIT,248704,0,0,12,4
2,8,1.049031e6,-1.081847474525985,-0.8693272921435614,TIME_LIMIT,248722,0,0,13,13
2,8,1.049211e6,-1.081838777460479,-0.8693272921435614,TIME_LIMIT,248755,0,0,17,7
2,8,1.049671e6,-1.081838777460479,-0.8693272921435614,TIME_LIMIT,248779,0,0,19,11
2,8,1.049732e6,-1.0818369825200285,-0.8693272921435614,TIME_LIMIT,248802,0,0,9,2
2,8,1.049835e6,-1.0818369825200285,-0.8693272921435614,TIME_LIMIT,248829,0,0,7,10
2,8,1.049994e6,-1.0818350763373457,-0.8693272921435614,TIME_LIMIT,248867,0,0,14,6
2,8,1.050138e6,-1.0818350763373457,-0.8693272921435614,TIME_LIMIT,248886,0,0,16,6
2,8,1.050202e6,-1.0818200239988953,-0.8693272921435614,TIME_LIMIT,248909,0,0,11,4
2,8,1.050306e6,-1.0818200239988953,-0.8693272921435614,TIME_LIMIT,248934,0,0,21,20
2,8,1.050405e6,-1.0818062814610454,-0.8693272921435614,TIME_LIMIT,248967,0,0,12,12
2,8,1.050526e6,-1.0818062814610454,-0.8693272921435614,TIME_LIMIT,248993,0,0,6,10
2,8,1.050621e6,-1.0818032961726252,-0.8693272921435614,TIME_LIMIT,249019,0,0,13,4
2,8,1.050842e6,-1.0818032961726252,-0.8693272921435614,TIME_LIMIT,249048,0,0,23,26
2,8,1.051057e6,-1.0817967577570382,-0.8693272921435614,TIME_LIMIT,249078,0,0,12,8
2,8,1.051127e6,-1.0817967577570382,-0.8693272921435614,TIME_LIMIT,249098,0,0,10,11
2,8,1.051157e6,-1.0817952042444423,-0.8693272921435614,TIME_LIMIT,249116,0,0,5,2
2,8,1.051222e6,-1.0817952042444423,-0.8693272921435614,TIME_LIMIT,249137,0,0,7,24
2,8,1.051285e6,-1.0817846003150329,-0.8693272921435614,TIME_LIMIT,249167,0,0,9,6
2,8,1.051421e6,-1.0817846003150329,-0.8693272921435614,TIME_LIMIT,249189,0,0,16,7
2,8,1.051467e6,-1.0817842822837838,-0.8693272921435614,TIME_LIMIT,249213,0,0,10,5
2,8,1.051555e6,-1.0817842822837838,-0.8693272921435614,TIME_LIMIT,249235,0,0,19,10
2,8,1.051666e6,-1.0817745414460687,-0.8693272921435614,TIME_LIMIT,249262,0,0,8,3
2,8,1.051698e6,-1.0817745414460687,-0.8693272921435614,TIME_LIMIT,249274,0,0,6,5
2,8,1.051737e6,-1.0817619452071878,-0.8693272921435614,TIME_LIMIT,249297,0,0,9,3
2,8,1.051876e6,-1.0817619452071878,-0.8693272921435614,TIME_LIMIT,249315,0,0,20,19
2,8,1.052091e6,-1.0817565601679018,-0.8693272921435614,TIME_LIMIT,249348,0,0,17,9
2,8,1.052239e6,-1.0817565601679018,-0.8693272921435614,TIME_LIMIT,249369,0,0,15,18
2,8,1.052459e6,-1.0817525055003103,-0.8693272921435614,TIME_LIMIT,249402,0,0,18,7
2,8,1.052511e6,-1.0817525055003103,-0.8693272921435614,TIME_LIMIT,249423,0,0,16,3
2,8,1.05254e6,-1.0817487032410678,-0.8693272921435614,TIME_LIMIT,249438,0,0,5,4
2,8,1.052723e6,-1.0817487032410678,-0.8693272921435614,TIME_LIMIT,249468,0,0,14,12
2,8,1.052944e6,-1.0817430902455207,-0.8693272921435614,TIME_LIMIT,249507,0,0,22,10
2,8,1.052977e6,-1.0817430902455207,-0.8693272921435614,TIME_LIMIT,249527,0,0,15,6
2,8,1.053024e6,-1.0817325392653478,-0.8693272921435614,TIME_LIMIT,249556,0,0,6,4
2,8,1.053072e6,-1.0817325392653478,-0.8693272921435614,TIME_LIMIT,249569,0,0,18,7
2,8,1.053135e6,-1.08172888963685,-0.8693272921435614,TIME_LIMIT,249595,0,0,10,8
2,8,1.053327e6,-1.08172888963685,-0.8693272921435614,TIME_LIMIT,249621,0,0,31,14
2,8,1.053388e6,-1.081719862776112,-0.8693272921435614,TIME_LIMIT,249651,0,0,16,5
2,8,1.053597e6,-1.081719862776112,-0.8693272921435614,TIME_LIMIT,249667,0,0,11,7
2,8,1.053734e6,-1.08171965462894,-0.8693272921435614,TIME_LIMIT,249697,0,0,12,7
2,8,1.053769e6,-1.08171965462894,-0.8693272921435614,TIME_LIMIT,249716,0,0,8,2
2,8,1.053793e6,-1.081704678550669,-0.8693272921435614,TIME_LIMIT,249730,0,0,3,2
2,8,1.053824e6,-1.081704678550669,-0.8693272921435614,TIME_LIMIT,249745,0,0,9,8
2,8,1.053845e6,-1.0817041160464456,-0.8693272921435614,TIME_LIMIT,249761,0,0,7,3
2,8,1.054056e6,-1.0817041160464456,-0.8693272921435614,TIME_LIMIT,249782,0,0,15,16
2,8,1.054256e6,-1.0816974258832388,-0.8693272921435614,TIME_LIMIT,249815,0,0,15,8
2,8,1.054471e6,-1.0816974258832388,-0.8693272921435614,TIME_LIMIT,249837,0,0,24,36
2,8,1.054658e6,-1.0816896478237066,-0.8693272921435614,TIME_LIMIT,249881,0,0,21,13
2,8,1.054682e6,-1.0816896478237066,-0.8693272921435614,TIME_LIMIT,249894,0,0,7,4
2,8,1.0547e6,-1.0816767502783604,-0.8693272921435614,TIME_LIMIT,249907,0,0,5,3
2,8,1.054761e6,-1.0816767502783604,-0.8693272921435614,TIME_LIMIT,249922,0,0,9,7
2,8,1.054793e6,-1.0816741512070578,-0.8693272921435614,TIME_LIMIT,249940,0,0,6,4
2,8,1.054934e6,-1.0816741512070578,-0.8693272921435614,TIME_LIMIT,249965,0,0,15,21
2,8,1.055078e6,-1.0816625572762413,-0.8693272921435614,TIME_LIMIT,249998,0,0,15,8
2,8,1.055299e6,-1.0816625572762413,-0.8693272921435614,TIME_LIMIT,250029,0,0,18,10
2,8,1.055466e6,-1.0816468583687355,-0.8693272921435614,TIME_LIMIT,250053,0,0,15,11
2,8,1.055681e6,-1.0816468583687355,-0.8693272921435614,TIME_LIMIT,250082,0,0,17,11
2,8,1.055904e6,-1.0816357654678457,-0.8693272921435614,TIME_LIMIT,250106,0,0,16,11
2,8,1.055931e6,-1.0816357654678457,-0.8693272921435614,TIME_LIMIT,250121,0,0,8,5
2,8,1.055953e6,-1.0816346521634765,-0.8693272921435614,TIME_LIMIT,250136,0,0,7,5
2,8,1.056122e6,-1.0816346521634765,-0.8693272921435614,TIME_LIMIT,250160,0,0,19,7
2,8,1.056177e6,-1.0816312527687324,-0.8693272921435614,TIME_LIMIT,250181,0,0,9,2
2,8,1.056381e6,-1.0816312527687324,-0.8693272921435614,TIME_LIMIT,250197,0,0,13,10
2,8,1.056512e6,-1.0816207091353096,-0.8693272921435614,TIME_LIMIT,250225,0,0,12,7
2,8,1.056612e6,-1.0816207091353096,-0.8693272921435614,TIME_LIMIT,250244,0,0,17,5
2,8,1.056663e6,-1.0816205176972686,-0.8693272921435614,TIME_LIMIT,250270,0,0,3,2
2,8,1.05679e6,-1.0816205176972686,-0.8693272921435614,TIME_LIMIT,250294,0,0,14,16
2,8,1.056924e6,-1.0816199672323152,-0.8693272921435614,TIME_LIMIT,250329,0,0,13,9
2,8,1.057012e6,-1.0816199672323152,-0.8693272921435614,TIME_LIMIT,250347,0,0,8,12
2,8,1.057072e6,-1.0816021881323805,-0.8693272921435614,TIME_LIMIT,250375,0,0,10,3
2,8,1.05715e6,-1.0816021881323805,-0.8693272921435614,TIME_LIMIT,250399,0,0,22,6
2,8,1.057312e6,-1.0816020449736494,-0.8693272921435614,TIME_LIMIT,250435,0,0,17,4
2,8,1.057345e6,-1.0816020449736494,-0.8693272921435614,TIME_LIMIT,250453,0,0,5,7
2,8,1.057411e6,-1.081596120959044,-0.8693272921435614,TIME_LIMIT,250479,0,0,9,8
2,8,1.057489e6,-1.081596120959044,-0.8693272921435614,TIME_LIMIT,250500,0,0,8,5
2,8,1.057554e6,-1.0815909619271964,-0.8693272921435614,TIME_LIMIT,250525,0,0,14,5
2,8,1.05777e6,-1.0815909619271964,-0.8693272921435614,TIME_LIMIT,250544,0,0,17,13
2,8,1.057867e6,-1.081588443301044,-0.8693272921435614,TIME_LIMIT,250568,0,0,8,5
2,8,1.058077e6,-1.081588443301044,-0.8693272921435614,TIME_LIMIT,250594,0,0,19,12
2,8,1.058202e6,-1.0815842388665469,-0.8693272921435614,TIME_LIMIT,250621,0,0,21,13
2,8,1.058325e6,-1.0815842388665469,-0.8693272921435614,TIME_LIMIT,250641,0,0,16,6
2,8,1.058452e6,-1.0815791851701466,-0.8693272921435614,TIME_LIMIT,250670,0,0,12,7
2,8,1.058604e6,-1.0815791851701466,-0.8693272921435614,TIME_LIMIT,250689,0,0,4,15
2,8,1.058782e6,-1.0815777224292404,-0.8693272921435614,TIME_LIMIT,250724,0,0,11,9
2,8,1.058971e6,-1.0815777224292404,-0.8693272921435614,TIME_LIMIT,250752,0,0,18,18
2,8,1.059192e6,-1.0815771693375775,-0.8693272921435614,TIME_LIMIT,250791,0,0,18,11
2,8,1.059316e6,-1.0815771693375775,-0.8693272921435614,TIME_LIMIT,250820,0,0,20,15
2,8,1.059537e6,-1.0815599872179547,-0.8693272921435614,TIME_LIMIT,250850,0,0,10,10
2,8,1.059635e6,-1.0815599872179547,-0.8693272921435614,TIME_LIMIT,250872,0,0,23,8
2,8,1.059697e6,-1.0815537153234747,-0.8693272921435614,TIME_LIMIT,250902,0,0,14,14
2,8,1.059912e6,-1.0815537153234747,-0.8693272921435614,TIME_LIMIT,250924,0,0,18,28
2,8,1.060025e6,-1.081551366482906,-0.8693272921435614,TIME_LIMIT,250957,0,0,15,9
2,8,1.060105e6,-1.081551366482906,-0.8693272921435614,TIME_LIMIT,250975,0,0,17,28
2,8,1.060275e6,-1.081535887925638,-0.8693272921435614,TIME_LIMIT,251009,0,0,15,13
2,8,1.060496e6,-1.081535887925638,-0.8693272921435614,TIME_LIMIT,251033,0,0,12,15
2,8,1.060711e6,-1.0815166792376,-0.8693272921435614,TIME_LIMIT,251069,0,0,8,7
2,8,1.060773e6,-1.0815166792376,-0.8693272921435614,TIME_LIMIT,251093,0,0,6,2
2,8,1.060836e6,-1.081514918456015,-0.8693272921435614,TIME_LIMIT,251115,0,0,7,7
2,8,1.060889e6,-1.081514918456015,-0.8693272921435614,TIME_LIMIT,251137,0,0,12,2
2,8,1.060929e6,-1.0815143276810564,-0.8693272921435614,TIME_LIMIT,251161,0,0,13,7
2,8,1.061036e6,-1.0815143276810564,-0.8693272921435614,TIME_LIMIT,251183,0,0,10,15
2,8,1.061139e6,-1.0814934241868746,-0.8693272921435614,TIME_LIMIT,251212,0,0,12,7
2,8,1.061222e6,-1.0814934241868746,-0.8693272921435614,TIME_LIMIT,251230,0,0,12,9
2,8,1.061262e6,-1.0814890260875565,-0.8693272921435614,TIME_LIMIT,251250,0,0,6,3
2,8,1.061373e6,-1.0814890260875565,-0.8693272921435614,TIME_LIMIT,251267,0,0,7,8
2,8,1.06151e6,-1.0814889753853207,-0.8693272921435614,TIME_LIMIT,251300,0,0,14,10
2,8,1.061718e6,-1.0814889753853207,-0.8693272921435614,TIME_LIMIT,251333,0,0,22,40
2,8,1.061884e6,-1.0814770619440075,-0.8693272921435614,TIME_LIMIT,251366,0,0,12,14
2,8,1.062003e6,-1.0814770619440075,-0.8693272921435614,TIME_LIMIT,251390,0,0,16,27
2,8,1.062217e6,-1.081466661959283,-0.8693272921435614,TIME_LIMIT,251416,0,0,15,6
2,8,1.062271e6,-1.081466661959283,-0.8693272921435614,TIME_LIMIT,251433,0,0,15,13
2,8,1.062422e6,-1.0814653300219454,-0.8693272921435614,TIME_LIMIT,251459,0,0,10,5
2,8,1.06254e6,-1.0814653300219454,-0.8693272921435614,TIME_LIMIT,251484,0,0,16,17
2,8,1.062738e6,-1.0814629405398786,-0.8693272921435614,TIME_LIMIT,251520,0,0,15,9
2,8,1.062836e6,-1.0814629405398786,-0.8693272921435614,TIME_LIMIT,251547,0,0,16,7
2,8,1.062922e6,-1.0814598475976918,-0.8693272921435614,TIME_LIMIT,251567,0,0,14,9
2,8,1.063061e6,-1.0814598475976918,-0.8693272921435614,TIME_LIMIT,251589,0,0,12,9
2,8,1.063188e6,-1.0814254802628913,-0.8693272921435614,TIME_LIMIT,251622,0,0,13,7
2,8,1.063271e6,-1.0814254802628913,-0.8693272921435614,TIME_LIMIT,251644,0,0,14,9
2,8,1.063435e6,-1.081424603763646,-0.8693272921435614,TIME_LIMIT,251679,0,0,10,12
2,8,1.06365e6,-1.081424603763646,-0.8693272921435614,TIME_LIMIT,251714,0,0,7,14
2,8,1.063821e6,-1.081421800681012,-0.8693272921435614,TIME_LIMIT,251750,0,0,13,16
2,8,1.063899e6,-1.081421800681012,-0.8693272921435614,TIME_LIMIT,251770,0,0,13,7
2,8,1.063931e6,-1.081415063979057,-0.8693272921435614,TIME_LIMIT,251788,0,0,8,7
2,8,1.06414e6,-1.081415063979057,-0.8693272921435614,TIME_LIMIT,251810,0,0,15,21
2,8,1.06435e6,-1.0813957533980338,-0.8693272921435614,TIME_LIMIT,251845,0,0,11,9
2,8,1.064571e6,-1.0813957533980338,-0.8693272921435614,TIME_LIMIT,251871,0,0,13,32
2,8,1.064785e6,-1.081376993133885,-0.8693272921435614,TIME_LIMIT,251905,0,0,16,25
2,8,1.065006e6,-1.081376993133885,-0.8693272921435614,TIME_LIMIT,251931,0,0,22,20
2,8,1.065145e6,-1.081375568064562,-0.8693272921435614,TIME_LIMIT,251958,0,0,19,5
2,8,1.065226e6,-1.081375568064562,-0.8693272921435614,TIME_LIMIT,251984,0,0,17,10
2,8,1.06544e6,-1.0813724835399634,-0.8693272921435614,TIME_LIMIT,252021,0,0,13,9
2,8,1.065496e6,-1.0813724835399634,-0.8693272921435614,TIME_LIMIT,252037,0,0,13,20
2,8,1.065575e6,-1.0813705592642475,-0.8693272921435614,TIME_LIMIT,252059,0,0,10,6
2,8,1.065638e6,-1.0813705592642475,-0.8693272921435614,TIME_LIMIT,252081,0,0,10,13
2,8,1.065715e6,-1.0813565126752462,-0.8693272921435614,TIME_LIMIT,252111,0,0,15,11
2,8,1.065877e6,-1.0813565126752462,-0.8693272921435614,TIME_LIMIT,252132,0,0,12,7
2,8,1.065994e6,-1.0813565002725898,-0.8693272921435614,TIME_LIMIT,252166,0,0,10,9
2,8,1.066073e6,-1.0813565002725898,-0.8693272921435614,TIME_LIMIT,252182,0,0,13,15
2,8,1.066243e6,-1.0813506400014061,-0.8693272921435614,TIME_LIMIT,252209,0,0,13,3
2,8,1.066361e6,-1.0813506400014061,-0.8693272921435614,TIME_LIMIT,252231,0,0,12,6
2,8,1.066578e6,-1.0813499976396028,-0.8693272921435614,TIME_LIMIT,252262,0,0,14,7
2,8,1.06666e6,-1.0813499976396028,-0.8693272921435614,TIME_LIMIT,252285,0,0,18,13
2,8,1.066773e6,-1.0813406992795915,-0.8693272921435614,TIME_LIMIT,252316,0,0,10,6
2,8,1.06685e6,-1.0813406992795915,-0.8693272921435614,TIME_LIMIT,252329,0,0,8,8
2,8,1.06689e6,-1.0813166536389573,-0.8693272921435614,TIME_LIMIT,252352,0,0,12,4
2,8,1.066954e6,-1.0813166536389573,-0.8693272921435614,TIME_LIMIT,252374,0,0,14,7
2,8,1.066992e6,-1.0813091122064122,-0.8693272921435614,TIME_LIMIT,252388,0,0,7,8
2,8,1.067082e6,-1.0813091122064122,-0.8693272921435614,TIME_LIMIT,252412,0,0,10,9
2,8,1.067207e6,-1.0812877219909822,-0.8693272921435614,TIME_LIMIT,252443,0,0,12,9
2,8,1.067254e6,-1.0812877219909822,-0.8693272921435614,TIME_LIMIT,252453,0,0,8,5
2,8,1.067298e6,-1.0812854756587433,-0.8693272921435614,TIME_LIMIT,252477,0,0,9,5
2,8,1.067494e6,-1.0812854756587433,-0.8693272921435614,TIME_LIMIT,252499,0,0,15,20
2,8,1.067576e6,-1.0812789705663022,-0.8693272921435614,TIME_LIMIT,252526,0,0,5,3
2,8,1.067666e6,-1.0812789705663022,-0.8693272921435614,TIME_LIMIT,252553,0,0,11,4
2,8,1.067728e6,-1.0812605814332352,-0.8693272921435614,TIME_LIMIT,252573,0,0,11,11
2,8,1.067943e6,-1.0812605814332352,-0.8693272921435614,TIME_LIMIT,252594,0,0,7,10
2,8,1.06813e6,-1.0812561183213316,-0.8693272921435614,TIME_LIMIT,252630,0,0,16,8
2,8,1.068248e6,-1.0812561183213316,-0.8693272921435614,TIME_LIMIT,252651,0,0,9,9
2,8,1.068328e6,-1.0812451952005115,-0.8693272921435614,TIME_LIMIT,252677,0,0,11,5
2,8,1.068384e6,-1.0812451952005115,-0.8693272921435614,TIME_LIMIT,252694,0,0,16,14
2,8,1.068436e6,-1.0812390271375278,-0.8693272921435614,TIME_LIMIT,252719,0,0,12,3
2,8,1.068485e6,-1.0812390271375278,-0.8693272921435614,TIME_LIMIT,252735,0,0,10,7
2,8,1.068547e6,-1.081236305128527,-0.8693272921435614,TIME_LIMIT,252764,0,0,13,6
2,8,1.068612e6,-1.081236305128527,-0.8693272921435614,TIME_LIMIT,252787,0,0,18,11
2,8,1.068662e6,-1.0812175817140335,-0.8693272921435614,TIME_LIMIT,252812,0,0,13,5
2,8,1.068719e6,-1.0812175817140335,-0.8693272921435614,TIME_LIMIT,252832,0,0,4,12
2,8,1.068816e6,-1.0812140200504659,-0.8693272921435614,TIME_LIMIT,252861,0,0,9,2
2,8,1.068893e6,-1.0812140200504659,-0.8693272921435614,TIME_LIMIT,252883,0,0,10,11
2,8,1.069063e6,-1.0812097812357306,-0.8693272921435614,TIME_LIMIT,252916,0,0,14,8
2,8,1.069274e6,-1.0812097812357306,-0.8693272921435614,TIME_LIMIT,252941,0,0,16,18
2,8,1.069495e6,-1.081208316885574,-0.8693272921435614,TIME_LIMIT,252975,0,0,15,7
2,8,1.069584e6,-1.081208316885574,-0.8693272921435614,TIME_LIMIT,252997,0,0,14,11
2,8,1.069653e6,-1.0812074939376706,-0.8693272921435614,TIME_LIMIT,253027,0,0,12,7
2,8,1.069744e6,-1.0812074939376706,-0.8693272921435614,TIME_LIMIT,253053,0,0,16,27
2,8,1.069969e6,-1.0812029864723298,-0.8693272921435614,TIME_LIMIT,253094,0,0,19,15
2,8,1.070075e6,-1.0812029864723298,-0.8693272921435614,TIME_LIMIT,253110,0,0,13,14
2,8,1.070168e6,-1.0811911028473036,-0.8693272921435614,TIME_LIMIT,253142,0,0,13,7
2,8,1.070316e6,-1.0811911028473036,-0.8693272921435614,TIME_LIMIT,253167,0,0,21,18
2,8,1.070474e6,-1.0811871015096037,-0.8693272921435614,TIME_LIMIT,253200,0,0,5,5
2,8,1.07055e6,-1.0811871015096037,-0.8693272921435614,TIME_LIMIT,253222,0,0,17,7
2,8,1.070613e6,-1.0811847856379706,-0.8693272921435614,TIME_LIMIT,253247,0,0,9,9
2,8,1.070807e6,-1.0811847856379706,-0.8693272921435614,TIME_LIMIT,253277,0,0,13,9
2,8,1.070953e6,-1.0811738019091781,-0.8693272921435614,TIME_LIMIT,253302,0,0,11,12
2,8,1.071049e6,-1.0811738019091781,-0.8693272921435614,TIME_LIMIT,253320,0,0,16,12
2,8,1.071247e6,-1.0811709680985526,-0.8693272921435614,TIME_LIMIT,253351,0,0,15,8
2,8,1.071302e6,-1.0811709680985526,-0.8693272921435614,TIME_LIMIT,253371,0,0,15,14
2,8,1.071479e6,-1.0811696075306427,-0.8693272921435614,TIME_LIMIT,253406,0,0,12,6
2,8,1.071578e6,-1.0811696075306427,-0.8693272921435614,TIME_LIMIT,253431,0,0,13,5
2,8,1.071636e6,-1.0811673369486434,-0.8693272921435614,TIME_LIMIT,253449,0,0,9,7
2,8,1.071849e6,-1.0811673369486434,-0.8693272921435614,TIME_LIMIT,253476,0,0,18,20
2,8,1.071925e6,-1.0811587585435634,-0.8693272921435614,TIME_LIMIT,253505,0,0,11,7
2,8,1.072151e6,-1.0811587585435634,-0.8693272921435614,TIME_LIMIT,253532,0,0,24,16
2,8,1.072389e6,-1.0811562272729873,-0.8693272921435614,TIME_LIMIT,253564,0,0,20,16
2,8,1.072611e6,-1.0811562272729873,-0.8693272921435614,TIME_LIMIT,253586,0,0,26,24
2,8,1.072811e6,-1.0811315263495325,-0.8693272921435614,TIME_LIMIT,253623,0,0,11,6
2,8,1.072888e6,-1.0811315263495325,-0.8693272921435614,TIME_LIMIT,253643,0,0,18,14
2,8,1.073038e6,-1.081120156642574,-0.8693272921435614,TIME_LIMIT,253671,0,0,10,7
2,8,1.073081e6,-1.081120156642574,-0.8693272921435614,TIME_LIMIT,253693,0,0,12,5
2,8,1.073104e6,-1.0811190393360497,-0.8693272921435614,TIME_LIMIT,253703,0,0,5,2
2,8,1.073178e6,-1.0811190393360497,-0.8693272921435614,TIME_LIMIT,253722,0,0,16,11
2,8,1.073223e6,-1.0810957936658256,-0.8693272921435614,TIME_LIMIT,253740,0,0,8,4
2,8,1.073387e6,-1.0810957936658256,-0.8693272921435614,TIME_LIMIT,253761,0,0,16,10
2,8,1.073445e6,-1.0810946056785378,-0.8693272921435614,TIME_LIMIT,253780,0,0,11,4
2,8,1.07364e6,-1.0810946056785378,-0.8693272921435614,TIME_LIMIT,253809,0,0,12,28
2,8,1.073859e6,-1.0810875321275812,-0.8693272921435614,TIME_LIMIT,253840,0,0,16,5
2,8,1.073916e6,-1.0810875321275812,-0.8693272921435614,TIME_LIMIT,253866,0,0,12,12
2,8,1.074041e6,-1.0810860373276878,-0.8693272921435614,TIME_LIMIT,253898,0,0,5,10
2,8,1.074266e6,-1.0810860373276878,-0.8693272921435614,TIME_LIMIT,253920,0,0,20,20
2,8,1.074487e6,-1.0810826037125272,-0.8693272921435614,TIME_LIMIT,253958,0,0,20,9
2,8,1.074609e6,-1.0810826037125272,-0.8693272921435614,TIME_LIMIT,253981,0,0,12,6
2,8,1.074693e6,-1.0810676255975213,-0.8693272921435614,TIME_LIMIT,254011,0,0,15,9
2,8,1.074925e6,-1.0810676255975213,-0.8693272921435614,TIME_LIMIT,254037,0,0,22,23
2,8,1.075053e6,-1.0810401234540008,-0.8693272921435614,TIME_LIMIT,254069,0,0,15,14
2,8,1.07521e6,-1.0810401234540008,-0.8693272921435614,TIME_LIMIT,254095,0,0,21,8
2,8,1.075301e6,-1.0810359057697996,-0.8693272921435614,TIME_LIMIT,254129,0,0,11,7
2,8,1.075535e6,-1.0810359057697996,-0.8693272921435614,TIME_LIMIT,254151,0,0,12,18
2,8,1.075658e6,-1.0810352134190717,-0.8693272921435614,TIME_LIMIT,254179,0,0,8,6
2,8,1.075743e6,-1.0810352134190717,-0.8693272921435614,TIME_LIMIT,254209,0,0,14,5
2,8,1.075955e6,-1.081028707940152,-0.8693272921435614,TIME_LIMIT,254235,0,0,15,14
2,8,1.076172e6,-1.081028707940152,-0.8693272921435614,TIME_LIMIT,254265,0,0,28,24
2,8,1.076327e6,-1.0810273259608556,-0.8693272921435614,TIME_LIMIT,254298,0,0,24,15
2,8,1.076555e6,-1.0810273259608556,-0.8693272921435614,TIME_LIMIT,254323,0,0,15,15
2,8,1.076717e6,-1.0810079540573632,-0.8693272921435614,TIME_LIMIT,254355,0,0,18,8
2,8,1.076778e6,-1.0810079540573632,-0.8693272921435614,TIME_LIMIT,254375,0,0,17,4
2,8,1.076817e6,-1.0809878949666751,-0.8693272921435614,TIME_LIMIT,254396,0,0,5,2
2,8,1.076878e6,-1.0809878949666751,-0.8693272921435614,TIME_LIMIT,254416,0,0,11,3
2,8,1.077029e6,-1.0809758424263447,-0.8693272921435614,TIME_LIMIT,254445,0,0,3,8
2,8,1.077247e6,-1.0809758424263447,-0.8693272921435614,TIME_LIMIT,254467,0,0,20,26
2,8,1.07747e6,-1.0809747328004096,-0.8693272921435614,TIME_LIMIT,254503,0,0,19,11
2,8,1.077557e6,-1.0809747328004096,-0.8693272921435614,TIME_LIMIT,254523,0,0,20,23
2,8,1.077652e6,-1.0809692756286076,-0.8693272921435614,TIME_LIMIT,254556,0,0,13,5
2,8,1.077831e6,-1.0809692756286076,-0.8693272921435614,TIME_LIMIT,254580,0,0,14,9
2,8,1.077913e6,-1.080967023660691,-0.8693272921435614,TIME_LIMIT,254603,0,0,13,2
2,8,1.077981e6,-1.080967023660691,-0.8693272921435614,TIME_LIMIT,254620,0,0,16,15
2,8,1.078047e6,-1.080964109918759,-0.8693272921435614,TIME_LIMIT,254647,0,0,12,4
2,8,1.078128e6,-1.080964109918759,-0.8693272921435614,TIME_LIMIT,254672,0,0,16,16
2,8,1.078186e6,-1.080963419005025,-0.8693272921435614,TIME_LIMIT,254697,0,0,7,5
2,8,1.07831e6,-1.080963419005025,-0.8693272921435614,TIME_LIMIT,254721,0,0,15,22
2,8,1.078531e6,-1.0809381852276276,-0.8693272921435614,TIME_LIMIT,254750,0,0,15,8
2,8,1.078643e6,-1.0809381852276276,-0.8693272921435614,TIME_LIMIT,254771,0,0,17,8
2,8,1.078705e6,-1.0809190170579988,-0.8693272921435614,TIME_LIMIT,254795,0,0,9,3
2,8,1.078789e6,-1.0809190170579988,-0.8693272921435614,TIME_LIMIT,254810,0,0,11,11
2,8,1.078861e6,-1.0808859720310053,-0.8693272921435614,TIME_LIMIT,254837,0,0,10,3
2,8,1.078933e6,-1.0808859720310053,-0.8693272921435614,TIME_LIMIT,254858,0,0,21,18
2,8,1.079119e6,-1.0808581057068858,-0.8693272921435614,TIME_LIMIT,254895,0,0,8,4
2,8,1.079246e6,-1.0808581057068858,-0.8693272921435614,TIME_LIMIT,254916,0,0,23,18
2,8,1.07941e6,-1.0808546027301809,-0.8693272921435614,TIME_LIMIT,254954,0,0,20,12
2,8,1.079498e6,-1.0808546027301809,-0.8693272921435614,TIME_LIMIT,254971,0,0,11,3
2,8,1.079573e6,-1.0808474449799417,-0.8693272921435614,TIME_LIMIT,254995,0,0,6,4
2,8,1.079682e6,-1.0808474449799417,-0.8693272921435614,TIME_LIMIT,255020,0,0,14,10
2,8,1.079744e6,-1.0808449972386742,-0.8693272921435614,TIME_LIMIT,255043,0,0,10,4
2,8,1.079909e6,-1.0808449972386742,-0.8693272921435614,TIME_LIMIT,255067,0,0,13,9
2,8,1.080082e6,-1.0808152372054831,-0.8693272921435614,TIME_LIMIT,255098,0,0,9,7
2,8,1.080186e6,-1.0808152372054831,-0.8693272921435614,TIME_LIMIT,255122,0,0,20,9
2,8,1.080366e6,-1.080798473966738,-0.8693272921435614,TIME_LIMIT,255158,0,0,4,5
2,8,1.080599e6,-1.080798473966738,-0.8693272921435614,TIME_LIMIT,255184,0,0,19,32
2,8,1.080774e6,-1.0807829903086204,-0.8693272921435614,TIME_LIMIT,255223,0,0,17,8
2,8,1.08094e6,-1.0807829903086204,-0.8693272921435614,TIME_LIMIT,255250,0,0,10,5
2,8,1.081029e6,-1.0807670088546026,-0.8693272921435614,TIME_LIMIT,255272,0,0,13,8
2,8,1.0812e6,-1.0807670088546026,-0.8693272921435614,TIME_LIMIT,255304,0,0,12,19
2,8,1.081414e6,-1.0807654626030208,-0.8693272921435614,TIME_LIMIT,255335,0,0,16,19
2,8,1.081586e6,-1.0807654626030208,-0.8693272921435614,TIME_LIMIT,255357,0,0,15,14
2,8,1.081726e6,-1.0807644802666987,-0.8693272921435614,TIME_LIMIT,255382,0,0,18,10
2,8,1.08176e6,-1.0807644802666987,-0.8693272921435614,TIME_LIMIT,255399,0,0,4,11
2,8,1.081793e6,-1.0807494676004883,-0.8693272921435614,TIME_LIMIT,255423,0,0,8,8
2,8,1.082017e6,-1.0807494676004883,-0.8693272921435614,TIME_LIMIT,255444,0,0,14,26
2,8,1.082233e6,-1.0807418079206488,-0.8693272921435614,TIME_LIMIT,255473,0,0,19,11
2,8,1.08245e6,-1.0807418079206488,-0.8693272921435614,TIME_LIMIT,255499,0,0,20,14
2,8,1.082566e6,-1.0807399600141439,-0.8693272921435614,TIME_LIMIT,255532,0,0,17,4
2,8,1.082787e6,-1.0807399600141439,-0.8693272921435614,TIME_LIMIT,255555,0,0,17,14
2,8,1.083019e6,-1.080735715512587,-0.8693272921435614,TIME_LIMIT,255581,0,0,16,9
2,8,1.083172e6,-1.080735715512587,-0.8693272921435614,TIME_LIMIT,255598,0,0,20,24
2,8,1.083312e6,-1.0807345900353154,-0.8693272921435614,TIME_LIMIT,255627,0,0,12,6
2,8,1.083362e6,-1.0807345900353154,-0.8693272921435614,TIME_LIMIT,255647,0,0,13,8
2,8,1.083392e6,-1.080733703658709,-0.8693272921435614,TIME_LIMIT,255666,0,0,8,0
2,8,1.083502e6,-1.080733703658709,-0.8693272921435614,TIME_LIMIT,255690,0,0,14,8
2,8,1.083601e6,-1.080732569245547,-0.8693272921435614,TIME_LIMIT,255720,0,0,8,11
2,8,1.083681e6,-1.080732569245547,-0.8693272921435614,TIME_LIMIT,255738,0,0,14,19
2,8,1.083719e6,-1.080729572443705,-0.8693272921435614,TIME_LIMIT,255763,0,0,9,6
2,8,1.083947e6,-1.080729572443705,-0.8693272921435614,TIME_LIMIT,255782,0,0,14,15
2,8,1.084171e6,-1.0807179071606523,-0.8693272921435614,TIME_LIMIT,255817,0,0,16,8
2,8,1.084353e6,-1.0807179071606523,-0.8693272921435614,TIME_LIMIT,255854,0,0,22,15
2,8,1.084483e6,-1.0807030638326391,-0.8693272921435614,TIME_LIMIT,255880,0,0,20,17
2,8,1.084644e6,-1.0807030638326391,-0.8693272921435614,TIME_LIMIT,255899,0,0,17,22
2,8,1.084853e6,-1.0807010297235782,-0.8693272921435614,TIME_LIMIT,255937,0,0,17,13
2,8,1.085077e6,-1.0807010297235782,-0.8693272921435614,TIME_LIMIT,255960,0,0,20,5
2,8,1.085172e6,-1.0807007254331658,-0.8693272921435614,TIME_LIMIT,255980,0,0,10,6
2,8,1.085339e6,-1.0807007254331658,-0.8693272921435614,TIME_LIMIT,256005,0,0,11,11
2,8,1.085401e6,-1.0806966213367852,-0.8693272921435614,TIME_LIMIT,256037,0,0,12,6
2,8,1.08562e6,-1.0806966213367852,-0.8693272921435614,TIME_LIMIT,256057,0,0,17,15
2,8,1.085676e6,-1.0806957893416906,-0.8693272921435614,TIME_LIMIT,256085,0,0,8,4
2,8,1.085837e6,-1.0806957893416906,-0.8693272921435614,TIME_LIMIT,256109,0,0,16,9
2,8,1.085895e6,-1.0806899002038481,-0.8693272921435614,TIME_LIMIT,256132,0,0,13,3
2,8,1.085942e6,-1.0806899002038481,-0.8693272921435614,TIME_LIMIT,256154,0,0,11,7
2,8,1.086007e6,-1.0806893900128587,-0.8693272921435614,TIME_LIMIT,256183,0,0,17,6
2,8,1.086097e6,-1.0806893900128587,-0.8693272921435614,TIME_LIMIT,256207,0,0,12,8
2,8,1.086186e6,-1.080666903901437,-0.8693272921435614,TIME_LIMIT,256227,0,0,15,4
2,8,1.08627e6,-1.080666903901437,-0.8693272921435614,TIME_LIMIT,256248,0,0,20,9
2,8,1.086328e6,-1.080666388616247,-0.8693272921435614,TIME_LIMIT,256276,0,0,12,9
2,8,1.086417e6,-1.080666388616247,-0.8693272921435614,TIME_LIMIT,256296,0,0,17,11
2,8,1.086466e6,-1.080664141644362,-0.8693272921435614,TIME_LIMIT,256322,0,0,14,5
2,8,1.086533e6,-1.080664141644362,-0.8693272921435614,TIME_LIMIT,256344,0,0,18,10
2,8,1.086736e6,-1.0806573321196495,-0.8693272921435614,TIME_LIMIT,256377,0,0,17,4
2,8,1.086965e6,-1.0806573321196495,-0.8693272921435614,TIME_LIMIT,256408,0,0,20,35
2,8,1.08718e6,-1.0806534668409968,-0.8693272921435614,TIME_LIMIT,256447,0,0,15,10
2,8,1.087258e6,-1.0806534668409968,-0.8693272921435614,TIME_LIMIT,256466,0,0,6,8
2,8,1.087324e6,-1.0806515579738853,-0.8693272921435614,TIME_LIMIT,256494,0,0,12,5
2,8,1.087509e6,-1.0806515579738853,-0.8693272921435614,TIME_LIMIT,256522,0,0,21,7
2,8,1.087741e6,-1.0806333682649232,-0.8693272921435614,TIME_LIMIT,256549,0,0,22,6
2,8,1.087869e6,-1.0806333682649232,-0.8693272921435614,TIME_LIMIT,256569,0,0,17,27
2,8,1.08809e6,-1.0806329900011162,-0.8693272921435614,TIME_LIMIT,256603,0,0,17,8
2,8,1.08817e6,-1.0806329900011162,-0.8693272921435614,TIME_LIMIT,256626,0,0,14,11
2,8,1.088228e6,-1.0806323361795762,-0.8693272921435614,TIME_LIMIT,256652,0,0,12,5
2,8,1.088295e6,-1.0806323361795762,-0.8693272921435614,TIME_LIMIT,256669,0,0,11,12
2,8,1.08836e6,-1.0806179604513693,-0.8693272921435614,TIME_LIMIT,256697,0,0,13,4
2,8,1.088375e6,-1.0806179604513693,-0.8693272921435614,TIME_LIMIT,256710,0,0,3,4
2,8,1.088384e6,-1.0806175063942214,-0.8693272921435614,TIME_LIMIT,256717,0,0,1,1
2,8,1.088583e6,-1.0806175063942214,-0.8693272921435614,TIME_LIMIT,256746,0,0,9,5
2,8,1.088709e6,-1.0806129541561664,-0.8693272921435614,TIME_LIMIT,256781,0,0,18,13
2,8,1.088884e6,-1.0806129541561664,-0.8693272921435614,TIME_LIMIT,256801,0,0,16,13
2,8,1.088973e6,-1.0806071670334143,-0.8693272921435614,TIME_LIMIT,256829,0,0,13,6
2,8,1.089184e6,-1.0806071670334143,-0.8693272921435614,TIME_LIMIT,256857,0,0,17,8
2,8,1.089294e6,-1.0805988008496121,-0.8693272921435614,TIME_LIMIT,256876,0,0,12,8
2,8,1.089406e6,-1.0805988008496121,-0.8693272921435614,TIME_LIMIT,256901,0,0,15,13
2,8,1.089507e6,-1.0805869402446324,-0.8693272921435614,TIME_LIMIT,256931,0,0,10,4
2,8,1.089734e6,-1.0805869402446324,-0.8693272921435614,TIME_LIMIT,256953,0,0,24,17
2,8,1.089962e6,-1.080571458607106,-0.8693272921435614,TIME_LIMIT,256988,0,0,18,10
2,8,1.09002e6,-1.080571458607106,-0.8693272921435614,TIME_LIMIT,257007,0,0,15,16
2,8,1.090236e6,-1.0805709564532022,-0.8693272921435614,TIME_LIMIT,257040,0,0,13,7
2,8,1.090449e6,-1.0805709564532022,-0.8693272921435614,TIME_LIMIT,257060,0,0,12,14
2,8,1.090631e6,-1.080567600659486,-0.8693272921435614,TIME_LIMIT,257081,0,0,15,12
2,8,1.090865e6,-1.080567600659486,-0.8693272921435614,TIME_LIMIT,257106,0,0,27,21
2,8,1.091091e6,-1.0805612175371446,-0.8693272921435614,TIME_LIMIT,257146,0,0,20,4
2,8,1.091249e6,-1.0805612175371446,-0.8693272921435614,TIME_LIMIT,257164,0,0,13,21
2,8,1.091441e6,-1.080552148541062,-0.8693272921435614,TIME_LIMIT,257190,0,0,13,3
2,8,1.091656e6,-1.080552148541062,-0.8693272921435614,TIME_LIMIT,257213,0,0,20,28
2,8,1.091882e6,-1.0805469661042526,-0.8693272921435614,TIME_LIMIT,257251,0,0,16,16
2,8,1.091948e6,-1.0805469661042526,-0.8693272921435614,TIME_LIMIT,257271,0,0,14,22
2,8,1.092068e6,-1.0805404122756217,-0.8693272921435614,TIME_LIMIT,257298,0,0,9,5
2,8,1.092177e6,-1.0805404122756217,-0.8693272921435614,TIME_LIMIT,257321,0,0,22,8
2,8,1.092401e6,-1.0805386101587118,-0.8693272921435614,TIME_LIMIT,257353,0,0,11,9
2,8,1.092576e6,-1.0805386101587118,-0.8693272921435614,TIME_LIMIT,257382,0,0,12,6
2,8,1.09268e6,-1.0805335548307002,-0.8693272921435614,TIME_LIMIT,257404,0,0,15,6
2,8,1.092768e6,-1.0805335548307002,-0.8693272921435614,TIME_LIMIT,257431,0,0,14,6
2,8,1.092864e6,-1.0805327969657392,-0.8693272921435614,TIME_LIMIT,257448,0,0,6,7
2,8,1.092948e6,-1.0805327969657392,-0.8693272921435614,TIME_LIMIT,257467,0,0,18,15
2,8,1.093093e6,-1.0805234435997337,-0.8693272921435614,TIME_LIMIT,257499,0,0,13,11
2,8,1.093297e6,-1.0805234435997337,-0.8693272921435614,TIME_LIMIT,257524,0,0,15,12
2,8,1.093358e6,-1.0805217842748283,-0.8693272921435614,TIME_LIMIT,257554,0,0,10,6
2,8,1.09343e6,-1.0805217842748283,-0.8693272921435614,TIME_LIMIT,257573,0,0,11,10
2,8,1.09347e6,-1.080521185021179,-0.8693272921435614,TIME_LIMIT,257595,0,0,10,5
2,8,1.093696e6,-1.080521185021179,-0.8693272921435614,TIME_LIMIT,257622,0,0,24,19
2,8,1.093821e6,-1.080520348681751,-0.8693272921435614,TIME_LIMIT,257654,0,0,15,9
2,8,1.093911e6,-1.080520348681751,-0.8693272921435614,TIME_LIMIT,257679,0,0,20,13
2,8,1.093986e6,-1.0805200216779318,-0.8693272921435614,TIME_LIMIT,257709,0,0,15,4
2,8,1.094171e6,-1.0805200216779318,-0.8693272921435614,TIME_LIMIT,257735,0,0,10,18
2,8,1.094286e6,-1.0805109044653494,-0.8693272921435614,TIME_LIMIT,257762,0,0,8,9
2,8,1.094406e6,-1.0805109044653494,-0.8693272921435614,TIME_LIMIT,257800,0,0,16,33
2,8,1.094443e6,-1.0804927475302657,-0.8693272921435614,TIME_LIMIT,257822,0,0,7,6
2,8,1.094519e6,-1.0804927475302657,-0.8693272921435614,TIME_LIMIT,257840,0,0,15,8
2,8,1.094612e6,-1.0804865441788831,-0.8693272921435614,TIME_LIMIT,257871,0,0,15,7
2,8,1.094835e6,-1.0804865441788831,-0.8693272921435614,TIME_LIMIT,257898,0,0,23,15
2,8,1.095065e6,-1.0804770144851528,-0.8693272921435614,TIME_LIMIT,257928,0,0,11,8
2,8,1.095157e6,-1.0804770144851528,-0.8693272921435614,TIME_LIMIT,257948,0,0,15,16
2,8,1.095299e6,-1.0804759714205363,-0.8693272921435614,TIME_LIMIT,257975,0,0,9,7
2,8,1.095403e6,-1.0804759714205363,-0.8693272921435614,TIME_LIMIT,257996,0,0,18,8
2,8,1.095584e6,-1.0804682671036587,-0.8693272921435614,TIME_LIMIT,258027,0,0,16,5
2,8,1.095807e6,-1.0804682671036587,-0.8693272921435614,TIME_LIMIT,258051,0,0,20,26
2,8,1.096041e6,-1.0804678342303635,-0.8693272921435614,TIME_LIMIT,258084,0,0,17,12
2,8,1.096093e6,-1.0804678342303635,-0.8693272921435614,TIME_LIMIT,258106,0,0,18,9
2,8,1.096183e6,-1.080465085059254,-0.8693272921435614,TIME_LIMIT,258134,0,0,11,6
2,8,1.096256e6,-1.080465085059254,-0.8693272921435614,TIME_LIMIT,258154,0,0,10,5
2,8,1.096322e6,-1.0804574756502587,-0.8693272921435614,TIME_LIMIT,258180,0,0,11,8
2,8,1.096418e6,-1.0804574756502587,-0.8693272921435614,TIME_LIMIT,258204,0,0,16,9
2,8,1.096649e6,-1.0804410607787136,-0.8693272921435614,TIME_LIMIT,258236,0,0,12,16
2,8,1.096865e6,-1.0804410607787136,-0.8693272921435614,TIME_LIMIT,258261,0,0,7,11
2,8,1.096913e6,-1.0804019795049595,-0.8693272921435614,TIME_LIMIT,258288,0,0,13,7
2,8,1.097081e6,-1.0804019795049595,-0.8693272921435614,TIME_LIMIT,258309,0,0,22,24
2,8,1.097238e6,-1.080381569964668,-0.8693272921435614,TIME_LIMIT,258345,0,0,17,7
2,8,1.0973e6,-1.080381569964668,-0.8693272921435614,TIME_LIMIT,258362,0,0,21,20
2,8,1.097427e6,-1.0803778777873858,-0.8693272921435614,TIME_LIMIT,258401,0,0,19,5
2,8,1.097489e6,-1.0803778777873858,-0.8693272921435614,TIME_LIMIT,258420,0,0,12,19
2,8,1.097561e6,-1.0803759491932594,-0.8693272921435614,TIME_LIMIT,258446,0,0,12,6
2,8,1.097788e6,-1.0803759491932594,-0.8693272921435614,TIME_LIMIT,258466,0,0,18,18
2,8,1.098002e6,-1.0803573922406917,-0.8693272921435614,TIME_LIMIT,258500,0,0,12,8
2,8,1.098084e6,-1.0803573922406917,-0.8693272921435614,TIME_LIMIT,258517,0,0,16,15
2,8,1.09829e6,-1.0803564687197553,-0.8693272921435614,TIME_LIMIT,258545,0,0,12,4
2,8,1.098484e6,-1.0803564687197553,-0.8693272921435614,TIME_LIMIT,258566,0,0,23,25
2,8,1.098661e6,-1.0803435978368143,-0.8693272921435614,TIME_LIMIT,258605,0,0,13,11
2,8,1.098836e6,-1.0803435978368143,-0.8693272921435614,TIME_LIMIT,258631,0,0,21,21
2,8,1.099065e6,-1.0803423419501286,-0.8693272921435614,TIME_LIMIT,258663,0,0,19,15
2,8,1.099097e6,-1.0803423419501286,-0.8693272921435614,TIME_LIMIT,258678,0,0,7,3
2,8,1.099131e6,-1.080336187681593,-0.8693272921435614,TIME_LIMIT,258696,0,0,6,6
2,8,1.099181e6,-1.080336187681593,-0.8693272921435614,TIME_LIMIT,258713,0,0,16,8
2,8,1.099284e6,-1.0803312249272832,-0.8693272921435614,TIME_LIMIT,258744,0,0,18,1
2,8,1.099323e6,-1.0803312249272832,-0.8693272921435614,TIME_LIMIT,258758,0,0,10,15
2,8,1.099368e6,-1.0803300185173799,-0.8693272921435614,TIME_LIMIT,258780,0,0,12,3
2,8,1.099504e6,-1.0803300185173799,-0.8693272921435614,TIME_LIMIT,258799,0,0,22,20
2,8,1.099725e6,-1.080307536812895,-0.8693272921435614,TIME_LIMIT,258835,0,0,19,8
2,8,1.099829e6,-1.080307536812895,-0.8693272921435614,TIME_LIMIT,258854,0,0,11,11
2,8,1.09989e6,-1.0802993330539743,-0.8693272921435614,TIME_LIMIT,258879,0,0,10,4
2,8,1.099958e6,-1.0802993330539743,-0.8693272921435614,TIME_LIMIT,258905,0,0,16,23
2,8,1.100069e6,-1.0802929240079486,-0.8693272921435614,TIME_LIMIT,258934,0,0,15,12
2,8,1.100224e6,-1.0802929240079486,-0.8693272921435614,TIME_LIMIT,258957,0,0,16,19
2,8,1.100328e6,-1.0802898242330838,-0.8693272921435614,TIME_LIMIT,258997,0,0,18,9
2,8,1.100557e6,-1.0802898242330838,-0.8693272921435614,TIME_LIMIT,259019,0,0,16,10
2,8,1.100772e6,-1.0802840314154172,-0.8693272921435614,TIME_LIMIT,259051,0,0,16,12
2,8,1.100934e6,-1.0802840314154172,-0.8693272921435614,TIME_LIMIT,259078,0,0,16,14
2,8,1.10116e6,-1.0802822764940432,-0.8693272921435614,TIME_LIMIT,259110,0,0,18,5
2,8,1.101317e6,-1.0802822764940432,-0.8693272921435614,TIME_LIMIT,259138,0,0,13,21
2,8,1.10146e6,-1.0802782957238888,-0.8693272921435614,TIME_LIMIT,259173,0,0,16,10
2,8,1.101616e6,-1.0802782957238888,-0.8693272921435614,TIME_LIMIT,259190,0,0,11,18
2,8,1.101675e6,-1.0802753168268584,-0.8693272921435614,TIME_LIMIT,259216,0,0,5,3
2,8,1.101718e6,-1.0802753168268584,-0.8693272921435614,TIME_LIMIT,259234,0,0,14,4
2,8,1.101735e6,-1.0802736127166561,-0.8693272921435614,TIME_LIMIT,259248,0,0,8,6
2,8,1.101806e6,-1.0802736127166561,-0.8693272921435614,TIME_LIMIT,259266,0,0,13,23
2,8,1.101943e6,-1.0802702729993057,-0.8693272921435614,TIME_LIMIT,259301,0,0,16,9
2,8,1.102011e6,-1.0802702729993057,-0.8693272921435614,TIME_LIMIT,259319,0,0,22,29
2,8,1.102132e6,-1.0802658883819516,-0.8693272921435614,TIME_LIMIT,259355,0,0,18,5
2,8,1.102355e6,-1.0802658883819516,-0.8693272921435614,TIME_LIMIT,259376,0,0,19,7
2,8,1.10258e6,-1.0802635601482067,-0.8693272921435614,TIME_LIMIT,259419,0,0,18,11
2,8,1.102661e6,-1.0802635601482067,-0.8693272921435614,TIME_LIMIT,259439,0,0,15,12
2,8,1.102726e6,-1.0802612534466514,-0.8693272921435614,TIME_LIMIT,259465,0,0,8,4
2,8,1.10294e6,-1.0802612534466514,-0.8693272921435614,TIME_LIMIT,259491,0,0,24,28
2,8,1.103063e6,-1.0802435809109423,-0.8693272921435614,TIME_LIMIT,259532,0,0,19,12
2,8,1.103162e6,-1.0802435809109423,-0.8693272921435614,TIME_LIMIT,259556,0,0,16,8
2,8,1.103296e6,-1.080242995497249,-0.8693272921435614,TIME_LIMIT,259577,0,0,15,6
2,8,1.103373e6,-1.080242995497249,-0.8693272921435614,TIME_LIMIT,259599,0,0,16,17
2,8,1.103519e6,-1.08023903590413,-0.8693272921435614,TIME_LIMIT,259628,0,0,12,9
2,8,1.103654e6,-1.08023903590413,-0.8693272921435614,TIME_LIMIT,259657,0,0,20,2
2,8,1.103823e6,-1.0802235479762716,-0.8693272921435614,TIME_LIMIT,259685,0,0,19,14
2,8,1.103889e6,-1.0802235479762716,-0.8693272921435614,TIME_LIMIT,259711,0,0,11,11
2,8,1.103958e6,-1.0802180294511472,-0.8693272921435614,TIME_LIMIT,259733,0,0,10,4
2,8,1.104025e6,-1.0802180294511472,-0.8693272921435614,TIME_LIMIT,259754,0,0,13,7
2,8,1.104082e6,-1.0802009664366978,-0.8693272921435614,TIME_LIMIT,259779,0,0,10,3
2,8,1.104161e6,-1.0802009664366978,-0.8693272921435614,TIME_LIMIT,259800,0,0,11,20
2,8,1.104249e6,-1.0801914074212573,-0.8693272921435614,TIME_LIMIT,259826,0,0,9,3
2,8,1.104368e6,-1.0801914074212573,-0.8693272921435614,TIME_LIMIT,259852,0,0,21,18
2,8,1.10454e6,-1.080165865329136,-0.8693272921435614,TIME_LIMIT,259888,0,0,16,8
2,8,1.104629e6,-1.080165865329136,-0.8693272921435614,TIME_LIMIT,259907,0,0,24,18
2,8,1.104845e6,-1.0801266876005564,-0.8693272921435614,TIME_LIMIT,259947,0,0,21,6
2,8,1.104913e6,-1.0801266876005564,-0.8693272921435614,TIME_LIMIT,259965,0,0,6,8
2,8,1.104973e6,-1.0801228614147127,-0.8693272921435614,TIME_LIMIT,259991,0,0,9,5
2,8,1.105032e6,-1.0801228614147127,-0.8693272921435614,TIME_LIMIT,260006,0,0,11,11
2,8,1.105123e6,-1.0801198256490134,-0.8693272921435614,TIME_LIMIT,260035,0,0,10,8
2,8,1.105187e6,-1.0801198256490134,-0.8693272921435614,TIME_LIMIT,260059,0,0,13,11
2,8,1.105276e6,-1.0801166911322273,-0.8693272921435614,TIME_LIMIT,260087,0,0,16,10
2,8,1.1055e6,-1.0801166911322273,-0.8693272921435614,TIME_LIMIT,260106,0,0,19,21
2,8,1.105682e6,-1.0801136520498744,-0.8693272921435614,TIME_LIMIT,260145,0,0,11,12
2,8,1.105744e6,-1.0801136520498744,-0.8693272921435614,TIME_LIMIT,260167,0,0,11,14
2,8,1.105796e6,-1.08011176420023,-0.8693272921435614,TIME_LIMIT,260190,0,0,10,5
2,8,1.105918e6,-1.08011176420023,-0.8693272921435614,TIME_LIMIT,260216,0,0,16,18
2,8,1.10604e6,-1.0801039189546788,-0.8693272921435614,TIME_LIMIT,260247,0,0,10,6
2,8,1.106196e6,-1.0801039189546788,-0.8693272921435614,TIME_LIMIT,260268,0,0,16,9
2,8,1.106294e6,-1.080091031340603,-0.8693272921435614,TIME_LIMIT,260299,0,0,7,7
2,8,1.10645e6,-1.080091031340603,-0.8693272921435614,TIME_LIMIT,260319,0,0,14,12
2,8,1.106585e6,-1.0800727021538323,-0.8693272921435614,TIME_LIMIT,260340,0,0,12,5
2,8,1.106809e6,-1.0800727021538323,-0.8693272921435614,TIME_LIMIT,260368,0,0,18,22
2,8,1.106974e6,-1.0800661151719062,-0.8693272921435614,TIME_LIMIT,260401,0,0,9,3
2,8,1.107051e6,-1.0800661151719062,-0.8693272921435614,TIME_LIMIT,260422,0,0,15,19
2,8,1.107133e6,-1.0800658945336377,-0.8693272921435614,TIME_LIMIT,260453,0,0,8,6
2,8,1.107297e6,-1.0800658945336377,-0.8693272921435614,TIME_LIMIT,260476,0,0,15,15
2,8,1.107413e6,-1.080043621978826,-0.8693272921435614,TIME_LIMIT,260507,0,0,10,13
2,8,1.107502e6,-1.080043621978826,-0.8693272921435614,TIME_LIMIT,260530,0,0,10,15
2,8,1.107726e6,-1.0800261701269673,-0.8693272921435614,TIME_LIMIT,260563,0,0,14,9
2,8,1.107844e6,-1.0800261701269673,-0.8693272921435614,TIME_LIMIT,260584,0,0,14,19
2,8,1.108071e6,-1.080026166469763,-0.8693272921435614,TIME_LIMIT,260604,0,0,14,5
2,8,1.108192e6,-1.080026166469763,-0.8693272921435614,TIME_LIMIT,260628,0,0,14,10
2,8,1.108275e6,-1.0800259959570822,-0.8693272921435614,TIME_LIMIT,260648,0,0,11,4
2,8,1.108359e6,-1.0800259959570822,-0.8693272921435614,TIME_LIMIT,260671,0,0,11,11
2,8,1.108467e6,-1.08000490183275,-0.8693272921435614,TIME_LIMIT,260702,0,0,14,4
2,8,1.108538e6,-1.08000490183275,-0.8693272921435614,TIME_LIMIT,260720,0,0,8,4
2,8,1.108557e6,-1.0799924327986243,-0.8693272921435614,TIME_LIMIT,260731,0,0,6,4
2,8,1.108616e6,-1.0799924327986243,-0.8693272921435614,TIME_LIMIT,260754,0,0,12,5
2,8,1.108648e6,-1.079988454626982,-0.8693272921435614,TIME_LIMIT,260766,0,0,6,7
2,8,1.108777e6,-1.079988454626982,-0.8693272921435614,TIME_LIMIT,260784,0,0,15,9
2,8,1.108835e6,-1.0799845956211085,-0.8693272921435614,TIME_LIMIT,260803,0,0,10,7
2,8,1.109057e6,-1.0799845956211085,-0.8693272921435614,TIME_LIMIT,260829,0,0,18,9
2,8,1.109122e6,-1.0799696537281607,-0.8693272921435614,TIME_LIMIT,260858,0,0,12,7
2,8,1.109195e6,-1.0799696537281607,-0.8693272921435614,TIME_LIMIT,260877,0,0,12,8
2,8,1.109295e6,-1.079967046860793,-0.8693272921435614,TIME_LIMIT,260907,0,0,14,8
2,8,1.109348e6,-1.079967046860793,-0.8693272921435614,TIME_LIMIT,260928,0,0,12,5
2,8,1.109369e6,-1.0799560493134195,-0.8693272921435614,TIME_LIMIT,260941,0,0,5,2
2,8,1.109587e6,-1.0799560493134195,-0.8693272921435614,TIME_LIMIT,260970,0,0,19,10
2,8,1.109811e6,-1.079936701397799,-0.8693272921435614,TIME_LIMIT,260992,0,0,16,14
2,8,1.109953e6,-1.079936701397799,-0.8693272921435614,TIME_LIMIT,261009,0,0,21,27
2,8,1.110174e6,-1.079935185532555,-0.8693272921435614,TIME_LIMIT,261045,0,0,10,5
2,8,1.110252e6,-1.079935185532555,-0.8693272921435614,TIME_LIMIT,261063,0,0,9,9
2,8,1.110282e6,-1.0799342532777727,-0.8693272921435614,TIME_LIMIT,261082,0,0,2,1
2,8,1.110379e6,-1.0799342532777727,-0.8693272921435614,TIME_LIMIT,261103,0,0,23,8
2,8,1.110505e6,-1.0799273141556134,-0.8693272921435614,TIME_LIMIT,261133,0,0,13,5
2,8,1.110696e6,-1.0799273141556134,-0.8693272921435614,TIME_LIMIT,261162,0,0,16,39
2,8,1.110917e6,-1.0799195990992985,-0.8693272921435614,TIME_LIMIT,261200,0,0,18,7
2,8,1.110995e6,-1.0799195990992985,-0.8693272921435614,TIME_LIMIT,261222,0,0,17,4
2,8,1.111034e6,-1.0799092034616917,-0.8693272921435614,TIME_LIMIT,261244,0,0,9,3
2,8,1.111154e6,-1.0799092034616917,-0.8693272921435614,TIME_LIMIT,261267,0,0,19,20
2,8,1.111229e6,-1.079896148056044,-0.8693272921435614,TIME_LIMIT,261288,0,0,13,14
2,8,1.111282e6,-1.079896148056044,-0.8693272921435614,TIME_LIMIT,261302,0,0,10,14
2,8,1.111315e6,-1.0798916831492091,-0.8693272921435614,TIME_LIMIT,261319,0,0,6,5
2,8,1.111359e6,-1.0798916831492091,-0.8693272921435614,TIME_LIMIT,261339,0,0,11,12
2,8,1.111417e6,-1.079890402557699,-0.8693272921435614,TIME_LIMIT,261359,0,0,7,3
2,8,1.111521e6,-1.079890402557699,-0.8693272921435614,TIME_LIMIT,261381,0,0,16,12
2,8,1.111578e6,-1.0798868051176318,-0.8693272921435614,TIME_LIMIT,261406,0,0,8,7
2,8,1.11171e6,-1.0798868051176318,-0.8693272921435614,TIME_LIMIT,261427,0,0,14,7
2,8,1.111812e6,-1.079876616299066,-0.8693272921435614,TIME_LIMIT,261453,0,0,12,6
2,8,1.111919e6,-1.079876616299066,-0.8693272921435614,TIME_LIMIT,261473,0,0,12,17
2,8,1.112009e6,-1.0798601988188594,-0.8693272921435614,TIME_LIMIT,261502,0,0,5,5
2,8,1.112225e6,-1.0798601988188594,-0.8693272921435614,TIME_LIMIT,261522,0,0,18,14
2,8,1.112456e6,-1.079856383245711,-0.8693272921435614,TIME_LIMIT,261545,0,0,14,4
2,8,1.112541e6,-1.079856383245711,-0.8693272921435614,TIME_LIMIT,261565,0,0,13,15
2,8,1.112637e6,-1.0798544877843295,-0.8693272921435614,TIME_LIMIT,261599,0,0,6,10
2,8,1.112761e6,-1.0798544877843295,-0.8693272921435614,TIME_LIMIT,261616,0,0,13,13
2,8,1.112802e6,-1.0798507903934156,-0.8693272921435614,TIME_LIMIT,261637,0,0,9,5
2,8,1.112857e6,-1.0798507903934156,-0.8693272921435614,TIME_LIMIT,261654,0,0,16,9
2,8,1.113009e6,-1.0798481690129114,-0.8693272921435614,TIME_LIMIT,261680,0,0,13,6
2,8,1.113113e6,-1.0798481690129114,-0.8693272921435614,TIME_LIMIT,261699,0,0,18,10
2,8,1.113341e6,-1.0798212336588988,-0.8693272921435614,TIME_LIMIT,261731,0,0,14,8
2,8,1.11338e6,-1.0798212336588988,-0.8693272921435614,TIME_LIMIT,261748,0,0,11,6
2,8,1.113435e6,-1.0798072329369797,-0.8693272921435614,TIME_LIMIT,261770,0,0,13,4
2,8,1.113541e6,-1.0798072329369797,-0.8693272921435614,TIME_LIMIT,261791,0,0,20,13
2,8,1.11363e6,-1.0797956297428688,-0.8693272921435614,TIME_LIMIT,261822,0,0,11,8
2,8,1.113854e6,-1.0797956297428688,-0.8693272921435614,TIME_LIMIT,261843,0,0,11,14
2,8,1.11401e6,-1.0797942876774074,-0.8693272921435614,TIME_LIMIT,261875,0,0,13,6
2,8,1.114085e6,-1.0797942876774074,-0.8693272921435614,TIME_LIMIT,261895,0,0,11,7
2,8,1.114194e6,-1.0797902421227843,-0.8693272921435614,TIME_LIMIT,261921,0,0,8,6
2,8,1.114303e6,-1.0797902421227843,-0.8693272921435614,TIME_LIMIT,261953,0,0,13,10
2,8,1.11438e6,-1.079788904663628,-0.8693272921435614,TIME_LIMIT,261979,0,0,17,7
2,8,1.114495e6,-1.079788904663628,-0.8693272921435614,TIME_LIMIT,261994,0,0,13,12
2,8,1.114727e6,-1.0797799495490348,-0.8693272921435614,TIME_LIMIT,262019,0,0,11,3
2,8,1.114817e6,-1.0797799495490348,-0.8693272921435614,TIME_LIMIT,262042,0,0,3,4
2,8,1.114857e6,-1.079778299755909,-0.8693272921435614,TIME_LIMIT,262056,0,0,10,6
2,8,1.114947e6,-1.079778299755909,-0.8693272921435614,TIME_LIMIT,262080,0,0,13,12
2,8,1.114989e6,-1.0797767538664163,-0.8693272921435614,TIME_LIMIT,262098,0,0,6,4
2,8,1.115055e6,-1.0797767538664163,-0.8693272921435614,TIME_LIMIT,262116,0,0,16,9
2,8,1.115108e6,-1.0797752777915894,-0.8693272921435614,TIME_LIMIT,262142,0,0,12,5
2,8,1.115141e6,-1.0797752777915894,-0.8693272921435614,TIME_LIMIT,262156,0,0,11,7
2,8,1.115298e6,-1.0797750420962566,-0.8693272921435614,TIME_LIMIT,262183,0,0,7,3
2,8,1.115426e6,-1.0797750420962566,-0.8693272921435614,TIME_LIMIT,262205,0,0,19,20
2,8,1.115654e6,-1.0797706612573803,-0.8693272921435614,TIME_LIMIT,262239,0,0,18,8
2,8,1.115707e6,-1.0797706612573803,-0.8693272921435614,TIME_LIMIT,262261,0,0,17,1
2,8,1.115749e6,-1.079770311538883,-0.8693272921435614,TIME_LIMIT,262285,0,0,9,3
2,8,1.115836e6,-1.079770311538883,-0.8693272921435614,TIME_LIMIT,262306,0,0,7,15
2,8,1.115926e6,-1.0797521337921385,-0.8693272921435614,TIME_LIMIT,262337,0,0,11,6
2,8,1.115964e6,-1.0797521337921385,-0.8693272921435614,TIME_LIMIT,262353,0,0,19,8
2,8,1.116023e6,-1.0797487258798961,-0.8693272921435614,TIME_LIMIT,262381,0,0,13,3
2,8,1.116088e6,-1.0797487258798961,-0.8693272921435614,TIME_LIMIT,262399,0,0,10,3
2,8,1.116128e6,-1.0797474491274461,-0.8693272921435614,TIME_LIMIT,262411,0,0,5,3
2,8,1.116175e6,-1.0797474491274461,-0.8693272921435614,TIME_LIMIT,262429,0,0,15,11
2,8,1.116238e6,-1.079745206000022,-0.8693272921435614,TIME_LIMIT,262457,0,0,11,4
2,8,1.116368e6,-1.079745206000022,-0.8693272921435614,TIME_LIMIT,262477,0,0,20,19
2,8,1.116599e6,-1.0797362494964997,-0.8693272921435614,TIME_LIMIT,262506,0,0,13,10
2,8,1.116656e6,-1.0797362494964997,-0.8693272921435614,TIME_LIMIT,262528,0,0,6,6
2,8,1.116721e6,-1.079731821642339,-0.8693272921435614,TIME_LIMIT,262551,0,0,11,6
2,8,1.116771e6,-1.079731821642339,-0.8693272921435614,TIME_LIMIT,262568,0,0,13,21
2,8,1.116895e6,-1.07970402032468,-0.8693272921435614,TIME_LIMIT,262598,0,0,8,6
2,8,1.117056e6,-1.07970402032468,-0.8693272921435614,TIME_LIMIT,262623,0,0,16,15
2,8,1.117282e6,-1.0796926602705539,-0.8693272921435614,TIME_LIMIT,262648,0,0,14,10
2,8,1.117413e6,-1.0796926602705539,-0.8693272921435614,TIME_LIMIT,262673,0,0,12,7
2,8,1.117521e6,-1.0796557176569987,-0.8693272921435614,TIME_LIMIT,262692,0,0,9,6
2,8,1.117659e6,-1.0796557176569987,-0.8693272921435614,TIME_LIMIT,262713,0,0,16,11
2,8,1.117777e6,-1.079648667089721,-0.8693272921435614,TIME_LIMIT,262743,0,0,11,9
2,8,1.117832e6,-1.079648667089721,-0.8693272921435614,TIME_LIMIT,262762,0,0,12,11
2,8,1.117896e6,-1.0796462703196443,-0.8693272921435614,TIME_LIMIT,262793,0,0,5,4
2,8,1.118112e6,-1.0796462703196443,-0.8693272921435614,TIME_LIMIT,262821,0,0,30,45
2,8,1.118261e6,-1.0796429608936522,-0.8693272921435614,TIME_LIMIT,262863,0,0,24,11
2,8,1.118331e6,-1.0796429608936522,-0.8693272921435614,TIME_LIMIT,262889,0,0,13,9
2,8,1.118553e6,-1.079635269822492,-0.8693272921435614,TIME_LIMIT,262920,0,0,17,9
2,8,1.11867e6,-1.079635269822492,-0.8693272921435614,TIME_LIMIT,262941,0,0,18,12
2,8,1.118797e6,-1.0796301167154547,-0.8693272921435614,TIME_LIMIT,262966,0,0,12,7
2,8,1.11899e6,-1.0796301167154547,-0.8693272921435614,TIME_LIMIT,262990,0,0,9,8
2,8,1.119187e6,-1.0796290738652856,-0.8693272921435614,TIME_LIMIT,263017,0,0,15,1
2,8,1.119359e6,-1.0796290738652856,-0.8693272921435614,TIME_LIMIT,263042,0,0,15,18
2,8,1.11949e6,-1.0796163482799632,-0.8693272921435614,TIME_LIMIT,263077,0,0,16,8
2,8,1.119645e6,-1.0796163482799632,-0.8693272921435614,TIME_LIMIT,263100,0,0,18,15
2,8,1.11986e6,-1.079613328608863,-0.8693272921435614,TIME_LIMIT,263139,0,0,19,8
2,8,1.119985e6,-1.079613328608863,-0.8693272921435614,TIME_LIMIT,263160,0,0,18,19
2,8,1.120214e6,-1.0795894348713153,-0.8693272921435614,TIME_LIMIT,263198,0,0,18,12
2,8,1.120441e6,-1.0795894348713153,-0.8693272921435614,TIME_LIMIT,263216,0,0,15,32
2,8,1.12066e6,-1.0795754236202448,-0.8693272921435614,TIME_LIMIT,263254,0,0,17,11
2,8,1.120889e6,-1.0795754236202448,-0.8693272921435614,TIME_LIMIT,263284,0,0,21,25
2,8,1.121112e6,-1.0795617816668384,-0.8693272921435614,TIME_LIMIT,263320,0,0,18,12
2,8,1.121332e6,-1.0795617816668384,-0.8693272921435614,TIME_LIMIT,263343,0,0,16,18
2,8,1.121558e6,-1.0795585467776845,-0.8693272921435614,TIME_LIMIT,263376,0,0,16,10
2,8,1.121622e6,-1.0795585467776845,-0.8693272921435614,TIME_LIMIT,263397,0,0,12,12
2,8,1.121662e6,-1.0795468979304503,-0.8693272921435614,TIME_LIMIT,263423,0,0,13,2
2,8,1.121779e6,-1.0795468979304503,-0.8693272921435614,TIME_LIMIT,263448,0,0,20,10
2,8,1.121868e6,-1.07954587747261,-0.8693272921435614,TIME_LIMIT,263475,0,0,14,8
2,8,1.121905e6,-1.07954587747261,-0.8693272921435614,TIME_LIMIT,263490,0,0,9,4
2,8,1.121935e6,-1.0795442650882157,-0.8693272921435614,TIME_LIMIT,263504,0,0,5,2
2,8,1.122149e6,-1.0795442650882157,-0.8693272921435614,TIME_LIMIT,263522,0,0,18,13
2,8,1.122365e6,-1.0795159771113734,-0.8693272921435614,TIME_LIMIT,263557,0,0,18,7
2,8,1.12251e6,-1.0795159771113734,-0.8693272921435614,TIME_LIMIT,263583,0,0,17,16
2,8,1.122728e6,-1.0795077168590552,-0.8693272921435614,TIME_LIMIT,263622,0,0,17,8
2,8,1.122808e6,-1.0795077168590552,-0.8693272921435614,TIME_LIMIT,263641,0,0,14,18
2,8,1.122959e6,-1.0795073235192438,-0.8693272921435614,TIME_LIMIT,263679,0,0,17,9
2,8,1.123181e6,-1.0795073235192438,-0.8693272921435614,TIME_LIMIT,263705,0,0,19,27
2,8,1.123396e6,-1.0794996559582706,-0.8693272921435614,TIME_LIMIT,263740,0,0,16,12
2,8,1.123477e6,-1.0794996559582706,-0.8693272921435614,TIME_LIMIT,263760,0,0,11,8
2,8,1.123506e6,-1.079487038691833,-0.8693272921435614,TIME_LIMIT,263778,0,0,7,1
2,8,1.123552e6,-1.079487038691833,-0.8693272921435614,TIME_LIMIT,263799,0,0,13,8
2,8,1.123604e6,-1.0794839899331485,-0.8693272921435614,TIME_LIMIT,263819,0,0,5,8
2,8,1.123703e6,-1.0794839899331485,-0.8693272921435614,TIME_LIMIT,263841,0,0,7,10
2,8,1.123784e6,-1.079478173949287,-0.8693272921435614,TIME_LIMIT,263867,0,0,4,2
2,8,1.123871e6,-1.079478173949287,-0.8693272921435614,TIME_LIMIT,263887,0,0,15,11
2,8,1.123931e6,-1.0794776762742673,-0.8693272921435614,TIME_LIMIT,263908,0,0,9,3
2,8,1.124031e6,-1.0794776762742673,-0.8693272921435614,TIME_LIMIT,263930,0,0,19,18
2,8,1.124158e6,-1.079475867303538,-0.8693272921435614,TIME_LIMIT,263968,0,0,20,2
2,8,1.124336e6,-1.079475867303538,-0.8693272921435614,TIME_LIMIT,264001,0,0,21,17
2,8,1.124468e6,-1.079473437669683,-0.8693272921435614,TIME_LIMIT,264026,0,0,16,4
2,8,1.124554e6,-1.079473437669683,-0.8693272921435614,TIME_LIMIT,264049,0,0,13,12
2,8,1.124687e6,-1.0794534759819845,-0.8693272921435614,TIME_LIMIT,264080,0,0,18,5
2,8,1.124809e6,-1.0794534759819845,-0.8693272921435614,TIME_LIMIT,264103,0,0,10,20
2,8,1.124906e6,-1.0794518002993936,-0.8693272921435614,TIME_LIMIT,264127,0,0,8,6
2,8,1.12496e6,-1.0794518002993936,-0.8693272921435614,TIME_LIMIT,264146,0,0,12,11
2,8,1.125039e6,-1.0794478334887652,-0.8693272921435614,TIME_LIMIT,264172,0,0,10,8
2,8,1.125165e6,-1.0794478334887652,-0.8693272921435614,TIME_LIMIT,264194,0,0,4,11
2,8,1.125259e6,-1.0794478207937348,-0.8693272921435614,TIME_LIMIT,264220,0,0,12,6
2,8,1.125353e6,-1.0794478207937348,-0.8693272921435614,TIME_LIMIT,264240,0,0,12,15
2,8,1.125436e6,-1.0794478097964855,-0.8693272921435614,TIME_LIMIT,264266,0,0,9,4
2,8,1.12553e6,-1.0794478097964855,-0.8693272921435614,TIME_LIMIT,264290,0,0,17,6
2,8,1.125606e6,-1.0794390691956899,-0.8693272921435614,TIME_LIMIT,264323,0,0,17,3
2,8,1.125799e6,-1.0794390691956899,-0.8693272921435614,TIME_LIMIT,264343,0,0,14,15
2,8,1.125893e6,-1.0794354975466605,-0.8693272921435614,TIME_LIMIT,264373,0,0,14,5
2,8,1.125992e6,-1.0794354975466605,-0.8693272921435614,TIME_LIMIT,264398,0,0,14,12
2,8,1.126103e6,-1.079431949964714,-0.8693272921435614,TIME_LIMIT,264434,0,0,15,10
2,8,1.126165e6,-1.079431949964714,-0.8693272921435614,TIME_LIMIT,264448,0,0,12,14
2,8,1.126286e6,-1.0794261907510339,-0.8693272921435614,TIME_LIMIT,264484,0,0,12,8
2,8,1.126503e6,-1.0794261907510339,-0.8693272921435614,TIME_LIMIT,264501,0,0,13,15
2,8,1.126639e6,-1.0794183319074606,-0.8693272921435614,TIME_LIMIT,264528,0,0,9,4
2,8,1.126681e6,-1.0794183319074606,-0.8693272921435614,TIME_LIMIT,264551,0,0,9,10
2,8,1.126795e6,-1.0794114507770094,-0.8693272921435614,TIME_LIMIT,264572,0,0,12,10
2,8,1.126967e6,-1.0794114507770094,-0.8693272921435614,TIME_LIMIT,264595,0,0,17,19
2,8,1.127136e6,-1.0794101894976167,-0.8693272921435614,TIME_LIMIT,264631,0,0,10,9
2,8,1.127201e6,-1.0794101894976167,-0.8693272921435614,TIME_LIMIT,264653,0,0,11,18
2,8,1.127264e6,-1.079409927018447,-0.8693272921435614,TIME_LIMIT,264679,0,0,12,11
2,8,1.127341e6,-1.079409927018447,-0.8693272921435614,TIME_LIMIT,264699,0,0,17,25
2,8,1.127424e6,-1.0794007850844762,-0.8693272921435614,TIME_LIMIT,264725,0,0,12,6
2,8,1.127479e6,-1.0794007850844762,-0.8693272921435614,TIME_LIMIT,264741,0,0,16,17
2,8,1.127676e6,-1.079395133009541,-0.8693272921435614,TIME_LIMIT,264773,0,0,6,3
2,8,1.127901e6,-1.079395133009541,-0.8693272921435614,TIME_LIMIT,264798,0,0,19,33
2,8,1.128058e6,-1.079385801078884,-0.8693272921435614,TIME_LIMIT,264832,0,0,18,7
2,8,1.128139e6,-1.079385801078884,-0.8693272921435614,TIME_LIMIT,264858,0,0,15,4
2,8,1.12817e6,-1.0793760429761932,-0.8693272921435614,TIME_LIMIT,264876,0,0,9,3
2,8,1.128258e6,-1.0793760429761932,-0.8693272921435614,TIME_LIMIT,264899,0,0,18,3
2,8,1.128334e6,-1.0793570755508362,-0.8693272921435614,TIME_LIMIT,264925,0,0,14,5
2,8,1.128498e6,-1.0793570755508362,-0.8693272921435614,TIME_LIMIT,264944,0,0,13,18
2,8,1.128668e6,-1.0793549704939025,-0.8693272921435614,TIME_LIMIT,264984,0,0,23,7
2,8,1.128887e6,-1.0793549704939025,-0.8693272921435614,TIME_LIMIT,265014,0,0,14,13
2,8,1.129092e6,-1.079342939383152,-0.8693272921435614,TIME_LIMIT,265051,0,0,4,4
2,8,1.12927e6,-1.079342939383152,-0.8693272921435614,TIME_LIMIT,265071,0,0,16,24
2,8,1.129427e6,-1.0793325795367146,-0.8693272921435614,TIME_LIMIT,265108,0,0,15,10
2,8,1.12955e6,-1.0793325795367146,-0.8693272921435614,TIME_LIMIT,265128,0,0,22,8
2,8,1.129642e6,-1.0793164514781732,-0.8693272921435614,TIME_LIMIT,265154,0,0,14,4
2,8,1.129706e6,-1.0793164514781732,-0.8693272921435614,TIME_LIMIT,265170,0,0,13,11
2,8,1.129889e6,-1.0793157381030312,-0.8693272921435614,TIME_LIMIT,265201,0,0,11,10
2,8,1.130115e6,-1.0793157381030312,-0.8693272921435614,TIME_LIMIT,265224,0,0,22,13
2,8,1.130239e6,-1.0793110804532517,-0.8693272921435614,TIME_LIMIT,265257,0,0,18,8
2,8,1.130455e6,-1.0793110804532517,-0.8693272921435614,TIME_LIMIT,265288,0,0,29,28
2,8,1.130627e6,-1.0793030543966473,-0.8693272921435614,TIME_LIMIT,265327,0,0,11,11
2,8,1.130788e6,-1.0793030543966473,-0.8693272921435614,TIME_LIMIT,265350,0,0,18,26
2,8,1.131011e6,-1.0792881890241333,-0.8693272921435614,TIME_LIMIT,265382,0,0,9,6
2,8,1.131148e6,-1.0792881890241333,-0.8693272921435614,TIME_LIMIT,265402,0,0,9,10
2,8,1.131318e6,-1.079288159439212,-0.8693272921435614,TIME_LIMIT,265441,0,0,11,10
2,8,1.131418e6,-1.079288159439212,-0.8693272921435614,TIME_LIMIT,265464,0,0,14,15
2,8,1.13152e6,-1.0792837630000944,-0.8693272921435614,TIME_LIMIT,265493,0,0,14,9
2,8,1.131596e6,-1.0792837630000944,-0.8693272921435614,TIME_LIMIT,265514,0,0,16,8
2,8,1.131781e6,-1.0792824551984381,-0.8693272921435614,TIME_LIMIT,265550,0,0,11,5
2,8,1.131951e6,-1.0792824551984381,-0.8693272921435614,TIME_LIMIT,265569,0,0,14,10
2,8,1.13204e6,-1.0792798383184365,-0.8693272921435614,TIME_LIMIT,265594,0,0,14,4
2,8,1.132115e6,-1.0792798383184365,-0.8693272921435614,TIME_LIMIT,265613,0,0,9,15
2,8,1.132256e6,-1.079278451010838,-0.8693272921435614,TIME_LIMIT,265645,0,0,14,3
2,8,1.132306e6,-1.079278451010838,-0.8693272921435614,TIME_LIMIT,265659,0,0,13,11
2,8,1.132362e6,-1.0792458707427468,-0.8693272921435614,TIME_LIMIT,265686,0,0,10,8
2,8,1.132411e6,-1.0792458707427468,-0.8693272921435614,TIME_LIMIT,265704,0,0,14,7
2,8,1.132448e6,-1.0792452997898694,-0.8693272921435614,TIME_LIMIT,265724,0,0,7,4
2,8,1.132649e6,-1.0792452997898694,-0.8693272921435614,TIME_LIMIT,265747,0,0,21,11
2,8,1.132846e6,-1.0792435669000637,-0.8693272921435614,TIME_LIMIT,265779,0,0,10,11
2,8,1.132964e6,-1.0792435669000637,-0.8693272921435614,TIME_LIMIT,265800,0,0,14,11
2,8,1.133087e6,-1.0791937540206786,-0.8693272921435614,TIME_LIMIT,265830,0,0,14,7
2,8,1.133304e6,-1.0791937540206786,-0.8693272921435614,TIME_LIMIT,265855,0,0,18,12
2,8,1.133533e6,-1.0791773337911856,-0.8693272921435614,TIME_LIMIT,265890,0,0,18,8
2,8,1.133748e6,-1.0791773337911856,-0.8693272921435614,TIME_LIMIT,265920,0,0,23,28
2,8,1.13387e6,-1.079145311461886,-0.8693272921435614,TIME_LIMIT,265954,0,0,22,14
2,8,1.133902e6,-1.079145311461886,-0.8693272921435614,TIME_LIMIT,265966,0,0,13,7
2,8,1.133973e6,-1.0791448097062206,-0.8693272921435614,TIME_LIMIT,265991,0,0,11,4
2,8,1.134082e6,-1.0791448097062206,-0.8693272921435614,TIME_LIMIT,266014,0,0,12,14
2,8,1.134137e6,-1.0791405687507978,-0.8693272921435614,TIME_LIMIT,266044,0,0,13,5
2,8,1.134227e6,-1.0791405687507978,-0.8693272921435614,TIME_LIMIT,266065,0,0,15,10
2,8,1.13437e6,-1.0791398509371037,-0.8693272921435614,TIME_LIMIT,266091,0,0,13,9
2,8,1.134488e6,-1.0791398509371037,-0.8693272921435614,TIME_LIMIT,266112,0,0,18,11
2,8,1.134586e6,-1.0791235073996037,-0.8693272921435614,TIME_LIMIT,266144,0,0,10,6
2,8,1.134759e6,-1.0791235073996037,-0.8693272921435614,TIME_LIMIT,266170,0,0,25,7
2,8,1.134898e6,-1.0791146977072619,-0.8693272921435614,TIME_LIMIT,266199,0,0,12,7
2,8,1.134939e6,-1.0791146977072619,-0.8693272921435614,TIME_LIMIT,266214,0,0,12,8
2,8,1.135065e6,-1.0790810918628047,-0.8693272921435614,TIME_LIMIT,266240,0,0,10,1
2,8,1.135176e6,-1.0790810918628047,-0.8693272921435614,TIME_LIMIT,266260,0,0,11,6
2,8,1.13526e6,-1.079062461888594,-0.8693272921435614,TIME_LIMIT,266284,0,0,3,4
2,8,1.135356e6,-1.079062461888594,-0.8693272921435614,TIME_LIMIT,266304,0,0,14,19
2,8,1.135586e6,-1.079057746380652,-0.8693272921435614,TIME_LIMIT,266340,0,0,8,4
2,8,1.135797e6,-1.079057746380652,-0.8693272921435614,TIME_LIMIT,266372,0,0,25,22
2,8,1.135965e6,-1.0790539879988161,-0.8693272921435614,TIME_LIMIT,266401,0,0,10,7
2,8,1.136179e6,-1.0790539879988161,-0.8693272921435614,TIME_LIMIT,266424,0,0,23,26
2,8,1.136358e6,-1.0790378527485036,-0.8693272921435614,TIME_LIMIT,266461,0,0,20,17
2,8,1.136397e6,-1.0790378527485036,-0.8693272921435614,TIME_LIMIT,266480,0,0,14,5
2,8,1.136455e6,-1.0790323642243829,-0.8693272921435614,TIME_LIMIT,266505,0,0,8,6
2,8,1.136664e6,-1.0790323642243829,-0.8693272921435614,TIME_LIMIT,266528,0,0,19,17
2,8,1.136783e6,-1.0790241026334726,-0.8693272921435614,TIME_LIMIT,266562,0,0,8,6
2,8,1.136844e6,-1.0790241026334726,-0.8693272921435614,TIME_LIMIT,266582,0,0,16,4
2,8,1.136882e6,-1.0789975355471437,-0.8693272921435614,TIME_LIMIT,266606,0,0,8,4
2,8,1.137007e6,-1.0789975355471437,-0.8693272921435614,TIME_LIMIT,266628,0,0,25,6
2,8,1.137166e6,-1.0789969825988013,-0.8693272921435614,TIME_LIMIT,266661,0,0,19,9
2,8,1.137279e6,-1.0789969825988013,-0.8693272921435614,TIME_LIMIT,266679,0,0,15,19
2,8,1.137475e6,-1.0789963995628633,-0.8693272921435614,TIME_LIMIT,266717,0,0,18,10
2,8,1.137698e6,-1.0789963995628633,-0.8693272921435614,TIME_LIMIT,266741,0,0,17,3
2,8,1.137782e6,-1.0789843162402466,-0.8693272921435614,TIME_LIMIT,266762,0,0,13,6
2,8,1.137862e6,-1.0789843162402466,-0.8693272921435614,TIME_LIMIT,266783,0,0,14,28
2,8,1.138016e6,-1.0789828352973523,-0.8693272921435614,TIME_LIMIT,266818,0,0,11,17
2,8,1.138049e6,-1.0789828352973523,-0.8693272921435614,TIME_LIMIT,266833,0,0,8,8
2,8,1.138088e6,-1.0789799607480095,-0.8693272921435614,TIME_LIMIT,266855,0,0,5,5
2,8,1.138121e6,-1.0789799607480095,-0.8693272921435614,TIME_LIMIT,266876,0,0,12,7
2,8,1.138161e6,-1.0789657343430215,-0.8693272921435614,TIME_LIMIT,266896,0,0,5,3
2,8,1.138232e6,-1.0789657343430215,-0.8693272921435614,TIME_LIMIT,266918,0,0,13,12
2,8,1.138343e6,-1.0789355383256098,-0.8693272921435614,TIME_LIMIT,266943,0,0,6,2
2,8,1.138427e6,-1.0789355383256098,-0.8693272921435614,TIME_LIMIT,266964,0,0,12,15
2,8,1.138645e6,-1.0789288247680209,-0.8693272921435614,TIME_LIMIT,266993,0,0,10,10
2,8,1.138838e6,-1.0789288247680209,-0.8693272921435614,TIME_LIMIT,267016,0,0,13,19
2,8,1.13897e6,-1.0789223054749206,-0.8693272921435614,TIME_LIMIT,267038,0,0,9,3
2,8,1.139154e6,-1.0789223054749206,-0.8693272921435614,TIME_LIMIT,267059,0,0,22,20
2,8,1.13938e6,-1.078907112843401,-0.8693272921435614,TIME_LIMIT,267097,0,0,18,10
2,8,1.139538e6,-1.078907112843401,-0.8693272921435614,TIME_LIMIT,267121,0,0,19,29
2,8,1.139719e6,-1.078884601207272,-0.8693272921435614,TIME_LIMIT,267150,0,0,9,8
2,8,1.139887e6,-1.078884601207272,-0.8693272921435614,TIME_LIMIT,267171,0,0,17,10
2,8,1.139983e6,-1.0788696658067938,-0.8693272921435614,TIME_LIMIT,267204,0,0,21,5
2,8,1.140039e6,-1.0788696658067938,-0.8693272921435614,TIME_LIMIT,267224,0,0,17,13
2,8,1.140212e6,-1.0788678592849599,-0.8693272921435614,TIME_LIMIT,267253,0,0,16,11
2,8,1.140244e6,-1.0788678592849599,-0.8693272921435614,TIME_LIMIT,267266,0,0,15,10
2,8,1.140289e6,-1.078867806703375,-0.8693272921435614,TIME_LIMIT,267288,0,0,5,3
2,8,1.140347e6,-1.078867806703375,-0.8693272921435614,TIME_LIMIT,267309,0,0,11,9
2,8,1.140404e6,-1.078859352623725,-0.8693272921435614,TIME_LIMIT,267328,0,0,9,6
2,8,1.140442e6,-1.078859352623725,-0.8693272921435614,TIME_LIMIT,267347,0,0,10,4
2,8,1.140476e6,-1.0788530562710266,-0.8693272921435614,TIME_LIMIT,267362,0,0,8,4
2,8,1.140621e6,-1.0788530562710266,-0.8693272921435614,TIME_LIMIT,267385,0,0,6,16
2,8,1.140705e6,-1.0788505991077908,-0.8693272921435614,TIME_LIMIT,267409,0,0,11,4
2,8,1.14082e6,-1.0788505991077908,-0.8693272921435614,TIME_LIMIT,267429,0,0,16,22
2,8,1.140962e6,-1.0788454493380162,-0.8693272921435614,TIME_LIMIT,267461,0,0,9,7
2,8,1.140983e6,-1.0788454493380162,-0.8693272921435614,TIME_LIMIT,267471,0,0,5,5
2,8,1.140994e6,-1.0788429159240762,-0.8693272921435614,TIME_LIMIT,267481,0,0,1,2
2,8,1.141119e6,-1.0788429159240762,-0.8693272921435614,TIME_LIMIT,267503,0,0,12,16
2,8,1.141276e6,-1.0788269728258157,-0.8693272921435614,TIME_LIMIT,267537,0,0,17,9
2,8,1.141334e6,-1.0788269728258157,-0.8693272921435614,TIME_LIMIT,267554,0,0,8,5
2,8,1.141358e6,-1.078824368471524,-0.8693272921435614,TIME_LIMIT,267569,0,0,5,1
2,8,1.141497e6,-1.078824368471524,-0.8693272921435614,TIME_LIMIT,267589,0,0,25,17
2,8,1.141722e6,-1.0788185116810736,-0.8693272921435614,TIME_LIMIT,267622,0,0,14,9
2,8,1.14176e6,-1.0788185116810736,-0.8693272921435614,TIME_LIMIT,267641,0,0,13,8
2,8,1.141841e6,-1.0788157833586705,-0.8693272921435614,TIME_LIMIT,267669,0,0,12,4
2,8,1.141961e6,-1.0788157833586705,-0.8693272921435614,TIME_LIMIT,267697,0,0,14,34
2,8,1.142177e6,-1.07881532975488,-0.8693272921435614,TIME_LIMIT,267727,0,0,14,15
2,8,1.142358e6,-1.07881532975488,-0.8693272921435614,TIME_LIMIT,267750,0,0,18,13
2,8,1.142439e6,-1.0787966911625386,-0.8693272921435614,TIME_LIMIT,267777,0,0,13,3
2,8,1.14266e6,-1.0787966911625386,-0.8693272921435614,TIME_LIMIT,267798,0,0,20,19
2,8,1.142884e6,-1.0787798164486198,-0.8693272921435614,TIME_LIMIT,267831,0,0,24,19
2,8,1.143082e6,-1.0787798164486198,-0.8693272921435614,TIME_LIMIT,267856,0,0,16,16
2,8,1.143213e6,-1.0787602754431456,-0.8693272921435614,TIME_LIMIT,267891,0,0,16,9
2,8,1.143299e6,-1.0787602754431456,-0.8693272921435614,TIME_LIMIT,267907,0,0,16,21
2,8,1.14352e6,-1.0787580572443047,-0.8693272921435614,TIME_LIMIT,267946,0,0,18,9
2,8,1.143592e6,-1.0787580572443047,-0.8693272921435614,TIME_LIMIT,267962,0,0,11,9
2,8,1.143626e6,-1.0787562376977586,-0.8693272921435614,TIME_LIMIT,267982,0,0,3,4
2,8,1.143655e6,-1.0787562376977586,-0.8693272921435614,TIME_LIMIT,267997,0,0,21,21
2,8,1.143728e6,-1.0787494738441386,-0.8693272921435614,TIME_LIMIT,268030,0,0,15,8
2,8,1.143779e6,-1.0787494738441386,-0.8693272921435614,TIME_LIMIT,268047,0,0,11,11
2,8,1.143856e6,-1.0787457247633956,-0.8693272921435614,TIME_LIMIT,268072,0,0,4,2
2,8,1.144069e6,-1.0787457247633956,-0.8693272921435614,TIME_LIMIT,268092,0,0,18,24
2,8,1.144209e6,-1.0787411905922775,-0.8693272921435614,TIME_LIMIT,268125,0,0,16,8
2,8,1.144425e6,-1.0787411905922775,-0.8693272921435614,TIME_LIMIT,268154,0,0,26,20
2,8,1.144643e6,-1.0787164177754234,-0.8693272921435614,TIME_LIMIT,268183,0,0,17,6
2,8,1.144717e6,-1.0787164177754234,-0.8693272921435614,TIME_LIMIT,268203,0,0,17,17
2,8,1.144816e6,-1.0787088585915678,-0.8693272921435614,TIME_LIMIT,268229,0,0,12,8
2,8,1.144938e6,-1.0787088585915678,-0.8693272921435614,TIME_LIMIT,268252,0,0,19,20
2,8,1.145156e6,-1.078706697324179,-0.8693272921435614,TIME_LIMIT,268285,0,0,19,3
2,8,1.14529e6,-1.078706697324179,-0.8693272921435614,TIME_LIMIT,268308,0,0,9,4
2,8,1.145343e6,-1.0787041506639286,-0.8693272921435614,TIME_LIMIT,268323,0,0,12,4
2,8,1.145432e6,-1.0787041506639286,-0.8693272921435614,TIME_LIMIT,268341,0,0,7,9
2,8,1.14546e6,-1.0786993363416317,-0.8693272921435614,TIME_LIMIT,268359,0,0,5,3
2,8,1.145668e6,-1.0786993363416317,-0.8693272921435614,TIME_LIMIT,268385,0,0,24,22
2,8,1.145888e6,-1.0786922324071628,-0.8693272921435614,TIME_LIMIT,268418,0,0,14,6
2,8,1.146014e6,-1.0786922324071628,-0.8693272921435614,TIME_LIMIT,268445,0,0,15,8
2,8,1.146059e6,-1.078691603346839,-0.8693272921435614,TIME_LIMIT,268461,0,0,14,9
2,8,1.146189e6,-1.078691603346839,-0.8693272921435614,TIME_LIMIT,268482,0,0,12,8
2,8,1.146312e6,-1.0786865298792694,-0.8693272921435614,TIME_LIMIT,268509,0,0,11,10
2,8,1.146378e6,-1.0786865298792694,-0.8693272921435614,TIME_LIMIT,268537,0,0,15,11
2,8,1.146513e6,-1.0786840970875797,-0.8693272921435614,TIME_LIMIT,268571,0,0,12,13
2,8,1.146669e6,-1.0786840970875797,-0.8693272921435614,TIME_LIMIT,268598,0,0,17,12
2,8,1.146713e6,-1.0786659651537196,-0.8693272921435614,TIME_LIMIT,268624,0,0,13,15
2,8,1.146808e6,-1.0786659651537196,-0.8693272921435614,TIME_LIMIT,268644,0,0,15,11
2,8,1.147001e6,-1.0786602528910916,-0.8693272921435614,TIME_LIMIT,268675,0,0,6,10
2,8,1.147155e6,-1.0786602528910916,-0.8693272921435614,TIME_LIMIT,268697,0,0,11,16
2,8,1.147363e6,-1.078654882635274,-0.8693272921435614,TIME_LIMIT,268728,0,0,6,5
2,8,1.147449e6,-1.078654882635274,-0.8693272921435614,TIME_LIMIT,268751,0,0,21,18
2,8,1.147674e6,-1.0786443877687826,-0.8693272921435614,TIME_LIMIT,268787,0,0,11,9
2,8,1.147743e6,-1.0786443877687826,-0.8693272921435614,TIME_LIMIT,268808,0,0,17,13
2,8,1.147886e6,-1.078635880322508,-0.8693272921435614,TIME_LIMIT,268835,0,0,8,7
2,8,1.147954e6,-1.078635880322508,-0.8693272921435614,TIME_LIMIT,268858,0,0,16,7
2,8,1.147992e6,-1.078629818715136,-0.8693272921435614,TIME_LIMIT,268882,0,0,11,7
2,8,1.148028e6,-1.078629818715136,-0.8693272921435614,TIME_LIMIT,268894,0,0,14,7
2,8,1.148071e6,-1.0786297524095017,-0.8693272921435614,TIME_LIMIT,268916,0,0,5,7
2,8,1.148144e6,-1.0786297524095017,-0.8693272921435614,TIME_LIMIT,268934,0,0,18,19
2,8,1.148214e6,-1.0786274616161475,-0.8693272921435614,TIME_LIMIT,268961,0,0,8,7
2,8,1.148299e6,-1.0786274616161475,-0.8693272921435614,TIME_LIMIT,268980,0,0,17,22
2,8,1.148401e6,-1.0786250875936036,-0.8693272921435614,TIME_LIMIT,269014,0,0,15,8
2,8,1.148533e6,-1.0786250875936036,-0.8693272921435614,TIME_LIMIT,269039,0,0,24,19
2,8,1.148753e6,-1.0786242166960103,-0.8693272921435614,TIME_LIMIT,269078,0,0,11,11
2,8,1.148976e6,-1.0786242166960103,-0.8693272921435614,TIME_LIMIT,269100,0,0,20,17
2,8,1.14912e6,-1.0786077562042178,-0.8693272921435614,TIME_LIMIT,269137,0,0,18,8
2,8,1.14922e6,-1.0786077562042178,-0.8693272921435614,TIME_LIMIT,269161,0,0,7,4
2,8,1.149274e6,-1.078601728422044,-0.8693272921435614,TIME_LIMIT,269182,0,0,8,3
2,8,1.149357e6,-1.078601728422044,-0.8693272921435614,TIME_LIMIT,269201,0,0,17,7
2,8,1.14948e6,-1.0786011796126938,-0.8693272921435614,TIME_LIMIT,269232,0,0,13,7
2,8,1.149565e6,-1.0786011796126938,-0.8693272921435614,TIME_LIMIT,269253,0,0,13,13
2,8,1.1496e6,-1.078595197455675,-0.8693272921435614,TIME_LIMIT,269273,0,0,14,8
2,8,1.14966e6,-1.078595197455675,-0.8693272921435614,TIME_LIMIT,269289,0,0,11,2
2,8,1.149745e6,-1.078591778875917,-0.8693272921435614,TIME_LIMIT,269314,0,0,10,3
2,8,1.149795e6,-1.078591778875917,-0.8693272921435614,TIME_LIMIT,269328,0,0,12,14
2,8,1.149879e6,-1.0785838322748138,-0.8693272921435614,TIME_LIMIT,269358,0,0,17,3
2,8,1.149933e6,-1.0785838322748138,-0.8693272921435614,TIME_LIMIT,269375,0,0,7,13
2,8,1.150005e6,-1.078580633964783,-0.8693272921435614,TIME_LIMIT,269404,0,0,8,5
2,8,1.150126e6,-1.078580633964783,-0.8693272921435614,TIME_LIMIT,269425,0,0,16,16
2,8,1.150224e6,-1.0785802103553972,-0.8693272921435614,TIME_LIMIT,269454,0,0,16,5
2,8,1.150288e6,-1.0785802103553972,-0.8693272921435614,TIME_LIMIT,269477,0,0,22,12
2,8,1.150351e6,-1.078573260230287,-0.8693272921435614,TIME_LIMIT,269504,0,0,9,6
2,8,1.150393e6,-1.078573260230287,-0.8693272921435614,TIME_LIMIT,269528,0,0,15,11
2,8,1.150438e6,-1.0785672051542279,-0.8693272921435614,TIME_LIMIT,269551,0,0,5,7
2,8,1.150543e6,-1.0785672051542279,-0.8693272921435614,TIME_LIMIT,269574,0,0,17,13
2,8,1.150656e6,-1.0785204732789158,-0.8693272921435614,TIME_LIMIT,269604,0,0,12,8
2,8,1.150719e6,-1.0785204732789158,-0.8693272921435614,TIME_LIMIT,269623,0,0,17,12
2,8,1.150896e6,-1.0785070874782394,-0.8693272921435614,TIME_LIMIT,269656,0,0,17,8
2,8,1.151104e6,-1.0785070874782394,-0.8693272921435614,TIME_LIMIT,269682,0,0,6,22
2,8,1.151325e6,-1.078503644129817,-0.8693272921435614,TIME_LIMIT,269710,0,0,14,5
2,8,1.151484e6,-1.078503644129817,-0.8693272921435614,TIME_LIMIT,269735,0,0,18,20
2,8,1.151574e6,-1.078499427387872,-0.8693272921435614,TIME_LIMIT,269764,0,0,13,6
2,8,1.151783e6,-1.078499427387872,-0.8693272921435614,TIME_LIMIT,269798,0,0,17,9
2,8,1.151888e6,-1.078494030318066,-0.8693272921435614,TIME_LIMIT,269827,0,0,20,13
2,8,1.151943e6,-1.078494030318066,-0.8693272921435614,TIME_LIMIT,269849,0,0,9,5
2,8,1.151964e6,-1.0784908965737743,-0.8693272921435614,TIME_LIMIT,269863,0,0,9,4
2,8,1.15201e6,-1.0784908965737743,-0.8693272921435614,TIME_LIMIT,269880,0,0,13,12
2,8,1.152163e6,-1.0784898884211116,-0.8693272921435614,TIME_LIMIT,269910,0,0,8,8
2,8,1.15235e6,-1.0784898884211116,-0.8693272921435614,TIME_LIMIT,269930,0,0,10,17
2,8,1.152389e6,-1.078486555300867,-0.8693272921435614,TIME_LIMIT,269953,0,0,9,3
2,8,1.152504e6,-1.078486555300867,-0.8693272921435614,TIME_LIMIT,269979,0,0,20,28
2,8,1.152593e6,-1.0784859036894927,-0.8693272921435614,TIME_LIMIT,270012,0,0,18,12
2,8,1.152694e6,-1.0784859036894927,-0.8693272921435614,TIME_LIMIT,270036,0,0,12,7
2,8,1.152724e6,-1.078466754471011,-0.8693272921435614,TIME_LIMIT,270052,0,0,11,4
2,8,1.152845e6,-1.078466754471011,-0.8693272921435614,TIME_LIMIT,270076,0,0,17,8
2,8,1.152924e6,-1.0784608382782253,-0.8693272921435614,TIME_LIMIT,270098,0,0,14,3
2,8,1.153026e6,-1.0784608382782253,-0.8693272921435614,TIME_LIMIT,270121,0,0,17,20
2,8,1.153182e6,-1.078455681097485,-0.8693272921435614,TIME_LIMIT,270154,0,0,14,4
2,8,1.153362e6,-1.078455681097485,-0.8693272921435614,TIME_LIMIT,270178,0,0,15,31
2,8,1.153529e6,-1.078435822821726,-0.8693272921435614,TIME_LIMIT,270215,0,0,17,9
2,8,1.153741e6,-1.078435822821726,-0.8693272921435614,TIME_LIMIT,270238,0,0,16,12
2,8,1.153952e6,-1.0784279442671287,-0.8693272921435614,TIME_LIMIT,270267,0,0,16,13
2,8,1.154083e6,-1.0784279442671287,-0.8693272921435614,TIME_LIMIT,270292,0,0,20,15
2,8,1.154156e6,-1.0784273988127402,-0.8693272921435614,TIME_LIMIT,270321,0,0,15,5
2,8,1.154198e6,-1.0784273988127402,-0.8693272921435614,TIME_LIMIT,270336,0,0,21,6
2,8,1.154317e6,-1.0784257607287375,-0.8693272921435614,TIME_LIMIT,270365,0,0,10,4
2,8,1.154384e6,-1.0784257607287375,-0.8693272921435614,TIME_LIMIT,270388,0,0,11,14
2,8,1.154459e6,-1.0784232826907283,-0.8693272921435614,TIME_LIMIT,270413,0,0,7,6
2,8,1.154646e6,-1.0784232826907283,-0.8693272921435614,TIME_LIMIT,270438,0,0,17,20
2,8,1.154745e6,-1.078421160029144,-0.8693272921435614,TIME_LIMIT,270473,0,0,10,12
2,8,1.154841e6,-1.078421160029144,-0.8693272921435614,TIME_LIMIT,270492,0,0,16,13
2,8,1.154891e6,-1.0784161319741359,-0.8693272921435614,TIME_LIMIT,270515,0,0,10,3
2,8,1.155008e6,-1.0784161319741359,-0.8693272921435614,TIME_LIMIT,270548,0,0,23,17
2,8,1.155155e6,-1.0784095709535466,-0.8693272921435614,TIME_LIMIT,270573,0,0,22,6
2,8,1.155202e6,-1.0784095709535466,-0.8693272921435614,TIME_LIMIT,270591,0,0,17,13
2,8,1.15524e6,-1.0784091402899807,-0.8693272921435614,TIME_LIMIT,270607,0,0,8,8
2,8,1.155448e6,-1.0784091402899807,-0.8693272921435614,TIME_LIMIT,270631,0,0,18,12
2,8,1.155574e6,-1.0784019776803304,-0.8693272921435614,TIME_LIMIT,270662,0,0,11,5
2,8,1.155667e6,-1.0784019776803304,-0.8693272921435614,TIME_LIMIT,270684,0,0,17,11
2,8,1.155786e6,-1.078397682133248,-0.8693272921435614,TIME_LIMIT,270720,0,0,13,11
2,8,1.156e6,-1.078397682133248,-0.8693272921435614,TIME_LIMIT,270745,0,0,6,18
2,8,1.156121e6,-1.0783471057881524,-0.8693272921435614,TIME_LIMIT,270784,0,0,17,9
2,8,1.156211e6,-1.0783471057881524,-0.8693272921435614,TIME_LIMIT,270805,0,0,23,17
2,8,1.156303e6,-1.0783276396133108,-0.8693272921435614,TIME_LIMIT,270834,0,0,14,7
2,8,1.156517e6,-1.0783276396133108,-0.8693272921435614,TIME_LIMIT,270862,0,0,20,13
2,8,1.156697e6,-1.0783264398074468,-0.8693272921435614,TIME_LIMIT,270904,0,0,17,10
2,8,1.156853e6,-1.0783264398074468,-0.8693272921435614,TIME_LIMIT,270928,0,0,22,11
2,8,1.156911e6,-1.0783094791898495,-0.8693272921435614,TIME_LIMIT,270951,0,0,12,8
2,8,1.156955e6,-1.0783094791898495,-0.8693272921435614,TIME_LIMIT,270967,0,0,14,6
2,8,1.157011e6,-1.078274261324703,-0.8693272921435614,TIME_LIMIT,270993,0,0,12,7
2,8,1.157182e6,-1.078274261324703,-0.8693272921435614,TIME_LIMIT,271020,0,0,19,16
2,8,1.157388e6,-1.0782674386142532,-0.8693272921435614,TIME_LIMIT,271050,0,0,13,7
2,8,1.15749e6,-1.0782674386142532,-0.8693272921435614,TIME_LIMIT,271068,0,0,10,19
2,8,1.157637e6,-1.0782635060430779,-0.8693272921435614,TIME_LIMIT,271100,0,0,16,6
2,8,1.157702e6,-1.0782635060430779,-0.8693272921435614,TIME_LIMIT,271119,0,0,18,11
2,8,1.15779e6,-1.0782571031894674,-0.8693272921435614,TIME_LIMIT,271147,0,0,12,8
2,8,1.15785e6,-1.0782571031894674,-0.8693272921435614,TIME_LIMIT,271171,0,0,18,20
2,8,1.157987e6,-1.0782561330896185,-0.8693272921435614,TIME_LIMIT,271200,0,0,13,5
2,8,1.158079e6,-1.0782561330896185,-0.8693272921435614,TIME_LIMIT,271217,0,0,6,6
2,8,1.15814e6,-1.078252081548018,-0.8693272921435614,TIME_LIMIT,271246,0,0,9,5
2,8,1.158229e6,-1.078252081548018,-0.8693272921435614,TIME_LIMIT,271266,0,0,6,7
2,8,1.158298e6,-1.078250841335837,-0.8693272921435614,TIME_LIMIT,271290,0,0,4,2
2,8,1.158512e6,-1.078250841335837,-0.8693272921435614,TIME_LIMIT,271311,0,0,21,39
2,8,1.158734e6,-1.078244602784023,-0.8693272921435614,TIME_LIMIT,271350,0,0,19,9
2,8,1.158891e6,-1.078244602784023,-0.8693272921435614,TIME_LIMIT,271370,0,0,16,12
2,8,1.158953e6,-1.0782329409683793,-0.8693272921435614,TIME_LIMIT,271400,0,0,9,3
2,8,1.159066e6,-1.0782329409683793,-0.8693272921435614,TIME_LIMIT,271426,0,0,15,7
2,8,1.159113e6,-1.0782327243605052,-0.8693272921435614,TIME_LIMIT,271443,0,0,6,10
2,8,1.159308e6,-1.0782327243605052,-0.8693272921435614,TIME_LIMIT,271462,0,0,20,17
2,8,1.159463e6,-1.078229699671921,-0.8693272921435614,TIME_LIMIT,271497,0,0,20,4
2,8,1.15955e6,-1.078229699671921,-0.8693272921435614,TIME_LIMIT,271519,0,0,21,12
2,8,1.159671e6,-1.0782232836372336,-0.8693272921435614,TIME_LIMIT,271549,0,0,12,7
2,8,1.159745e6,-1.0782232836372336,-0.8693272921435614,TIME_LIMIT,271569,0,0,17,10
2,8,1.159842e6,-1.078219675339823,-0.8693272921435614,TIME_LIMIT,271596,0,0,14,6
2,8,1.16001e6,-1.078219675339823,-0.8693272921435614,TIME_LIMIT,271618,0,0,10,15
2,8,1.160038e6,-1.0782044411914984,-0.8693272921435614,TIME_LIMIT,271636,0,0,7,3
2,8,1.16024e6,-1.0782044411914984,-0.8693272921435614,TIME_LIMIT,271671,0,0,12,16
2,8,1.160345e6,-1.078194403859146,-0.8693272921435614,TIME_LIMIT,271696,0,0,12,12
2,8,1.160555e6,-1.078194403859146,-0.8693272921435614,TIME_LIMIT,271724,0,0,11,12
2,8,1.160672e6,-1.0781860845201257,-0.8693272921435614,TIME_LIMIT,271751,0,0,11,10
2,8,1.160816e6,-1.0781860845201257,-0.8693272921435614,TIME_LIMIT,271774,0,0,16,13
2,8,1.160991e6,-1.0781815036095936,-0.8693272921435614,TIME_LIMIT,271809,0,0,13,15
2,8,1.161039e6,-1.0781815036095936,-0.8693272921435614,TIME_LIMIT,271827,0,0,13,12
2,8,1.161146e6,-1.0781758657909177,-0.8693272921435614,TIME_LIMIT,271857,0,0,14,4
2,8,1.161176e6,-1.0781758657909177,-0.8693272921435614,TIME_LIMIT,271873,0,0,12,3
2,8,1.161215e6,-1.078172526167428,-0.8693272921435614,TIME_LIMIT,271893,0,0,10,7
2,8,1.161422e6,-1.078172526167428,-0.8693272921435614,TIME_LIMIT,271911,0,0,10,18
2,8,1.161524e6,-1.0781685072412956,-0.8693272921435614,TIME_LIMIT,271949,0,0,11,8
2,8,1.161581e6,-1.0781685072412956,-0.8693272921435614,TIME_LIMIT,271971,0,0,19,15
2,8,1.161708e6,-1.0781534451997419,-0.8693272921435614,TIME_LIMIT,272003,0,0,17,14
2,8,1.161877e6,-1.0781534451997419,-0.8693272921435614,TIME_LIMIT,272032,0,0,18,9
2,8,1.161971e6,-1.0781484498013203,-0.8693272921435614,TIME_LIMIT,272055,0,0,14,14
2,8,1.162037e6,-1.0781484498013203,-0.8693272921435614,TIME_LIMIT,272071,0,0,10,12
2,8,1.162155e6,-1.0781459089978083,-0.8693272921435614,TIME_LIMIT,272102,0,0,13,6
2,8,1.162256e6,-1.0781459089978083,-0.8693272921435614,TIME_LIMIT,272123,0,0,12,17
2,8,1.162359e6,-1.0781366551818854,-0.8693272921435614,TIME_LIMIT,272157,0,0,16,4
2,8,1.162497e6,-1.0781366551818854,-0.8693272921435614,TIME_LIMIT,272179,0,0,17,13
2,8,1.16263e6,-1.0781293254071223,-0.8693272921435614,TIME_LIMIT,272208,0,0,14,9
2,8,1.162802e6,-1.0781293254071223,-0.8693272921435614,TIME_LIMIT,272229,0,0,13,13
2,8,1.162973e6,-1.0781042249417778,-0.8693272921435614,TIME_LIMIT,272254,0,0,14,3
2,8,1.163113e6,-1.0781042249417778,-0.8693272921435614,TIME_LIMIT,272282,0,0,23,22
2,8,1.163263e6,-1.0780952695547337,-0.8693272921435614,TIME_LIMIT,272313,0,0,14,3
2,8,1.163364e6,-1.0780952695547337,-0.8693272921435614,TIME_LIMIT,272336,0,0,12,8
2,8,1.163419e6,-1.078074976883154,-0.8693272921435614,TIME_LIMIT,272355,0,0,11,6
2,8,1.16358e6,-1.078074976883154,-0.8693272921435614,TIME_LIMIT,272378,0,0,20,20
2,8,1.163643e6,-1.0780653386186674,-0.8693272921435614,TIME_LIMIT,272407,0,0,11,5
2,8,1.16368e6,-1.0780653386186674,-0.8693272921435614,TIME_LIMIT,272428,0,0,14,10
2,8,1.163725e6,-1.0780614038201248,-0.8693272921435614,TIME_LIMIT,272448,0,0,7,11
2,8,1.163857e6,-1.0780614038201248,-0.8693272921435614,TIME_LIMIT,272474,0,0,23,17
2,8,1.164078e6,-1.0780594136178085,-0.8693272921435614,TIME_LIMIT,272506,0,0,13,4
2,8,1.164292e6,-1.0780594136178085,-0.8693272921435614,TIME_LIMIT,272529,0,0,19,19
2,8,1.164505e6,-1.0780516111365972,-0.8693272921435614,TIME_LIMIT,272561,0,0,15,4
2,8,1.164637e6,-1.0780516111365972,-0.8693272921435614,TIME_LIMIT,272578,0,0,13,10
2,8,1.164717e6,-1.0780513921136778,-0.8693272921435614,TIME_LIMIT,272602,0,0,9,5
2,8,1.164925e6,-1.0780513921136778,-0.8693272921435614,TIME_LIMIT,272628,0,0,12,10
2,8,1.165132e6,-1.0780478361175938,-0.8693272921435614,TIME_LIMIT,272653,0,0,16,9
2,8,1.165195e6,-1.0780478361175938,-0.8693272921435614,TIME_LIMIT,272672,0,0,7,5
2,8,1.165284e6,-1.078047620811263,-0.8693272921435614,TIME_LIMIT,272697,0,0,6,8
2,8,1.165421e6,-1.078047620811263,-0.8693272921435614,TIME_LIMIT,272722,0,0,18,13
2,8,1.165505e6,-1.0780407380346557,-0.8693272921435614,TIME_LIMIT,272754,0,0,16,8
2,8,1.165645e6,-1.0780407380346557,-0.8693272921435614,TIME_LIMIT,272778,0,0,19,5
2,8,1.165723e6,-1.0780386398478161,-0.8693272921435614,TIME_LIMIT,272800,0,0,8,6
2,8,1.165775e6,-1.0780386398478161,-0.8693272921435614,TIME_LIMIT,272820,0,0,9,10
2,8,1.165899e6,-1.0780291569744398,-0.8693272921435614,TIME_LIMIT,272855,0,0,7,8
2,8,1.166017e6,-1.0780291569744398,-0.8693272921435614,TIME_LIMIT,272877,0,0,17,9
2,8,1.16612e6,-1.078022572109496,-0.8693272921435614,TIME_LIMIT,272911,0,0,15,7
2,8,1.166201e6,-1.078022572109496,-0.8693272921435614,TIME_LIMIT,272933,0,0,18,11
2,8,1.166328e6,-1.07802019824996,-0.8693272921435614,TIME_LIMIT,272962,0,0,13,8
2,8,1.166451e6,-1.07802019824996,-0.8693272921435614,TIME_LIMIT,272989,0,0,25,24
2,8,1.166553e6,-1.0780021567963334,-0.8693272921435614,TIME_LIMIT,273022,0,0,19,9
2,8,1.166626e6,-1.0780021567963334,-0.8693272921435614,TIME_LIMIT,273045,0,0,13,8
2,8,1.166736e6,-1.0779789575808745,-0.8693272921435614,TIME_LIMIT,273076,0,0,15,15
2,8,1.166916e6,-1.0779789575808745,-0.8693272921435614,TIME_LIMIT,273099,0,0,15,14
2,8,1.167015e6,-1.0779700317948884,-0.8693272921435614,TIME_LIMIT,273127,0,0,16,7
2,8,1.16712e6,-1.0779700317948884,-0.8693272921435614,TIME_LIMIT,273147,0,0,19,18
2,8,1.167311e6,-1.077968255545169,-0.8693272921435614,TIME_LIMIT,273189,0,0,20,10
2,8,1.167343e6,-1.077968255545169,-0.8693272921435614,TIME_LIMIT,273207,0,0,10,4
2,8,1.167372e6,-1.0779639094785476,-0.8693272921435614,TIME_LIMIT,273227,0,0,8,6
2,8,1.16748e6,-1.0779639094785476,-0.8693272921435614,TIME_LIMIT,273247,0,0,13,10
2,8,1.167509e6,-1.077955978778153,-0.8693272921435614,TIME_LIMIT,273268,0,0,4,4
2,8,1.167551e6,-1.077955978778153,-0.8693272921435614,TIME_LIMIT,273285,0,0,9,6
2,8,1.167585e6,-1.0779544420397449,-0.8693272921435614,TIME_LIMIT,273300,0,0,3,1
2,8,1.167797e6,-1.0779544420397449,-0.8693272921435614,TIME_LIMIT,273314,0,0,17,19
2,8,1.168012e6,-1.0779337949014096,-0.8693272921435614,TIME_LIMIT,273348,0,0,13,8
2,8,1.16809e6,-1.0779337949014096,-0.8693272921435614,TIME_LIMIT,273367,0,0,17,17
2,8,1.1683e6,-1.0779327885142571,-0.8693272921435614,TIME_LIMIT,273401,0,0,16,10
2,8,1.168439e6,-1.0779327885142571,-0.8693272921435614,TIME_LIMIT,273425,0,0,18,13
2,8,1.168504e6,-1.0779311105525116,-0.8693272921435614,TIME_LIMIT,273453,0,0,10,5
2,8,1.168605e6,-1.0779311105525116,-0.8693272921435614,TIME_LIMIT,273474,0,0,16,10
2,8,1.168635e6,-1.0779291003235434,-0.8693272921435614,TIME_LIMIT,273496,0,0,9,4
2,8,1.168776e6,-1.0779291003235434,-0.8693272921435614,TIME_LIMIT,273523,0,0,18,8
2,8,1.168856e6,-1.0779165481680204,-0.8693272921435614,TIME_LIMIT,273544,0,0,13,3
2,8,1.168998e6,-1.0779165481680204,-0.8693272921435614,TIME_LIMIT,273564,0,0,17,8
2,8,1.169144e6,-1.0779109960808932,-0.8693272921435614,TIME_LIMIT,273591,0,0,11,3
2,8,1.169231e6,-1.0779109960808932,-0.8693272921435614,TIME_LIMIT,273613,0,0,20,15
2,8,1.169345e6,-1.0779062401517723,-0.8693272921435614,TIME_LIMIT,273643,0,0,11,9
2,8,1.169553e6,-1.0779062401517723,-0.8693272921435614,TIME_LIMIT,273671,0,0,22,15
2,8,1.169759e6,-1.0778850358317404,-0.8693272921435614,TIME_LIMIT,273702,0,0,21,13
2,8,1.169971e6,-1.0778850358317404,-0.8693272921435614,TIME_LIMIT,273725,0,0,16,7
2,8,1.170106e6,-1.077881027950605,-0.8693272921435614,TIME_LIMIT,273755,0,0,12,6
2,8,1.170165e6,-1.077881027950605,-0.8693272921435614,TIME_LIMIT,273771,0,0,7,5
2,8,1.170193e6,-1.0778673929931855,-0.8693272921435614,TIME_LIMIT,273786,0,0,4,4
2,8,1.170392e6,-1.0778673929931855,-0.8693272921435614,TIME_LIMIT,273803,0,0,14,19
2,8,1.170611e6,-1.0778640307521203,-0.8693272921435614,TIME_LIMIT,273833,0,0,17,12
2,8,1.170672e6,-1.0778640307521203,-0.8693272921435614,TIME_LIMIT,273849,0,0,16,18
2,8,1.170815e6,-1.0778614924833358,-0.8693272921435614,TIME_LIMIT,273884,0,0,17,6
2,8,1.170906e6,-1.0778614924833358,-0.8693272921435614,TIME_LIMIT,273902,0,0,14,5
2,8,1.171023e6,-1.0778523302779774,-0.8693272921435614,TIME_LIMIT,273932,0,0,12,4
2,8,1.171093e6,-1.0778523302779774,-0.8693272921435614,TIME_LIMIT,273954,0,0,5,7
2,8,1.171186e6,-1.077814586584572,-0.8693272921435614,TIME_LIMIT,273971,0,0,6,7
2,8,1.171221e6,-1.077814586584572,-0.8693272921435614,TIME_LIMIT,273990,0,0,13,7
2,8,1.171284e6,-1.0778130247117756,-0.8693272921435614,TIME_LIMIT,274015,0,0,10,5
2,8,1.171356e6,-1.0778130247117756,-0.8693272921435614,TIME_LIMIT,274041,0,0,22,20
2,8,1.171563e6,-1.0777989588491332,-0.8693272921435614,TIME_LIMIT,274082,0,0,13,7
2,8,1.171602e6,-1.0777989588491332,-0.8693272921435614,TIME_LIMIT,274097,0,0,9,6
2,8,1.171643e6,-1.0777912794081799,-0.8693272921435614,TIME_LIMIT,274117,0,0,3,1
2,8,1.171839e6,-1.0777912794081799,-0.8693272921435614,TIME_LIMIT,274148,0,0,22,17
2,8,1.172028e6,-1.077782668372186,-0.8693272921435614,TIME_LIMIT,274173,0,0,18,13
2,8,1.172096e6,-1.077782668372186,-0.8693272921435614,TIME_LIMIT,274194,0,0,18,22
2,8,1.172185e6,-1.077779245466641,-0.8693272921435614,TIME_LIMIT,274226,0,0,10,5
2,8,1.172397e6,-1.077779245466641,-0.8693272921435614,TIME_LIMIT,274255,0,0,25,13
2,8,1.172488e6,-1.0777709896979295,-0.8693272921435614,TIME_LIMIT,274287,0,0,17,12
2,8,1.172552e6,-1.0777709896979295,-0.8693272921435614,TIME_LIMIT,274306,0,0,13,10
2,8,1.172618e6,-1.0777666937024022,-0.8693272921435614,TIME_LIMIT,274330,0,0,8,3
2,8,1.172813e6,-1.0777666937024022,-0.8693272921435614,TIME_LIMIT,274361,0,0,19,21
2,8,1.17291e6,-1.0777664908535125,-0.8693272921435614,TIME_LIMIT,274385,0,0,15,5
2,8,1.173044e6,-1.0777664908535125,-0.8693272921435614,TIME_LIMIT,274407,0,0,14,10
2,8,1.17311e6,-1.0777621640719743,-0.8693272921435614,TIME_LIMIT,274437,0,0,13,8
2,8,1.173177e6,-1.0777621640719743,-0.8693272921435614,TIME_LIMIT,274458,0,0,12,2
2,8,1.173273e6,-1.0777542379577065,-0.8693272921435614,TIME_LIMIT,274481,0,0,11,9
2,8,1.17348e6,-1.0777542379577065,-0.8693272921435614,TIME_LIMIT,274498,0,0,14,12
2,8,1.17359e6,-1.0777521099778975,-0.8693272921435614,TIME_LIMIT,274527,0,0,6,6
2,8,1.173655e6,-1.0777521099778975,-0.8693272921435614,TIME_LIMIT,274549,0,0,14,13
2,8,1.173741e6,-1.0777472607140757,-0.8693272921435614,TIME_LIMIT,274584,0,0,17,6
2,8,1.173821e6,-1.0777472607140757,-0.8693272921435614,TIME_LIMIT,274601,0,0,9,13
2,8,1.173921e6,-1.0777401702142146,-0.8693272921435614,TIME_LIMIT,274630,0,0,9,7
2,8,1.174035e6,-1.0777401702142146,-0.8693272921435614,TIME_LIMIT,274650,0,0,13,21
2,8,1.174119e6,-1.0777362816210916,-0.8693272921435614,TIME_LIMIT,274678,0,0,6,5
2,8,1.174238e6,-1.0777362816210916,-0.8693272921435614,TIME_LIMIT,274703,0,0,17,12
2,8,1.174426e6,-1.0777289093618503,-0.8693272921435614,TIME_LIMIT,274729,0,0,12,7
2,8,1.174558e6,-1.0777289093618503,-0.8693272921435614,TIME_LIMIT,274748,0,0,14,29
2,8,1.174658e6,-1.0777286704495666,-0.8693272921435614,TIME_LIMIT,274782,0,0,18,8
2,8,1.174741e6,-1.0777286704495666,-0.8693272921435614,TIME_LIMIT,274802,0,0,21,11
2,8,1.174839e6,-1.0777232728211228,-0.8693272921435614,TIME_LIMIT,274837,0,0,19,5
2,8,1.174961e6,-1.0777232728211228,-0.8693272921435614,TIME_LIMIT,274858,0,0,16,15
2,8,1.175007e6,-1.0777170740994535,-0.8693272921435614,TIME_LIMIT,274880,0,0,10,3
2,8,1.175207e6,-1.0777170740994535,-0.8693272921435614,TIME_LIMIT,274904,0,0,19,21
2,8,1.175425e6,-1.0777123869587997,-0.8693272921435614,TIME_LIMIT,274934,0,0,12,8
2,8,1.175507e6,-1.0777123869587997,-0.8693272921435614,TIME_LIMIT,274959,0,0,13,12
2,8,1.175548e6,-1.077709170179705,-0.8693272921435614,TIME_LIMIT,274979,0,0,9,5
2,8,1.175762e6,-1.077709170179705,-0.8693272921435614,TIME_LIMIT,275007,0,0,25,28
2,8,1.175975e6,-1.077700031763925,-0.8693272921435614,TIME_LIMIT,275048,0,0,18,9
2,8,1.176056e6,-1.077700031763925,-0.8693272921435614,TIME_LIMIT,275070,0,0,15,7
2,8,1.176086e6,-1.0776868592998499,-0.8693272921435614,TIME_LIMIT,275087,0,0,7,3
2,8,1.176129e6,-1.0776868592998499,-0.8693272921435614,TIME_LIMIT,275107,0,0,10,12
2,8,1.176171e6,-1.077686240337283,-0.8693272921435614,TIME_LIMIT,275131,0,0,9,5
2,8,1.176379e6,-1.077686240337283,-0.8693272921435614,TIME_LIMIT,275153,0,0,17,33
2,8,1.176553e6,-1.0776845608327479,-0.8693272921435614,TIME_LIMIT,275192,0,0,20,11
2,8,1.176647e6,-1.0776845608327479,-0.8693272921435614,TIME_LIMIT,275218,0,0,25,10
2,8,1.176721e6,-1.0776784831878197,-0.8693272921435614,TIME_LIMIT,275247,0,0,10,3
2,8,1.176785e6,-1.0776784831878197,-0.8693272921435614,TIME_LIMIT,275269,0,0,14,10
2,8,1.176961e6,-1.0776772789797007,-0.8693272921435614,TIME_LIMIT,275296,0,0,13,7
2,8,1.17713e6,-1.0776772789797007,-0.8693272921435614,TIME_LIMIT,275319,0,0,14,14
2,8,1.177349e6,-1.0776725908433833,-0.8693272921435614,TIME_LIMIT,275343,0,0,10,7
2,8,1.177557e6,-1.0776725908433833,-0.8693272921435614,TIME_LIMIT,275362,0,0,24,28
2,8,1.177764e6,-1.0776567951232192,-0.8693272921435614,TIME_LIMIT,275395,0,0,12,16
2,8,1.1779e6,-1.0776567951232192,-0.8693272921435614,TIME_LIMIT,275424,0,0,16,27
2,8,1.178111e6,-1.0776353860471226,-0.8693272921435614,TIME_LIMIT,275458,0,0,13,12
2,8,1.178189e6,-1.0776353860471226,-0.8693272921435614,TIME_LIMIT,275479,0,0,18,17
2,8,1.178396e6,-1.077635085413891,-0.8693272921435614,TIME_LIMIT,275515,0,0,14,9
2,8,1.178487e6,-1.077635085413891,-0.8693272921435614,TIME_LIMIT,275536,0,0,17,9
2,8,1.178611e6,-1.0776321230257606,-0.8693272921435614,TIME_LIMIT,275567,0,0,12,12
2,8,1.178804e6,-1.0776321230257606,-0.8693272921435614,TIME_LIMIT,275591,0,0,21,16
2,8,1.178978e6,-1.0776252354422957,-0.8693272921435614,TIME_LIMIT,275624,0,0,5,7
2,8,1.17907e6,-1.0776252354422957,-0.8693272921435614,TIME_LIMIT,275645,0,0,10,11
2,8,1.179127e6,-1.0776218425883313,-0.8693272921435614,TIME_LIMIT,275665,0,0,9,6
2,8,1.179255e6,-1.0776218425883313,-0.8693272921435614,TIME_LIMIT,275694,0,0,18,29
2,8,1.17946e6,-1.0776144878305403,-0.8693272921435614,TIME_LIMIT,275734,0,0,19,13
2,8,1.179541e6,-1.0776144878305403,-0.8693272921435614,TIME_LIMIT,275755,0,0,13,17
2,8,1.179649e6,-1.0776087279375077,-0.8693272921435614,TIME_LIMIT,275784,0,0,9,10
2,8,1.179746e6,-1.0776087279375077,-0.8693272921435614,TIME_LIMIT,275803,0,0,7,10
2,8,1.179861e6,-1.0775997980507976,-0.8693272921435614,TIME_LIMIT,275834,0,0,10,8
2,8,1.17999e6,-1.0775997980507976,-0.8693272921435614,TIME_LIMIT,275856,0,0,7,14
2,8,1.180105e6,-1.0775911836381973,-0.8693272921435614,TIME_LIMIT,275881,0,0,11,8
2,8,1.180239e6,-1.0775911836381973,-0.8693272921435614,TIME_LIMIT,275899,0,0,14,15
2,8,1.180414e6,-1.0775742750814508,-0.8693272921435614,TIME_LIMIT,275932,0,0,11,11
2,8,1.180515e6,-1.0775742750814508,-0.8693272921435614,TIME_LIMIT,275954,0,0,17,13
2,8,1.180609e6,-1.0775699330936508,-0.8693272921435614,TIME_LIMIT,275976,0,0,8,1
2,8,1.180623e6,-1.0775699330936508,-0.8693272921435614,TIME_LIMIT,275988,0,0,6,1
2,8,1.180634e6,-1.0775582181935728,-0.8693272921435614,TIME_LIMIT,275995,0,0,1,1
2,8,1.180815e6,-1.0775582181935728,-0.8693272921435614,TIME_LIMIT,276019,0,0,18,17
2,8,1.180893e6,-1.0775469329432075,-0.8693272921435614,TIME_LIMIT,276049,0,0,14,8
2,8,1.180979e6,-1.0775469329432075,-0.8693272921435614,TIME_LIMIT,276073,0,0,17,16
2,8,1.181038e6,-1.077546303830301,-0.8693272921435614,TIME_LIMIT,276102,0,0,12,2
2,8,1.181152e6,-1.077546303830301,-0.8693272921435614,TIME_LIMIT,276118,0,0,17,16
2,8,1.181265e6,-1.0775458807672704,-0.8693272921435614,TIME_LIMIT,276145,0,0,11,5
2,8,1.181422e6,-1.0775458807672704,-0.8693272921435614,TIME_LIMIT,276163,0,0,16,17
2,8,1.181553e6,-1.0775336425304043,-0.8693272921435614,TIME_LIMIT,276191,0,0,15,12
2,8,1.181658e6,-1.0775336425304043,-0.8693272921435614,TIME_LIMIT,276211,0,0,22,17
2,8,1.181876e6,-1.0775258915974186,-0.8693272921435614,TIME_LIMIT,276244,0,0,14,9
2,8,1.181919e6,-1.0775258915974186,-0.8693272921435614,TIME_LIMIT,276260,0,0,8,9
2,8,1.181978e6,-1.0775133335373457,-0.8693272921435614,TIME_LIMIT,276286,0,0,6,6
2,8,1.182055e6,-1.0775133335373457,-0.8693272921435614,TIME_LIMIT,276309,0,0,10,15
2,8,1.182269e6,-1.077512358926699,-0.8693272921435614,TIME_LIMIT,276341,0,0,11,9
2,8,1.182384e6,-1.077512358926699,-0.8693272921435614,TIME_LIMIT,276368,0,0,25,8
2,8,1.182484e6,-1.0775002553467523,-0.8693272921435614,TIME_LIMIT,276401,0,0,9,8
2,8,1.182547e6,-1.0775002553467523,-0.8693272921435614,TIME_LIMIT,276418,0,0,11,3
2,8,1.18257e6,-1.0774901526561007,-0.8693272921435614,TIME_LIMIT,276429,0,0,7,6
2,8,1.182641e6,-1.0774901526561007,-0.8693272921435614,TIME_LIMIT,276449,0,0,17,13
2,8,1.182742e6,-1.0774699624654103,-0.8693272921435614,TIME_LIMIT,276485,0,0,18,4
2,8,1.182862e6,-1.0774699624654103,-0.8693272921435614,TIME_LIMIT,276509,0,0,13,11
2,8,1.182939e6,-1.0774675657920152,-0.8693272921435614,TIME_LIMIT,276533,0,0,10,8
2,8,1.183035e6,-1.0774675657920152,-0.8693272921435614,TIME_LIMIT,276553,0,0,14,15
2,8,1.183131e6,-1.0774612157313541,-0.8693272921435614,TIME_LIMIT,276583,0,0,15,7
2,8,1.183187e6,-1.0774612157313541,-0.8693272921435614,TIME_LIMIT,276603,0,0,12,6
2,8,1.183253e6,-1.0774594888958422,-0.8693272921435614,TIME_LIMIT,276627,0,0,5,4
2,8,1.183461e6,-1.0774594888958422,-0.8693272921435614,TIME_LIMIT,276650,0,0,19,12
2,8,1.183668e6,-1.0774515866009424,-0.8693272921435614,TIME_LIMIT,276681,0,0,10,12
2,8,1.183814e6,-1.0774515866009424,-0.8693272921435614,TIME_LIMIT,276702,0,0,15,10
2,8,1.183917e6,-1.0774428665782239,-0.8693272921435614,TIME_LIMIT,276732,0,0,12,4
2,8,1.184031e6,-1.0774428665782239,-0.8693272921435614,TIME_LIMIT,276749,0,0,12,11
2,8,1.184114e6,-1.0774409262962716,-0.8693272921435614,TIME_LIMIT,276779,0,0,12,8
2,8,1.184209e6,-1.0774409262962716,-0.8693272921435614,TIME_LIMIT,276798,0,0,13,18
2,8,1.184294e6,-1.0774375729596075,-0.8693272921435614,TIME_LIMIT,276825,0,0,12,8
2,8,1.184347e6,-1.0774375729596075,-0.8693272921435614,TIME_LIMIT,276840,0,0,8,10
2,8,1.18437e6,-1.0774351535230344,-0.8693272921435614,TIME_LIMIT,276859,0,0,7,3
2,8,1.184537e6,-1.0774351535230344,-0.8693272921435614,TIME_LIMIT,276878,0,0,13,7
2,8,1.184615e6,-1.0774258793866816,-0.8693272921435614,TIME_LIMIT,276907,0,0,13,6
2,8,1.184743e6,-1.0774258793866816,-0.8693272921435614,TIME_LIMIT,276925,0,0,12,23
2,8,1.184954e6,-1.0774160940951663,-0.8693272921435614,TIME_LIMIT,276955,0,0,9,8
2,8,1.185008e6,-1.0774160940951663,-0.8693272921435614,TIME_LIMIT,276971,0,0,9,14
2,8,1.185054e6,-1.077405964197586,-0.8693272921435614,TIME_LIMIT,276999,0,0,11,7
2,8,1.185112e6,-1.077405964197586,-0.8693272921435614,TIME_LIMIT,277015,0,0,13,10
2,8,1.18524e6,-1.0774015863251882,-0.8693272921435614,TIME_LIMIT,277046,0,0,5,5
2,8,1.185431e6,-1.0774015863251882,-0.8693272921435614,TIME_LIMIT,277076,0,0,25,17
2,8,1.185638e6,-1.0773970213911004,-0.8693272921435614,TIME_LIMIT,277112,0,0,7,6
2,8,1.185705e6,-1.0773970213911004,-0.8693272921435614,TIME_LIMIT,277129,0,0,7,16
2,8,1.185751e6,-1.0773922692076328,-0.8693272921435614,TIME_LIMIT,277155,0,0,11,6
2,8,1.185942e6,-1.0773922692076328,-0.8693272921435614,TIME_LIMIT,277180,0,0,19,12
2,8,1.186014e6,-1.077389019252951,-0.8693272921435614,TIME_LIMIT,277210,0,0,10,8
2,8,1.186093e6,-1.077389019252951,-0.8693272921435614,TIME_LIMIT,277228,0,0,16,19
2,8,1.186168e6,-1.0773776198413931,-0.8693272921435614,TIME_LIMIT,277260,0,0,14,6
2,8,1.186207e6,-1.0773776198413931,-0.8693272921435614,TIME_LIMIT,277280,0,0,13,6
2,8,1.186414e6,-1.0773758921989134,-0.8693272921435614,TIME_LIMIT,277312,0,0,5,6
2,8,1.186597e6,-1.0773758921989134,-0.8693272921435614,TIME_LIMIT,277335,0,0,19,22
2,8,1.186759e6,-1.07736663523281,-0.8693272921435614,TIME_LIMIT,277369,0,0,18,12
2,8,1.186824e6,-1.07736663523281,-0.8693272921435614,TIME_LIMIT,277387,0,0,12,4
2,8,1.186902e6,-1.077364453094077,-0.8693272921435614,TIME_LIMIT,277417,0,0,14,12
2,8,1.186957e6,-1.077364453094077,-0.8693272921435614,TIME_LIMIT,277434,0,0,8,14
2,8,1.187005e6,-1.0773573705402186,-0.8693272921435614,TIME_LIMIT,277461,0,0,6,6
2,8,1.187091e6,-1.0773573705402186,-0.8693272921435614,TIME_LIMIT,277488,0,0,11,18
2,8,1.187304e6,-1.077356102043275,-0.8693272921435614,TIME_LIMIT,277517,0,0,10,8
2,8,1.187438e6,-1.077356102043275,-0.8693272921435614,TIME_LIMIT,277539,0,0,16,18
2,8,1.187486e6,-1.0773552579963053,-0.8693272921435614,TIME_LIMIT,277563,0,0,13,9
2,8,1.187581e6,-1.0773552579963053,-0.8693272921435614,TIME_LIMIT,277581,0,0,9,26
2,8,1.187763e6,-1.0773515649427017,-0.8693272921435614,TIME_LIMIT,277617,0,0,2,6
2,8,1.187861e6,-1.0773515649427017,-0.8693272921435614,TIME_LIMIT,277631,0,0,7,7
2,8,1.187969e6,-1.077348402751285,-0.8693272921435614,TIME_LIMIT,277655,0,0,7,3
2,8,1.188081e6,-1.077348402751285,-0.8693272921435614,TIME_LIMIT,277683,0,0,18,20
2,8,1.188197e6,-1.0773425901758138,-0.8693272921435614,TIME_LIMIT,277713,0,0,11,8
2,8,1.188405e6,-1.0773425901758138,-0.8693272921435614,TIME_LIMIT,277741,0,0,17,20
2,8,1.188604e6,-1.0773179426747257,-0.8693272921435614,TIME_LIMIT,277777,0,0,12,5
2,8,1.188792e6,-1.0773179426747257,-0.8693272921435614,TIME_LIMIT,277802,0,0,20,19
2,8,1.188964e6,-1.0773081005529503,-0.8693272921435614,TIME_LIMIT,277836,0,0,16,6
2,8,1.189177e6,-1.0773081005529503,-0.8693272921435614,TIME_LIMIT,277867,0,0,17,18
2,8,1.189388e6,-1.0772866964540841,-0.8693272921435614,TIME_LIMIT,277900,0,0,13,15
2,8,1.189539e6,-1.0772866964540841,-0.8693272921435614,TIME_LIMIT,277927,0,0,18,16
2,8,1.189742e6,-1.0772811026882692,-0.8693272921435614,TIME_LIMIT,277956,0,0,9,13
2,8,1.189952e6,-1.0772811026882692,-0.8693272921435614,TIME_LIMIT,277978,0,0,18,18
2,8,1.190161e6,-1.0772771758556643,-0.8693272921435614,TIME_LIMIT,278013,0,0,14,10
2,8,1.190244e6,-1.0772771758556643,-0.8693272921435614,TIME_LIMIT,278031,0,0,5,8
2,8,1.1904e6,-1.0772768672441106,-0.8693272921435614,TIME_LIMIT,278062,0,0,12,9
2,8,1.190603e6,-1.0772768672441106,-0.8693272921435614,TIME_LIMIT,278086,0,0,19,11
2,8,1.190735e6,-1.07727057423555,-0.8693272921435614,TIME_LIMIT,278112,0,0,15,8
2,8,1.190775e6,-1.07727057423555,-0.8693272921435614,TIME_LIMIT,278129,0,0,15,5
2,8,1.190817e6,-1.0772462670494014,-0.8693272921435614,TIME_LIMIT,278149,0,0,5,2
2,8,1.19103e6,-1.0772462670494014,-0.8693272921435614,TIME_LIMIT,278169,0,0,12,14
2,8,1.191244e6,-1.0772430915358844,-0.8693272921435614,TIME_LIMIT,278197,0,0,11,7
2,8,1.191398e6,-1.0772430915358844,-0.8693272921435614,TIME_LIMIT,278218,0,0,6,8
2,8,1.191436e6,-1.0772329276637893,-0.8693272921435614,TIME_LIMIT,278241,0,0,8,3
2,8,1.191646e6,-1.0772329276637893,-0.8693272921435614,TIME_LIMIT,278265,0,0,22,14
2,8,1.19185e6,-1.0772328250714243,-0.8693272921435614,TIME_LIMIT,278296,0,0,14,7
2,8,1.1919e6,-1.0772328250714243,-0.8693272921435614,TIME_LIMIT,278315,0,0,14,3
2,8,1.191941e6,-1.0772294161804692,-0.8693272921435614,TIME_LIMIT,278336,0,0,6,3
2,8,1.192005e6,-1.0772294161804692,-0.8693272921435614,TIME_LIMIT,278358,0,0,11,12
2,8,1.192038e6,-1.0772214628161576,-0.8693272921435614,TIME_LIMIT,278381,0,0,8,4
2,8,1.192197e6,-1.0772214628161576,-0.8693272921435614,TIME_LIMIT,278405,0,0,21,12
2,8,1.192405e6,-1.0772211000138863,-0.8693272921435614,TIME_LIMIT,278438,0,0,15,11
2,8,1.192615e6,-1.0772211000138863,-0.8693272921435614,TIME_LIMIT,278465,0,0,20,22
2,8,1.192831e6,-1.0772210944687406,-0.8693272921435614,TIME_LIMIT,278505,0,0,19,7
2,8,1.192965e6,-1.0772210944687406,-0.8693272921435614,TIME_LIMIT,278529,0,0,25,21
2,8,1.193103e6,-1.0772183579962913,-0.8693272921435614,TIME_LIMIT,278559,0,0,15,6
2,8,1.193312e6,-1.0772183579962913,-0.8693272921435614,TIME_LIMIT,278583,0,0,14,19
2,8,1.1935e6,-1.0772153765117825,-0.8693272921435614,TIME_LIMIT,278620,0,0,18,11
2,8,1.193711e6,-1.0772153765117825,-0.8693272921435614,TIME_LIMIT,278636,0,0,13,10
2,8,1.193772e6,-1.077211642510174,-0.8693272921435614,TIME_LIMIT,278658,0,0,4,4
2,8,1.19389e6,-1.077211642510174,-0.8693272921435614,TIME_LIMIT,278680,0,0,13,11
2,8,1.193958e6,-1.0772112900398603,-0.8693272921435614,TIME_LIMIT,278705,0,0,12,6
2,8,1.194162e6,-1.0772112900398603,-0.8693272921435614,TIME_LIMIT,278737,0,0,21,12
2,8,1.19428e6,-1.077210267225297,-0.8693272921435614,TIME_LIMIT,278772,0,0,18,5
2,8,1.194328e6,-1.077210267225297,-0.8693272921435614,TIME_LIMIT,278794,0,0,8,6
2,8,1.194442e6,-1.077200412281438,-0.8693272921435614,TIME_LIMIT,278824,0,0,7,7
2,8,1.194654e6,-1.077200412281438,-0.8693272921435614,TIME_LIMIT,278850,0,0,21,39
2,8,1.194864e6,-1.0771930325595522,-0.8693272921435614,TIME_LIMIT,278885,0,0,20,14
2,8,1.195006e6,-1.0771930325595522,-0.8693272921435614,TIME_LIMIT,278907,0,0,10,5
2,8,1.195036e6,-1.0771887868480907,-0.8693272921435614,TIME_LIMIT,278919,0,0,5,2
2,8,1.195159e6,-1.0771887868480907,-0.8693272921435614,TIME_LIMIT,278943,0,0,9,25
2,8,1.195217e6,-1.0771887452730933,-0.8693272921435614,TIME_LIMIT,278977,0,0,18,6
2,8,1.195244e6,-1.0771887452730933,-0.8693272921435614,TIME_LIMIT,278988,0,0,4,5
2,8,1.195272e6,-1.07718525574742,-0.8693272921435614,TIME_LIMIT,279005,0,0,5,2
2,8,1.195484e6,-1.07718525574742,-0.8693272921435614,TIME_LIMIT,279028,0,0,14,12
2,8,1.195573e6,-1.077180275714693,-0.8693272921435614,TIME_LIMIT,279053,0,0,17,4
2,8,1.195647e6,-1.077180275714693,-0.8693272921435614,TIME_LIMIT,279075,0,0,16,4
2,8,1.195728e6,-1.077177902494027,-0.8693272921435614,TIME_LIMIT,279103,0,0,13,13
2,8,1.195787e6,-1.077177902494027,-0.8693272921435614,TIME_LIMIT,279126,0,0,11,14
2,8,1.195993e6,-1.0771668569589412,-0.8693272921435614,TIME_LIMIT,279159,0,0,14,16
2,8,1.196058e6,-1.0771668569589412,-0.8693272921435614,TIME_LIMIT,279180,0,0,16,13
2,8,1.196143e6,-1.077155817811319,-0.8693272921435614,TIME_LIMIT,279200,0,0,15,12
2,8,1.196201e6,-1.077155817811319,-0.8693272921435614,TIME_LIMIT,279218,0,0,17,13
2,8,1.196296e6,-1.0771520804653578,-0.8693272921435614,TIME_LIMIT,279247,0,0,12,10
2,8,1.196442e6,-1.0771520804653578,-0.8693272921435614,TIME_LIMIT,279274,0,0,19,12
2,8,1.196502e6,-1.0771363552791824,-0.8693272921435614,TIME_LIMIT,279295,0,0,14,7
2,8,1.196545e6,-1.0771363552791824,-0.8693272921435614,TIME_LIMIT,279311,0,0,12,11
2,8,1.196639e6,-1.0771316866162963,-0.8693272921435614,TIME_LIMIT,279340,0,0,12,9
2,8,1.196743e6,-1.0771316866162963,-0.8693272921435614,TIME_LIMIT,279364,0,0,11,7
2,8,1.196826e6,-1.0771042667606348,-0.8693272921435614,TIME_LIMIT,279395,0,0,13,8
2,8,1.197035e6,-1.0771042667606348,-0.8693272921435614,TIME_LIMIT,279423,0,0,21,17
2,8,1.197214e6,-1.0770997465769299,-0.8693272921435614,TIME_LIMIT,279450,0,0,17,10
2,8,1.197311e6,-1.0770997465769299,-0.8693272921435614,TIME_LIMIT,279475,0,0,24,8
2,8,1.197392e6,-1.077092825510845,-0.8693272921435614,TIME_LIMIT,279503,0,0,13,4
2,8,1.197445e6,-1.077092825510845,-0.8693272921435614,TIME_LIMIT,279523,0,0,17,9
2,8,1.197495e6,-1.0770869700530898,-0.8693272921435614,TIME_LIMIT,279546,0,0,9,7
2,8,1.197648e6,-1.0770869700530898,-0.8693272921435614,TIME_LIMIT,279570,0,0,20,17
2,8,1.197765e6,-1.0770849502595563,-0.8693272921435614,TIME_LIMIT,279597,0,0,10,4
2,8,1.197976e6,-1.0770849502595563,-0.8693272921435614,TIME_LIMIT,279627,0,0,23,28
2,8,1.198188e6,-1.0770818162107507,-0.8693272921435614,TIME_LIMIT,279665,0,0,23,21
2,8,1.19839e6,-1.0770818162107507,-0.8693272921435614,TIME_LIMIT,279687,0,0,6,13
2,8,1.198498e6,-1.077072999402466,-0.8693272921435614,TIME_LIMIT,279716,0,0,13,14
2,8,1.198549e6,-1.077072999402466,-0.8693272921435614,TIME_LIMIT,279740,0,0,8,3
2,8,1.198638e6,-1.077070548118105,-0.8693272921435614,TIME_LIMIT,279755,0,0,8,9
2,8,1.198715e6,-1.077070548118105,-0.8693272921435614,TIME_LIMIT,279770,0,0,14,8
2,8,1.19882e6,-1.0770580235370715,-0.8693272921435614,TIME_LIMIT,279798,0,0,14,3
2,8,1.198922e6,-1.0770580235370715,-0.8693272921435614,TIME_LIMIT,279826,0,0,17,7
2,8,1.198977e6,-1.0770571543810643,-0.8693272921435614,TIME_LIMIT,279848,0,0,13,9
2,8,1.199099e6,-1.0770571543810643,-0.8693272921435614,TIME_LIMIT,279867,0,0,9,6
2,8,1.199163e6,-1.0770450445166493,-0.8693272921435614,TIME_LIMIT,279891,0,0,12,4
2,8,1.199364e6,-1.0770450445166493,-0.8693272921435614,TIME_LIMIT,279914,0,0,18,11
2,8,1.199517e6,-1.0770135354295596,-0.8693272921435614,TIME_LIMIT,279947,0,0,17,13
2,8,1.199631e6,-1.0770135354295596,-0.8693272921435614,TIME_LIMIT,279975,0,0,16,21
2,8,1.199727e6,-1.076972947645897,-0.8693272921435614,TIME_LIMIT,280006,0,0,13,6
2,8,1.19995e6,-1.076972947645897,-0.8693272921435614,TIME_LIMIT,280029,0,0,22,13
2,8,1.200173e6,-1.0769695311908278,-0.8693272921435614,TIME_LIMIT,280060,0,0,12,13
2,8,1.200297e6,-1.0769695311908278,-0.8693272921435614,TIME_LIMIT,280084,0,0,20,31
2,8,1.200527e6,-1.0769678631838446,-0.8693272921435614,TIME_LIMIT,280118,0,0,11,15
2,8,1.200748e6,-1.0769678631838446,-0.8693272921435614,TIME_LIMIT,280141,0,0,12,10
2,8,1.200846e6,-1.0769598834396457,-0.8693272921435614,TIME_LIMIT,280165,0,0,13,4
2,8,1.200975e6,-1.0769598834396457,-0.8693272921435614,TIME_LIMIT,280190,0,0,18,11
2,8,1.201055e6,-1.0769318243865813,-0.8693272921435614,TIME_LIMIT,280217,0,0,10,7
2,8,1.201189e6,-1.0769318243865813,-0.8693272921435614,TIME_LIMIT,280238,0,0,21,12
2,8,1.201316e6,-1.0769236831895461,-0.8693272921435614,TIME_LIMIT,280273,0,0,18,9
2,8,1.201495e6,-1.0769236831895461,-0.8693272921435614,TIME_LIMIT,280299,0,0,21,15
2,8,1.201641e6,-1.0769072863680018,-0.8693272921435614,TIME_LIMIT,280332,0,0,13,9
2,8,1.201778e6,-1.0769072863680018,-0.8693272921435614,TIME_LIMIT,280354,0,0,19,7
2,8,1.201841e6,-1.0769049552305674,-0.8693272921435614,TIME_LIMIT,280378,0,0,11,11
2,8,1.201946e6,-1.0769049552305674,-0.8693272921435614,TIME_LIMIT,280400,0,0,10,13
2,8,1.20205e6,-1.0768965478618773,-0.8693272921435614,TIME_LIMIT,280438,0,0,16,10
2,8,1.202101e6,-1.0768965478618773,-0.8693272921435614,TIME_LIMIT,280456,0,0,17,16
2,8,1.202273e6,-1.0768870962890165,-0.8693272921435614,TIME_LIMIT,280490,0,0,7,8
2,8,1.20243e6,-1.0768870962890165,-0.8693272921435614,TIME_LIMIT,280510,0,0,17,17
2,8,1.202551e6,-1.0768829002857392,-0.8693272921435614,TIME_LIMIT,280545,0,0,11,2
2,8,1.202714e6,-1.0768829002857392,-0.8693272921435614,TIME_LIMIT,280569,0,0,9,19
2,8,1.202927e6,-1.0768750809824137,-0.8693272921435614,TIME_LIMIT,280611,0,0,21,7
2,8,1.203102e6,-1.0768750809824137,-0.8693272921435614,TIME_LIMIT,280636,0,0,16,16
2,8,1.203242e6,-1.0768682299361927,-0.8693272921435614,TIME_LIMIT,280673,0,0,19,6
2,8,1.203297e6,-1.0768682299361927,-0.8693272921435614,TIME_LIMIT,280689,0,0,13,8
2,8,1.20334e6,-1.0768509139200824,-0.8693272921435614,TIME_LIMIT,280710,0,0,9,5
2,8,1.203548e6,-1.0768509139200824,-0.8693272921435614,TIME_LIMIT,280732,0,0,14,13
2,8,1.203667e6,-1.0768475207803352,-0.8693272921435614,TIME_LIMIT,280762,0,0,9,12
2,8,1.203862e6,-1.0768475207803352,-0.8693272921435614,TIME_LIMIT,280787,0,0,19,14
2,8,1.203989e6,-1.0768299260603846,-0.8693272921435614,TIME_LIMIT,280816,0,0,11,10
2,8,1.204043e6,-1.0768299260603846,-0.8693272921435614,TIME_LIMIT,280838,0,0,14,11
2,8,1.20409e6,-1.0768234166253712,-0.8693272921435614,TIME_LIMIT,280857,0,0,14,6
2,8,1.204229e6,-1.0768234166253712,-0.8693272921435614,TIME_LIMIT,280879,0,0,23,11
2,8,1.20435e6,-1.0768153218143575,-0.8693272921435614,TIME_LIMIT,280912,0,0,15,8
2,8,1.204405e6,-1.0768153218143575,-0.8693272921435614,TIME_LIMIT,280926,0,0,10,9
2,8,1.204446e6,-1.0768118353562284,-0.8693272921435614,TIME_LIMIT,280949,0,0,10,3
2,8,1.204515e6,-1.0768118353562284,-0.8693272921435614,TIME_LIMIT,280970,0,0,12,4
2,8,1.204601e6,-1.0768038492290684,-0.8693272921435614,TIME_LIMIT,281003,0,0,11,4
2,8,1.204661e6,-1.0768038492290684,-0.8693272921435614,TIME_LIMIT,281019,0,0,7,9
2,8,1.204683e6,-1.0767914834040608,-0.8693272921435614,TIME_LIMIT,281035,0,0,4,1
2,8,1.20479e6,-1.0767914834040608,-0.8693272921435614,TIME_LIMIT,281057,0,0,15,19
2,8,1.204896e6,-1.0767893818938188,-0.8693272921435614,TIME_LIMIT,281086,0,0,11,4
2,8,1.204993e6,-1.0767893818938188,-0.8693272921435614,TIME_LIMIT,281109,0,0,17,12
2,8,1.205136e6,-1.076786910689359,-0.8693272921435614,TIME_LIMIT,281150,0,0,20,10
2,8,1.205234e6,-1.076786910689359,-0.8693272921435614,TIME_LIMIT,281174,0,0,18,11
2,8,1.205396e6,-1.0767798171143679,-0.8693272921435614,TIME_LIMIT,281206,0,0,9,3
2,8,1.20548e6,-1.0767798171143679,-0.8693272921435614,TIME_LIMIT,281223,0,0,14,11
2,8,1.205703e6,-1.0767769883422198,-0.8693272921435614,TIME_LIMIT,281252,0,0,12,10
2,8,1.205756e6,-1.0767769883422198,-0.8693272921435614,TIME_LIMIT,281273,0,0,18,11
2,8,1.205827e6,-1.0767612764209318,-0.8693272921435614,TIME_LIMIT,281301,0,0,10,4
2,8,1.20603e6,-1.0767612764209318,-0.8693272921435614,TIME_LIMIT,281324,0,0,24,26
2,8,1.206187e6,-1.0767483663726418,-0.8693272921435614,TIME_LIMIT,281360,0,0,13,6
2,8,1.206237e6,-1.0767483663726418,-0.8693272921435614,TIME_LIMIT,281379,0,0,12,3
2,8,1.206271e6,-1.076740306914877,-0.8693272921435614,TIME_LIMIT,281398,0,0,6,4
2,8,1.206407e6,-1.076740306914877,-0.8693272921435614,TIME_LIMIT,281421,0,0,20,14
2,8,1.206537e6,-1.0767340459370482,-0.8693272921435614,TIME_LIMIT,281454,0,0,14,12
2,8,1.206614e6,-1.0767340459370482,-0.8693272921435614,TIME_LIMIT,281479,0,0,21,14
2,8,1.206681e6,-1.076720513349933,-0.8693272921435614,TIME_LIMIT,281512,0,0,12,7
2,8,1.206891e6,-1.076720513349933,-0.8693272921435614,TIME_LIMIT,281538,0,0,14,20
2,8,1.207112e6,-1.0767048563756312,-0.8693272921435614,TIME_LIMIT,281574,0,0,16,10
2,8,1.207342e6,-1.0767048563756312,-0.8693272921435614,TIME_LIMIT,281593,0,0,11,6
2,8,1.207382e6,-1.0767039511266299,-0.8693272921435614,TIME_LIMIT,281614,0,0,9,3
2,8,1.207587e6,-1.0767039511266299,-0.8693272921435614,TIME_LIMIT,281653,0,0,22,13
2,8,1.207642e6,-1.0767032171413338,-0.8693272921435614,TIME_LIMIT,281672,0,0,9,7
2,8,1.207713e6,-1.0767032171413338,-0.8693272921435614,TIME_LIMIT,281690,0,0,16,16
2,8,1.207807e6,-1.0766953055906514,-0.8693272921435614,TIME_LIMIT,281718,0,0,11,4
2,8,1.208022e6,-1.0766953055906514,-0.8693272921435614,TIME_LIMIT,281742,0,0,14,13
2,8,1.208088e6,-1.0766907859430148,-0.8693272921435614,TIME_LIMIT,281775,0,0,17,9
2,8,1.208186e6,-1.0766907859430148,-0.8693272921435614,TIME_LIMIT,281798,0,0,16,28
2,8,1.208408e6,-1.0766879915637575,-0.8693272921435614,TIME_LIMIT,281834,0,0,11,7
2,8,1.208472e6,-1.0766879915637575,-0.8693272921435614,TIME_LIMIT,281859,0,0,14,6
2,8,1.208563e6,-1.0766857042008988,-0.8693272921435614,TIME_LIMIT,281878,0,0,12,5
2,8,1.208595e6,-1.0766857042008988,-0.8693272921435614,TIME_LIMIT,281893,0,0,10,3
2,8,1.208622e6,-1.0766681517863412,-0.8693272921435614,TIME_LIMIT,281905,0,0,4,3
2,8,1.208696e6,-1.0766681517863412,-0.8693272921435614,TIME_LIMIT,281928,0,0,13,11
2,8,1.208765e6,-1.0766537746880906,-0.8693272921435614,TIME_LIMIT,281944,0,0,12,4
2,8,1.208832e6,-1.0766537746880906,-0.8693272921435614,TIME_LIMIT,281968,0,0,16,8
2,8,1.208902e6,-1.0766532586916846,-0.8693272921435614,TIME_LIMIT,281988,0,0,13,7
2,8,1.208976e6,-1.0766532586916846,-0.8693272921435614,TIME_LIMIT,282008,0,0,9,7
2,8,1.209029e6,-1.0766487730906347,-0.8693272921435614,TIME_LIMIT,282022,0,0,8,7
2,8,1.209152e6,-1.0766487730906347,-0.8693272921435614,TIME_LIMIT,282046,0,0,14,18
2,8,1.209217e6,-1.0766480257302176,-0.8693272921435614,TIME_LIMIT,282070,0,0,12,9
2,8,1.209432e6,-1.0766480257302176,-0.8693272921435614,TIME_LIMIT,282092,0,0,16,15
2,8,1.209584e6,-1.076646515928901,-0.8693272921435614,TIME_LIMIT,282129,0,0,13,8
2,8,1.209651e6,-1.076646515928901,-0.8693272921435614,TIME_LIMIT,282151,0,0,16,9
2,8,1.209857e6,-1.0766010729404993,-0.8693272921435614,TIME_LIMIT,282183,0,0,12,12
2,8,1.210028e6,-1.0766010729404993,-0.8693272921435614,TIME_LIMIT,282210,0,0,27,15
2,8,1.210183e6,-1.076587443377508,-0.8693272921435614,TIME_LIMIT,282245,0,0,16,5
2,8,1.210227e6,-1.076587443377508,-0.8693272921435614,TIME_LIMIT,282264,0,0,14,9
2,8,1.21026e6,-1.0765837408063084,-0.8693272921435614,TIME_LIMIT,282278,0,0,4,2
2,8,1.210387e6,-1.0765837408063084,-0.8693272921435614,TIME_LIMIT,282301,0,0,18,25
2,8,1.210596e6,-1.0765826969200978,-0.8693272921435614,TIME_LIMIT,282333,0,0,14,7
2,8,1.210698e6,-1.0765826969200978,-0.8693272921435614,TIME_LIMIT,282349,0,0,14,15
2,8,1.210738e6,-1.076569055956189,-0.8693272921435614,TIME_LIMIT,282371,0,0,8,5
2,8,1.210802e6,-1.076569055956189,-0.8693272921435614,TIME_LIMIT,282388,0,0,16,6
2,8,1.210976e6,-1.076566806678275,-0.8693272921435614,TIME_LIMIT,282419,0,0,13,7
2,8,1.211151e6,-1.076566806678275,-0.8693272921435614,TIME_LIMIT,282441,0,0,13,38
2,8,1.211372e6,-1.076556077156221,-0.8693272921435614,TIME_LIMIT,282476,0,0,17,13
2,8,1.211544e6,-1.076556077156221,-0.8693272921435614,TIME_LIMIT,282501,0,0,17,20
2,8,1.211767e6,-1.0765414032975065,-0.8693272921435614,TIME_LIMIT,282538,0,0,16,9
2,8,1.211887e6,-1.0765414032975065,-0.8693272921435614,TIME_LIMIT,282557,0,0,18,15
2,8,1.211944e6,-1.0765407671864264,-0.8693272921435614,TIME_LIMIT,282583,0,0,18,4
2,8,1.212158e6,-1.0765407671864264,-0.8693272921435614,TIME_LIMIT,282611,0,0,16,15
2,8,1.21238e6,-1.0765317942561405,-0.8693272921435614,TIME_LIMIT,282643,0,0,17,12
2,8,1.212573e6,-1.0765317942561405,-0.8693272921435614,TIME_LIMIT,282674,0,0,27,18
2,8,1.212788e6,-1.0765195865346366,-0.8693272921435614,TIME_LIMIT,282711,0,0,19,8
2,8,1.213011e6,-1.0765195865346366,-0.8693272921435614,TIME_LIMIT,282735,0,0,21,20
2,8,1.213228e6,-1.0765150290321146,-0.8693272921435614,TIME_LIMIT,282763,0,0,13,11
2,8,1.213379e6,-1.0765150290321146,-0.8693272921435614,TIME_LIMIT,282782,0,0,15,19
2,8,1.213593e6,-1.07651223862164,-0.8693272921435614,TIME_LIMIT,282815,0,0,11,9
2,8,1.21367e6,-1.07651223862164,-0.8693272921435614,TIME_LIMIT,282837,0,0,3,2
2,8,1.213705e6,-1.0764746680349009,-0.8693272921435614,TIME_LIMIT,282848,0,0,6,3
2,8,1.213797e6,-1.0764746680349009,-0.8693272921435614,TIME_LIMIT,282870,0,0,13,20
2,8,1.213879e6,-1.0764668374463002,-0.8693272921435614,TIME_LIMIT,282897,0,0,10,11
2,8,1.213909e6,-1.0764668374463002,-0.8693272921435614,TIME_LIMIT,282907,0,0,6,4
2,8,1.213923e6,-1.0764653604626067,-0.8693272921435614,TIME_LIMIT,282921,0,0,6,1
2,8,1.21399e6,-1.0764653604626067,-0.8693272921435614,TIME_LIMIT,282939,0,0,15,13
2,8,1.214078e6,-1.07645577599562,-0.8693272921435614,TIME_LIMIT,282963,0,0,8,7
2,8,1.214178e6,-1.07645577599562,-0.8693272921435614,TIME_LIMIT,282992,0,0,20,13
2,8,1.214327e6,-1.0764521517685794,-0.8693272921435614,TIME_LIMIT,283025,0,0,17,9
2,8,1.214479e6,-1.0764521517685794,-0.8693272921435614,TIME_LIMIT,283051,0,0,15,11
2,8,1.214628e6,-1.0764479864855887,-0.8693272921435614,TIME_LIMIT,283083,0,0,9,15
2,8,1.21482e6,-1.0764479864855887,-0.8693272921435614,TIME_LIMIT,283100,0,0,12,9
2,8,1.214912e6,-1.0764450520875297,-0.8693272921435614,TIME_LIMIT,283130,0,0,16,4
2,8,1.215141e6,-1.0764450520875297,-0.8693272921435614,TIME_LIMIT,283155,0,0,7,8
2,8,1.215242e6,-1.0764408137234072,-0.8693272921435614,TIME_LIMIT,283185,0,0,14,8
2,8,1.215346e6,-1.0764408137234072,-0.8693272921435614,TIME_LIMIT,283207,0,0,19,10
2,8,1.215527e6,-1.0764338517375442,-0.8693272921435614,TIME_LIMIT,283244,0,0,18,7
2,8,1.215637e6,-1.0764338517375442,-0.8693272921435614,TIME_LIMIT,283269,0,0,16,18
2,8,1.215841e6,-1.0764323826248878,-0.8693272921435614,TIME_LIMIT,283304,0,0,18,15
2,8,1.215981e6,-1.0764323826248878,-0.8693272921435614,TIME_LIMIT,283334,0,0,18,13
2,8,1.216203e6,-1.0764283232302347,-0.8693272921435614,TIME_LIMIT,283356,0,0,19,14
2,8,1.216346e6,-1.0764283232302347,-0.8693272921435614,TIME_LIMIT,283373,0,0,14,10
2,8,1.216449e6,-1.0764106121966153,-0.8693272921435614,TIME_LIMIT,283396,0,0,4,4
2,8,1.216486e6,-1.0764106121966153,-0.8693272921435614,TIME_LIMIT,283413,0,0,7,12
2,8,1.216541e6,-1.0764074362036415,-0.8693272921435614,TIME_LIMIT,283434,0,0,9,3
2,8,1.216757e6,-1.0764074362036415,-0.8693272921435614,TIME_LIMIT,283463,0,0,5,9
2,8,1.216892e6,-1.0764001540495167,-0.8693272921435614,TIME_LIMIT,283493,0,0,8,8
2,8,1.217002e6,-1.0764001540495167,-0.8693272921435614,TIME_LIMIT,283525,0,0,21,6
2,8,1.217224e6,-1.0763979108277235,-0.8693272921435614,TIME_LIMIT,283559,0,0,16,12
2,8,1.217377e6,-1.0763979108277235,-0.8693272921435614,TIME_LIMIT,283586,0,0,21,13
2,8,1.217464e6,-1.0763927789368062,-0.8693272921435614,TIME_LIMIT,283614,0,0,18,13
2,8,1.217542e6,-1.0763927789368062,-0.8693272921435614,TIME_LIMIT,283635,0,0,13,13
2,8,1.217669e6,-1.0763815113647857,-0.8693272921435614,TIME_LIMIT,283663,0,0,12,5
2,8,1.217739e6,-1.0763815113647857,-0.8693272921435614,TIME_LIMIT,283689,0,0,18,12
2,8,1.21788e6,-1.0763812964002972,-0.8693272921435614,TIME_LIMIT,283722,0,0,12,10
2,8,1.217933e6,-1.0763812964002972,-0.8693272921435614,TIME_LIMIT,283746,0,0,7,14
2,8,1.217946e6,-1.0763772967269638,-0.8693272921435614,TIME_LIMIT,283755,0,0,5,3
2,8,1.218112e6,-1.0763772967269638,-0.8693272921435614,TIME_LIMIT,283777,0,0,17,16
2,8,1.218281e6,-1.0763731373038299,-0.8693272921435614,TIME_LIMIT,283804,0,0,5,3
2,8,1.218324e6,-1.0763731373038299,-0.8693272921435614,TIME_LIMIT,283825,0,0,18,11
2,8,1.218391e6,-1.0763721513031816,-0.8693272921435614,TIME_LIMIT,283854,0,0,13,5
2,8,1.218482e6,-1.0763721513031816,-0.8693272921435614,TIME_LIMIT,283877,0,0,15,10
2,8,1.218704e6,-1.0763688149359578,-0.8693272921435614,TIME_LIMIT,283906,0,0,11,4
2,8,1.218803e6,-1.0763688149359578,-0.8693272921435614,TIME_LIMIT,283925,0,0,11,3
2,8,1.2189e6,-1.0763684010319627,-0.8693272921435614,TIME_LIMIT,283954,0,0,10,9
2,8,1.218932e6,-1.0763684010319627,-0.8693272921435614,TIME_LIMIT,283973,0,0,11,19
2,8,1.219036e6,-1.0763645698665367,-0.8693272921435614,TIME_LIMIT,284000,0,0,9,5
2,8,1.21926e6,-1.0763645698665367,-0.8693272921435614,TIME_LIMIT,284025,0,0,13,18
2,8,1.219418e6,-1.0763633233755492,-0.8693272921435614,TIME_LIMIT,284054,0,0,17,6
2,8,1.219496e6,-1.0763633233755492,-0.8693272921435614,TIME_LIMIT,284076,0,0,20,10
2,8,1.21964e6,-1.07636032504834,-0.8693272921435614,TIME_LIMIT,284108,0,0,14,5
2,8,1.219698e6,-1.07636032504834,-0.8693272921435614,TIME_LIMIT,284125,0,0,15,9
2,8,1.219729e6,-1.0763557696891382,-0.8693272921435614,TIME_LIMIT,284146,0,0,7,4
2,8,1.21986e6,-1.0763557696891382,-0.8693272921435614,TIME_LIMIT,284175,0,0,15,10
2,8,1.219985e6,-1.0763553187966577,-0.8693272921435614,TIME_LIMIT,284204,0,0,14,6
2,8,1.220071e6,-1.0763553187966577,-0.8693272921435614,TIME_LIMIT,284222,0,0,12,7
2,8,1.220103e6,-1.076352622187952,-0.8693272921435614,TIME_LIMIT,284242,0,0,5,4
2,8,1.220307e6,-1.076352622187952,-0.8693272921435614,TIME_LIMIT,284276,0,0,19,10
2,8,1.220519e6,-1.076345648936279,-0.8693272921435614,TIME_LIMIT,284302,0,0,15,10
2,8,1.220605e6,-1.076345648936279,-0.8693272921435614,TIME_LIMIT,284325,0,0,22,14
2,8,1.220795e6,-1.0763354544768813,-0.8693272921435614,TIME_LIMIT,284359,0,0,12,13
2,8,1.22101e6,-1.0763354544768813,-0.8693272921435614,TIME_LIMIT,284389,0,0,18,13
2,8,1.22113e6,-1.0763244912910892,-0.8693272921435614,TIME_LIMIT,284424,0,0,17,10
2,8,1.221339e6,-1.0763244912910892,-0.8693272921435614,TIME_LIMIT,284447,0,0,18,16
2,8,1.22149e6,-1.0763193489734035,-0.8693272921435614,TIME_LIMIT,284480,0,0,19,10
2,8,1.221542e6,-1.0763193489734035,-0.8693272921435614,TIME_LIMIT,284500,0,0,17,6
2,8,1.221597e6,-1.0763168623166055,-0.8693272921435614,TIME_LIMIT,284527,0,0,13,6
2,8,1.221656e6,-1.0763168623166055,-0.8693272921435614,TIME_LIMIT,284547,0,0,8,10
2,8,1.221699e6,-1.0763071938308326,-0.8693272921435614,TIME_LIMIT,284568,0,0,8,2
2,8,1.221765e6,-1.0763071938308326,-0.8693272921435614,TIME_LIMIT,284586,0,0,12,5
2,8,1.221844e6,-1.0763055251553295,-0.8693272921435614,TIME_LIMIT,284613,0,0,9,3
2,8,1.221866e6,-1.0763055251553295,-0.8693272921435614,TIME_LIMIT,284629,0,0,12,4
2,8,1.22192e6,-1.076283401006066,-0.8693272921435614,TIME_LIMIT,284648,0,0,8,4
2,8,1.221973e6,-1.076283401006066,-0.8693272921435614,TIME_LIMIT,284672,0,0,10,14
2,8,1.222004e6,-1.0762639898292023,-0.8693272921435614,TIME_LIMIT,284686,0,0,8,2
2,8,1.222143e6,-1.0762639898292023,-0.8693272921435614,TIME_LIMIT,284714,0,0,17,26
2,8,1.222369e6,-1.0762635234325255,-0.8693272921435614,TIME_LIMIT,284744,0,0,17,11
2,8,1.22252e6,-1.0762635234325255,-0.8693272921435614,TIME_LIMIT,284766,0,0,13,8
2,8,1.222578e6,-1.0762630089255545,-0.8693272921435614,TIME_LIMIT,284792,0,0,12,3
2,8,1.222782e6,-1.0762630089255545,-0.8693272921435614,TIME_LIMIT,284815,0,0,12,11
2,8,1.222838e6,-1.0762585998187086,-0.8693272921435614,TIME_LIMIT,284841,0,0,7,9
2,8,1.222908e6,-1.0762585998187086,-0.8693272921435614,TIME_LIMIT,284857,0,0,8,6
2,8,1.222978e6,-1.076241420289558,-0.8693272921435614,TIME_LIMIT,284889,0,0,4,3
2,8,1.223106e6,-1.076241420289558,-0.8693272921435614,TIME_LIMIT,284910,0,0,24,23
2,8,1.223302e6,-1.0762368059606193,-0.8693272921435614,TIME_LIMIT,284947,0,0,19,12
2,8,1.223372e6,-1.0762368059606193,-0.8693272921435614,TIME_LIMIT,284962,0,0,6,14
2,8,1.223426e6,-1.076231544317341,-0.8693272921435614,TIME_LIMIT,284987,0,0,8,6
2,8,1.223497e6,-1.076231544317341,-0.8693272921435614,TIME_LIMIT,285007,0,0,18,16
2,8,1.223616e6,-1.076227750533756,-0.8693272921435614,TIME_LIMIT,285038,0,0,13,4
2,8,1.223756e6,-1.076227750533756,-0.8693272921435614,TIME_LIMIT,285057,0,0,16,9
2,8,1.223883e6,-1.0762183914630234,-0.8693272921435614,TIME_LIMIT,285083,0,0,11,4
2,8,1.224013e6,-1.0762183914630234,-0.8693272921435614,TIME_LIMIT,285106,0,0,19,12
2,8,1.224139e6,-1.0762091926381139,-0.8693272921435614,TIME_LIMIT,285146,0,0,21,10
2,8,1.224177e6,-1.0762091926381139,-0.8693272921435614,TIME_LIMIT,285166,0,0,8,6
2,8,1.224206e6,-1.076205704375163,-0.8693272921435614,TIME_LIMIT,285179,0,0,7,5
2,8,1.224269e6,-1.076205704375163,-0.8693272921435614,TIME_LIMIT,285203,0,0,9,3
2,8,1.224295e6,-1.0761805797255986,-0.8693272921435614,TIME_LIMIT,285221,0,0,10,8
2,8,1.224359e6,-1.0761805797255986,-0.8693272921435614,TIME_LIMIT,285245,0,0,17,7
2,8,1.224448e6,-1.076179087410917,-0.8693272921435614,TIME_LIMIT,285273,0,0,10,10
2,8,1.224527e6,-1.076179087410917,-0.8693272921435614,TIME_LIMIT,285295,0,0,16,15
2,8,1.224639e6,-1.0761718134425995,-0.8693272921435614,TIME_LIMIT,285310,0,0,11,15
2,8,1.224779e6,-1.0761718134425995,-0.8693272921435614,TIME_LIMIT,285342,0,0,21,9
2,8,1.224895e6,-1.0761175422205491,-0.8693272921435614,TIME_LIMIT,285358,0,0,13,4
2,8,1.225105e6,-1.0761175422205491,-0.8693272921435614,TIME_LIMIT,285388,0,0,13,7
2,8,1.225187e6,-1.076111786528,-0.8693272921435614,TIME_LIMIT,285409,0,0,11,7
2,8,1.225377e6,-1.076111786528,-0.8693272921435614,TIME_LIMIT,285431,0,0,18,13
2,8,1.225537e6,-1.0761100923620408,-0.8693272921435614,TIME_LIMIT,285462,0,0,10,5
2,8,1.225741e6,-1.0761100923620408,-0.8693272921435614,TIME_LIMIT,285483,0,0,20,17
2,8,1.225932e6,-1.07610753758948,-0.8693272921435614,TIME_LIMIT,285521,0,0,19,6
2,8,1.226007e6,-1.07610753758948,-0.8693272921435614,TIME_LIMIT,285540,0,0,11,6
2,8,1.226133e6,-1.0761029068569,-0.8693272921435614,TIME_LIMIT,285572,0,0,14,4
2,8,1.226241e6,-1.0761029068569,-0.8693272921435614,TIME_LIMIT,285590,0,0,11,13
2,8,1.226314e6,-1.0760885229658372,-0.8693272921435614,TIME_LIMIT,285618,0,0,5,4
2,8,1.22647e6,-1.0760885229658372,-0.8693272921435614,TIME_LIMIT,285645,0,0,12,19
2,8,1.2267e6,-1.0760804073188401,-0.8693272921435614,TIME_LIMIT,285679,0,0,5,10
2,8,1.226923e6,-1.0760804073188401,-0.8693272921435614,TIME_LIMIT,285713,0,0,22,10
2,8,1.226966e6,-1.0760783392034656,-0.8693272921435614,TIME_LIMIT,285733,0,0,11,9
2,8,1.227089e6,-1.0760783392034656,-0.8693272921435614,TIME_LIMIT,285755,0,0,20,26
2,8,1.227313e6,-1.0760582679701614,-0.8693272921435614,TIME_LIMIT,285785,0,0,17,15
2,8,1.227399e6,-1.0760582679701614,-0.8693272921435614,TIME_LIMIT,285807,0,0,14,8
2,8,1.227454e6,-1.0760204534665927,-0.8693272921435614,TIME_LIMIT,285824,0,0,10,9
2,8,1.227662e6,-1.0760204534665927,-0.8693272921435614,TIME_LIMIT,285846,0,0,24,19
2,8,1.227885e6,-1.076003149320076,-0.8693272921435614,TIME_LIMIT,285883,0,0,23,9
2,8,1.22797e6,-1.076003149320076,-0.8693272921435614,TIME_LIMIT,285896,0,0,10,5
2,8,1.228021e6,-1.0760010614319357,-0.8693272921435614,TIME_LIMIT,285912,0,0,10,4
2,8,1.22821e6,-1.0760010614319357,-0.8693272921435614,TIME_LIMIT,285938,0,0,17,6
2,8,1.228368e6,-1.0759935387542172,-0.8693272921435614,TIME_LIMIT,285954,0,0,11,9
2,8,1.228493e6,-1.0759935387542172,-0.8693272921435614,TIME_LIMIT,285976,0,0,10,7
2,8,1.228695e6,-1.0759927743174365,-0.8693272921435614,TIME_LIMIT,286007,0,0,19,6
2,8,1.22891e6,-1.0759927743174365,-0.8693272921435614,TIME_LIMIT,286022,0,0,11,9
2,8,1.229047e6,-1.0759791286131368,-0.8693272921435614,TIME_LIMIT,286050,0,0,10,6
2,8,1.229096e6,-1.0759791286131368,-0.8693272921435614,TIME_LIMIT,286067,0,0,16,21
2,8,1.229248e6,-1.0759736135948268,-0.8693272921435614,TIME_LIMIT,286099,0,0,11,9
2,8,1.229451e6,-1.0759736135948268,-0.8693272921435614,TIME_LIMIT,286117,0,0,13,11
2,8,1.22966e6,-1.0759733249742207,-0.8693272921435614,TIME_LIMIT,286148,0,0,11,9
2,8,1.229735e6,-1.0759733249742207,-0.8693272921435614,TIME_LIMIT,286161,0,0,12,8
2,8,1.229784e6,-1.0759650995550232,-0.8693272921435614,TIME_LIMIT,286183,0,0,9,5
2,8,1.22989e6,-1.0759650995550232,-0.8693272921435614,TIME_LIMIT,286204,0,0,13,7
2,8,1.229987e6,-1.075958762355031,-0.8693272921435614,TIME_LIMIT,286233,0,0,13,3
2,8,1.230086e6,-1.075958762355031,-0.8693272921435614,TIME_LIMIT,286256,0,0,18,16
2,8,1.230301e6,-1.0759515531421255,-0.8693272921435614,TIME_LIMIT,286289,0,0,15,13
2,8,1.230444e6,-1.0759515531421255,-0.8693272921435614,TIME_LIMIT,286309,0,0,14,8
2,8,1.230504e6,-1.075950297970008,-0.8693272921435614,TIME_LIMIT,286333,0,0,11,10
2,8,1.230551e6,-1.075950297970008,-0.8693272921435614,TIME_LIMIT,286351,0,0,19,6
2,8,1.230623e6,-1.0759491058775565,-0.8693272921435614,TIME_LIMIT,286378,0,0,14,7
2,8,1.23072e6,-1.0759491058775565,-0.8693272921435614,TIME_LIMIT,286406,0,0,13,28
2,8,1.230901e6,-1.0759341509331461,-0.8693272921435614,TIME_LIMIT,286440,0,0,15,16
2,8,1.231117e6,-1.0759341509331461,-0.8693272921435614,TIME_LIMIT,286468,0,0,29,17
2,8,1.231338e6,-1.075930115829246,-0.8693272921435614,TIME_LIMIT,286502,0,0,19,10
2,8,1.231413e6,-1.075930115829246,-0.8693272921435614,TIME_LIMIT,286520,0,0,22,10
2,8,1.231481e6,-1.0759300745310254,-0.8693272921435614,TIME_LIMIT,286550,0,0,8,9
2,8,1.231648e6,-1.0759300745310254,-0.8693272921435614,TIME_LIMIT,286575,0,0,18,18
2,8,1.231841e6,-1.0759172773673928,-0.8693272921435614,TIME_LIMIT,286615,0,0,14,10
2,8,1.231935e6,-1.0759172773673928,-0.8693272921435614,TIME_LIMIT,286641,0,0,20,15
2,8,1.232139e6,-1.075909588453879,-0.8693272921435614,TIME_LIMIT,286676,0,0,10,11
2,8,1.232261e6,-1.075909588453879,-0.8693272921435614,TIME_LIMIT,286701,0,0,15,33
2,8,1.232477e6,-1.075906731614432,-0.8693272921435614,TIME_LIMIT,286735,0,0,12,11
2,8,1.232604e6,-1.075906731614432,-0.8693272921435614,TIME_LIMIT,286767,0,0,21,11
2,8,1.232675e6,-1.0758970512235106,-0.8693272921435614,TIME_LIMIT,286790,0,0,13,18
2,8,1.232863e6,-1.0758970512235106,-0.8693272921435614,TIME_LIMIT,286817,0,0,19,14
2,8,1.232939e6,-1.0758956351089157,-0.8693272921435614,TIME_LIMIT,286845,0,0,12,5
2,8,1.232997e6,-1.0758956351089157,-0.8693272921435614,TIME_LIMIT,286865,0,0,11,3
2,8,1.233053e6,-1.075891538013507,-0.8693272921435614,TIME_LIMIT,286885,0,0,5,4
2,8,1.233257e6,-1.075891538013507,-0.8693272921435614,TIME_LIMIT,286911,0,0,20,16
2,8,1.233464e6,-1.0758911171214445,-0.8693272921435614,TIME_LIMIT,286946,0,0,19,9
2,8,1.233546e6,-1.0758911171214445,-0.8693272921435614,TIME_LIMIT,286964,0,0,18,17
2,8,1.233607e6,-1.0758869137750002,-0.8693272921435614,TIME_LIMIT,286993,0,0,10,2
2,8,1.23367e6,-1.0758869137750002,-0.8693272921435614,TIME_LIMIT,287017,0,0,17,10
2,8,1.233819e6,-1.075883744420487,-0.8693272921435614,TIME_LIMIT,287037,0,0,17,6
2,8,1.234001e6,-1.075883744420487,-0.8693272921435614,TIME_LIMIT,287065,0,0,21,12
2,8,1.234035e6,-1.0758820343417688,-0.8693272921435614,TIME_LIMIT,287086,0,0,10,8
2,8,1.234139e6,-1.0758820343417688,-0.8693272921435614,TIME_LIMIT,287108,0,0,15,14
2,8,1.234369e6,-1.075878768113534,-0.8693272921435614,TIME_LIMIT,287135,0,0,12,4
2,8,1.234523e6,-1.075878768113534,-0.8693272921435614,TIME_LIMIT,287161,0,0,15,7
2,8,1.234638e6,-1.0758778110908367,-0.8693272921435614,TIME_LIMIT,287195,0,0,9,6
2,8,1.234696e6,-1.0758778110908367,-0.8693272921435614,TIME_LIMIT,287211,0,0,9,1
2,8,1.234737e6,-1.0758752483804912,-0.8693272921435614,TIME_LIMIT,287236,0,0,12,0
2,8,1.234793e6,-1.0758752483804912,-0.8693272921435614,TIME_LIMIT,287254,0,0,9,15
2,8,1.234963e6,-1.0758718121383732,-0.8693272921435614,TIME_LIMIT,287282,0,0,9,5
2,8,1.234997e6,-1.0758718121383732,-0.8693272921435614,TIME_LIMIT,287301,0,0,11,4
2,8,1.235037e6,-1.0758692215454724,-0.8693272921435614,TIME_LIMIT,287315,0,0,10,6
2,8,1.235134e6,-1.0758692215454724,-0.8693272921435614,TIME_LIMIT,287348,0,0,16,21
2,8,1.235194e6,-1.075864076262204,-0.8693272921435614,TIME_LIMIT,287371,0,0,8,4
2,8,1.235323e6,-1.075864076262204,-0.8693272921435614,TIME_LIMIT,287396,0,0,19,25
2,8,1.235545e6,-1.0758633464096885,-0.8693272921435614,TIME_LIMIT,287429,0,0,16,10
2,8,1.235775e6,-1.0758633464096885,-0.8693272921435614,TIME_LIMIT,287450,0,0,15,20
2,8,1.235891e6,-1.0758589674086503,-0.8693272921435614,TIME_LIMIT,287479,0,0,14,6
2,8,1.236069e6,-1.0758589674086503,-0.8693272921435614,TIME_LIMIT,287506,0,0,19,13
2,8,1.236167e6,-1.0758450503587054,-0.8693272921435614,TIME_LIMIT,287524,0,0,14,6
2,8,1.236397e6,-1.0758450503587054,-0.8693272921435614,TIME_LIMIT,287557,0,0,21,14
2,8,1.236467e6,-1.07584119684039,-0.8693272921435614,TIME_LIMIT,287585,0,0,14,12
2,8,1.236611e6,-1.07584119684039,-0.8693272921435614,TIME_LIMIT,287603,0,0,17,16
2,8,1.236814e6,-1.0758407089672066,-0.8693272921435614,TIME_LIMIT,287637,0,0,12,6
2,8,1.237023e6,-1.0758407089672066,-0.8693272921435614,TIME_LIMIT,287655,0,0,17,6
2,8,1.237184e6,-1.0758370343169787,-0.8693272921435614,TIME_LIMIT,287684,0,0,9,10
2,8,1.23731e6,-1.0758370343169787,-0.8693272921435614,TIME_LIMIT,287712,0,0,16,13
2,8,1.237444e6,-1.0758322839703909,-0.8693272921435614,TIME_LIMIT,287738,0,0,24,14
2,8,1.237648e6,-1.0758322839703909,-0.8693272921435614,TIME_LIMIT,287760,0,0,22,11
2,8,1.237813e6,-1.0758291992278188,-0.8693272921435614,TIME_LIMIT,287792,0,0,14,6
2,8,1.237942e6,-1.0758291992278188,-0.8693272921435614,TIME_LIMIT,287815,0,0,18,10
2,8,1.238062e6,-1.0758213972847712,-0.8693272921435614,TIME_LIMIT,287850,0,0,15,11
2,8,1.238139e6,-1.0758213972847712,-0.8693272921435614,TIME_LIMIT,287867,0,0,16,13
2,8,1.23821e6,-1.075816011577291,-0.8693272921435614,TIME_LIMIT,287893,0,0,7,9
2,8,1.238357e6,-1.075816011577291,-0.8693272921435614,TIME_LIMIT,287921,0,0,22,13
2,8,1.238428e6,-1.0757886871943743,-0.8693272921435614,TIME_LIMIT,287948,0,0,13,10
2,8,1.238536e6,-1.0757886871943743,-0.8693272921435614,TIME_LIMIT,287973,0,0,15,11
2,8,1.238752e6,-1.0757867344042562,-0.8693272921435614,TIME_LIMIT,288008,0,0,15,6
2,8,1.238879e6,-1.0757867344042562,-0.8693272921435614,TIME_LIMIT,288029,0,0,3,6
2,8,1.238911e6,-1.075764406833843,-0.8693272921435614,TIME_LIMIT,288046,0,0,4,6
2,8,1.239025e6,-1.075764406833843,-0.8693272921435614,TIME_LIMIT,288066,0,0,13,12
2,8,1.239094e6,-1.075762405736947,-0.8693272921435614,TIME_LIMIT,288093,0,0,9,5
2,8,1.239309e6,-1.075762405736947,-0.8693272921435614,TIME_LIMIT,288113,0,0,18,15
2,8,1.239373e6,-1.0757595980704713,-0.8693272921435614,TIME_LIMIT,288142,0,0,14,5
2,8,1.239443e6,-1.0757595980704713,-0.8693272921435614,TIME_LIMIT,288163,0,0,20,9
2,8,1.239658e6,-1.0757576675616356,-0.8693272921435614,TIME_LIMIT,288196,0,0,19,11
2,8,1.239689e6,-1.0757576675616356,-0.8693272921435614,TIME_LIMIT,288209,0,0,7,2
2,8,1.239705e6,-1.0757496289213437,-0.8693272921435614,TIME_LIMIT,288224,0,0,3,1
2,8,1.239836e6,-1.0757496289213437,-0.8693272921435614,TIME_LIMIT,288250,0,0,22,28
2,8,1.239973e6,-1.0757402094660191,-0.8693272921435614,TIME_LIMIT,288289,0,0,13,12
2,8,1.240195e6,-1.0757402094660191,-0.8693272921435614,TIME_LIMIT,288307,0,0,15,16
2,8,1.240417e6,-1.0757377640625667,-0.8693272921435614,TIME_LIMIT,288346,0,0,19,10
2,8,1.240458e6,-1.0757377640625667,-0.8693272921435614,TIME_LIMIT,288361,0,0,8,5
2,8,1.240523e6,-1.0757290301755393,-0.8693272921435614,TIME_LIMIT,288380,0,0,6,3
2,8,1.24067e6,-1.0757290301755393,-0.8693272921435614,TIME_LIMIT,288406,0,0,17,15
2,8,1.240774e6,-1.0757176863905793,-0.8693272921435614,TIME_LIMIT,288431,0,0,6,9
2,8,1.240946e6,-1.0757176863905793,-0.8693272921435614,TIME_LIMIT,288462,0,0,29,43
2,8,1.241159e6,-1.0757045036975956,-0.8693272921435614,TIME_LIMIT,288500,0,0,15,17
2,8,1.241303e6,-1.0757045036975956,-0.8693272921435614,TIME_LIMIT,288524,0,0,23,28
2,8,1.241523e6,-1.0757018482230967,-0.8693272921435614,TIME_LIMIT,288567,0,0,22,13
2,8,1.241745e6,-1.0757018482230967,-0.8693272921435614,TIME_LIMIT,288592,0,0,13,20
2,8,1.24196e6,-1.0756766411489558,-0.8693272921435614,TIME_LIMIT,288623,0,0,7,6
2,8,1.242091e6,-1.0756766411489558,-0.8693272921435614,TIME_LIMIT,288641,0,0,11,16
2,8,1.242174e6,-1.0756723968463948,-0.8693272921435614,TIME_LIMIT,288671,0,0,14,7
2,8,1.242298e6,-1.0756723968463948,-0.8693272921435614,TIME_LIMIT,288695,0,0,16,13
2,8,1.242363e6,-1.075670526903456,-0.8693272921435614,TIME_LIMIT,288722,0,0,10,4
2,8,1.24255e6,-1.075670526903456,-0.8693272921435614,TIME_LIMIT,288744,0,0,17,13
2,8,1.24264e6,-1.0756684023665337,-0.8693272921435614,TIME_LIMIT,288775,0,0,15,6
2,8,1.242853e6,-1.0756684023665337,-0.8693272921435614,TIME_LIMIT,288796,0,0,14,16
2,8,1.242922e6,-1.0756589923918978,-0.8693272921435614,TIME_LIMIT,288826,0,0,19,0
2,8,1.242955e6,-1.0756589923918978,-0.8693272921435614,TIME_LIMIT,288838,0,0,10,6
2,8,1.242983e6,-1.0756439026015354,-0.8693272921435614,TIME_LIMIT,288856,0,0,7,0
2,8,1.243072e6,-1.0756439026015354,-0.8693272921435614,TIME_LIMIT,288879,0,0,17,12
2,8,1.243258e6,-1.0756291617049034,-0.8693272921435614,TIME_LIMIT,288905,0,0,10,9
2,8,1.24345e6,-1.0756291617049034,-0.8693272921435614,TIME_LIMIT,288925,0,0,20,8
2,8,1.243592e6,-1.0756021660791215,-0.8693272921435614,TIME_LIMIT,288956,0,0,13,5
2,8,1.243672e6,-1.0756021660791215,-0.8693272921435614,TIME_LIMIT,288981,0,0,14,16
2,8,1.243765e6,-1.0755949912284954,-0.8693272921435614,TIME_LIMIT,289007,0,0,7,9
2,8,1.243936e6,-1.0755949912284954,-0.8693272921435614,TIME_LIMIT,289031,0,0,27,18
2,8,1.244069e6,-1.0755900019873814,-0.8693272921435614,TIME_LIMIT,289062,0,0,9,8
2,8,1.244174e6,-1.0755900019873814,-0.8693272921435614,TIME_LIMIT,289080,0,0,13,10
2,8,1.244224e6,-1.0755897497045912,-0.8693272921435614,TIME_LIMIT,289108,0,0,17,2
2,8,1.244276e6,-1.0755897497045912,-0.8693272921435614,TIME_LIMIT,289132,0,0,14,2
2,8,1.2443e6,-1.0755894039435954,-0.8693272921435614,TIME_LIMIT,289141,0,0,6,7
2,8,1.244352e6,-1.0755894039435954,-0.8693272921435614,TIME_LIMIT,289157,0,0,9,16
2,8,1.244396e6,-1.075584767268341,-0.8693272921435614,TIME_LIMIT,289180,0,0,10,4
2,8,1.244464e6,-1.075584767268341,-0.8693272921435614,TIME_LIMIT,289196,0,0,15,19
2,8,1.244622e6,-1.0755719354626132,-0.8693272921435614,TIME_LIMIT,289235,0,0,19,10
2,8,1.244679e6,-1.0755719354626132,-0.8693272921435614,TIME_LIMIT,289254,0,0,9,4
2,8,1.244735e6,-1.0755713015229245,-0.8693272921435614,TIME_LIMIT,289274,0,0,9,9
2,8,1.244838e6,-1.0755713015229245,-0.8693272921435614,TIME_LIMIT,289297,0,0,17,17
2,8,1.244902e6,-1.0755689415988825,-0.8693272921435614,TIME_LIMIT,289325,0,0,10,6
2,8,1.245024e6,-1.0755689415988825,-0.8693272921435614,TIME_LIMIT,289349,0,0,13,9
2,8,1.245125e6,-1.0755666237582766,-0.8693272921435614,TIME_LIMIT,289367,0,0,10,10
2,8,1.245294e6,-1.0755666237582766,-0.8693272921435614,TIME_LIMIT,289394,0,0,24,28
2,8,1.245447e6,-1.0755486403479466,-0.8693272921435614,TIME_LIMIT,289425,0,0,16,9
2,8,1.245574e6,-1.0755486403479466,-0.8693272921435614,TIME_LIMIT,289448,0,0,14,17
2,8,1.245686e6,-1.0755437116639832,-0.8693272921435614,TIME_LIMIT,289478,0,0,11,7
2,8,1.245876e6,-1.0755437116639832,-0.8693272921435614,TIME_LIMIT,289504,0,0,25,19
2,8,1.246007e6,-1.07553757856153,-0.8693272921435614,TIME_LIMIT,289532,0,0,13,10
2,8,1.246161e6,-1.07553757856153,-0.8693272921435614,TIME_LIMIT,289565,0,0,19,7
2,8,1.246383e6,-1.075534794513458,-0.8693272921435614,TIME_LIMIT,289587,0,0,17,2
2,8,1.24652e6,-1.075534794513458,-0.8693272921435614,TIME_LIMIT,289617,0,0,23,11
2,8,1.246741e6,-1.075534112504209,-0.8693272921435614,TIME_LIMIT,289652,0,0,18,10
2,8,1.246962e6,-1.075534112504209,-0.8693272921435614,TIME_LIMIT,289676,0,0,20,11
2,8,1.247145e6,-1.0755333261879856,-0.8693272921435614,TIME_LIMIT,289711,0,0,14,11
2,8,1.247362e6,-1.0755333261879856,-0.8693272921435614,TIME_LIMIT,289726,0,0,15,17
2,8,1.247576e6,-1.075520627711602,-0.8693272921435614,TIME_LIMIT,289760,0,0,16,9
2,8,1.247679e6,-1.075520627711602,-0.8693272921435614,TIME_LIMIT,289777,0,0,8,9
2,8,1.247784e6,-1.0755110917843655,-0.8693272921435614,TIME_LIMIT,289804,0,0,9,10
2,8,1.247845e6,-1.0755110917843655,-0.8693272921435614,TIME_LIMIT,289823,0,0,18,13
2,8,1.247916e6,-1.075510404792075,-0.8693272921435614,TIME_LIMIT,289847,0,0,13,3
2,8,1.24805e6,-1.075510404792075,-0.8693272921435614,TIME_LIMIT,289874,0,0,18,18
2,8,1.248122e6,-1.0755084607196919,-0.8693272921435614,TIME_LIMIT,289901,0,0,10,7
2,8,1.24827e6,-1.0755084607196919,-0.8693272921435614,TIME_LIMIT,289925,0,0,13,4
2,8,1.248342e6,-1.0755077581421961,-0.8693272921435614,TIME_LIMIT,289945,0,0,7,4
2,8,1.248409e6,-1.0755077581421961,-0.8693272921435614,TIME_LIMIT,289965,0,0,13,14
2,8,1.248469e6,-1.0754992873445182,-0.8693272921435614,TIME_LIMIT,289992,0,0,12,4
2,8,1.248627e6,-1.0754992873445182,-0.8693272921435614,TIME_LIMIT,290010,0,0,23,16
2,8,1.248834e6,-1.0754975930059332,-0.8693272921435614,TIME_LIMIT,290045,0,0,13,4
2,8,1.249043e6,-1.0754975930059332,-0.8693272921435614,TIME_LIMIT,290070,0,0,24,27
2,8,1.249222e6,-1.0754934395370388,-0.8693272921435614,TIME_LIMIT,290108,0,0,20,9
2,8,1.249451e6,-1.0754934395370388,-0.8693272921435614,TIME_LIMIT,290126,0,0,18,26
2,8,1.249662e6,-1.0754920702909736,-0.8693272921435614,TIME_LIMIT,290170,0,0,16,14
2,8,1.249885e6,-1.0754920702909736,-0.8693272921435614,TIME_LIMIT,290195,0,0,21,25
2,8,1.250099e6,-1.0754902587755049,-0.8693272921435614,TIME_LIMIT,290235,0,0,21,20
2,8,1.250204e6,-1.0754902587755049,-0.8693272921435614,TIME_LIMIT,290256,0,0,18,10
2,8,1.250369e6,-1.0754684949749165,-0.8693272921435614,TIME_LIMIT,290284,0,0,10,10
2,8,1.250561e6,-1.0754684949749165,-0.8693272921435614,TIME_LIMIT,290311,0,0,19,27
2,8,1.250765e6,-1.075454324797775,-0.8693272921435614,TIME_LIMIT,290350,0,0,11,8
2,8,1.250889e6,-1.075454324797775,-0.8693272921435614,TIME_LIMIT,290370,0,0,13,10
2,8,1.250999e6,-1.075450440511521,-0.8693272921435614,TIME_LIMIT,290399,0,0,14,6
2,8,1.251221e6,-1.075450440511521,-0.8693272921435614,TIME_LIMIT,290421,0,0,19,17
2,8,1.251348e6,-1.0754446390470025,-0.8693272921435614,TIME_LIMIT,290457,0,0,17,7
2,8,1.251451e6,-1.0754446390470025,-0.8693272921435614,TIME_LIMIT,290479,0,0,20,19
2,8,1.251535e6,-1.075435731726059,-0.8693272921435614,TIME_LIMIT,290515,0,0,15,11
2,8,1.251738e6,-1.075435731726059,-0.8693272921435614,TIME_LIMIT,290544,0,0,25,27
2,8,1.251957e6,-1.0754316666623236,-0.8693272921435614,TIME_LIMIT,290578,0,0,10,7
2,8,1.252023e6,-1.0754316666623236,-0.8693272921435614,TIME_LIMIT,290595,0,0,14,5
2,8,1.25207e6,-1.075430527954781,-0.8693272921435614,TIME_LIMIT,290611,0,0,8,6
2,8,1.25211e6,-1.075430527954781,-0.8693272921435614,TIME_LIMIT,290630,0,0,13,9
2,8,1.252204e6,-1.0754150479043643,-0.8693272921435614,TIME_LIMIT,290660,0,0,15,6
2,8,1.252356e6,-1.0754150479043643,-0.8693272921435614,TIME_LIMIT,290681,0,0,21,30
2,8,1.252433e6,-1.075399820188443,-0.8693272921435614,TIME_LIMIT,290709,0,0,13,12
2,8,1.25249e6,-1.075399820188443,-0.8693272921435614,TIME_LIMIT,290729,0,0,13,7
2,8,1.252545e6,-1.0753930641573275,-0.8693272921435614,TIME_LIMIT,290752,0,0,12,2
2,8,1.252633e6,-1.0753930641573275,-0.8693272921435614,TIME_LIMIT,290775,0,0,17,10
2,8,1.25269e6,-1.0753898898203111,-0.8693272921435614,TIME_LIMIT,290798,0,0,6,8
2,8,1.25274e6,-1.0753898898203111,-0.8693272921435614,TIME_LIMIT,290816,0,0,11,7
2,8,1.252797e6,-1.0753802471054452,-0.8693272921435614,TIME_LIMIT,290839,0,0,11,8
2,8,1.252902e6,-1.0753802471054452,-0.8693272921435614,TIME_LIMIT,290866,0,0,18,13
2,8,1.25297e6,-1.0753748998063068,-0.8693272921435614,TIME_LIMIT,290894,0,0,10,6
2,8,1.253179e6,-1.0753748998063068,-0.8693272921435614,TIME_LIMIT,290918,0,0,21,20
2,8,1.253355e6,-1.0753635871439808,-0.8693272921435614,TIME_LIMIT,290945,0,0,14,11
2,8,1.253403e6,-1.0753635871439808,-0.8693272921435614,TIME_LIMIT,290963,0,0,15,11
2,8,1.25349e6,-1.0753602133408977,-0.8693272921435614,TIME_LIMIT,290989,0,0,14,5
2,8,1.253555e6,-1.0753602133408977,-0.8693272921435614,TIME_LIMIT,291011,0,0,15,8
2,8,1.253634e6,-1.0753578095467253,-0.8693272921435614,TIME_LIMIT,291036,0,0,11,3
2,8,1.253827e6,-1.0753578095467253,-0.8693272921435614,TIME_LIMIT,291061,0,0,17,28
2,8,1.254056e6,-1.0753523086437613,-0.8693272921435614,TIME_LIMIT,291097,0,0,14,24
2,8,1.254175e6,-1.0753523086437613,-0.8693272921435614,TIME_LIMIT,291123,0,0,17,15
2,8,1.254369e6,-1.0753173416737172,-0.8693272921435614,TIME_LIMIT,291153,0,0,12,3
2,8,1.254485e6,-1.0753173416737172,-0.8693272921435614,TIME_LIMIT,291169,0,0,12,13
2,8,1.254552e6,-1.0753115416606391,-0.8693272921435614,TIME_LIMIT,291193,0,0,8,3
2,8,1.254751e6,-1.0753115416606391,-0.8693272921435614,TIME_LIMIT,291221,0,0,17,7
2,8,1.254833e6,-1.0752937272728582,-0.8693272921435614,TIME_LIMIT,291238,0,0,10,3
2,8,1.25494e6,-1.0752937272728582,-0.8693272921435614,TIME_LIMIT,291256,0,0,14,16
2,8,1.255026e6,-1.0752936648921485,-0.8693272921435614,TIME_LIMIT,291285,0,0,10,8
2,8,1.25521e6,-1.0752936648921485,-0.8693272921435614,TIME_LIMIT,291312,0,0,20,17
2,8,1.255316e6,-1.0752874982486489,-0.8693272921435614,TIME_LIMIT,291345,0,0,6,4
2,8,1.255361e6,-1.0752874982486489,-0.8693272921435614,TIME_LIMIT,291362,0,0,10,12
2,8,1.2554e6,-1.075283094280136,-0.8693272921435614,TIME_LIMIT,291381,0,0,2,2
2,8,1.255579e6,-1.075283094280136,-0.8693272921435614,TIME_LIMIT,291404,0,0,13,10
2,8,1.25571e6,-1.0752784678054759,-0.8693272921435614,TIME_LIMIT,291429,0,0,12,9
2,8,1.255829e6,-1.0752784678054759,-0.8693272921435614,TIME_LIMIT,291451,0,0,7,26
2,8,1.256001e6,-1.075271328902336,-0.8693272921435614,TIME_LIMIT,291492,0,0,8,6
2,8,1.256182e6,-1.075271328902336,-0.8693272921435614,TIME_LIMIT,291514,0,0,16,15
2,8,1.256299e6,-1.0752699491321838,-0.8693272921435614,TIME_LIMIT,291546,0,0,12,10
2,8,1.256476e6,-1.0752699491321838,-0.8693272921435614,TIME_LIMIT,291568,0,0,14,16
2,8,1.256606e6,-1.0752542176538304,-0.8693272921435614,TIME_LIMIT,291604,0,0,19,8
2,8,1.256747e6,-1.0752542176538304,-0.8693272921435614,TIME_LIMIT,291631,0,0,20,16
2,8,1.256877e6,-1.0752507260082607,-0.8693272921435614,TIME_LIMIT,291656,0,0,19,20
2,8,1.256994e6,-1.0752507260082607,-0.8693272921435614,TIME_LIMIT,291682,0,0,16,12
2,8,1.257055e6,-1.0752506120857932,-0.8693272921435614,TIME_LIMIT,291711,0,0,9,4
2,8,1.257149e6,-1.0752506120857932,-0.8693272921435614,TIME_LIMIT,291737,0,0,13,25
2,8,1.257352e6,-1.075249292370765,-0.8693272921435614,TIME_LIMIT,291769,0,0,17,8
2,8,1.257534e6,-1.075249292370765,-0.8693272921435614,TIME_LIMIT,291788,0,0,16,9
2,8,1.25766e6,-1.07523856211105,-0.8693272921435614,TIME_LIMIT,291823,0,0,18,4
2,8,1.257871e6,-1.07523856211105,-0.8693272921435614,TIME_LIMIT,291851,0,0,16,28
2,8,1.258081e6,-1.0752322981531155,-0.8693272921435614,TIME_LIMIT,291884,0,0,17,10
2,8,1.258215e6,-1.0752322981531155,-0.8693272921435614,TIME_LIMIT,291914,0,0,23,24
2,8,1.258358e6,-1.0752300272570054,-0.8693272921435614,TIME_LIMIT,291937,0,0,16,6
2,8,1.258573e6,-1.0752300272570054,-0.8693272921435614,TIME_LIMIT,291960,0,0,25,25
2,8,1.258783e6,-1.0752271901147417,-0.8693272921435614,TIME_LIMIT,291993,0,0,16,11
2,8,1.258887e6,-1.0752271901147417,-0.8693272921435614,TIME_LIMIT,292013,0,0,16,15
2,8,1.258952e6,-1.0752260812001406,-0.8693272921435614,TIME_LIMIT,292041,0,0,14,7
2,8,1.259093e6,-1.0752260812001406,-0.8693272921435614,TIME_LIMIT,292063,0,0,22,30
2,8,1.259152e6,-1.075209895447022,-0.8693272921435614,TIME_LIMIT,292095,0,0,16,6
2,8,1.259363e6,-1.075209895447022,-0.8693272921435614,TIME_LIMIT,292125,0,0,13,10
2,8,1.259464e6,-1.0751996516204612,-0.8693272921435614,TIME_LIMIT,292147,0,0,15,13
2,8,1.259563e6,-1.0751996516204612,-0.8693272921435614,TIME_LIMIT,292171,0,0,18,15
2,8,1.259661e6,-1.0751993854433404,-0.8693272921435614,TIME_LIMIT,292203,0,0,16,12
2,8,1.259741e6,-1.0751993854433404,-0.8693272921435614,TIME_LIMIT,292217,0,0,10,6
2,8,1.259804e6,-1.0751979907682672,-0.8693272921435614,TIME_LIMIT,292240,0,0,9,6
2,8,1.259856e6,-1.0751979907682672,-0.8693272921435614,TIME_LIMIT,292261,0,0,19,6
2,8,1.26005e6,-1.075193971973651,-0.8693272921435614,TIME_LIMIT,292284,0,0,9,1
2,8,1.260235e6,-1.075193971973651,-0.8693272921435614,TIME_LIMIT,292302,0,0,16,18
2,8,1.260389e6,-1.0751928690507286,-0.8693272921435614,TIME_LIMIT,292333,0,0,13,4
2,8,1.260478e6,-1.0751928690507286,-0.8693272921435614,TIME_LIMIT,292351,0,0,19,17
2,8,1.260588e6,-1.0751908025852361,-0.8693272921435614,TIME_LIMIT,292384,0,0,12,7
2,8,1.260793e6,-1.0751908025852361,-0.8693272921435614,TIME_LIMIT,292404,0,0,21,18
2,8,1.261008e6,-1.075186431535504,-0.8693272921435614,TIME_LIMIT,292436,0,0,15,7
2,8,1.261199e6,-1.075186431535504,-0.8693272921435614,TIME_LIMIT,292457,0,0,10,6
2,8,1.261323e6,-1.0751862202788494,-0.8693272921435614,TIME_LIMIT,292490,0,0,11,5
2,8,1.261486e6,-1.0751862202788494,-0.8693272921435614,TIME_LIMIT,292514,0,0,10,13
2,8,1.261694e6,-1.075180721010415,-0.8693272921435614,TIME_LIMIT,292542,0,0,8,9
2,8,1.261764e6,-1.075180721010415,-0.8693272921435614,TIME_LIMIT,292559,0,0,14,8
2,8,1.261846e6,-1.0751753486571742,-0.8693272921435614,TIME_LIMIT,292588,0,0,12,7
2,8,1.261887e6,-1.0751753486571742,-0.8693272921435614,TIME_LIMIT,292610,0,0,15,8
2,8,1.261934e6,-1.0751617045450796,-0.8693272921435614,TIME_LIMIT,292633,0,0,11,5
2,8,1.262068e6,-1.0751617045450796,-0.8693272921435614,TIME_LIMIT,292654,0,0,20,9
2,8,1.26212e6,-1.0751616942443007,-0.8693272921435614,TIME_LIMIT,292676,0,0,9,3
2,8,1.262317e6,-1.0751616942443007,-0.8693272921435614,TIME_LIMIT,292700,0,0,19,13
2,8,1.262532e6,-1.0751490826935535,-0.8693272921435614,TIME_LIMIT,292731,0,0,16,10
2,8,1.262655e6,-1.0751490826935535,-0.8693272921435614,TIME_LIMIT,292754,0,0,14,20
2,8,1.262823e6,-1.0751486562729191,-0.8693272921435614,TIME_LIMIT,292786,0,0,19,16
2,8,1.262985e6,-1.0751486562729191,-0.8693272921435614,TIME_LIMIT,292805,0,0,12,21
2,8,1.263116e6,-1.0751391136367607,-0.8693272921435614,TIME_LIMIT,292840,0,0,13,8
2,8,1.263194e6,-1.0751391136367607,-0.8693272921435614,TIME_LIMIT,292867,0,0,20,14
2,8,1.263298e6,-1.0751193946788553,-0.8693272921435614,TIME_LIMIT,292901,0,0,15,10
2,8,1.263402e6,-1.0751193946788553,-0.8693272921435614,TIME_LIMIT,292927,0,0,15,8
2,8,1.26351e6,-1.0751144248068711,-0.8693272921435614,TIME_LIMIT,292956,0,0,11,4
2,8,1.263539e6,-1.0751144248068711,-0.8693272921435614,TIME_LIMIT,292967,0,0,5,6
2,8,1.263605e6,-1.075112260416502,-0.8693272921435614,TIME_LIMIT,292991,0,0,8,4
2,8,1.263808e6,-1.075112260416502,-0.8693272921435614,TIME_LIMIT,293011,0,0,20,31
2,8,1.263989e6,-1.0751015201141731,-0.8693272921435614,TIME_LIMIT,293050,0,0,9,10
2,8,1.264071e6,-1.0751015201141731,-0.8693272921435614,TIME_LIMIT,293064,0,0,8,10
2,8,1.264112e6,-1.0750877525303695,-0.8693272921435614,TIME_LIMIT,293089,0,0,8,6
2,8,1.264268e6,-1.0750877525303695,-0.8693272921435614,TIME_LIMIT,293115,0,0,17,12
2,8,1.264335e6,-1.0750856942096862,-0.8693272921435614,TIME_LIMIT,293145,0,0,10,6
2,8,1.264454e6,-1.0750856942096862,-0.8693272921435614,TIME_LIMIT,293164,0,0,13,14
2,8,1.264538e6,-1.075084083319548,-0.8693272921435614,TIME_LIMIT,293194,0,0,15,4
2,8,1.264751e6,-1.075084083319548,-0.8693272921435614,TIME_LIMIT,293213,0,0,21,25
2,8,1.264927e6,-1.0750721647243204,-0.8693272921435614,TIME_LIMIT,293248,0,0,13,6
2,8,1.265034e6,-1.0750721647243204,-0.8693272921435614,TIME_LIMIT,293269,0,0,15,13
2,8,1.265179e6,-1.0750645269365249,-0.8693272921435614,TIME_LIMIT,293297,0,0,12,11
2,8,1.265327e6,-1.0750645269365249,-0.8693272921435614,TIME_LIMIT,293317,0,0,17,20
2,8,1.265544e6,-1.0750613284142503,-0.8693272921435614,TIME_LIMIT,293345,0,0,8,12
2,8,1.265682e6,-1.0750613284142503,-0.8693272921435614,TIME_LIMIT,293371,0,0,15,19
2,8,1.265893e6,-1.0750588796163196,-0.8693272921435614,TIME_LIMIT,293406,0,0,16,7
2,8,1.266108e6,-1.0750588796163196,-0.8693272921435614,TIME_LIMIT,293431,0,0,16,14
2,8,1.266203e6,-1.075050175760745,-0.8693272921435614,TIME_LIMIT,293458,0,0,13,6
2,8,1.266257e6,-1.075050175760745,-0.8693272921435614,TIME_LIMIT,293477,0,0,13,9
2,8,1.266301e6,-1.0750497609698182,-0.8693272921435614,TIME_LIMIT,293497,0,0,8,3
2,8,1.266365e6,-1.0750497609698182,-0.8693272921435614,TIME_LIMIT,293514,0,0,11,13
2,8,1.26648e6,-1.0750312145193905,-0.8693272921435614,TIME_LIMIT,293539,0,0,9,8
2,8,1.266665e6,-1.0750312145193905,-0.8693272921435614,TIME_LIMIT,293569,0,0,25,7
2,8,1.266841e6,-1.0750294999710164,-0.8693272921435614,TIME_LIMIT,293604,0,0,15,12
2,8,1.26705e6,-1.0750294999710164,-0.8693272921435614,TIME_LIMIT,293627,0,0,8,13
2,8,1.267259e6,-1.0750234749823884,-0.8693272921435614,TIME_LIMIT,293663,0,0,17,8
2,8,1.267378e6,-1.0750234749823884,-0.8693272921435614,TIME_LIMIT,293681,0,0,12,9
2,8,1.267562e6,-1.0750227477178973,-0.8693272921435614,TIME_LIMIT,293708,0,0,14,5
2,8,1.26764e6,-1.0750227477178973,-0.8693272921435614,TIME_LIMIT,293728,0,0,12,13
2,8,1.26768e6,-1.0750140228916263,-0.8693272921435614,TIME_LIMIT,293748,0,0,6,7
2,8,1.267816e6,-1.0750140228916263,-0.8693272921435614,TIME_LIMIT,293767,0,0,19,8
2,8,1.267877e6,-1.0750136497151157,-0.8693272921435614,TIME_LIMIT,293792,0,0,9,5
2,8,1.267921e6,-1.0750136497151157,-0.8693272921435614,TIME_LIMIT,293810,0,0,12,7
2,8,1.26798e6,-1.0750029149504816,-0.8693272921435614,TIME_LIMIT,293833,0,0,8,4
2,8,1.268038e6,-1.0750029149504816,-0.8693272921435614,TIME_LIMIT,293860,0,0,17,12
2,8,1.268249e6,-1.074972706487745,-0.8693272921435614,TIME_LIMIT,293885,0,0,17,8
2,8,1.268284e6,-1.074972706487745,-0.8693272921435614,TIME_LIMIT,293899,0,0,7,4
2,8,1.268297e6,-1.074958363621922,-0.8693272921435614,TIME_LIMIT,293913,0,0,5,1
2,8,1.268332e6,-1.074958363621922,-0.8693272921435614,TIME_LIMIT,293933,0,0,12,2
2,8,1.268366e6,-1.0749550033215172,-0.8693272921435614,TIME_LIMIT,293946,0,0,6,5
2,8,1.26849e6,-1.0749550033215172,-0.8693272921435614,TIME_LIMIT,293970,0,0,15,8
2,8,1.268632e6,-1.0749511554393423,-0.8693272921435614,TIME_LIMIT,294006,0,0,17,8
2,8,1.268715e6,-1.0749511554393423,-0.8693272921435614,TIME_LIMIT,294032,0,0,18,14
2,8,1.268828e6,-1.0749453135875582,-0.8693272921435614,TIME_LIMIT,294062,0,0,5,8
2,8,1.269019e6,-1.0749453135875582,-0.8693272921435614,TIME_LIMIT,294088,0,0,7,11
2,8,1.269155e6,-1.0749135528443572,-0.8693272921435614,TIME_LIMIT,294119,0,0,9,10
2,8,1.269258e6,-1.0749135528443572,-0.8693272921435614,TIME_LIMIT,294138,0,0,12,9
2,8,1.269309e6,-1.074910177492586,-0.8693272921435614,TIME_LIMIT,294161,0,0,10,3
2,8,1.269344e6,-1.074910177492586,-0.8693272921435614,TIME_LIMIT,294179,0,0,12,7
2,8,1.269409e6,-1.0749074585912926,-0.8693272921435614,TIME_LIMIT,294198,0,0,7,4
2,8,1.269495e6,-1.0749074585912926,-0.8693272921435614,TIME_LIMIT,294220,0,0,15,20
2,8,1.269598e6,-1.0748878000586992,-0.8693272921435614,TIME_LIMIT,294253,0,0,7,5
2,8,1.269775e6,-1.0748878000586992,-0.8693272921435614,TIME_LIMIT,294280,0,0,19,11
2,8,1.269983e6,-1.0748861968638006,-0.8693272921435614,TIME_LIMIT,294317,0,0,18,14
2,8,1.2702e6,-1.0748861968638006,-0.8693272921435614,TIME_LIMIT,294348,0,0,17,13
2,8,1.27031e6,-1.0748653820446927,-0.8693272921435614,TIME_LIMIT,294367,0,0,9,6
2,8,1.270436e6,-1.0748653820446927,-0.8693272921435614,TIME_LIMIT,294385,0,0,20,29
2,8,1.270575e6,-1.0748648715053768,-0.8693272921435614,TIME_LIMIT,294419,0,0,15,5
2,8,1.270635e6,-1.0748648715053768,-0.8693272921435614,TIME_LIMIT,294436,0,0,18,7
2,8,1.270722e6,-1.0748598311537987,-0.8693272921435614,TIME_LIMIT,294461,0,0,7,2
2,8,1.270814e6,-1.0748598311537987,-0.8693272921435614,TIME_LIMIT,294483,0,0,12,14
2,8,1.270907e6,-1.0748466754143506,-0.8693272921435614,TIME_LIMIT,294511,0,0,12,6
2,8,1.271063e6,-1.0748466754143506,-0.8693272921435614,TIME_LIMIT,294532,0,0,15,8
2,8,1.2711e6,-1.0748430256556976,-0.8693272921435614,TIME_LIMIT,294553,0,0,8,5
2,8,1.27117e6,-1.0748430256556976,-0.8693272921435614,TIME_LIMIT,294575,0,0,16,7
2,8,1.271226e6,-1.07483328240086,-0.8693272921435614,TIME_LIMIT,294589,0,0,7,6
2,8,1.271303e6,-1.07483328240086,-0.8693272921435614,TIME_LIMIT,294610,0,0,13,10
2,8,1.271341e6,-1.0748325200928948,-0.8693272921435614,TIME_LIMIT,294629,0,0,6,3
2,8,1.271457e6,-1.0748325200928948,-0.8693272921435614,TIME_LIMIT,294653,0,0,17,7
2,8,1.27155e6,-1.074827149138991,-0.8693272921435614,TIME_LIMIT,294678,0,0,9,4
2,8,1.271613e6,-1.074827149138991,-0.8693272921435614,TIME_LIMIT,294703,0,0,15,10
2,8,1.271654e6,-1.0748111581386408,-0.8693272921435614,TIME_LIMIT,294720,0,0,10,4
2,8,1.271719e6,-1.0748111581386408,-0.8693272921435614,TIME_LIMIT,294745,0,0,7,11
2,8,1.271921e6,-1.0748106050091437,-0.8693272921435614,TIME_LIMIT,294775,0,0,12,9
2,8,1.272061e6,-1.0748106050091437,-0.8693272921435614,TIME_LIMIT,294803,0,0,20,12
2,8,1.272139e6,-1.074801888633836,-0.8693272921435614,TIME_LIMIT,294825,0,0,10,7
2,8,1.272243e6,-1.074801888633836,-0.8693272921435614,TIME_LIMIT,294843,0,0,21,31
2,8,1.272395e6,-1.074792441012225,-0.8693272921435614,TIME_LIMIT,294876,0,0,19,3
2,8,1.272523e6,-1.074792441012225,-0.8693272921435614,TIME_LIMIT,294899,0,0,17,8
2,8,1.272579e6,-1.0747776234756055,-0.8693272921435614,TIME_LIMIT,294923,0,0,9,5
2,8,1.272781e6,-1.0747776234756055,-0.8693272921435614,TIME_LIMIT,294950,0,0,22,26
2,8,1.272882e6,-1.0747683337884257,-0.8693272921435614,TIME_LIMIT,294985,0,0,15,8
2,8,1.272997e6,-1.0747683337884257,-0.8693272921435614,TIME_LIMIT,294999,0,0,18,14
2,8,1.273093e6,-1.074767771345503,-0.8693272921435614,TIME_LIMIT,295031,0,0,14,6
2,8,1.273154e6,-1.074767771345503,-0.8693272921435614,TIME_LIMIT,295046,0,0,15,13
2,8,1.27325e6,-1.0747585601956602,-0.8693272921435614,TIME_LIMIT,295077,0,0,13,6
2,8,1.273307e6,-1.0747585601956602,-0.8693272921435614,TIME_LIMIT,295093,0,0,17,9
2,8,1.273384e6,-1.0747566113073819,-0.8693272921435614,TIME_LIMIT,295113,0,0,7,4
2,8,1.273577e6,-1.0747566113073819,-0.8693272921435614,TIME_LIMIT,295142,0,0,14,16
2,8,1.273783e6,-1.0747563809283571,-0.8693272921435614,TIME_LIMIT,295172,0,0,12,7
2,8,1.273895e6,-1.0747563809283571,-0.8693272921435614,TIME_LIMIT,295198,0,0,21,12
2,8,1.274014e6,-1.0747481284945852,-0.8693272921435614,TIME_LIMIT,295232,0,0,13,4
2,8,1.274068e6,-1.0747481284945852,-0.8693272921435614,TIME_LIMIT,295247,0,0,13,12
2,8,1.274137e6,-1.0747455823742584,-0.8693272921435614,TIME_LIMIT,295272,0,0,8,4
2,8,1.274303e6,-1.0747455823742584,-0.8693272921435614,TIME_LIMIT,295294,0,0,14,29
2,8,1.274388e6,-1.07474509414752,-0.8693272921435614,TIME_LIMIT,295331,0,0,15,12
2,8,1.27445e6,-1.07474509414752,-0.8693272921435614,TIME_LIMIT,295349,0,0,13,8
2,8,1.274479e6,-1.0746739704682946,-0.8693272921435614,TIME_LIMIT,295366,0,0,5,3
2,8,1.274592e6,-1.0746739704682946,-0.8693272921435614,TIME_LIMIT,295389,0,0,14,6
2,8,1.27469e6,-1.0746725631721803,-0.8693272921435614,TIME_LIMIT,295414,0,0,7,5
2,8,1.274816e6,-1.0746725631721803,-0.8693272921435614,TIME_LIMIT,295438,0,0,13,8
2,8,1.274904e6,-1.074665424066358,-0.8693272921435614,TIME_LIMIT,295454,0,0,11,9
2,8,1.27498e6,-1.074665424066358,-0.8693272921435614,TIME_LIMIT,295477,0,0,16,11
2,8,1.275047e6,-1.074631905601537,-0.8693272921435614,TIME_LIMIT,295503,0,0,11,8
2,8,1.275251e6,-1.074631905601537,-0.8693272921435614,TIME_LIMIT,295525,0,0,15,14
2,8,1.275348e6,-1.074622671013655,-0.8693272921435614,TIME_LIMIT,295556,0,0,16,5
2,8,1.275557e6,-1.074622671013655,-0.8693272921435614,TIME_LIMIT,295584,0,0,16,31
2,8,1.275765e6,-1.07462234127154,-0.8693272921435614,TIME_LIMIT,295614,0,0,15,4
2,8,1.27592e6,-1.07462234127154,-0.8693272921435614,TIME_LIMIT,295640,0,0,21,19
2,8,1.276083e6,-1.0746220313636545,-0.8693272921435614,TIME_LIMIT,295672,0,0,12,7
2,8,1.276242e6,-1.0746220313636545,-0.8693272921435614,TIME_LIMIT,295697,0,0,24,13
2,8,1.276392e6,-1.0746201254239154,-0.8693272921435614,TIME_LIMIT,295735,0,0,14,8
2,8,1.276436e6,-1.0746201254239154,-0.8693272921435614,TIME_LIMIT,295756,0,0,15,15
2,8,1.276536e6,-1.0746136853935397,-0.8693272921435614,TIME_LIMIT,295783,0,0,5,7
2,8,1.276744e6,-1.0746136853935397,-0.8693272921435614,TIME_LIMIT,295805,0,0,22,29
2,8,1.276843e6,-1.0746116822383107,-0.8693272921435614,TIME_LIMIT,295832,0,0,13,10
2,8,1.277013e6,-1.0746116822383107,-0.8693272921435614,TIME_LIMIT,295856,0,0,15,7
2,8,1.27713e6,-1.0746048264314363,-0.8693272921435614,TIME_LIMIT,295888,0,0,16,3
2,8,1.277185e6,-1.0746048264314363,-0.8693272921435614,TIME_LIMIT,295910,0,0,16,6
2,8,1.277297e6,-1.0746004828162694,-0.8693272921435614,TIME_LIMIT,295941,0,0,11,3
2,8,1.277355e6,-1.0746004828162694,-0.8693272921435614,TIME_LIMIT,295960,0,0,16,8
2,8,1.277437e6,-1.0745923470364334,-0.8693272921435614,TIME_LIMIT,295993,0,0,8,4
2,8,1.277506e6,-1.0745923470364334,-0.8693272921435614,TIME_LIMIT,296019,0,0,25,10
2,8,1.277544e6,-1.0745911988511179,-0.8693272921435614,TIME_LIMIT,296043,0,0,17,9
2,8,1.277661e6,-1.0745911988511179,-0.8693272921435614,TIME_LIMIT,296067,0,0,13,13
2,8,1.277752e6,-1.0745810018893758,-0.8693272921435614,TIME_LIMIT,296092,0,0,11,7
2,8,1.277817e6,-1.0745810018893758,-0.8693272921435614,TIME_LIMIT,296110,0,0,13,6
2,8,1.277888e6,-1.0745804201648974,-0.8693272921435614,TIME_LIMIT,296127,0,0,6,4
2,8,1.277993e6,-1.0745804201648974,-0.8693272921435614,TIME_LIMIT,296147,0,0,13,8
2,8,1.27801e6,-1.0745792310609443,-0.8693272921435614,TIME_LIMIT,296165,0,0,4,6
2,8,1.27822e6,-1.0745792310609443,-0.8693272921435614,TIME_LIMIT,296192,0,0,20,13
2,8,1.278429e6,-1.074574330277524,-0.8693272921435614,TIME_LIMIT,296223,0,0,15,10
2,8,1.278638e6,-1.074574330277524,-0.8693272921435614,TIME_LIMIT,296251,0,0,20,14
2,8,1.278847e6,-1.0745588151176955,-0.8693272921435614,TIME_LIMIT,296272,0,0,12,7
2,8,1.278949e6,-1.0745588151176955,-0.8693272921435614,TIME_LIMIT,296296,0,0,15,11
2,8,1.278998e6,-1.07455206285949,-0.8693272921435614,TIME_LIMIT,296317,0,0,8,4
2,8,1.279063e6,-1.07455206285949,-0.8693272921435614,TIME_LIMIT,296333,0,0,8,4
2,8,1.279139e6,-1.0745514299771235,-0.8693272921435614,TIME_LIMIT,296366,0,0,11,8
2,8,1.279283e6,-1.0745514299771235,-0.8693272921435614,TIME_LIMIT,296389,0,0,17,11
2,8,1.279412e6,-1.0745313115228106,-0.8693272921435614,TIME_LIMIT,296421,0,0,15,9
2,8,1.279492e6,-1.0745313115228106,-0.8693272921435614,TIME_LIMIT,296442,0,0,13,25
2,8,1.279648e6,-1.0745114135741178,-0.8693272921435614,TIME_LIMIT,296482,0,0,11,6
2,8,1.279699e6,-1.0745114135741178,-0.8693272921435614,TIME_LIMIT,296501,0,0,17,6
2,8,1.279759e6,-1.074510595028812,-0.8693272921435614,TIME_LIMIT,296527,0,0,13,6
2,8,1.279799e6,-1.074510595028812,-0.8693272921435614,TIME_LIMIT,296539,0,0,13,10
2,8,1.279904e6,-1.074499740396858,-0.8693272921435614,TIME_LIMIT,296566,0,0,11,5
2,8,1.279995e6,-1.074499740396858,-0.8693272921435614,TIME_LIMIT,296590,0,0,17,19
2,8,1.280105e6,-1.0744836523058643,-0.8693272921435614,TIME_LIMIT,296621,0,0,14,13
2,8,1.280205e6,-1.0744836523058643,-0.8693272921435614,TIME_LIMIT,296639,0,0,15,12
2,8,1.280301e6,-1.0744718018446173,-0.8693272921435614,TIME_LIMIT,296672,0,0,14,7
2,8,1.280407e6,-1.0744718018446173,-0.8693272921435614,TIME_LIMIT,296697,0,0,12,7
2,8,1.280504e6,-1.0744647622545664,-0.8693272921435614,TIME_LIMIT,296714,0,0,7,7
2,8,1.280598e6,-1.0744647622545664,-0.8693272921435614,TIME_LIMIT,296735,0,0,17,9
2,8,1.280688e6,-1.0744492517229727,-0.8693272921435614,TIME_LIMIT,296761,0,0,10,7
2,8,1.280883e6,-1.0744492517229727,-0.8693272921435614,TIME_LIMIT,296783,0,0,11,14
2,8,1.280975e6,-1.0744492008661721,-0.8693272921435614,TIME_LIMIT,296807,0,0,12,1
2,8,1.281016e6,-1.0744492008661721,-0.8693272921435614,TIME_LIMIT,296834,0,0,22,13
2,8,1.281049e6,-1.0744477052461678,-0.8693272921435614,TIME_LIMIT,296853,0,0,6,4
2,8,1.281235e6,-1.0744477052461678,-0.8693272921435614,TIME_LIMIT,296877,0,0,15,12
2,8,1.281443e6,-1.0744475262606454,-0.8693272921435614,TIME_LIMIT,296904,0,0,9,11
2,8,1.281545e6,-1.0744475262606454,-0.8693272921435614,TIME_LIMIT,296927,0,0,19,26
2,8,1.281731e6,-1.0744448077591144,-0.8693272921435614,TIME_LIMIT,296967,0,0,19,14
2,8,1.281934e6,-1.0744448077591144,-0.8693272921435614,TIME_LIMIT,296997,0,0,24,19
2,8,1.282001e6,-1.0744425746863633,-0.8693272921435614,TIME_LIMIT,297029,0,0,22,7
2,8,1.282057e6,-1.0744425746863633,-0.8693272921435614,TIME_LIMIT,297045,0,0,14,9
2,8,1.282091e6,-1.0744398894424578,-0.8693272921435614,TIME_LIMIT,297067,0,0,9,5
2,8,1.282288e6,-1.0744398894424578,-0.8693272921435614,TIME_LIMIT,297086,0,0,16,12
2,8,1.282452e6,-1.0744218058123571,-0.8693272921435614,TIME_LIMIT,297122,0,0,15,7
2,8,1.282602e6,-1.0744218058123571,-0.8693272921435614,TIME_LIMIT,297142,0,0,14,8
2,8,1.28272e6,-1.0744160437617407,-0.8693272921435614,TIME_LIMIT,297170,0,0,7,9
2,8,1.282809e6,-1.0744160437617407,-0.8693272921435614,TIME_LIMIT,297193,0,0,14,21
2,8,1.282863e6,-1.0743957034242777,-0.8693272921435614,TIME_LIMIT,297223,0,0,13,5
2,8,1.282926e6,-1.0743957034242777,-0.8693272921435614,TIME_LIMIT,297243,0,0,14,9
2,8,1.282988e6,-1.0743901548865167,-0.8693272921435614,TIME_LIMIT,297269,0,0,10,6
2,8,1.283084e6,-1.0743901548865167,-0.8693272921435614,TIME_LIMIT,297295,0,0,11,15
2,8,1.283185e6,-1.0743759429725446,-0.8693272921435614,TIME_LIMIT,297321,0,0,14,2
2,8,1.283256e6,-1.0743759429725446,-0.8693272921435614,TIME_LIMIT,297341,0,0,11,5
2,8,1.283287e6,-1.074365605625954,-0.8693272921435614,TIME_LIMIT,297357,0,0,5,8
2,8,1.283384e6,-1.074365605625954,-0.8693272921435614,TIME_LIMIT,297378,0,0,19,14
2,8,1.283593e6,-1.0743631580469177,-0.8693272921435614,TIME_LIMIT,297409,0,0,8,6
2,8,1.283779e6,-1.0743631580469177,-0.8693272921435614,TIME_LIMIT,297434,0,0,14,17
2,8,1.283937e6,-1.0743555016257846,-0.8693272921435614,TIME_LIMIT,297457,0,0,15,4
2,8,1.284035e6,-1.0743555016257846,-0.8693272921435614,TIME_LIMIT,297479,0,0,14,8
2,8,1.284077e6,-1.0743469392059728,-0.8693272921435614,TIME_LIMIT,297493,0,0,10,6
2,8,1.284264e6,-1.0743469392059728,-0.8693272921435614,TIME_LIMIT,297518,0,0,16,20
2,8,1.28442e6,-1.0743444252996217,-0.8693272921435614,TIME_LIMIT,297548,0,0,11,8
2,8,1.28462e6,-1.0743444252996217,-0.8693272921435614,TIME_LIMIT,297574,0,0,21,23
2,8,1.284697e6,-1.0743402230813213,-0.8693272921435614,TIME_LIMIT,297605,0,0,16,13
2,8,1.284737e6,-1.0743402230813213,-0.8693272921435614,TIME_LIMIT,297623,0,0,10,4
2,8,1.284768e6,-1.0743338606489732,-0.8693272921435614,TIME_LIMIT,297635,0,0,8,2
2,8,1.284816e6,-1.0743338606489732,-0.8693272921435614,TIME_LIMIT,297650,0,0,12,9
2,8,1.28489e6,-1.0743301845585012,-0.8693272921435614,TIME_LIMIT,297675,0,0,8,6
2,8,1.285076e6,-1.0743301845585012,-0.8693272921435614,TIME_LIMIT,297697,0,0,18,10
2,8,1.285201e6,-1.074323568023317,-0.8693272921435614,TIME_LIMIT,297731,0,0,11,3
2,8,1.285332e6,-1.074323568023317,-0.8693272921435614,TIME_LIMIT,297751,0,0,9,9
2,8,1.285517e6,-1.0743214888171708,-0.8693272921435614,TIME_LIMIT,297781,0,0,18,9
2,8,1.285605e6,-1.0743214888171708,-0.8693272921435614,TIME_LIMIT,297798,0,0,14,5
2,8,1.285655e6,-1.0743195475983138,-0.8693272921435614,TIME_LIMIT,297817,0,0,10,2
2,8,1.285721e6,-1.0743195475983138,-0.8693272921435614,TIME_LIMIT,297836,0,0,16,7
2,8,1.285762e6,-1.0743088613830678,-0.8693272921435614,TIME_LIMIT,297860,0,0,12,2
2,8,1.285849e6,-1.0743088613830678,-0.8693272921435614,TIME_LIMIT,297877,0,0,15,22
2,8,1.286017e6,-1.0742867876526696,-0.8693272921435614,TIME_LIMIT,297909,0,0,17,11
2,8,1.28614e6,-1.0742867876526696,-0.8693272921435614,TIME_LIMIT,297932,0,0,9,13
2,8,1.28624e6,-1.0742808713906675,-0.8693272921435614,TIME_LIMIT,297956,0,0,9,8
2,8,1.286448e6,-1.0742808713906675,-0.8693272921435614,TIME_LIMIT,297978,0,0,24,20
2,8,1.286654e6,-1.0742775739663284,-0.8693272921435614,TIME_LIMIT,298017,0,0,18,15
2,8,1.286778e6,-1.0742775739663284,-0.8693272921435614,TIME_LIMIT,298040,0,0,15,10
2,8,1.286865e6,-1.0742731041887985,-0.8693272921435614,TIME_LIMIT,298065,0,0,10,9
2,8,1.287035e6,-1.0742731041887985,-0.8693272921435614,TIME_LIMIT,298092,0,0,20,24
2,8,1.28712e6,-1.074271420980362,-0.8693272921435614,TIME_LIMIT,298128,0,0,11,11
2,8,1.287327e6,-1.074271420980362,-0.8693272921435614,TIME_LIMIT,298146,0,0,12,18
2,8,1.287529e6,-1.0742464915330658,-0.8693272921435614,TIME_LIMIT,298185,0,0,20,9
2,8,1.28773e6,-1.0742464915330658,-0.8693272921435614,TIME_LIMIT,298206,0,0,15,15
2,8,1.287937e6,-1.0742415970143393,-0.8693272921435614,TIME_LIMIT,298239,0,0,14,7
2,8,1.287988e6,-1.0742415970143393,-0.8693272921435614,TIME_LIMIT,298261,0,0,11,13
2,8,1.288009e6,-1.0742196784760047,-0.8693272921435614,TIME_LIMIT,298280,0,0,5,4
2,8,1.28808e6,-1.0742196784760047,-0.8693272921435614,TIME_LIMIT,298300,0,0,13,24
2,8,1.288202e6,-1.0742165748311057,-0.8693272921435614,TIME_LIMIT,298335,0,0,13,9
2,8,1.288409e6,-1.0742165748311057,-0.8693272921435614,TIME_LIMIT,298357,0,0,19,17
2,8,1.288557e6,-1.074200740929332,-0.8693272921435614,TIME_LIMIT,298382,0,0,14,8
2,8,1.28871e6,-1.074200740929332,-0.8693272921435614,TIME_LIMIT,298405,0,0,18,7
2,8,1.288863e6,-1.0741947190010435,-0.8693272921435614,TIME_LIMIT,298437,0,0,11,10
2,8,1.288938e6,-1.0741947190010435,-0.8693272921435614,TIME_LIMIT,298457,0,0,10,6
2,8,1.288977e6,-1.0741901680357224,-0.8693272921435614,TIME_LIMIT,298478,0,0,7,3
2,8,1.289058e6,-1.0741901680357224,-0.8693272921435614,TIME_LIMIT,298496,0,0,14,7
2,8,1.289096e6,-1.0741778788688747,-0.8693272921435614,TIME_LIMIT,298510,0,0,11,7
2,8,1.289289e6,-1.0741778788688747,-0.8693272921435614,TIME_LIMIT,298541,0,0,16,28
2,8,1.289496e6,-1.0741769278385411,-0.8693272921435614,TIME_LIMIT,298565,0,0,20,13
2,8,1.289632e6,-1.0741769278385411,-0.8693272921435614,TIME_LIMIT,298588,0,0,17,23
2,8,1.289768e6,-1.0741676133111033,-0.8693272921435614,TIME_LIMIT,298624,0,0,7,7
2,8,1.289921e6,-1.0741676133111033,-0.8693272921435614,TIME_LIMIT,298646,0,0,9,15
2,8,1.290051e6,-1.074167425354497,-0.8693272921435614,TIME_LIMIT,298679,0,0,17,6
2,8,1.290149e6,-1.074167425354497,-0.8693272921435614,TIME_LIMIT,298698,0,0,22,5
2,8,1.290211e6,-1.0741595054745876,-0.8693272921435614,TIME_LIMIT,298725,0,0,9,4
2,8,1.290267e6,-1.0741595054745876,-0.8693272921435614,TIME_LIMIT,298741,0,0,10,6
2,8,1.290282e6,-1.0741509863538379,-0.8693272921435614,TIME_LIMIT,298756,0,0,3,2
2,8,1.290485e6,-1.0741509863538379,-0.8693272921435614,TIME_LIMIT,298783,0,0,18,17
2,8,1.290691e6,-1.0741508833640172,-0.8693272921435614,TIME_LIMIT,298813,0,0,23,11
2,8,1.290896e6,-1.0741508833640172,-0.8693272921435614,TIME_LIMIT,298838,0,0,16,9
2,8,1.290953e6,-1.074146960908283,-0.8693272921435614,TIME_LIMIT,298860,0,0,16,8
2,8,1.291017e6,-1.074146960908283,-0.8693272921435614,TIME_LIMIT,298879,0,0,15,11
2,8,1.291079e6,-1.0741432829728987,-0.8693272921435614,TIME_LIMIT,298904,0,0,12,12
2,8,1.291196e6,-1.0741432829728987,-0.8693272921435614,TIME_LIMIT,298924,0,0,19,16
2,8,1.291402e6,-1.074133943868537,-0.8693272921435614,TIME_LIMIT,298955,0,0,11,8
2,8,1.29146e6,-1.074133943868537,-0.8693272921435614,TIME_LIMIT,298970,0,0,18,5
2,8,1.291496e6,-1.0741236147472055,-0.8693272921435614,TIME_LIMIT,298993,0,0,10,5
2,8,1.291694e6,-1.0741236147472055,-0.8693272921435614,TIME_LIMIT,299016,0,0,16,18
2,8,1.291814e6,-1.0741181376799354,-0.8693272921435614,TIME_LIMIT,299041,0,0,5,2
2,8,1.291842e6,-1.0741181376799354,-0.8693272921435614,TIME_LIMIT,299055,0,0,11,7
2,8,1.291884e6,-1.0741147532330146,-0.8693272921435614,TIME_LIMIT,299073,0,0,6,5
2,8,1.292056e6,-1.0741147532330146,-0.8693272921435614,TIME_LIMIT,299100,0,0,24,15
2,8,1.292224e6,-1.0741105931703157,-0.8693272921435614,TIME_LIMIT,299131,0,0,18,6
2,8,1.292338e6,-1.0741105931703157,-0.8693272921435614,TIME_LIMIT,299155,0,0,19,15
2,8,1.292435e6,-1.0741087521415909,-0.8693272921435614,TIME_LIMIT,299186,0,0,15,4
2,8,1.292461e6,-1.0741087521415909,-0.8693272921435614,TIME_LIMIT,299199,0,0,8,1
2,8,1.292476e6,-1.0740913554090472,-0.8693272921435614,TIME_LIMIT,299211,0,0,4,4
2,8,1.292677e6,-1.0740913554090472,-0.8693272921435614,TIME_LIMIT,299235,0,0,13,13
2,8,1.292772e6,-1.074086562443613,-0.8693272921435614,TIME_LIMIT,299259,0,0,12,5
2,8,1.292894e6,-1.074086562443613,-0.8693272921435614,TIME_LIMIT,299278,0,0,12,5
2,8,1.292941e6,-1.0740817446507034,-0.8693272921435614,TIME_LIMIT,299300,0,0,11,1
2,8,1.293003e6,-1.0740817446507034,-0.8693272921435614,TIME_LIMIT,299319,0,0,18,8
2,8,1.293198e6,-1.0740621881978194,-0.8693272921435614,TIME_LIMIT,299349,0,0,12,11
2,8,1.293256e6,-1.0740621881978194,-0.8693272921435614,TIME_LIMIT,299371,0,0,15,7
2,8,1.293287e6,-1.0740615541325695,-0.8693272921435614,TIME_LIMIT,299383,0,0,9,7
2,8,1.293487e6,-1.0740615541325695,-0.8693272921435614,TIME_LIMIT,299410,0,0,24,20
2,8,1.293615e6,-1.0740497812079084,-0.8693272921435614,TIME_LIMIT,299432,0,0,16,6
2,8,1.293648e6,-1.0740497812079084,-0.8693272921435614,TIME_LIMIT,299446,0,0,9,3
2,8,1.293688e6,-1.074042824697506,-0.8693272921435614,TIME_LIMIT,299462,0,0,11,5
2,8,1.293726e6,-1.074042824697506,-0.8693272921435614,TIME_LIMIT,299486,0,0,10,2
2,8,1.293798e6,-1.0740352859749236,-0.8693272921435614,TIME_LIMIT,299504,0,0,9,6
2,8,1.293958e6,-1.0740352859749236,-0.8693272921435614,TIME_LIMIT,299522,0,0,7,12
2,8,1.294015e6,-1.0740340756618638,-0.8693272921435614,TIME_LIMIT,299545,0,0,11,4
2,8,1.294053e6,-1.0740340756618638,-0.8693272921435614,TIME_LIMIT,299562,0,0,17,7
2,8,1.294217e6,-1.0740247443098563,-0.8693272921435614,TIME_LIMIT,299598,0,0,17,8
2,8,1.294302e6,-1.0740247443098563,-0.8693272921435614,TIME_LIMIT,299622,0,0,17,20
2,8,1.294511e6,-1.0740227335823396,-0.8693272921435614,TIME_LIMIT,299649,0,0,13,12
2,8,1.294554e6,-1.0740227335823396,-0.8693272921435614,TIME_LIMIT,299666,0,0,9,3
2,8,1.294581e6,-1.0740215643070292,-0.8693272921435614,TIME_LIMIT,299679,0,0,2,5
2,8,1.294783e6,-1.0740215643070292,-0.8693272921435614,TIME_LIMIT,299705,0,0,22,21
2,8,1.294988e6,-1.074017963049775,-0.8693272921435614,TIME_LIMIT,299736,0,0,15,7
2,8,1.295137e6,-1.074017963049775,-0.8693272921435614,TIME_LIMIT,299760,0,0,13,8
2,8,1.295258e6,-1.0740144223015393,-0.8693272921435614,TIME_LIMIT,299793,0,0,7,4
2,8,1.29547e6,-1.0740144223015393,-0.8693272921435614,TIME_LIMIT,299827,0,0,17,8
2,8,1.295597e6,-1.0740033731288436,-0.8693272921435614,TIME_LIMIT,299853,0,0,16,4
2,8,1.295697e6,-1.0740033731288436,-0.8693272921435614,TIME_LIMIT,299874,0,0,22,22
2,8,1.295784e6,-1.0739964885967903,-0.8693272921435614,TIME_LIMIT,299904,0,0,17,8
2,8,1.295927e6,-1.0739964885967903,-0.8693272921435614,TIME_LIMIT,299920,0,0,10,9
2,8,1.29611e6,-1.0739953880595623,-0.8693272921435614,TIME_LIMIT,299950,0,0,14,9
2,8,1.296164e6,-1.0739953880595623,-0.8693272921435614,TIME_LIMIT,299967,0,0,10,7
2,8,1.296217e6,-1.073987951609778,-0.8693272921435614,TIME_LIMIT,299993,0,0,11,4
2,8,1.296401e6,-1.073987951609778,-0.8693272921435614,TIME_LIMIT,300017,0,0,18,16
2,8,1.296471e6,-1.0739632442968468,-0.8693272921435614,TIME_LIMIT,300044,0,0,11,7
2,8,1.296578e6,-1.0739632442968468,-0.8693272921435614,TIME_LIMIT,300067,0,0,16,14
2,8,1.296711e6,-1.0739630772714515,-0.8693272921435614,TIME_LIMIT,300096,0,0,14,9
2,8,1.296787e6,-1.0739630772714515,-0.8693272921435614,TIME_LIMIT,300117,0,0,14,19
2,8,1.296883e6,-1.073949330371292,-0.8693272921435614,TIME_LIMIT,300147,0,0,14,10
2,8,1.296968e6,-1.073949330371292,-0.8693272921435614,TIME_LIMIT,300167,0,0,17,15
2,8,1.297135e6,-1.0739484671007284,-0.8693272921435614,TIME_LIMIT,300203,0,0,17,9
2,8,1.297211e6,-1.0739484671007284,-0.8693272921435614,TIME_LIMIT,300219,0,0,8,15
2,8,1.297317e6,-1.0739436995565974,-0.8693272921435614,TIME_LIMIT,300248,0,0,11,6
2,8,1.297524e6,-1.0739436995565974,-0.8693272921435614,TIME_LIMIT,300267,0,0,19,21
2,8,1.297722e6,-1.0739413257166444,-0.8693272921435614,TIME_LIMIT,300306,0,0,7,9
2,8,1.297934e6,-1.0739413257166444,-0.8693272921435614,TIME_LIMIT,300333,0,0,17,28
2,8,1.298155e6,-1.073939009812276,-0.8693272921435614,TIME_LIMIT,300373,0,0,21,8
2,8,1.298365e6,-1.073939009812276,-0.8693272921435614,TIME_LIMIT,300394,0,0,17,26
2,8,1.298534e6,-1.0739346484356374,-0.8693272921435614,TIME_LIMIT,300422,0,0,9,8
2,8,1.298735e6,-1.0739346484356374,-0.8693272921435614,TIME_LIMIT,300449,0,0,7,13
2,8,1.298924e6,-1.073934193527687,-0.8693272921435614,TIME_LIMIT,300486,0,0,14,11
2,8,1.298957e6,-1.073934193527687,-0.8693272921435614,TIME_LIMIT,300504,0,0,9,4
2,8,1.298968e6,-1.073918419837432,-0.8693272921435614,TIME_LIMIT,300513,0,0,2,1
2,8,1.299093e6,-1.073918419837432,-0.8693272921435614,TIME_LIMIT,300539,0,0,17,19
2,8,1.299208e6,-1.0739168455752566,-0.8693272921435614,TIME_LIMIT,300576,0,0,16,9
2,8,1.29927e6,-1.0739168455752566,-0.8693272921435614,TIME_LIMIT,300595,0,0,10,11
2,8,1.29929e6,-1.0739042783341952,-0.8693272921435614,TIME_LIMIT,300611,0,0,5,4
2,8,1.299415e6,-1.0739042783341952,-0.8693272921435614,TIME_LIMIT,300638,0,0,15,7
2,8,1.299636e6,-1.0739042005440158,-0.8693272921435614,TIME_LIMIT,300668,0,0,13,13
2,8,1.299704e6,-1.0739042005440158,-0.8693272921435614,TIME_LIMIT,300684,0,0,9,11
2,8,1.299796e6,-1.0739039423827004,-0.8693272921435614,TIME_LIMIT,300716,0,0,12,5
2,8,1.299949e6,-1.0739039423827004,-0.8693272921435614,TIME_LIMIT,300741,0,0,13,9
2,8,1.300003e6,-1.073903507183544,-0.8693272921435614,TIME_LIMIT,300766,0,0,12,7
2,8,1.300071e6,-1.073903507183544,-0.8693272921435614,TIME_LIMIT,300787,0,0,13,10
2,8,1.300114e6,-1.0738831764222714,-0.8693272921435614,TIME_LIMIT,300813,0,0,10,9
2,8,1.300237e6,-1.0738831764222714,-0.8693272921435614,TIME_LIMIT,300837,0,0,14,17
2,8,1.300436e6,-1.0738824137833687,-0.8693272921435614,TIME_LIMIT,300874,0,0,13,17
2,8,1.300605e6,-1.0738824137833687,-0.8693272921435614,TIME_LIMIT,300896,0,0,13,12
2,8,1.300704e6,-1.0738757018358687,-0.8693272921435614,TIME_LIMIT,300931,0,0,18,3
2,8,1.300924e6,-1.0738757018358687,-0.8693272921435614,TIME_LIMIT,300957,0,0,19,14
2,8,1.301103e6,-1.0738674806784,-0.8693272921435614,TIME_LIMIT,300992,0,0,11,8
2,8,1.301223e6,-1.0738674806784,-0.8693272921435614,TIME_LIMIT,301016,0,0,9,16
2,8,1.301367e6,-1.0738633796423642,-0.8693272921435614,TIME_LIMIT,301044,0,0,12,7
2,8,1.30142e6,-1.0738633796423642,-0.8693272921435614,TIME_LIMIT,301064,0,0,13,6
2,8,1.301455e6,-1.0738627766109283,-0.8693272921435614,TIME_LIMIT,301085,0,0,9,5
2,8,1.301668e6,-1.0738627766109283,-0.8693272921435614,TIME_LIMIT,301106,0,0,22,23
2,8,1.301887e6,-1.0738578438111286,-0.8693272921435614,TIME_LIMIT,301145,0,0,14,8
2,8,1.302077e6,-1.0738578438111286,-0.8693272921435614,TIME_LIMIT,301169,0,0,12,10
2,8,1.302285e6,-1.0738552238520642,-0.8693272921435614,TIME_LIMIT,301192,0,0,14,3
2,8,1.302405e6,-1.0738552238520642,-0.8693272921435614,TIME_LIMIT,301219,0,0,11,11
2,8,1.302441e6,-1.0738436018574196,-0.8693272921435614,TIME_LIMIT,301236,0,0,13,8
2,8,1.302512e6,-1.0738436018574196,-0.8693272921435614,TIME_LIMIT,301256,0,0,11,20
2,8,1.302675e6,-1.073838258181168,-0.8693272921435614,TIME_LIMIT,301288,0,0,12,19
2,8,1.302726e6,-1.073838258181168,-0.8693272921435614,TIME_LIMIT,301304,0,0,16,14
2,8,1.302801e6,-1.0738306677184155,-0.8693272921435614,TIME_LIMIT,301329,0,0,12,7
2,8,1.302889e6,-1.0738306677184155,-0.8693272921435614,TIME_LIMIT,301347,0,0,8,2
2,8,1.302948e6,-1.0738206706762794,-0.8693272921435614,TIME_LIMIT,301374,0,0,11,11
2,8,1.303157e6,-1.0738206706762794,-0.8693272921435614,TIME_LIMIT,301397,0,0,9,12
2,8,1.303217e6,-1.0738122497172728,-0.8693272921435614,TIME_LIMIT,301424,0,0,14,7
2,8,1.303384e6,-1.0738122497172728,-0.8693272921435614,TIME_LIMIT,301450,0,0,10,14
2,8,1.303514e6,-1.0738118211524799,-0.8693272921435614,TIME_LIMIT,301476,0,0,10,10
2,8,1.303641e6,-1.0738118211524799,-0.8693272921435614,TIME_LIMIT,301494,0,0,19,30
2,8,1.303861e6,-1.0738096785936841,-0.8693272921435614,TIME_LIMIT,301530,0,0,11,9
2,8,1.30402e6,-1.0738096785936841,-0.8693272921435614,TIME_LIMIT,301560,0,0,15,14
2,8,1.304079e6,-1.0738013373636135,-0.8693272921435614,TIME_LIMIT,301584,0,0,9,4
2,8,1.304161e6,-1.0738013373636135,-0.8693272921435614,TIME_LIMIT,301605,0,0,12,9
2,8,1.304217e6,-1.0737995528248978,-0.8693272921435614,TIME_LIMIT,301626,0,0,9,2
2,8,1.304258e6,-1.0737995528248978,-0.8693272921435614,TIME_LIMIT,301644,0,0,9,4
2,8,1.304305e6,-1.073794486789204,-0.8693272921435614,TIME_LIMIT,301665,0,0,8,6
2,8,1.304376e6,-1.073794486789204,-0.8693272921435614,TIME_LIMIT,301684,0,0,16,3
2,8,1.304407e6,-1.0737900766769903,-0.8693272921435614,TIME_LIMIT,301698,0,0,7,3
2,8,1.304487e6,-1.0737900766769903,-0.8693272921435614,TIME_LIMIT,301714,0,0,13,13
2,8,1.304516e6,-1.0737879880397783,-0.8693272921435614,TIME_LIMIT,301731,0,0,5,5
2,8,1.304567e6,-1.0737879880397783,-0.8693272921435614,TIME_LIMIT,301745,0,0,10,4
2,8,1.304608e6,-1.0737809743799307,-0.8693272921435614,TIME_LIMIT,301768,0,0,10,3
2,8,1.304829e6,-1.0737809743799307,-0.8693272921435614,TIME_LIMIT,301787,0,0,13,14
2,8,1.305049e6,-1.0737588590180862,-0.8693272921435614,TIME_LIMIT,301818,0,0,20,14
2,8,1.305269e6,-1.0737588590180862,-0.8693272921435614,TIME_LIMIT,301839,0,0,16,16
2,8,1.305459e6,-1.0737414863153036,-0.8693272921435614,TIME_LIMIT,301876,0,0,18,12
2,8,1.305542e6,-1.0737414863153036,-0.8693272921435614,TIME_LIMIT,301890,0,0,12,5
2,8,1.305604e6,-1.0737241086617453,-0.8693272921435614,TIME_LIMIT,301913,0,0,11,2
2,8,1.305812e6,-1.0737241086617453,-0.8693272921435614,TIME_LIMIT,301935,0,0,22,28
2,8,1.30598e6,-1.0737195541073237,-0.8693272921435614,TIME_LIMIT,301975,0,0,22,4
2,8,1.306127e6,-1.0737195541073237,-0.8693272921435614,TIME_LIMIT,301998,0,0,18,12
2,8,1.30617e6,-1.0737178222483044,-0.8693272921435614,TIME_LIMIT,302020,0,0,14,7
2,8,1.306301e6,-1.0737178222483044,-0.8693272921435614,TIME_LIMIT,302049,0,0,22,17
2,8,1.306508e6,-1.073714945863642,-0.8693272921435614,TIME_LIMIT,302073,0,0,21,4
2,8,1.306543e6,-1.073714945863642,-0.8693272921435614,TIME_LIMIT,302094,0,0,16,14
2,8,1.30675e6,-1.0737126985191354,-0.8693272921435614,TIME_LIMIT,302123,0,0,10,7
2,8,1.30679e6,-1.0737126985191354,-0.8693272921435614,TIME_LIMIT,302137,0,0,7,4
2,8,1.306833e6,-1.0737125414537827,-0.8693272921435614,TIME_LIMIT,302159,0,0,10,3
2,8,1.306968e6,-1.0737125414537827,-0.8693272921435614,TIME_LIMIT,302181,0,0,15,16
2,8,1.307048e6,-1.0737086488758423,-0.8693272921435614,TIME_LIMIT,302207,0,0,9,7
2,8,1.307185e6,-1.0737086488758423,-0.8693272921435614,TIME_LIMIT,302231,0,0,14,11
2,8,1.307344e6,-1.0736946438944714,-0.8693272921435614,TIME_LIMIT,302256,0,0,8,14
2,8,1.307527e6,-1.0736946438944714,-0.8693272921435614,TIME_LIMIT,302278,0,0,23,21
2,8,1.307739e6,-1.0736933060211913,-0.8693272921435614,TIME_LIMIT,302310,0,0,16,5
2,8,1.307895e6,-1.0736933060211913,-0.8693272921435614,TIME_LIMIT,302336,0,0,17,7
2,8,1.308003e6,-1.0736899011090735,-0.8693272921435614,TIME_LIMIT,302369,0,0,15,15
2,8,1.308041e6,-1.0736899011090735,-0.8693272921435614,TIME_LIMIT,302382,0,0,9,6
2,8,1.308096e6,-1.0736884219035538,-0.8693272921435614,TIME_LIMIT,302403,0,0,7,6
2,8,1.308256e6,-1.0736884219035538,-0.8693272921435614,TIME_LIMIT,302435,0,0,19,13
2,8,1.30832e6,-1.073686303857448,-0.8693272921435614,TIME_LIMIT,302457,0,0,14,16
2,8,1.308455e6,-1.073686303857448,-0.8693272921435614,TIME_LIMIT,302478,0,0,11,9
2,8,1.308595e6,-1.0736810490416002,-0.8693272921435614,TIME_LIMIT,302508,0,0,6,4
2,8,1.308687e6,-1.0736810490416002,-0.8693272921435614,TIME_LIMIT,302532,0,0,17,12
2,8,1.308841e6,-1.073677134793412,-0.8693272921435614,TIME_LIMIT,302565,0,0,16,8
2,8,1.308951e6,-1.073677134793412,-0.8693272921435614,TIME_LIMIT,302591,0,0,20,8
2,8,1.309077e6,-1.0736770266718396,-0.8693272921435614,TIME_LIMIT,302608,0,0,11,10
2,8,1.309275e6,-1.0736770266718396,-0.8693272921435614,TIME_LIMIT,302633,0,0,20,15
2,8,1.309381e6,-1.0736685170276092,-0.8693272921435614,TIME_LIMIT,302662,0,0,12,8
2,8,1.309517e6,-1.0736685170276092,-0.8693272921435614,TIME_LIMIT,302685,0,0,15,15
2,8,1.309677e6,-1.0736666338050302,-0.8693272921435614,TIME_LIMIT,302709,0,0,14,6
2,8,1.309782e6,-1.0736666338050302,-0.8693272921435614,TIME_LIMIT,302732,0,0,16,12
2,8,1.309843e6,-1.0736652663100335,-0.8693272921435614,TIME_LIMIT,302757,0,0,9,2
2,8,1.309962e6,-1.0736652663100335,-0.8693272921435614,TIME_LIMIT,302789,0,0,22,13
2,8,1.310114e6,-1.0736377008333868,-0.8693272921435614,TIME_LIMIT,302822,0,0,18,5
2,8,1.310326e6,-1.0736377008333868,-0.8693272921435614,TIME_LIMIT,302836,0,0,21,14
2,8,1.310469e6,-1.0736339170582165,-0.8693272921435614,TIME_LIMIT,302868,0,0,13,9
2,8,1.310526e6,-1.0736339170582165,-0.8693272921435614,TIME_LIMIT,302887,0,0,19,7
2,8,1.310573e6,-1.0736267895718123,-0.8693272921435614,TIME_LIMIT,302913,0,0,13,4
2,8,1.310652e6,-1.0736267895718123,-0.8693272921435614,TIME_LIMIT,302929,0,0,11,4
2,8,1.310691e6,-1.0736169948296812,-0.8693272921435614,TIME_LIMIT,302948,0,0,9,7
2,8,1.310778e6,-1.0736169948296812,-0.8693272921435614,TIME_LIMIT,302970,0,0,15,10
2,8,1.310838e6,-1.0736080942994188,-0.8693272921435614,TIME_LIMIT,302993,0,0,8,7
2,8,1.310931e6,-1.0736080942994188,-0.8693272921435614,TIME_LIMIT,303014,0,0,21,21
2,8,1.311135e6,-1.0735867958431464,-0.8693272921435614,TIME_LIMIT,303053,0,0,19,9
2,8,1.311193e6,-1.0735867958431464,-0.8693272921435614,TIME_LIMIT,303065,0,0,13,15
2,8,1.311286e6,-1.073566519444601,-0.8693272921435614,TIME_LIMIT,303092,0,0,9,5
2,8,1.311499e6,-1.073566519444601,-0.8693272921435614,TIME_LIMIT,303122,0,0,5,11
2,8,1.311578e6,-1.0735561194371956,-0.8693272921435614,TIME_LIMIT,303147,0,0,10,7
2,8,1.31174e6,-1.0735561194371956,-0.8693272921435614,TIME_LIMIT,303173,0,0,19,8
2,8,1.311883e6,-1.0735547123692588,-0.8693272921435614,TIME_LIMIT,303205,0,0,8,4
2,8,1.312047e6,-1.0735547123692588,-0.8693272921435614,TIME_LIMIT,303230,0,0,22,30
2,8,1.312266e6,-1.0735508677448211,-0.8693272921435614,TIME_LIMIT,303264,0,0,18,5
2,8,1.312412e6,-1.0735508677448211,-0.8693272921435614,TIME_LIMIT,303289,0,0,21,15
2,8,1.312548e6,-1.0735400733059461,-0.8693272921435614,TIME_LIMIT,303324,0,0,9,9
2,8,1.312584e6,-1.0735400733059461,-0.8693272921435614,TIME_LIMIT,303341,0,0,12,8
2,8,1.312625e6,-1.0735310139141685,-0.8693272921435614,TIME_LIMIT,303363,0,0,9,2
2,8,1.31284e6,-1.0735310139141685,-0.8693272921435614,TIME_LIMIT,303391,0,0,9,15
2,8,1.312906e6,-1.0735298613052775,-0.8693272921435614,TIME_LIMIT,303412,0,0,15,11
2,8,1.313126e6,-1.0735298613052775,-0.8693272921435614,TIME_LIMIT,303438,0,0,11,14
2,8,1.313347e6,-1.0735267855620791,-0.8693272921435614,TIME_LIMIT,303468,0,0,14,9
2,8,1.313459e6,-1.0735267855620791,-0.8693272921435614,TIME_LIMIT,303489,0,0,18,9
2,8,1.313583e6,-1.0735134555269161,-0.8693272921435614,TIME_LIMIT,303524,0,0,17,6
2,8,1.313687e6,-1.0735134555269161,-0.8693272921435614,TIME_LIMIT,303553,0,0,20,11
2,8,1.31378e6,-1.0735123744049506,-0.8693272921435614,TIME_LIMIT,303575,0,0,16,12
2,8,1.313946e6,-1.0735123744049506,-0.8693272921435614,TIME_LIMIT,303600,0,0,19,12
2,8,1.314082e6,-1.0734979474411797,-0.8693272921435614,TIME_LIMIT,303631,0,0,15,6
2,8,1.314142e6,-1.0734979474411797,-0.8693272921435614,TIME_LIMIT,303652,0,0,11,5
2,8,1.31421e6,-1.073496125361986,-0.8693272921435614,TIME_LIMIT,303680,0,0,8,8
2,8,1.314283e6,-1.073496125361986,-0.8693272921435614,TIME_LIMIT,303700,0,0,12,11
2,8,1.314351e6,-1.073492888523543,-0.8693272921435614,TIME_LIMIT,303730,0,0,15,15
2,8,1.314447e6,-1.073492888523543,-0.8693272921435614,TIME_LIMIT,303756,0,0,16,20
2,8,1.314661e6,-1.073481431797285,-0.8693272921435614,TIME_LIMIT,303784,0,0,14,6
2,8,1.314731e6,-1.073481431797285,-0.8693272921435614,TIME_LIMIT,303807,0,0,15,8
2,8,1.314766e6,-1.0734774315277555,-0.8693272921435614,TIME_LIMIT,303824,0,0,8,1
2,8,1.314904e6,-1.0734774315277555,-0.8693272921435614,TIME_LIMIT,303849,0,0,18,17
2,8,1.31505e6,-1.0734766577574866,-0.8693272921435614,TIME_LIMIT,303881,0,0,14,10
2,8,1.315221e6,-1.0734766577574866,-0.8693272921435614,TIME_LIMIT,303908,0,0,19,8
2,8,1.315281e6,-1.0734676262910867,-0.8693272921435614,TIME_LIMIT,303925,0,0,8,5
2,8,1.315421e6,-1.0734676262910867,-0.8693272921435614,TIME_LIMIT,303950,0,0,14,21
2,8,1.315496e6,-1.0734635922805267,-0.8693272921435614,TIME_LIMIT,303975,0,0,11,8
2,8,1.315556e6,-1.0734635922805267,-0.8693272921435614,TIME_LIMIT,303992,0,0,17,9
2,8,1.315593e6,-1.073461538733671,-0.8693272921435614,TIME_LIMIT,304014,0,0,4,4
2,8,1.315759e6,-1.073461538733671,-0.8693272921435614,TIME_LIMIT,304041,0,0,24,16
2,8,1.315971e6,-1.073455903152765,-0.8693272921435614,TIME_LIMIT,304076,0,0,13,13
2,8,1.316054e6,-1.073455903152765,-0.8693272921435614,TIME_LIMIT,304103,0,0,21,9
2,8,1.316123e6,-1.073450545745009,-0.8693272921435614,TIME_LIMIT,304125,0,0,11,5
2,8,1.316229e6,-1.073450545745009,-0.8693272921435614,TIME_LIMIT,304152,0,0,15,16
2,8,1.31637e6,-1.0734421275782415,-0.8693272921435614,TIME_LIMIT,304173,0,0,11,9
2,8,1.316524e6,-1.0734421275782415,-0.8693272921435614,TIME_LIMIT,304195,0,0,8,7
2,8,1.316588e6,-1.0734374823779627,-0.8693272921435614,TIME_LIMIT,304220,0,0,8,7
2,8,1.316632e6,-1.0734374823779627,-0.8693272921435614,TIME_LIMIT,304239,0,0,9,9
2,8,1.316671e6,-1.073431341260505,-0.8693272921435614,TIME_LIMIT,304253,0,0,6,6
2,8,1.316707e6,-1.073431341260505,-0.8693272921435614,TIME_LIMIT,304270,0,0,12,12
2,8,1.316756e6,-1.0734302821855275,-0.8693272921435614,TIME_LIMIT,304295,0,0,10,9
2,8,1.316877e6,-1.0734302821855275,-0.8693272921435614,TIME_LIMIT,304323,0,0,17,23
2,8,1.317027e6,-1.0734251888239892,-0.8693272921435614,TIME_LIMIT,304359,0,0,18,8
2,8,1.317156e6,-1.0734251888239892,-0.8693272921435614,TIME_LIMIT,304373,0,0,14,6
2,8,1.317274e6,-1.0734142737375802,-0.8693272921435614,TIME_LIMIT,304402,0,0,10,2
2,8,1.317328e6,-1.0734142737375802,-0.8693272921435614,TIME_LIMIT,304418,0,0,5,9
2,8,1.317363e6,-1.0734135966140568,-0.8693272921435614,TIME_LIMIT,304440,0,0,4,4
2,8,1.317476e6,-1.0734135966140568,-0.8693272921435614,TIME_LIMIT,304467,0,0,23,26
2,8,1.317614e6,-1.0734061897503593,-0.8693272921435614,TIME_LIMIT,304501,0,0,16,15
2,8,1.317803e6,-1.0734061897503593,-0.8693272921435614,TIME_LIMIT,304530,0,0,17,2
2,8,1.317869e6,-1.0734045748423897,-0.8693272921435614,TIME_LIMIT,304550,0,0,12,7
2,8,1.317919e6,-1.0734045748423897,-0.8693272921435614,TIME_LIMIT,304567,0,0,9,5
2,8,1.318024e6,-1.073395846356226,-0.8693272921435614,TIME_LIMIT,304598,0,0,15,5
2,8,1.3181e6,-1.073395846356226,-0.8693272921435614,TIME_LIMIT,304613,0,0,11,12
2,8,1.318278e6,-1.0733930855067824,-0.8693272921435614,TIME_LIMIT,304648,0,0,14,4
2,8,1.31847e6,-1.0733930855067824,-0.8693272921435614,TIME_LIMIT,304678,0,0,24,11
2,8,1.318601e6,-1.073378589984649,-0.8693272921435614,TIME_LIMIT,304707,0,0,15,12
2,8,1.318779e6,-1.073378589984649,-0.8693272921435614,TIME_LIMIT,304730,0,0,13,24
2,8,1.318935e6,-1.0733749385326432,-0.8693272921435614,TIME_LIMIT,304763,0,0,7,6
2,8,1.319141e6,-1.0733749385326432,-0.8693272921435614,TIME_LIMIT,304788,0,0,17,9
2,8,1.319282e6,-1.0733730109426771,-0.8693272921435614,TIME_LIMIT,304810,0,0,12,13
2,8,1.319457e6,-1.0733730109426771,-0.8693272921435614,TIME_LIMIT,304830,0,0,10,7
2,8,1.319506e6,-1.073352888718723,-0.8693272921435614,TIME_LIMIT,304849,0,0,12,1
2,8,1.319624e6,-1.073352888718723,-0.8693272921435614,TIME_LIMIT,304874,0,0,7,12
2,8,1.319698e6,-1.0733528380135482,-0.8693272921435614,TIME_LIMIT,304903,0,0,15,5
2,8,1.319815e6,-1.0733528380135482,-0.8693272921435614,TIME_LIMIT,304921,0,0,14,16
2,8,1.319894e6,-1.0733475778715378,-0.8693272921435614,TIME_LIMIT,304943,0,0,8,6
2,8,1.319951e6,-1.0733475778715378,-0.8693272921435614,TIME_LIMIT,304962,0,0,14,8
2,8,1.32008e6,-1.073341126725541,-0.8693272921435614,TIME_LIMIT,304989,0,0,13,5
2,8,1.320142e6,-1.073341126725541,-0.8693272921435614,TIME_LIMIT,305010,0,0,12,7
2,8,1.320162e6,-1.0733345402345742,-0.8693272921435614,TIME_LIMIT,305028,0,0,6,2
2,8,1.320352e6,-1.0733345402345742,-0.8693272921435614,TIME_LIMIT,305054,0,0,19,16
2,8,1.320475e6,-1.0733342660341427,-0.8693272921435614,TIME_LIMIT,305086,0,0,13,6
2,8,1.320504e6,-1.0733342660341427,-0.8693272921435614,TIME_LIMIT,305099,0,0,8,5
2,8,1.32054e6,-1.073332725056185,-0.8693272921435614,TIME_LIMIT,305117,0,0,5,2
2,8,1.320577e6,-1.073332725056185,-0.8693272921435614,TIME_LIMIT,305134,0,0,9,9
2,8,1.320615e6,-1.073323532577505,-0.8693272921435614,TIME_LIMIT,305153,0,0,8,6
2,8,1.320693e6,-1.073323532577505,-0.8693272921435614,TIME_LIMIT,305173,0,0,14,14
2,8,1.32076e6,-1.0733103934107477,-0.8693272921435614,TIME_LIMIT,305199,0,0,12,6
2,8,1.32091e6,-1.0733103934107477,-0.8693272921435614,TIME_LIMIT,305219,0,0,13,19
2,8,1.321113e6,-1.0732999393390568,-0.8693272921435614,TIME_LIMIT,305251,0,0,13,13
2,8,1.321244e6,-1.0732999393390568,-0.8693272921435614,TIME_LIMIT,305277,0,0,23,25
2,8,1.321455e6,-1.0732963062036576,-0.8693272921435614,TIME_LIMIT,305308,0,0,9,4
2,8,1.321493e6,-1.0732963062036576,-0.8693272921435614,TIME_LIMIT,305319,0,0,10,8
2,8,1.321526e6,-1.0732891778733915,-0.8693272921435614,TIME_LIMIT,305336,0,0,7,5
2,8,1.321635e6,-1.0732891778733915,-0.8693272921435614,TIME_LIMIT,305352,0,0,3,6
2,8,1.3217e6,-1.073285463274472,-0.8693272921435614,TIME_LIMIT,305374,0,0,10,3
2,8,1.321832e6,-1.073285463274472,-0.8693272921435614,TIME_LIMIT,305399,0,0,12,5
2,8,1.322013e6,-1.073283307250341,-0.8693272921435614,TIME_LIMIT,305427,0,0,13,12
2,8,1.322097e6,-1.073283307250341,-0.8693272921435614,TIME_LIMIT,305453,0,0,10,17
2,8,1.322185e6,-1.0732765569471197,-0.8693272921435614,TIME_LIMIT,305483,0,0,14,6
2,8,1.322397e6,-1.0732765569471197,-0.8693272921435614,TIME_LIMIT,305509,0,0,20,23
2,8,1.32257e6,-1.0732749027620196,-0.8693272921435614,TIME_LIMIT,305543,0,0,16,6
2,8,1.322708e6,-1.0732749027620196,-0.8693272921435614,TIME_LIMIT,305566,0,0,20,25
2,8,1.322797e6,-1.0732724034837235,-0.8693272921435614,TIME_LIMIT,305587,0,0,15,4
2,8,1.322981e6,-1.0732724034837235,-0.8693272921435614,TIME_LIMIT,305622,0,0,22,18
2,8,1.323146e6,-1.0732654006018343,-0.8693272921435614,TIME_LIMIT,305656,0,0,6,6
2,8,1.323244e6,-1.0732654006018343,-0.8693272921435614,TIME_LIMIT,305674,0,0,21,16
2,8,1.323463e6,-1.073256220741906,-0.8693272921435614,TIME_LIMIT,305710,0,0,21,10
2,8,1.323542e6,-1.073256220741906,-0.8693272921435614,TIME_LIMIT,305729,0,0,21,15
2,8,1.323672e6,-1.073254160167318,-0.8693272921435614,TIME_LIMIT,305763,0,0,13,9
2,8,1.323731e6,-1.073254160167318,-0.8693272921435614,TIME_LIMIT,305781,0,0,14,32
2,8,1.323945e6,-1.0732478668207293,-0.8693272921435614,TIME_LIMIT,305809,0,0,12,7
2,8,1.324071e6,-1.0732478668207293,-0.8693272921435614,TIME_LIMIT,305829,0,0,15,11
2,8,1.324136e6,-1.0732207514889684,-0.8693272921435614,TIME_LIMIT,305856,0,0,11,7
2,8,1.324251e6,-1.0732207514889684,-0.8693272921435614,TIME_LIMIT,305883,0,0,23,8
2,8,1.324414e6,-1.073217063611182,-0.8693272921435614,TIME_LIMIT,305913,0,0,5,0
2,8,1.324615e6,-1.073217063611182,-0.8693272921435614,TIME_LIMIT,305945,0,0,21,11
2,8,1.324762e6,-1.0732075315529552,-0.8693272921435614,TIME_LIMIT,305966,0,0,16,9
2,8,1.324941e6,-1.0732075315529552,-0.8693272921435614,TIME_LIMIT,305988,0,0,17,20
2,8,1.325161e6,-1.0732063791214626,-0.8693272921435614,TIME_LIMIT,306025,0,0,22,8
2,8,1.325254e6,-1.0732063791214626,-0.8693272921435614,TIME_LIMIT,306047,0,0,8,3
2,8,1.325292e6,-1.0732053275095446,-0.8693272921435614,TIME_LIMIT,306064,0,0,5,6
2,8,1.325363e6,-1.0732053275095446,-0.8693272921435614,TIME_LIMIT,306084,0,0,11,1
2,8,1.325398e6,-1.0731935689658618,-0.8693272921435614,TIME_LIMIT,306102,0,0,4,4
2,8,1.325542e6,-1.0731935689658618,-0.8693272921435614,TIME_LIMIT,306129,0,0,18,11
2,8,1.325753e6,-1.073192585566704,-0.8693272921435614,TIME_LIMIT,306158,0,0,8,12
2,8,1.325821e6,-1.073192585566704,-0.8693272921435614,TIME_LIMIT,306178,0,0,20,17
2,8,1.326032e6,-1.0731924473034615,-0.8693272921435614,TIME_LIMIT,306216,0,0,17,10
2,8,1.326054e6,-1.0731924473034615,-0.8693272921435614,TIME_LIMIT,306227,0,0,6,6
2,8,1.326081e6,-1.0731863508573094,-0.8693272921435614,TIME_LIMIT,306246,0,0,6,3
2,8,1.326178e6,-1.0731863508573094,-0.8693272921435614,TIME_LIMIT,306263,0,0,11,7
2,8,1.326318e6,-1.073184891740628,-0.8693272921435614,TIME_LIMIT,306294,0,0,13,8
2,8,1.326439e6,-1.073184891740628,-0.8693272921435614,TIME_LIMIT,306315,0,0,18,18
2,8,1.326505e6,-1.0731848588571424,-0.8693272921435614,TIME_LIMIT,306349,0,0,15,6
2,8,1.326645e6,-1.0731848588571424,-0.8693272921435614,TIME_LIMIT,306375,0,0,18,24
2,8,1.32684e6,-1.0731795410823963,-0.8693272921435614,TIME_LIMIT,306410,0,0,15,4
2,8,1.326977e6,-1.0731795410823963,-0.8693272921435614,TIME_LIMIT,306433,0,0,21,18
2,8,1.32719e6,-1.073171347085137,-0.8693272921435614,TIME_LIMIT,306470,0,0,19,8
2,8,1.327409e6,-1.073171347085137,-0.8693272921435614,TIME_LIMIT,306496,0,0,20,18
2,8,1.327564e6,-1.0731712910202171,-0.8693272921435614,TIME_LIMIT,306531,0,0,17,12
2,8,1.327776e6,-1.0731712910202171,-0.8693272921435614,TIME_LIMIT,306559,0,0,25,18
2,8,1.327914e6,-1.073170912995672,-0.8693272921435614,TIME_LIMIT,306589,0,0,6,5
2,8,1.328133e6,-1.073170912995672,-0.8693272921435614,TIME_LIMIT,306617,0,0,16,15
2,8,1.328217e6,-1.0731227248236372,-0.8693272921435614,TIME_LIMIT,306651,0,0,11,12
2,8,1.328266e6,-1.0731227248236372,-0.8693272921435614,TIME_LIMIT,306674,0,0,6,6
2,8,1.328303e6,-1.0731223164838917,-0.8693272921435614,TIME_LIMIT,306694,0,0,3,4
2,8,1.328364e6,-1.0731223164838917,-0.8693272921435614,TIME_LIMIT,306712,0,0,10,7
2,8,1.328409e6,-1.0731178682606943,-0.8693272921435614,TIME_LIMIT,306734,0,0,11,3
2,8,1.328521e6,-1.0731178682606943,-0.8693272921435614,TIME_LIMIT,306759,0,0,27,22
2,8,1.328739e6,-1.0730997366725377,-0.8693272921435614,TIME_LIMIT,306796,0,0,19,7
2,8,1.328824e6,-1.0730997366725377,-0.8693272921435614,TIME_LIMIT,306809,0,0,9,5
2,8,1.328853e6,-1.0730849217090659,-0.8693272921435614,TIME_LIMIT,306826,0,0,7,1
2,8,1.328956e6,-1.0730849217090659,-0.8693272921435614,TIME_LIMIT,306846,0,0,16,7
2,8,1.32902e6,-1.073079637698906,-0.8693272921435614,TIME_LIMIT,306869,0,0,11,6
2,8,1.329224e6,-1.073079637698906,-0.8693272921435614,TIME_LIMIT,306894,0,0,17,10
2,8,1.329287e6,-1.0730700114730412,-0.8693272921435614,TIME_LIMIT,306923,0,0,12,9
2,8,1.329385e6,-1.0730700114730412,-0.8693272921435614,TIME_LIMIT,306941,0,0,16,16
2,8,1.329521e6,-1.073062151191508,-0.8693272921435614,TIME_LIMIT,306976,0,0,18,5
2,8,1.329623e6,-1.073062151191508,-0.8693272921435614,TIME_LIMIT,306999,0,0,15,5
2,8,1.329718e6,-1.0730293641099629,-0.8693272921435614,TIME_LIMIT,307018,0,0,11,6
2,8,1.329886e6,-1.0730293641099629,-0.8693272921435614,TIME_LIMIT,307038,0,0,18,11
2,8,1.330076e6,-1.073029074292772,-0.8693272921435614,TIME_LIMIT,307067,0,0,11,6
2,8,1.330233e6,-1.073029074292772,-0.8693272921435614,TIME_LIMIT,307086,0,0,20,8
2,8,1.330353e6,-1.0730288105821513,-0.8693272921435614,TIME_LIMIT,307113,0,0,9,6
2,8,1.330497e6,-1.0730288105821513,-0.8693272921435614,TIME_LIMIT,307136,0,0,17,16
2,8,1.330575e6,-1.073024876843792,-0.8693272921435614,TIME_LIMIT,307166,0,0,18,6
2,8,1.330641e6,-1.073024876843792,-0.8693272921435614,TIME_LIMIT,307188,0,0,20,10
2,8,1.330768e6,-1.073005267452293,-0.8693272921435614,TIME_LIMIT,307223,0,0,14,9
2,8,1.330892e6,-1.073005267452293,-0.8693272921435614,TIME_LIMIT,307242,0,0,9,8
2,8,1.330922e6,-1.072997357870173,-0.8693272921435614,TIME_LIMIT,307258,0,0,5,5
2,8,1.331054e6,-1.072997357870173,-0.8693272921435614,TIME_LIMIT,307279,0,0,18,23
2,8,1.331251e6,-1.0729899334762087,-0.8693272921435614,TIME_LIMIT,307311,0,0,12,14
2,8,1.331362e6,-1.0729899334762087,-0.8693272921435614,TIME_LIMIT,307340,0,0,16,6
2,8,1.331446e6,-1.0729887038275148,-0.8693272921435614,TIME_LIMIT,307358,0,0,17,4
2,8,1.331603e6,-1.0729887038275148,-0.8693272921435614,TIME_LIMIT,307382,0,0,17,9
2,8,1.331733e6,-1.072970671212624,-0.8693272921435614,TIME_LIMIT,307407,0,0,14,6
2,8,1.331787e6,-1.072970671212624,-0.8693272921435614,TIME_LIMIT,307421,0,0,6,10
2,8,1.331836e6,-1.0729670423649393,-0.8693272921435614,TIME_LIMIT,307443,0,0,11,6
2,8,1.331989e6,-1.0729670423649393,-0.8693272921435614,TIME_LIMIT,307465,0,0,15,13
2,8,1.332162e6,-1.0729624006079237,-0.8693272921435614,TIME_LIMIT,307494,0,0,10,7
2,8,1.332264e6,-1.0729624006079237,-0.8693272921435614,TIME_LIMIT,307517,0,0,10,13
2,8,1.332376e6,-1.0729622003382278,-0.8693272921435614,TIME_LIMIT,307545,0,0,7,4
2,8,1.332418e6,-1.0729622003382278,-0.8693272921435614,TIME_LIMIT,307565,0,0,13,7
2,8,1.332445e6,-1.0729460398406523,-0.8693272921435614,TIME_LIMIT,307583,0,0,8,2
2,8,1.332547e6,-1.0729460398406523,-0.8693272921435614,TIME_LIMIT,307599,0,0,9,3
2,8,1.332579e6,-1.0729391263885208,-0.8693272921435614,TIME_LIMIT,307615,0,0,9,9
2,8,1.332799e6,-1.0729391263885208,-0.8693272921435614,TIME_LIMIT,307644,0,0,23,18
2,8,1.332968e6,-1.0729289355043106,-0.8693272921435614,TIME_LIMIT,307678,0,0,15,7
2,8,1.333027e6,-1.0729289355043106,-0.8693272921435614,TIME_LIMIT,307697,0,0,20,20
2,8,1.333136e6,-1.0729267503451962,-0.8693272921435614,TIME_LIMIT,307728,0,0,14,7
2,8,1.33322e6,-1.0729267503451962,-0.8693272921435614,TIME_LIMIT,307746,0,0,15,7
2,8,1.33331e6,-1.0729261277034712,-0.8693272921435614,TIME_LIMIT,307773,0,0,8,4
2,8,1.333377e6,-1.0729261277034712,-0.8693272921435614,TIME_LIMIT,307792,0,0,14,12
2,8,1.333512e6,-1.072924656769421,-0.8693272921435614,TIME_LIMIT,307825,0,0,14,4
2,8,1.333691e6,-1.072924656769421,-0.8693272921435614,TIME_LIMIT,307850,0,0,17,15
2,8,1.333755e6,-1.072921062440222,-0.8693272921435614,TIME_LIMIT,307873,0,0,8,5
2,8,1.333875e6,-1.072921062440222,-0.8693272921435614,TIME_LIMIT,307900,0,0,27,9
2,8,1.333964e6,-1.0729190000177526,-0.8693272921435614,TIME_LIMIT,307924,0,0,14,12
2,8,1.334076e6,-1.0729190000177526,-0.8693272921435614,TIME_LIMIT,307944,0,0,16,14
2,8,1.334288e6,-1.0729173191791688,-0.8693272921435614,TIME_LIMIT,307975,0,0,14,10
2,8,1.334348e6,-1.0729173191791688,-0.8693272921435614,TIME_LIMIT,307994,0,0,15,7
2,8,1.334453e6,-1.0729159332060085,-0.8693272921435614,TIME_LIMIT,308015,0,0,10,7
2,8,1.334515e6,-1.0729159332060085,-0.8693272921435614,TIME_LIMIT,308033,0,0,19,8
2,8,1.3346e6,-1.072914727392837,-0.8693272921435614,TIME_LIMIT,308061,0,0,12,6
2,8,1.33472e6,-1.072914727392837,-0.8693272921435614,TIME_LIMIT,308084,0,0,15,9
2,8,1.334768e6,-1.0729091390813448,-0.8693272921435614,TIME_LIMIT,308108,0,0,8,6
2,8,1.334983e6,-1.0729091390813448,-0.8693272921435614,TIME_LIMIT,308131,0,0,5,18
2,8,1.335201e6,-1.0729082653408661,-0.8693272921435614,TIME_LIMIT,308162,0,0,6,11
2,8,1.335253e6,-1.0729082653408661,-0.8693272921435614,TIME_LIMIT,308178,0,0,10,13
2,8,1.33531e6,-1.0729013979147886,-0.8693272921435614,TIME_LIMIT,308200,0,0,10,12
2,8,1.335429e6,-1.0729013979147886,-0.8693272921435614,TIME_LIMIT,308223,0,0,15,19
2,8,1.335648e6,-1.0729003437073987,-0.8693272921435614,TIME_LIMIT,308254,0,0,13,12
2,8,1.335862e6,-1.0729003437073987,-0.8693272921435614,TIME_LIMIT,308278,0,0,18,33
2,8,1.336075e6,-1.0728984122356768,-0.8693272921435614,TIME_LIMIT,308314,0,0,17,15
2,8,1.336165e6,-1.0728984122356768,-0.8693272921435614,TIME_LIMIT,308332,0,0,12,10
2,8,1.336358e6,-1.0728972721364909,-0.8693272921435614,TIME_LIMIT,308365,0,0,16,9
2,8,1.336483e6,-1.0728972721364909,-0.8693272921435614,TIME_LIMIT,308390,0,0,8,9
2,8,1.336586e6,-1.0728936407610434,-0.8693272921435614,TIME_LIMIT,308417,0,0,14,3
2,8,1.336673e6,-1.0728936407610434,-0.8693272921435614,TIME_LIMIT,308441,0,0,15,7
2,8,1.336748e6,-1.0728802207868458,-0.8693272921435614,TIME_LIMIT,308470,0,0,15,5
2,8,1.336859e6,-1.0728802207868458,-0.8693272921435614,TIME_LIMIT,308489,0,0,16,8
2,8,1.336917e6,-1.0728774043466542,-0.8693272921435614,TIME_LIMIT,308514,0,0,9,4
2,8,1.337055e6,-1.0728774043466542,-0.8693272921435614,TIME_LIMIT,308533,0,0,15,12
2,8,1.337135e6,-1.0728716071286897,-0.8693272921435614,TIME_LIMIT,308566,0,0,7,4
2,8,1.337235e6,-1.0728716071286897,-0.8693272921435614,TIME_LIMIT,308597,0,0,15,14
2,8,1.337393e6,-1.0728684688793462,-0.8693272921435614,TIME_LIMIT,308628,0,0,13,11
2,8,1.337595e6,-1.0728684688793462,-0.8693272921435614,TIME_LIMIT,308646,0,0,19,22
2,8,1.337792e6,-1.0728330147715281,-0.8693272921435614,TIME_LIMIT,308684,0,0,19,11
2,8,1.337937e6,-1.0728330147715281,-0.8693272921435614,TIME_LIMIT,308709,0,0,23,8
2,8,1.338078e6,-1.07283041752904,-0.8693272921435614,TIME_LIMIT,308741,0,0,11,7
2,8,1.338179e6,-1.07283041752904,-0.8693272921435614,TIME_LIMIT,308757,0,0,12,16
2,8,1.338339e6,-1.072829372385318,-0.8693272921435614,TIME_LIMIT,308790,0,0,17,5
2,8,1.33848e6,-1.072829372385318,-0.8693272921435614,TIME_LIMIT,308817,0,0,16,34
2,8,1.338693e6,-1.0728198112637122,-0.8693272921435614,TIME_LIMIT,308859,0,0,18,11
2,8,1.338766e6,-1.0728198112637122,-0.8693272921435614,TIME_LIMIT,308879,0,0,14,14
2,8,1.338865e6,-1.0728194400270055,-0.8693272921435614,TIME_LIMIT,308904,0,0,14,7
2,8,1.338969e6,-1.0728194400270055,-0.8693272921435614,TIME_LIMIT,308924,0,0,19,21
2,8,1.339134e6,-1.0728190328150642,-0.8693272921435614,TIME_LIMIT,308958,0,0,17,12
2,8,1.33919e6,-1.0728190328150642,-0.8693272921435614,TIME_LIMIT,308975,0,0,19,14
2,8,1.339282e6,-1.072814746813611,-0.8693272921435614,TIME_LIMIT,309003,0,0,6,2
2,8,1.339463e6,-1.072814746813611,-0.8693272921435614,TIME_LIMIT,309025,0,0,13,10
2,8,1.339497e6,-1.0728134441186272,-0.8693272921435614,TIME_LIMIT,309041,0,0,3,4
2,8,1.339665e6,-1.0728134441186272,-0.8693272921435614,TIME_LIMIT,309064,0,0,14,10
2,8,1.339725e6,-1.0728109734758078,-0.8693272921435614,TIME_LIMIT,309094,0,0,14,5
2,8,1.339919e6,-1.0728109734758078,-0.8693272921435614,TIME_LIMIT,309122,0,0,18,15
2,8,1.340086e6,-1.0728041850964873,-0.8693272921435614,TIME_LIMIT,309150,0,0,20,5
2,8,1.340149e6,-1.0728041850964873,-0.8693272921435614,TIME_LIMIT,309170,0,0,11,16
2,8,1.340254e6,-1.072798530919763,-0.8693272921435614,TIME_LIMIT,309193,0,0,12,7
2,8,1.340365e6,-1.072798530919763,-0.8693272921435614,TIME_LIMIT,309209,0,0,6,2
2,8,1.340426e6,-1.0727944311276625,-0.8693272921435614,TIME_LIMIT,309231,0,0,13,4
2,8,1.340512e6,-1.0727944311276625,-0.8693272921435614,TIME_LIMIT,309252,0,0,8,15
2,8,1.340674e6,-1.0727943836207385,-0.8693272921435614,TIME_LIMIT,309286,0,0,14,8
2,8,1.340724e6,-1.0727943836207385,-0.8693272921435614,TIME_LIMIT,309299,0,0,10,15
2,8,1.340876e6,-1.0727928056466287,-0.8693272921435614,TIME_LIMIT,309331,0,0,16,9
2,8,1.341079e6,-1.0727928056466287,-0.8693272921435614,TIME_LIMIT,309353,0,0,18,30
2,8,1.341181e6,-1.0727839138324464,-0.8693272921435614,TIME_LIMIT,309381,0,0,12,12
2,8,1.341273e6,-1.0727839138324464,-0.8693272921435614,TIME_LIMIT,309402,0,0,23,10
2,8,1.341407e6,-1.0727814310711916,-0.8693272921435614,TIME_LIMIT,309431,0,0,12,5
2,8,1.3415e6,-1.0727814310711916,-0.8693272921435614,TIME_LIMIT,309456,0,0,14,3
2,8,1.341536e6,-1.0727807678939936,-0.8693272921435614,TIME_LIMIT,309471,0,0,10,5
2,8,1.341734e6,-1.0727807678939936,-0.8693272921435614,TIME_LIMIT,309498,0,0,9,9
2,8,1.341869e6,-1.072767825985372,-0.8693272921435614,TIME_LIMIT,309527,0,0,10,9
2,8,1.341898e6,-1.072767825985372,-0.8693272921435614,TIME_LIMIT,309537,0,0,6,4
2,8,1.341934e6,-1.0727549427279697,-0.8693272921435614,TIME_LIMIT,309558,0,0,8,3
2,8,1.341994e6,-1.0727549427279697,-0.8693272921435614,TIME_LIMIT,309576,0,0,11,14
2,8,1.342205e6,-1.0727471995168476,-0.8693272921435614,TIME_LIMIT,309609,0,0,17,7
2,8,1.342336e6,-1.0727471995168476,-0.8693272921435614,TIME_LIMIT,309636,0,0,18,8
2,8,1.342407e6,-1.0727342658056012,-0.8693272921435614,TIME_LIMIT,309664,0,0,11,9
2,8,1.342619e6,-1.0727342658056012,-0.8693272921435614,TIME_LIMIT,309682,0,0,21,29
2,8,1.342822e6,-1.0727283153921303,-0.8693272921435614,TIME_LIMIT,309719,0,0,12,6
2,8,1.34296e6,-1.0727283153921303,-0.8693272921435614,TIME_LIMIT,309745,0,0,18,12
2,8,1.343175e6,-1.0727275446005675,-0.8693272921435614,TIME_LIMIT,309779,0,0,16,9
2,8,1.343214e6,-1.0727275446005675,-0.8693272921435614,TIME_LIMIT,309795,0,0,11,9
2,8,1.343264e6,-1.0727268298853625,-0.8693272921435614,TIME_LIMIT,309816,0,0,6,7
2,8,1.343357e6,-1.0727268298853625,-0.8693272921435614,TIME_LIMIT,309839,0,0,18,19
2,8,1.343469e6,-1.0727225035724142,-0.8693272921435614,TIME_LIMIT,309876,0,0,10,5
2,8,1.343539e6,-1.0727225035724142,-0.8693272921435614,TIME_LIMIT,309906,0,0,14,5
2,8,1.343645e6,-1.0727217509898608,-0.8693272921435614,TIME_LIMIT,309926,0,0,12,7
2,8,1.343855e6,-1.0727217509898608,-0.8693272921435614,TIME_LIMIT,309953,0,0,26,14
2,8,1.344075e6,-1.072715307764354,-0.8693272921435614,TIME_LIMIT,309990,0,0,18,16
2,8,1.344211e6,-1.072715307764354,-0.8693272921435614,TIME_LIMIT,310010,0,0,20,15
2,8,1.344402e6,-1.0727144483136462,-0.8693272921435614,TIME_LIMIT,310041,0,0,9,8
2,8,1.344488e6,-1.0727144483136462,-0.8693272921435614,TIME_LIMIT,310067,0,0,14,5
2,8,1.344548e6,-1.0727141845584542,-0.8693272921435614,TIME_LIMIT,310085,0,0,13,4
2,8,1.344656e6,-1.0727141845584542,-0.8693272921435614,TIME_LIMIT,310105,0,0,12,13
2,8,1.34477e6,-1.0727140777242903,-0.8693272921435614,TIME_LIMIT,310140,0,0,10,3
2,8,1.344814e6,-1.0727140777242903,-0.8693272921435614,TIME_LIMIT,310154,0,0,14,9
2,8,1.344846e6,-1.072712057732198,-0.8693272921435614,TIME_LIMIT,310170,0,0,9,0
2,8,1.344935e6,-1.072712057732198,-0.8693272921435614,TIME_LIMIT,310195,0,0,14,15
2,8,1.345136e6,-1.072704132694865,-0.8693272921435614,TIME_LIMIT,310227,0,0,14,7
2,8,1.34528e6,-1.072704132694865,-0.8693272921435614,TIME_LIMIT,310248,0,0,18,20
2,8,1.345481e6,-1.0726869946070354,-0.8693272921435614,TIME_LIMIT,310277,0,0,13,10
2,8,1.345607e6,-1.0726869946070354,-0.8693272921435614,TIME_LIMIT,310298,0,0,15,13
2,8,1.345709e6,-1.0726837128571978,-0.8693272921435614,TIME_LIMIT,310328,0,0,12,8
2,8,1.345769e6,-1.0726837128571978,-0.8693272921435614,TIME_LIMIT,310348,0,0,14,6
2,8,1.345831e6,-1.072674557325357,-0.8693272921435614,TIME_LIMIT,310376,0,0,6,5
2,8,1.345897e6,-1.072674557325357,-0.8693272921435614,TIME_LIMIT,310393,0,0,15,3
2,8,1.345926e6,-1.0726638971668336,-0.8693272921435614,TIME_LIMIT,310413,0,0,8,7
2,8,1.34595e6,-1.0726638971668336,-0.8693272921435614,TIME_LIMIT,310432,0,0,9,3
2,8,1.346023e6,-1.0726626809183961,-0.8693272921435614,TIME_LIMIT,310448,0,0,11,5
2,8,1.346081e6,-1.0726626809183961,-0.8693272921435614,TIME_LIMIT,310468,0,0,12,6
2,8,1.346136e6,-1.0726543845277947,-0.8693272921435614,TIME_LIMIT,310489,0,0,13,6
2,8,1.346198e6,-1.0726543845277947,-0.8693272921435614,TIME_LIMIT,310514,0,0,6,10
2,8,1.34627e6,-1.0726485328410138,-0.8693272921435614,TIME_LIMIT,310529,0,0,10,5
2,8,1.34649e6,-1.0726485328410138,-0.8693272921435614,TIME_LIMIT,310558,0,0,22,18
2,8,1.346703e6,-1.0726459904280223,-0.8693272921435614,TIME_LIMIT,310592,0,0,18,13
2,8,1.346923e6,-1.0726459904280223,-0.8693272921435614,TIME_LIMIT,310615,0,0,18,34
2,8,1.347143e6,-1.0726335072157855,-0.8693272921435614,TIME_LIMIT,310655,0,0,20,13
2,8,1.347362e6,-1.0726335072157855,-0.8693272921435614,TIME_LIMIT,310682,0,0,19,12
2,8,1.347532e6,-1.0726332075953917,-0.8693272921435614,TIME_LIMIT,310704,0,0,21,10
2,8,1.347612e6,-1.0726332075953917,-0.8693272921435614,TIME_LIMIT,310727,0,0,14,9
2,8,1.347791e6,-1.0726314925959475,-0.8693272921435614,TIME_LIMIT,310764,0,0,13,10
2,8,1.347898e6,-1.0726314925959475,-0.8693272921435614,TIME_LIMIT,310786,0,0,15,11
2,8,1.347932e6,-1.072625764063436,-0.8693272921435614,TIME_LIMIT,310804,0,0,2,2
2,8,1.348e6,-1.072625764063436,-0.8693272921435614,TIME_LIMIT,310825,0,0,14,13
2,8,1.348184e6,-1.0726080124955144,-0.8693272921435614,TIME_LIMIT,310857,0,0,13,9
2,8,1.34822e6,-1.0726080124955144,-0.8693272921435614,TIME_LIMIT,310873,0,0,8,8
2,8,1.348249e6,-1.0726066684698106,-0.8693272921435614,TIME_LIMIT,310887,0,0,4,3
2,8,1.348328e6,-1.0726066684698106,-0.8693272921435614,TIME_LIMIT,310909,0,0,20,13
2,8,1.34846e6,-1.0725925872979465,-0.8693272921435614,TIME_LIMIT,310942,0,0,17,8
2,8,1.348594e6,-1.0725925872979465,-0.8693272921435614,TIME_LIMIT,310970,0,0,21,9
2,8,1.348721e6,-1.0725816655468572,-0.8693272921435614,TIME_LIMIT,310995,0,0,19,12
2,8,1.348762e6,-1.0725816655468572,-0.8693272921435614,TIME_LIMIT,311016,0,0,16,11
2,8,1.348946e6,-1.0725815436212085,-0.8693272921435614,TIME_LIMIT,311046,0,0,15,9
2,8,1.349133e6,-1.0725815436212085,-0.8693272921435614,TIME_LIMIT,311068,0,0,9,22
2,8,1.349341e6,-1.0725657417041123,-0.8693272921435614,TIME_LIMIT,311108,0,0,15,13
2,8,1.349535e6,-1.0725657417041123,-0.8693272921435614,TIME_LIMIT,311129,0,0,21,22
2,8,1.34964e6,-1.0725478815605625,-0.8693272921435614,TIME_LIMIT,311159,0,0,11,7
2,8,1.34973e6,-1.0725478815605625,-0.8693272921435614,TIME_LIMIT,311177,0,0,12,10
2,8,1.349806e6,-1.0725451554138883,-0.8693272921435614,TIME_LIMIT,311202,0,0,9,7
2,8,1.349928e6,-1.0725451554138883,-0.8693272921435614,TIME_LIMIT,311223,0,0,19,12
2,8,1.349987e6,-1.072530834940511,-0.8693272921435614,TIME_LIMIT,311250,0,0,14,5
2,8,1.350101e6,-1.072530834940511,-0.8693272921435614,TIME_LIMIT,311268,0,0,13,5
2,8,1.350312e6,-1.0725283409053255,-0.8693272921435614,TIME_LIMIT,311299,0,0,13,8
2,8,1.350378e6,-1.0725283409053255,-0.8693272921435614,TIME_LIMIT,311316,0,0,11,5
2,8,1.350445e6,-1.0725274937877187,-0.8693272921435614,TIME_LIMIT,311338,0,0,10,6
2,8,1.350657e6,-1.0725274937877187,-0.8693272921435614,TIME_LIMIT,311364,0,0,17,27
2,8,1.35086e6,-1.0725251709263453,-0.8693272921435614,TIME_LIMIT,311400,0,0,10,13
2,8,1.351e6,-1.0725251709263453,-0.8693272921435614,TIME_LIMIT,311417,0,0,11,8
2,8,1.351153e6,-1.072522751685764,-0.8693272921435614,TIME_LIMIT,311443,0,0,11,5
2,8,1.351256e6,-1.072522751685764,-0.8693272921435614,TIME_LIMIT,311465,0,0,11,12
2,8,1.351294e6,-1.0725213028284677,-0.8693272921435614,TIME_LIMIT,311482,0,0,5,5
2,8,1.351387e6,-1.0725213028284677,-0.8693272921435614,TIME_LIMIT,311504,0,0,19,10
2,8,1.351544e6,-1.0725189010489848,-0.8693272921435614,TIME_LIMIT,311533,0,0,9,9
2,8,1.351602e6,-1.0725189010489848,-0.8693272921435614,TIME_LIMIT,311548,0,0,10,4
2,8,1.351645e6,-1.0725136954279944,-0.8693272921435614,TIME_LIMIT,311572,0,0,10,3
2,8,1.351698e6,-1.0725136954279944,-0.8693272921435614,TIME_LIMIT,311590,0,0,15,10
2,8,1.351778e6,-1.072510955088048,-0.8693272921435614,TIME_LIMIT,311613,0,0,9,7
2,8,1.351856e6,-1.072510955088048,-0.8693272921435614,TIME_LIMIT,311641,0,0,17,9
2,8,1.351958e6,-1.0725106860961533,-0.8693272921435614,TIME_LIMIT,311672,0,0,15,8
2,8,1.352181e6,-1.0725106860961533,-0.8693272921435614,TIME_LIMIT,311693,0,0,18,16
2,8,1.352249e6,-1.0725087816950318,-0.8693272921435614,TIME_LIMIT,311718,0,0,12,12
2,8,1.35231e6,-1.0725087816950318,-0.8693272921435614,TIME_LIMIT,311734,0,0,12,14
2,8,1.352354e6,-1.0724998009478317,-0.8693272921435614,TIME_LIMIT,311754,0,0,9,3
2,8,1.352516e6,-1.0724998009478317,-0.8693272921435614,TIME_LIMIT,311782,0,0,21,9
2,8,1.352634e6,-1.0724950846140484,-0.8693272921435614,TIME_LIMIT,311808,0,0,9,11
2,8,1.352819e6,-1.0724950846140484,-0.8693272921435614,TIME_LIMIT,311828,0,0,20,11
2,8,1.352933e6,-1.0724871651994257,-0.8693272921435614,TIME_LIMIT,311859,0,0,11,5
2,8,1.35302e6,-1.0724871651994257,-0.8693272921435614,TIME_LIMIT,311876,0,0,14,8
2,8,1.353072e6,-1.0724865636268999,-0.8693272921435614,TIME_LIMIT,311903,0,0,13,5
2,8,1.353205e6,-1.0724865636268999,-0.8693272921435614,TIME_LIMIT,311931,0,0,18,9
2,8,1.35328e6,-1.0724791373916498,-0.8693272921435614,TIME_LIMIT,311960,0,0,12,4
2,8,1.353353e6,-1.0724791373916498,-0.8693272921435614,TIME_LIMIT,311979,0,0,15,9
2,8,1.353559e6,-1.0724724202124682,-0.8693272921435614,TIME_LIMIT,312010,0,0,14,8
2,8,1.353763e6,-1.0724724202124682,-0.8693272921435614,TIME_LIMIT,312034,0,0,23,12
2,8,1.353969e6,-1.0724677397059468,-0.8693272921435614,TIME_LIMIT,312070,0,0,21,9
2,8,1.354056e6,-1.0724677397059468,-0.8693272921435614,TIME_LIMIT,312091,0,0,21,7
2,8,1.354166e6,-1.072463771327572,-0.8693272921435614,TIME_LIMIT,312118,0,0,13,5
2,8,1.354316e6,-1.072463771327572,-0.8693272921435614,TIME_LIMIT,312141,0,0,24,7
2,8,1.354449e6,-1.0724596473308978,-0.8693272921435614,TIME_LIMIT,312171,0,0,12,4
2,8,1.354589e6,-1.0724596473308978,-0.8693272921435614,TIME_LIMIT,312190,0,0,19,14
2,8,1.35472e6,-1.0724458341647791,-0.8693272921435614,TIME_LIMIT,312224,0,0,14,7
2,8,1.354855e6,-1.0724458341647791,-0.8693272921435614,TIME_LIMIT,312244,0,0,9,7
2,8,1.354882e6,-1.072436492984065,-0.8693272921435614,TIME_LIMIT,312262,0,0,6,4
2,8,1.354936e6,-1.072436492984065,-0.8693272921435614,TIME_LIMIT,312282,0,0,16,6
2,8,1.355001e6,-1.072432164981349,-0.8693272921435614,TIME_LIMIT,312308,0,0,15,8
2,8,1.355153e6,-1.072432164981349,-0.8693272921435614,TIME_LIMIT,312329,0,0,13,10
2,8,1.35526e6,-1.072428419248161,-0.8693272921435614,TIME_LIMIT,312361,0,0,12,5
2,8,1.355471e6,-1.072428419248161,-0.8693272921435614,TIME_LIMIT,312390,0,0,7,36
2,8,1.355651e6,-1.0724145371980214,-0.8693272921435614,TIME_LIMIT,312423,0,0,18,14
2,8,1.355705e6,-1.0724145371980214,-0.8693272921435614,TIME_LIMIT,312444,0,0,15,5
2,8,1.355736e6,-1.0724087240818176,-0.8693272921435614,TIME_LIMIT,312462,0,0,10,5
2,8,1.355801e6,-1.0724087240818176,-0.8693272921435614,TIME_LIMIT,312484,0,0,16,31
2,8,1.355975e6,-1.0724074111825208,-0.8693272921435614,TIME_LIMIT,312517,0,0,12,12
2,8,1.356031e6,-1.0724074111825208,-0.8693272921435614,TIME_LIMIT,312536,0,0,13,4
2,8,1.356069e6,-1.072407074987948,-0.8693272921435614,TIME_LIMIT,312558,0,0,14,3
2,8,1.356219e6,-1.072407074987948,-0.8693272921435614,TIME_LIMIT,312584,0,0,18,16
2,8,1.356364e6,-1.072404314084036,-0.8693272921435614,TIME_LIMIT,312618,0,0,14,9
2,8,1.356569e6,-1.072404314084036,-0.8693272921435614,TIME_LIMIT,312641,0,0,21,15
2,8,1.356761e6,-1.0724013396096421,-0.8693272921435614,TIME_LIMIT,312678,0,0,22,6
2,8,1.356853e6,-1.0724013396096421,-0.8693272921435614,TIME_LIMIT,312703,0,0,16,15
2,8,1.35696e6,-1.0723978110801196,-0.8693272921435614,TIME_LIMIT,312735,0,0,16,9
2,8,1.357166e6,-1.0723978110801196,-0.8693272921435614,TIME_LIMIT,312758,0,0,16,14
2,8,1.357329e6,-1.0723631399961335,-0.8693272921435614,TIME_LIMIT,312791,0,0,12,7
2,8,1.35741e6,-1.0723631399961335,-0.8693272921435614,TIME_LIMIT,312814,0,0,12,9
2,8,1.357446e6,-1.0723478274075942,-0.8693272921435614,TIME_LIMIT,312827,0,0,5,3
2,8,1.357566e6,-1.0723478274075942,-0.8693272921435614,TIME_LIMIT,312851,0,0,17,12
2,8,1.357619e6,-1.0723468570198702,-0.8693272921435614,TIME_LIMIT,312876,0,0,10,7
2,8,1.357821e6,-1.0723468570198702,-0.8693272921435614,TIME_LIMIT,312900,0,0,15,18
2,8,1.357948e6,-1.0723387832817948,-0.8693272921435614,TIME_LIMIT,312930,0,0,12,10
2,8,1.358063e6,-1.0723387832817948,-0.8693272921435614,TIME_LIMIT,312952,0,0,12,3
2,8,1.358121e6,-1.0723349806636984,-0.8693272921435614,TIME_LIMIT,312967,0,0,14,4
2,8,1.358221e6,-1.0723349806636984,-0.8693272921435614,TIME_LIMIT,312991,0,0,19,13
2,8,1.358426e6,-1.0723345104771336,-0.8693272921435614,TIME_LIMIT,313027,0,0,13,11
2,8,1.358529e6,-1.0723345104771336,-0.8693272921435614,TIME_LIMIT,313051,0,0,20,9
2,8,1.358706e6,-1.072333428491642,-0.8693272921435614,TIME_LIMIT,313082,0,0,14,17
2,8,1.358909e6,-1.072333428491642,-0.8693272921435614,TIME_LIMIT,313102,0,0,16,16
2,8,1.359095e6,-1.072330900939946,-0.8693272921435614,TIME_LIMIT,313136,0,0,14,8
2,8,1.359187e6,-1.072330900939946,-0.8693272921435614,TIME_LIMIT,313153,0,0,11,10
2,8,1.359334e6,-1.0723229667402943,-0.8693272921435614,TIME_LIMIT,313186,0,0,15,8
2,8,1.359403e6,-1.0723229667402943,-0.8693272921435614,TIME_LIMIT,313203,0,0,18,15
2,8,1.359495e6,-1.0723203378488457,-0.8693272921435614,TIME_LIMIT,313239,0,0,17,5
2,8,1.359555e6,-1.0723203378488457,-0.8693272921435614,TIME_LIMIT,313259,0,0,19,11
2,8,1.359611e6,-1.0723200806699158,-0.8693272921435614,TIME_LIMIT,313281,0,0,11,3
2,8,1.359776e6,-1.0723200806699158,-0.8693272921435614,TIME_LIMIT,313313,0,0,20,5
2,8,1.359891e6,-1.0723164516473438,-0.8693272921435614,TIME_LIMIT,313337,0,0,23,4
2,8,1.360072e6,-1.0723164516473438,-0.8693272921435614,TIME_LIMIT,313378,0,0,18,29
2,8,1.36017e6,-1.0723159610947728,-0.8693272921435614,TIME_LIMIT,313409,0,0,7,11
2,8,1.3603e6,-1.0723159610947728,-0.8693272921435614,TIME_LIMIT,313431,0,0,14,31
2,8,1.360411e6,-1.0723117645552314,-0.8693272921435614,TIME_LIMIT,313465,0,0,19,4
2,8,1.360483e6,-1.0723117645552314,-0.8693272921435614,TIME_LIMIT,313485,0,0,13,12
2,8,1.3606e6,-1.0723036140304847,-0.8693272921435614,TIME_LIMIT,313515,0,0,11,7
2,8,1.360781e6,-1.0723036140304847,-0.8693272921435614,TIME_LIMIT,313541,0,0,21,13
2,8,1.360863e6,-1.0722985590971055,-0.8693272921435614,TIME_LIMIT,313570,0,0,5,4
2,8,1.360931e6,-1.0722985590971055,-0.8693272921435614,TIME_LIMIT,313592,0,0,19,10
2,8,1.360966e6,-1.0722948211911278,-0.8693272921435614,TIME_LIMIT,313610,0,0,16,5
2,8,1.361004e6,-1.0722948211911278,-0.8693272921435614,TIME_LIMIT,313628,0,0,9,2
2,8,1.361036e6,-1.0722885178351582,-0.8693272921435614,TIME_LIMIT,313647,0,0,4,1
2,8,1.361143e6,-1.0722885178351582,-0.8693272921435614,TIME_LIMIT,313667,0,0,18,20
2,8,1.361227e6,-1.0722849272249377,-0.8693272921435614,TIME_LIMIT,313693,0,0,12,6
2,8,1.361298e6,-1.0722849272249377,-0.8693272921435614,TIME_LIMIT,313715,0,0,6,18
2,8,1.361407e6,-1.072283841977486,-0.8693272921435614,TIME_LIMIT,313748,0,0,6,8
2,8,1.361532e6,-1.072283841977486,-0.8693272921435614,TIME_LIMIT,313773,0,0,16,18
2,8,1.361704e6,-1.0722805643709976,-0.8693272921435614,TIME_LIMIT,313804,0,0,13,9
2,8,1.361905e6,-1.0722805643709976,-0.8693272921435614,TIME_LIMIT,313827,0,0,19,20
2,8,1.362055e6,-1.0722803666942688,-0.8693272921435614,TIME_LIMIT,313861,0,0,16,11
2,8,1.362166e6,-1.0722803666942688,-0.8693272921435614,TIME_LIMIT,313886,0,0,18,9
2,8,1.362229e6,-1.0722780406045627,-0.8693272921435614,TIME_LIMIT,313911,0,0,8,7
2,8,1.362293e6,-1.0722780406045627,-0.8693272921435614,TIME_LIMIT,313930,0,0,14,21
2,8,1.362416e6,-1.0722723735664506,-0.8693272921435614,TIME_LIMIT,313956,0,0,11,8
2,8,1.362561e6,-1.0722723735664506,-0.8693272921435614,TIME_LIMIT,313985,0,0,20,13
2,8,1.362634e6,-1.0722611916536233,-0.8693272921435614,TIME_LIMIT,314004,0,0,15,12
2,8,1.362718e6,-1.0722611916536233,-0.8693272921435614,TIME_LIMIT,314019,0,0,18,23
2,8,1.362893e6,-1.072260890060189,-0.8693272921435614,TIME_LIMIT,314056,0,0,13,4
2,8,1.36295e6,-1.072260890060189,-0.8693272921435614,TIME_LIMIT,314074,0,0,12,10
2,8,1.363144e6,-1.0722584713279386,-0.8693272921435614,TIME_LIMIT,314099,0,0,10,6
2,8,1.363234e6,-1.0722584713279386,-0.8693272921435614,TIME_LIMIT,314131,0,0,13,21
2,8,1.363307e6,-1.0722523133095334,-0.8693272921435614,TIME_LIMIT,314149,0,0,4,7
2,8,1.363498e6,-1.0722523133095334,-0.8693272921435614,TIME_LIMIT,314178,0,0,23,17
2,8,1.3637e6,-1.0722463141728469,-0.8693272921435614,TIME_LIMIT,314210,0,0,15,6
2,8,1.363814e6,-1.0722463141728469,-0.8693272921435614,TIME_LIMIT,314229,0,0,13,13
2,8,1.363932e6,-1.0722414415546806,-0.8693272921435614,TIME_LIMIT,314264,0,0,6,7
2,8,1.36401e6,-1.0722414415546806,-0.8693272921435614,TIME_LIMIT,314282,0,0,18,16
2,8,1.364069e6,-1.072240712569267,-0.8693272921435614,TIME_LIMIT,314307,0,0,11,4
2,8,1.364142e6,-1.072240712569267,-0.8693272921435614,TIME_LIMIT,314325,0,0,9,15
2,8,1.36419e6,-1.0722345121217591,-0.8693272921435614,TIME_LIMIT,314347,0,0,6,5
2,8,1.364387e6,-1.0722345121217591,-0.8693272921435614,TIME_LIMIT,314379,0,0,17,26
2,8,1.36459e6,-1.0722279034101914,-0.8693272921435614,TIME_LIMIT,314416,0,0,24,12
2,8,1.364653e6,-1.0722279034101914,-0.8693272921435614,TIME_LIMIT,314435,0,0,10,4
2,8,1.364807e6,-1.0722272378093791,-0.8693272921435614,TIME_LIMIT,314469,0,0,12,3
2,8,1.364935e6,-1.0722272378093791,-0.8693272921435614,TIME_LIMIT,314498,0,0,15,7
2,8,1.365036e6,-1.0722235767204205,-0.8693272921435614,TIME_LIMIT,314537,0,0,14,8
2,8,1.365239e6,-1.0722235767204205,-0.8693272921435614,TIME_LIMIT,314570,0,0,29,19
2,8,1.36544e6,-1.0722223102793933,-0.8693272921435614,TIME_LIMIT,314587,0,0,14,8
2,8,1.36552e6,-1.0722223102793933,-0.8693272921435614,TIME_LIMIT,314608,0,0,12,7
2,8,1.365568e6,-1.0722222374855168,-0.8693272921435614,TIME_LIMIT,314629,0,0,5,3
2,8,1.365638e6,-1.0722222374855168,-0.8693272921435614,TIME_LIMIT,314650,0,0,18,14
2,8,1.365797e6,-1.0722191703738488,-0.8693272921435614,TIME_LIMIT,314686,0,0,16,5
2,8,1.365856e6,-1.0722191703738488,-0.8693272921435614,TIME_LIMIT,314709,0,0,9,17
2,8,1.365942e6,-1.0722150682120275,-0.8693272921435614,TIME_LIMIT,314741,0,0,13,6
2,8,1.366025e6,-1.0722150682120275,-0.8693272921435614,TIME_LIMIT,314761,0,0,21,10
2,8,1.366083e6,-1.0721970514824273,-0.8693272921435614,TIME_LIMIT,314787,0,0,11,5
2,8,1.36612e6,-1.0721970514824273,-0.8693272921435614,TIME_LIMIT,314802,0,0,14,5
2,8,1.36616e6,-1.072191822729204,-0.8693272921435614,TIME_LIMIT,314829,0,0,12,3
2,8,1.366224e6,-1.072191822729204,-0.8693272921435614,TIME_LIMIT,314850,0,0,19,12
2,8,1.366306e6,-1.0721881392768382,-0.8693272921435614,TIME_LIMIT,314876,0,0,10,3
2,8,1.366506e6,-1.0721881392768382,-0.8693272921435614,TIME_LIMIT,314897,0,0,11,20
2,8,1.36662e6,-1.0721816514459264,-0.8693272921435614,TIME_LIMIT,314932,0,0,16,7
2,8,1.366689e6,-1.0721816514459264,-0.8693272921435614,TIME_LIMIT,314949,0,0,14,17
2,8,1.366863e6,-1.0721685747054046,-0.8693272921435614,TIME_LIMIT,314977,0,0,7,5
2,8,1.367063e6,-1.0721685747054046,-0.8693272921435614,TIME_LIMIT,315002,0,0,20,18
2,8,1.367201e6,-1.0721613600224962,-0.8693272921435614,TIME_LIMIT,315039,0,0,16,13
2,8,1.367403e6,-1.0721613600224962,-0.8693272921435614,TIME_LIMIT,315065,0,0,19,19
2,8,1.36748e6,-1.0721494259304603,-0.8693272921435614,TIME_LIMIT,315092,0,0,22,11
2,8,1.367565e6,-1.0721494259304603,-0.8693272921435614,TIME_LIMIT,315112,0,0,11,9
2,8,1.367598e6,-1.0721470307447951,-0.8693272921435614,TIME_LIMIT,315131,0,0,8,5
2,8,1.367788e6,-1.0721470307447951,-0.8693272921435614,TIME_LIMIT,315150,0,0,20,18
2,8,1.367902e6,-1.0721336984545475,-0.8693272921435614,TIME_LIMIT,315182,0,0,9,8
2,8,1.368004e6,-1.0721336984545475,-0.8693272921435614,TIME_LIMIT,315206,0,0,17,13
2,8,1.368094e6,-1.0721288408030492,-0.8693272921435614,TIME_LIMIT,315230,0,0,13,6
2,8,1.368202e6,-1.0721288408030492,-0.8693272921435614,TIME_LIMIT,315251,0,0,6,13
2,8,1.368308e6,-1.0721270083587706,-0.8693272921435614,TIME_LIMIT,315278,0,0,12,4
2,8,1.368506e6,-1.0721270083587706,-0.8693272921435614,TIME_LIMIT,315300,0,0,14,10
2,8,1.368668e6,-1.0721228796283504,-0.8693272921435614,TIME_LIMIT,315322,0,0,9,2
2,8,1.368763e6,-1.0721228796283504,-0.8693272921435614,TIME_LIMIT,315340,0,0,16,18
2,8,1.368847e6,-1.0721208354660723,-0.8693272921435614,TIME_LIMIT,315367,0,0,4,8
2,8,1.368937e6,-1.0721208354660723,-0.8693272921435614,TIME_LIMIT,315388,0,0,22,15
2,8,1.369097e6,-1.072118421677264,-0.8693272921435614,TIME_LIMIT,315415,0,0,8,9
2,8,1.369148e6,-1.072118421677264,-0.8693272921435614,TIME_LIMIT,315437,0,0,23,18
2,8,1.36931e6,-1.0721179221933368,-0.8693272921435614,TIME_LIMIT,315477,0,0,16,16
2,8,1.369451e6,-1.0721179221933368,-0.8693272921435614,TIME_LIMIT,315500,0,0,12,10
2,8,1.369549e6,-1.0721159929818465,-0.8693272921435614,TIME_LIMIT,315534,0,0,16,9
2,8,1.369605e6,-1.0721159929818465,-0.8693272921435614,TIME_LIMIT,315555,0,0,14,14
2,8,1.369656e6,-1.072115556632034,-0.8693272921435614,TIME_LIMIT,315587,0,0,14,5
2,8,1.369797e6,-1.072115556632034,-0.8693272921435614,TIME_LIMIT,315612,0,0,6,7
2,8,1.369883e6,-1.0721149512675914,-0.8693272921435614,TIME_LIMIT,315641,0,0,12,10
2,8,1.370082e6,-1.0721149512675914,-0.8693272921435614,TIME_LIMIT,315660,0,0,19,21
2,8,1.370263e6,-1.0721147116586298,-0.8693272921435614,TIME_LIMIT,315693,0,0,11,7
2,8,1.370344e6,-1.0721147116586298,-0.8693272921435614,TIME_LIMIT,315720,0,0,25,11
2,8,1.370478e6,-1.0721123532597718,-0.8693272921435614,TIME_LIMIT,315758,0,0,17,9
2,8,1.370638e6,-1.0721123532597718,-0.8693272921435614,TIME_LIMIT,315778,0,0,11,26
2,8,1.37073e6,-1.0721070609627237,-0.8693272921435614,TIME_LIMIT,315808,0,0,13,10
2,8,1.37078e6,-1.0721070609627237,-0.8693272921435614,TIME_LIMIT,315827,0,0,16,10
2,8,1.37082e6,-1.072099832557375,-0.8693272921435614,TIME_LIMIT,315851,0,0,10,5
2,8,1.370946e6,-1.072099832557375,-0.8693272921435614,TIME_LIMIT,315875,0,0,10,23
2,8,1.37115e6,-1.0720939244744,-0.8693272921435614,TIME_LIMIT,315905,0,0,14,7
2,8,1.371229e6,-1.0720939244744,-0.8693272921435614,TIME_LIMIT,315928,0,0,15,16
2,8,1.371432e6,-1.0720913943758696,-0.8693272921435614,TIME_LIMIT,315960,0,0,12,8
2,8,1.371634e6,-1.0720913943758696,-0.8693272921435614,TIME_LIMIT,315980,0,0,21,18
2,8,1.371837e6,-1.0720879161783328,-0.8693272921435614,TIME_LIMIT,316013,0,0,20,11
2,8,1.372041e6,-1.0720879161783328,-0.8693272921435614,TIME_LIMIT,316036,0,0,14,16
2,8,1.372138e6,-1.0720878862136374,-0.8693272921435614,TIME_LIMIT,316072,0,0,17,8
2,8,1.37232e6,-1.0720878862136374,-0.8693272921435614,TIME_LIMIT,316096,0,0,22,29
2,8,1.372423e6,-1.0720727988376857,-0.8693272921435614,TIME_LIMIT,316133,0,0,17,8
2,8,1.372537e6,-1.0720727988376857,-0.8693272921435614,TIME_LIMIT,316156,0,0,11,11
2,8,1.372597e6,-1.0720654549130972,-0.8693272921435614,TIME_LIMIT,316176,0,0,11,7
2,8,1.372691e6,-1.0720654549130972,-0.8693272921435614,TIME_LIMIT,316195,0,0,12,16
2,8,1.372797e6,-1.0720651498053009,-0.8693272921435614,TIME_LIMIT,316229,0,0,17,5
2,8,1.372999e6,-1.0720651498053009,-0.8693272921435614,TIME_LIMIT,316255,0,0,19,16
2,8,1.37309e6,-1.0720591788350413,-0.8693272921435614,TIME_LIMIT,316285,0,0,11,6
2,8,1.373135e6,-1.0720591788350413,-0.8693272921435614,TIME_LIMIT,316307,0,0,17,9
2,8,1.373207e6,-1.0720502221732535,-0.8693272921435614,TIME_LIMIT,316339,0,0,10,4
2,8,1.373289e6,-1.0720502221732535,-0.8693272921435614,TIME_LIMIT,316359,0,0,12,21
2,8,1.373344e6,-1.072046689033905,-0.8693272921435614,TIME_LIMIT,316378,0,0,12,5
2,8,1.373464e6,-1.072046689033905,-0.8693272921435614,TIME_LIMIT,316402,0,0,26,14
2,8,1.373651e6,-1.0720463312038797,-0.8693272921435614,TIME_LIMIT,316436,0,0,14,13
2,8,1.373696e6,-1.0720463312038797,-0.8693272921435614,TIME_LIMIT,316449,0,0,9,1
2,8,1.373741e6,-1.0720414396629718,-0.8693272921435614,TIME_LIMIT,316469,0,0,8,5
2,8,1.373846e6,-1.0720414396629718,-0.8693272921435614,TIME_LIMIT,316487,0,0,13,8
2,8,1.373896e6,-1.0720409127801172,-0.8693272921435614,TIME_LIMIT,316510,0,0,13,6
2,8,1.374075e6,-1.0720409127801172,-0.8693272921435614,TIME_LIMIT,316533,0,0,4,4
2,8,1.374129e6,-1.0720378547733311,-0.8693272921435614,TIME_LIMIT,316548,0,0,7,1
2,8,1.374264e6,-1.0720378547733311,-0.8693272921435614,TIME_LIMIT,316573,0,0,20,15
2,8,1.374412e6,-1.0720327376952912,-0.8693272921435614,TIME_LIMIT,316610,0,0,15,11
2,8,1.374616e6,-1.0720327376952912,-0.8693272921435614,TIME_LIMIT,316636,0,0,21,18
2,8,1.374815e6,-1.0720303996185956,-0.8693272921435614,TIME_LIMIT,316668,0,0,12,19
2,8,1.375015e6,-1.0720303996185956,-0.8693272921435614,TIME_LIMIT,316697,0,0,24,16
2,8,1.375118e6,-1.0720282876876561,-0.8693272921435614,TIME_LIMIT,316735,0,0,13,10
2,8,1.375227e6,-1.0720282876876561,-0.8693272921435614,TIME_LIMIT,316760,0,0,19,8
2,8,1.375372e6,-1.0720135748693633,-0.8693272921435614,TIME_LIMIT,316787,0,0,12,9
2,8,1.37551e6,-1.0720135748693633,-0.8693272921435614,TIME_LIMIT,316823,0,0,17,14
2,8,1.375578e6,-1.0720093345113404,-0.8693272921435614,TIME_LIMIT,316842,0,0,14,18
2,8,1.375782e6,-1.0720093345113404,-0.8693272921435614,TIME_LIMIT,316868,0,0,18,15
2,8,1.375986e6,-1.071997336092429,-0.8693272921435614,TIME_LIMIT,316905,0,0,20,13
2,8,1.376146e6,-1.071997336092429,-0.8693272921435614,TIME_LIMIT,316934,0,0,24,36
2,8,1.376342e6,-1.071995267844559,-0.8693272921435614,TIME_LIMIT,316974,0,0,18,14
2,8,1.376421e6,-1.071995267844559,-0.8693272921435614,TIME_LIMIT,316990,0,0,12,7
2,8,1.376548e6,-1.0719729293876656,-0.8693272921435614,TIME_LIMIT,317025,0,0,13,11
2,8,1.376584e6,-1.0719729293876656,-0.8693272921435614,TIME_LIMIT,317042,0,0,8,5
2,8,1.376607e6,-1.0719720300583901,-0.8693272921435614,TIME_LIMIT,317057,0,0,6,5
2,8,1.376759e6,-1.0719720300583901,-0.8693272921435614,TIME_LIMIT,317082,0,0,6,12
2,8,1.376854e6,-1.0719697726783017,-0.8693272921435614,TIME_LIMIT,317105,0,0,8,8
2,8,1.377033e6,-1.0719697726783017,-0.8693272921435614,TIME_LIMIT,317129,0,0,10,27
2,8,1.377235e6,-1.0719668343704791,-0.8693272921435614,TIME_LIMIT,317168,0,0,14,11
2,8,1.377265e6,-1.0719668343704791,-0.8693272921435614,TIME_LIMIT,317179,0,0,9,5
2,8,1.377284e6,-1.0719638845525308,-0.8693272921435614,TIME_LIMIT,317197,0,0,6,1
2,8,1.377416e6,-1.0719638845525308,-0.8693272921435614,TIME_LIMIT,317227,0,0,14,12
2,8,1.377516e6,-1.0719622365829669,-0.8693272921435614,TIME_LIMIT,317255,0,0,14,5
2,8,1.377619e6,-1.0719622365829669,-0.8693272921435614,TIME_LIMIT,317271,0,0,14,12
2,8,1.377818e6,-1.0719603738634205,-0.8693272921435614,TIME_LIMIT,317302,0,0,11,8
2,8,1.378017e6,-1.0719603738634205,-0.8693272921435614,TIME_LIMIT,317323,0,0,23,19
2,8,1.37822e6,-1.0719584053666145,-0.8693272921435614,TIME_LIMIT,317361,0,0,18,9
2,8,1.378401e6,-1.0719584053666145,-0.8693272921435614,TIME_LIMIT,317385,0,0,18,17
2,8,1.378538e6,-1.071952028931083,-0.8693272921435614,TIME_LIMIT,317409,0,0,7,7
2,8,1.378658e6,-1.071952028931083,-0.8693272921435614,TIME_LIMIT,317437,0,0,21,19
2,8,1.378803e6,-1.0719507940307742,-0.8693272921435614,TIME_LIMIT,317468,0,0,6,12
2,8,1.378915e6,-1.0719507940307742,-0.8693272921435614,TIME_LIMIT,317489,0,0,9,3
2,8,1.378977e6,-1.0719420049523403,-0.8693272921435614,TIME_LIMIT,317509,0,0,9,4
2,8,1.379081e6,-1.0719420049523403,-0.8693272921435614,TIME_LIMIT,317532,0,0,18,13
2,8,1.379284e6,-1.0719373959676157,-0.8693272921435614,TIME_LIMIT,317555,0,0,10,6
2,8,1.379376e6,-1.0719373959676157,-0.8693272921435614,TIME_LIMIT,317578,0,0,12,10
2,8,1.379455e6,-1.0719331789846818,-0.8693272921435614,TIME_LIMIT,317599,0,0,12,0
2,8,1.379653e6,-1.0719331789846818,-0.8693272921435614,TIME_LIMIT,317621,0,0,15,14
2,8,1.379838e6,-1.071927400989184,-0.8693272921435614,TIME_LIMIT,317655,0,0,11,7
2,8,1.38004e6,-1.071927400989184,-0.8693272921435614,TIME_LIMIT,317676,0,0,21,11
2,8,1.380243e6,-1.071905877802941,-0.8693272921435614,TIME_LIMIT,317716,0,0,15,11
2,8,1.380316e6,-1.071905877802941,-0.8693272921435614,TIME_LIMIT,317737,0,0,6,6
2,8,1.380345e6,-1.0718993331575752,-0.8693272921435614,TIME_LIMIT,317754,0,0,5,3
2,8,1.380538e6,-1.0718993331575752,-0.8693272921435614,TIME_LIMIT,317778,0,0,26,10
2,8,1.380741e6,-1.0718992488650092,-0.8693272921435614,TIME_LIMIT,317815,0,0,19,8
2,8,1.380799e6,-1.0718992488650092,-0.8693272921435614,TIME_LIMIT,317833,0,0,8,7
2,8,1.380836e6,-1.071895863363543,-0.8693272921435614,TIME_LIMIT,317856,0,0,9,4
2,8,1.380927e6,-1.071895863363543,-0.8693272921435614,TIME_LIMIT,317881,0,0,15,12
2,8,1.381028e6,-1.0718892519370162,-0.8693272921435614,TIME_LIMIT,317899,0,0,5,8
2,8,1.381073e6,-1.0718892519370162,-0.8693272921435614,TIME_LIMIT,317920,0,0,14,6
2,8,1.381105e6,-1.0718882882166947,-0.8693272921435614,TIME_LIMIT,317936,0,0,7,2
2,8,1.381225e6,-1.0718882882166947,-0.8693272921435614,TIME_LIMIT,317959,0,0,20,11
2,8,1.381349e6,-1.0718836105664113,-0.8693272921435614,TIME_LIMIT,317992,0,0,10,4
2,8,1.38142e6,-1.0718836105664113,-0.8693272921435614,TIME_LIMIT,318017,0,0,19,11
2,8,1.381484e6,-1.0718737518744896,-0.8693272921435614,TIME_LIMIT,318040,0,0,8,4
2,8,1.381521e6,-1.0718737518744896,-0.8693272921435614,TIME_LIMIT,318056,0,0,9,9
2,8,1.381536e6,-1.0718690721784254,-0.8693272921435614,TIME_LIMIT,318070,0,0,3,1
2,8,1.381619e6,-1.0718690721784254,-0.8693272921435614,TIME_LIMIT,318091,0,0,19,7
2,8,1.381737e6,-1.071866800587768,-0.8693272921435614,TIME_LIMIT,318127,0,0,18,11
2,8,1.381939e6,-1.071866800587768,-0.8693272921435614,TIME_LIMIT,318150,0,0,17,11
2,8,1.381997e6,-1.071866232277693,-0.8693272921435614,TIME_LIMIT,318167,0,0,7,6
2,8,1.382068e6,-1.071866232277693,-0.8693272921435614,TIME_LIMIT,318193,0,0,19,8
2,8,1.382161e6,-1.0718618480022366,-0.8693272921435614,TIME_LIMIT,318218,0,0,12,9
2,8,1.382193e6,-1.0718618480022366,-0.8693272921435614,TIME_LIMIT,318229,0,0,8,4
2,8,1.382229e6,-1.0718586647342483,-0.8693272921435614,TIME_LIMIT,318249,0,0,3,2
2,8,1.382303e6,-1.0718586647342483,-0.8693272921435614,TIME_LIMIT,318275,0,0,14,10
2,8,1.382402e6,-1.0718478492878143,-0.8693272921435614,TIME_LIMIT,318298,0,0,15,7
2,8,1.382606e6,-1.0718478492878143,-0.8693272921435614,TIME_LIMIT,318318,0,0,23,17
2,8,1.38274e6,-1.071847488147168,-0.8693272921435614,TIME_LIMIT,318350,0,0,18,10
2,8,1.382761e6,-1.071847488147168,-0.8693272921435614,TIME_LIMIT,318360,0,0,4,4
2,8,1.382773e6,-1.0718384814708029,-0.8693272921435614,TIME_LIMIT,318369,0,0,2,1
2,8,1.382947e6,-1.0718384814708029,-0.8693272921435614,TIME_LIMIT,318396,0,0,14,5
2,8,1.382978e6,-1.0718377053419523,-0.8693272921435614,TIME_LIMIT,318411,0,0,10,9
2,8,1.383182e6,-1.0718377053419523,-0.8693272921435614,TIME_LIMIT,318441,0,0,24,23
2,8,1.383281e6,-1.071837329765931,-0.8693272921435614,TIME_LIMIT,318470,0,0,15,11
2,8,1.383386e6,-1.071837329765931,-0.8693272921435614,TIME_LIMIT,318493,0,0,15,25
2,8,1.383454e6,-1.0718292566759187,-0.8693272921435614,TIME_LIMIT,318519,0,0,7,7
2,8,1.383524e6,-1.0718292566759187,-0.8693272921435614,TIME_LIMIT,318533,0,0,14,7
2,8,1.383645e6,-1.0718260393127639,-0.8693272921435614,TIME_LIMIT,318563,0,0,14,3
2,8,1.383697e6,-1.0718260393127639,-0.8693272921435614,TIME_LIMIT,318578,0,0,17,6
2,8,1.383827e6,-1.0718242175430406,-0.8693272921435614,TIME_LIMIT,318608,0,0,8,6
2,8,1.383902e6,-1.0718242175430406,-0.8693272921435614,TIME_LIMIT,318629,0,0,9,8
2,8,1.384002e6,-1.0718203448649184,-0.8693272921435614,TIME_LIMIT,318658,0,0,12,9
2,8,1.384067e6,-1.0718203448649184,-0.8693272921435614,TIME_LIMIT,318677,0,0,11,9
2,8,1.384144e6,-1.0718147242712281,-0.8693272921435614,TIME_LIMIT,318701,0,0,10,6
2,8,1.384221e6,-1.0718147242712281,-0.8693272921435614,TIME_LIMIT,318719,0,0,12,1
2,8,1.384279e6,-1.0718132816994952,-0.8693272921435614,TIME_LIMIT,318747,0,0,14,2
2,8,1.384352e6,-1.0718132816994952,-0.8693272921435614,TIME_LIMIT,318766,0,0,10,8
2,8,1.384421e6,-1.0718120221162257,-0.8693272921435614,TIME_LIMIT,318789,0,0,10,3
2,8,1.384484e6,-1.0718120221162257,-0.8693272921435614,TIME_LIMIT,318810,0,0,20,15
2,8,1.384594e6,-1.0718053000891492,-0.8693272921435614,TIME_LIMIT,318841,0,0,12,7
2,8,1.384754e6,-1.0718053000891492,-0.8693272921435614,TIME_LIMIT,318863,0,0,6,9
2,8,1.384788e6,-1.0717965457775613,-0.8693272921435614,TIME_LIMIT,318881,0,0,4,2
2,8,1.384825e6,-1.0717965457775613,-0.8693272921435614,TIME_LIMIT,318899,0,0,9,9
2,8,1.384873e6,-1.07178213145011,-0.8693272921435614,TIME_LIMIT,318921,0,0,6,5
2,8,1.384926e6,-1.07178213145011,-0.8693272921435614,TIME_LIMIT,318939,0,0,13,27
2,8,1.384997e6,-1.0717626219072147,-0.8693272921435614,TIME_LIMIT,318964,0,0,11,3
2,8,1.385196e6,-1.0717626219072147,-0.8693272921435614,TIME_LIMIT,318991,0,0,22,42
2,8,1.385399e6,-1.0717576548165886,-0.8693272921435614,TIME_LIMIT,319033,0,0,19,12
2,8,1.385552e6,-1.0717576548165886,-0.8693272921435614,TIME_LIMIT,319048,0,0,14,11
2,8,1.385622e6,-1.0717495506894756,-0.8693272921435614,TIME_LIMIT,319074,0,0,8,7
2,8,1.385827e6,-1.0717495506894756,-0.8693272921435614,TIME_LIMIT,319098,0,0,16,27
2,8,1.38602e6,-1.0717246497560566,-0.8693272921435614,TIME_LIMIT,319134,0,0,11,9
2,8,1.386207e6,-1.0717246497560566,-0.8693272921435614,TIME_LIMIT,319160,0,0,20,12
2,8,1.386343e6,-1.0717220042986233,-0.8693272921435614,TIME_LIMIT,319192,0,0,9,11
2,8,1.386428e6,-1.0717220042986233,-0.8693272921435614,TIME_LIMIT,319206,0,0,17,8
2,8,1.386563e6,-1.0717041310463444,-0.8693272921435614,TIME_LIMIT,319238,0,0,13,7
2,8,1.386765e6,-1.0717041310463444,-0.8693272921435614,TIME_LIMIT,319259,0,0,13,7
2,8,1.386791e6,-1.0716907246805563,-0.8693272921435614,TIME_LIMIT,319274,0,0,7,4
2,8,1.386922e6,-1.0716907246805563,-0.8693272921435614,TIME_LIMIT,319296,0,0,6,20
2,8,1.386973e6,-1.0716896569462357,-0.8693272921435614,TIME_LIMIT,319325,0,0,14,7
2,8,1.387118e6,-1.0716896569462357,-0.8693272921435614,TIME_LIMIT,319345,0,0,17,14
2,8,1.387316e6,-1.071685731690901,-0.8693272921435614,TIME_LIMIT,319374,0,0,13,7
2,8,1.387402e6,-1.071685731690901,-0.8693272921435614,TIME_LIMIT,319393,0,0,15,22
2,8,1.387584e6,-1.0716830453749262,-0.8693272921435614,TIME_LIMIT,319432,0,0,18,20
2,8,1.387615e6,-1.0716830453749262,-0.8693272921435614,TIME_LIMIT,319443,0,0,9,3
2,8,1.38763e6,-1.071682405034168,-0.8693272921435614,TIME_LIMIT,319458,0,0,6,3
2,8,1.38783e6,-1.071682405034168,-0.8693272921435614,TIME_LIMIT,319481,0,0,28,19
2,8,1.388033e6,-1.0716762579380328,-0.8693272921435614,TIME_LIMIT,319523,0,0,22,12
2,8,1.388118e6,-1.0716762579380328,-0.8693272921435614,TIME_LIMIT,319545,0,0,12,13
2,8,1.388227e6,-1.0716493239733613,-0.8693272921435614,TIME_LIMIT,319565,0,0,11,7
2,8,1.38831e6,-1.0716493239733613,-0.8693272921435614,TIME_LIMIT,319588,0,0,14,8
2,8,1.388368e6,-1.071632829847134,-0.8693272921435614,TIME_LIMIT,319606,0,0,11,4
2,8,1.388467e6,-1.071632829847134,-0.8693272921435614,TIME_LIMIT,319626,0,0,18,16
2,8,1.388566e6,-1.0716257762954418,-0.8693272921435614,TIME_LIMIT,319655,0,0,11,3
2,8,1.388724e6,-1.0716257762954418,-0.8693272921435614,TIME_LIMIT,319686,0,0,18,9
2,8,1.38892e6,-1.0716198052981067,-0.8693272921435614,TIME_LIMIT,319719,0,0,15,12
2,8,1.389116e6,-1.0716198052981067,-0.8693272921435614,TIME_LIMIT,319747,0,0,26,37
2,8,1.38932e6,-1.0716184449559791,-0.8693272921435614,TIME_LIMIT,319786,0,0,21,12
2,8,1.389467e6,-1.0716184449559791,-0.8693272921435614,TIME_LIMIT,319804,0,0,12,8
2,8,1.389565e6,-1.0716159799514,-0.8693272921435614,TIME_LIMIT,319835,0,0,15,6
2,8,1.389762e6,-1.0716159799514,-0.8693272921435614,TIME_LIMIT,319856,0,0,14,11
2,8,1.389867e6,-1.0715471491209403,-0.8693272921435614,TIME_LIMIT,319891,0,0,9,6
2,8,1.39005e6,-1.0715471491209403,-0.8693272921435614,TIME_LIMIT,319913,0,0,13,16
2,8,1.390253e6,-1.0715435340650576,-0.8693272921435614,TIME_LIMIT,319943,0,0,14,8
2,8,1.390428e6,-1.0715435340650576,-0.8693272921435614,TIME_LIMIT,319967,0,0,24,17
2,8,1.390631e6,-1.0715390370542812,-0.8693272921435614,TIME_LIMIT,320000,0,0,13,6
2,8,1.390743e6,-1.0715390370542812,-0.8693272921435614,TIME_LIMIT,320023,0,0,13,20
2,8,1.390845e6,-1.071537567627088,-0.8693272921435614,TIME_LIMIT,320054,0,0,14,17
2,8,1.39094e6,-1.071537567627088,-0.8693272921435614,TIME_LIMIT,320073,0,0,13,14
2,8,1.390971e6,-1.0715339482892186,-0.8693272921435614,TIME_LIMIT,320094,0,0,9,2
2,8,1.391095e6,-1.0715339482892186,-0.8693272921435614,TIME_LIMIT,320118,0,0,21,8
2,8,1.391177e6,-1.0715307836354948,-0.8693272921435614,TIME_LIMIT,320148,0,0,11,5
2,8,1.391356e6,-1.0715307836354948,-0.8693272921435614,TIME_LIMIT,320173,0,0,19,13
2,8,1.39154e6,-1.071529739685704,-0.8693272921435614,TIME_LIMIT,320210,0,0,18,13
2,8,1.391743e6,-1.071529739685704,-0.8693272921435614,TIME_LIMIT,320230,0,0,22,35
2,8,1.391946e6,-1.0715278822970191,-0.8693272921435614,TIME_LIMIT,320263,0,0,15,14
2,8,1.392111e6,-1.0715278822970191,-0.8693272921435614,TIME_LIMIT,320286,0,0,15,23
2,8,1.392189e6,-1.0715156822806629,-0.8693272921435614,TIME_LIMIT,320321,0,0,15,14
2,8,1.392239e6,-1.0715156822806629,-0.8693272921435614,TIME_LIMIT,320340,0,0,12,11
2,8,1.392275e6,-1.0715051836717517,-0.8693272921435614,TIME_LIMIT,320362,0,0,9,5
2,8,1.392466e6,-1.0715051836717517,-0.8693272921435614,TIME_LIMIT,320382,0,0,16,9
2,8,1.392551e6,-1.071501408825947,-0.8693272921435614,TIME_LIMIT,320408,0,0,11,6
2,8,1.392644e6,-1.071501408825947,-0.8693272921435614,TIME_LIMIT,320427,0,0,11,0
2,8,1.392727e6,-1.0714990767297157,-0.8693272921435614,TIME_LIMIT,320451,0,0,9,3
2,8,1.392833e6,-1.0714990767297157,-0.8693272921435614,TIME_LIMIT,320479,0,0,27,28
2,8,1.392986e6,-1.0714979753005982,-0.8693272921435614,TIME_LIMIT,320520,0,0,17,10
2,8,1.393012e6,-1.0714979753005982,-0.8693272921435614,TIME_LIMIT,320530,0,0,9,4
2,8,1.393026e6,-1.071487693067326,-0.8693272921435614,TIME_LIMIT,320543,0,0,3,2
2,8,1.393113e6,-1.071487693067326,-0.8693272921435614,TIME_LIMIT,320567,0,0,15,3
2,8,1.393175e6,-1.0714850172327224,-0.8693272921435614,TIME_LIMIT,320582,0,0,11,8
2,8,1.393367e6,-1.0714850172327224,-0.8693272921435614,TIME_LIMIT,320603,0,0,16,24
2,8,1.393528e6,-1.0714824566764096,-0.8693272921435614,TIME_LIMIT,320637,0,0,13,12
2,8,1.393602e6,-1.0714824566764096,-0.8693272921435614,TIME_LIMIT,320658,0,0,19,24
2,8,1.393682e6,-1.0714736761472403,-0.8693272921435614,TIME_LIMIT,320691,0,0,6,3
2,8,1.393813e6,-1.0714736761472403,-0.8693272921435614,TIME_LIMIT,320705,0,0,13,8
2,8,1.393863e6,-1.071467861096513,-0.8693272921435614,TIME_LIMIT,320725,0,0,5,2
2,8,1.394056e6,-1.071467861096513,-0.8693272921435614,TIME_LIMIT,320753,0,0,19,14
2,8,1.394259e6,-1.0714673826526444,-0.8693272921435614,TIME_LIMIT,320789,0,0,19,11
2,8,1.394442e6,-1.0714673826526444,-0.8693272921435614,TIME_LIMIT,320810,0,0,16,12
2,8,1.394641e6,-1.0714629076340279,-0.8693272921435614,TIME_LIMIT,320846,0,0,9,10
2,8,1.394749e6,-1.0714629076340279,-0.8693272921435614,TIME_LIMIT,320869,0,0,7,6
2,8,1.394921e6,-1.0714458821433088,-0.8693272921435614,TIME_LIMIT,320905,0,0,20,8
2,8,1.394955e6,-1.0714458821433088,-0.8693272921435614,TIME_LIMIT,320920,0,0,9,4
2,8,1.395014e6,-1.071432016531705,-0.8693272921435614,TIME_LIMIT,320946,0,0,10,3
2,8,1.395179e6,-1.071432016531705,-0.8693272921435614,TIME_LIMIT,320968,0,0,23,11
2,8,1.395346e6,-1.071404782766918,-0.8693272921435614,TIME_LIMIT,320998,0,0,15,7
2,8,1.395412e6,-1.071404782766918,-0.8693272921435614,TIME_LIMIT,321020,0,0,14,10
2,8,1.395477e6,-1.071392539679211,-0.8693272921435614,TIME_LIMIT,321046,0,0,9,4
2,8,1.395676e6,-1.071392539679211,-0.8693272921435614,TIME_LIMIT,321065,0,0,11,8
2,8,1.395766e6,-1.0713796604510946,-0.8693272921435614,TIME_LIMIT,321100,0,0,18,9
2,8,1.395895e6,-1.0713796604510946,-0.8693272921435614,TIME_LIMIT,321123,0,0,14,6
2,8,1.396017e6,-1.0713756592141062,-0.8693272921435614,TIME_LIMIT,321153,0,0,14,15
2,8,1.396129e6,-1.0713756592141062,-0.8693272921435614,TIME_LIMIT,321174,0,0,18,7
2,8,1.396212e6,-1.0713720963759048,-0.8693272921435614,TIME_LIMIT,321194,0,0,9,4
2,8,1.396337e6,-1.0713720963759048,-0.8693272921435614,TIME_LIMIT,321217,0,0,8,17
2,8,1.396539e6,-1.0713695171509152,-0.8693272921435614,TIME_LIMIT,321247,0,0,12,10
2,8,1.396622e6,-1.0713695171509152,-0.8693272921435614,TIME_LIMIT,321269,0,0,15,8
2,8,1.396707e6,-1.0713675349165932,-0.8693272921435614,TIME_LIMIT,321298,0,0,9,9
2,8,1.396756e6,-1.0713675349165932,-0.8693272921435614,TIME_LIMIT,321317,0,0,12,14
2,8,1.396781e6,-1.0713650286777452,-0.8693272921435614,TIME_LIMIT,321335,0,0,6,4
2,8,1.396871e6,-1.0713650286777452,-0.8693272921435614,TIME_LIMIT,321352,0,0,16,8
2,8,1.396905e6,-1.071353951238745,-0.8693272921435614,TIME_LIMIT,321370,0,0,6,2
2,8,1.397013e6,-1.071353951238745,-0.8693272921435614,TIME_LIMIT,321390,0,0,23,21
2,8,1.397145e6,-1.071345472186231,-0.8693272921435614,TIME_LIMIT,321421,0,0,12,9
2,8,1.397284e6,-1.071345472186231,-0.8693272921435614,TIME_LIMIT,321449,0,0,25,9
2,8,1.397435e6,-1.0713388681277956,-0.8693272921435614,TIME_LIMIT,321489,0,0,11,15
2,8,1.397644e6,-1.0713388681277956,-0.8693272921435614,TIME_LIMIT,321506,0,0,9,12
2,8,1.397846e6,-1.0713385509855466,-0.8693272921435614,TIME_LIMIT,321538,0,0,16,6
2,8,1.397935e6,-1.0713385509855466,-0.8693272921435614,TIME_LIMIT,321562,0,0,17,43
2,8,1.398083e6,-1.0713358746237178,-0.8693272921435614,TIME_LIMIT,321587,0,0,13,10
2,8,1.398234e6,-1.0713358746237178,-0.8693272921435614,TIME_LIMIT,321609,0,0,17,27
2,8,1.398437e6,-1.0713356313517592,-0.8693272921435614,TIME_LIMIT,321643,0,0,6,5
2,8,1.398552e6,-1.0713356313517592,-0.8693272921435614,TIME_LIMIT,321669,0,0,11,10
2,8,1.398636e6,-1.0713257924548292,-0.8693272921435614,TIME_LIMIT,321701,0,0,15,3
2,8,1.398735e6,-1.0713257924548292,-0.8693272921435614,TIME_LIMIT,321722,0,0,17,12
2,8,1.398794e6,-1.0713257055563887,-0.8693272921435614,TIME_LIMIT,321748,0,0,9,3
2,8,1.398918e6,-1.0713257055563887,-0.8693272921435614,TIME_LIMIT,321774,0,0,22,27
2,8,1.399117e6,-1.0713231556395642,-0.8693272921435614,TIME_LIMIT,321806,0,0,5,5
2,8,1.399182e6,-1.0713231556395642,-0.8693272921435614,TIME_LIMIT,321827,0,0,15,3
2,8,1.399213e6,-1.071320441134064,-0.8693272921435614,TIME_LIMIT,321847,0,0,8,4
2,8,1.399407e6,-1.071320441134064,-0.8693272921435614,TIME_LIMIT,321873,0,0,16,40
2,8,1.399606e6,-1.0713163829203483,-0.8693272921435614,TIME_LIMIT,321908,0,0,19,4
2,8,1.399712e6,-1.0713163829203483,-0.8693272921435614,TIME_LIMIT,321926,0,0,8,6
2,8,1.399746e6,-1.0713145404780338,-0.8693272921435614,TIME_LIMIT,321944,0,0,7,5
2,8,1.399816e6,-1.0713145404780338,-0.8693272921435614,TIME_LIMIT,321966,0,0,15,4
2,8,1.399875e6,-1.0713082038961312,-0.8693272921435614,TIME_LIMIT,321980,0,0,11,7
2,8,1.399938e6,-1.0713082038961312,-0.8693272921435614,TIME_LIMIT,322001,0,0,5,6
2,8,1.399989e6,-1.0713074759745924,-0.8693272921435614,TIME_LIMIT,322027,0,0,13,10
2,8,1.400161e6,-1.0713074759745924,-0.8693272921435614,TIME_LIMIT,322047,0,0,15,7
2,8,1.400195e6,-1.071298659531145,-0.8693272921435614,TIME_LIMIT,322070,0,0,7,5
2,8,1.400326e6,-1.071298659531145,-0.8693272921435614,TIME_LIMIT,322097,0,0,23,15
2,8,1.400528e6,-1.0712939130588135,-0.8693272921435614,TIME_LIMIT,322132,0,0,17,15
2,8,1.400692e6,-1.0712939130588135,-0.8693272921435614,TIME_LIMIT,322158,0,0,20,14
2,8,1.40078e6,-1.0712937263222546,-0.8693272921435614,TIME_LIMIT,322180,0,0,16,10
2,8,1.400887e6,-1.0712937263222546,-0.8693272921435614,TIME_LIMIT,322203,0,0,23,28
2,8,1.40097e6,-1.0712879056748108,-0.8693272921435614,TIME_LIMIT,322234,0,0,14,13
2,8,1.401142e6,-1.0712879056748108,-0.8693272921435614,TIME_LIMIT,322255,0,0,19,25
2,8,1.401325e6,-1.0712815290794886,-0.8693272921435614,TIME_LIMIT,322286,0,0,16,9
2,8,1.401528e6,-1.0712815290794886,-0.8693272921435614,TIME_LIMIT,322309,0,0,21,15
2,8,1.401714e6,-1.0712795530812689,-0.8693272921435614,TIME_LIMIT,322342,0,0,18,20
2,8,1.401859e6,-1.0712795530812689,-0.8693272921435614,TIME_LIMIT,322370,0,0,12,14
2,8,1.401914e6,-1.0712789740527642,-0.8693272921435614,TIME_LIMIT,322388,0,0,8,3
2,8,1.402073e6,-1.0712789740527642,-0.8693272921435614,TIME_LIMIT,322417,0,0,22,9
2,8,1.402274e6,-1.0712652489009669,-0.8693272921435614,TIME_LIMIT,322449,0,0,13,5
2,8,1.402367e6,-1.0712652489009669,-0.8693272921435614,TIME_LIMIT,322479,0,0,17,16
2,8,1.402477e6,-1.0712565172797492,-0.8693272921435614,TIME_LIMIT,322512,0,0,7,5
2,8,1.40259e6,-1.0712565172797492,-0.8693272921435614,TIME_LIMIT,322531,0,0,17,10
2,8,1.402658e6,-1.0712531252999664,-0.8693272921435614,TIME_LIMIT,322557,0,0,8,13
2,8,1.402852e6,-1.0712531252999664,-0.8693272921435614,TIME_LIMIT,322583,0,0,21,27
2,8,1.403055e6,-1.0712521992185846,-0.8693272921435614,TIME_LIMIT,322625,0,0,18,13
2,8,1.40319e6,-1.0712521992185846,-0.8693272921435614,TIME_LIMIT,322652,0,0,22,12
2,8,1.403283e6,-1.0712461003866653,-0.8693272921435614,TIME_LIMIT,322681,0,0,12,6
2,8,1.403348e6,-1.0712461003866653,-0.8693272921435614,TIME_LIMIT,322705,0,0,13,11
2,8,1.403377e6,-1.0712423354971867,-0.8693272921435614,TIME_LIMIT,322725,0,0,13,1
2,8,1.403577e6,-1.0712423354971867,-0.8693272921435614,TIME_LIMIT,322748,0,0,25,21
2,8,1.40378e6,-1.071231207706505,-0.8693272921435614,TIME_LIMIT,322788,0,0,22,9
2,8,1.403836e6,-1.071231207706505,-0.8693272921435614,TIME_LIMIT,322803,0,0,12,7
2,8,1.403867e6,-1.0712221694500346,-0.8693272921435614,TIME_LIMIT,322824,0,0,9,2
2,8,1.404075e6,-1.0712221694500346,-0.8693272921435614,TIME_LIMIT,322851,0,0,6,10
2,8,1.404134e6,-1.0712096244643599,-0.8693272921435614,TIME_LIMIT,322877,0,0,13,8
2,8,1.404316e6,-1.0712096244643599,-0.8693272921435614,TIME_LIMIT,322908,0,0,24,8
2,8,1.404511e6,-1.0711969185477175,-0.8693272921435614,TIME_LIMIT,322942,0,0,19,13
2,8,1.404644e6,-1.0711969185477175,-0.8693272921435614,TIME_LIMIT,322958,0,0,15,18
2,8,1.404739e6,-1.0711961818355826,-0.8693272921435614,TIME_LIMIT,322990,0,0,15,7
2,8,1.404945e6,-1.0711961818355826,-0.8693272921435614,TIME_LIMIT,323009,0,0,17,23
2,8,1.405168e6,-1.0711901023760149,-0.8693272921435614,TIME_LIMIT,323037,0,0,8,7
2,8,1.405301e6,-1.0711901023760149,-0.8693272921435614,TIME_LIMIT,323061,0,0,9,8
2,8,1.405398e6,-1.0711867263304697,-0.8693272921435614,TIME_LIMIT,323081,0,0,15,5
2,8,1.405481e6,-1.0711867263304697,-0.8693272921435614,TIME_LIMIT,323101,0,0,8,5
2,8,1.405527e6,-1.0711449983223935,-0.8693272921435614,TIME_LIMIT,323122,0,0,3,5
2,8,1.405726e6,-1.0711449983223935,-0.8693272921435614,TIME_LIMIT,323143,0,0,24,18
2,8,1.405825e6,-1.0711410547587088,-0.8693272921435614,TIME_LIMIT,323181,0,0,18,12
2,8,1.405906e6,-1.0711410547587088,-0.8693272921435614,TIME_LIMIT,323196,0,0,14,4
2,8,1.405942e6,-1.0711089798787155,-0.8693272921435614,TIME_LIMIT,323213,0,0,6,3
2,8,1.406007e6,-1.0711089798787155,-0.8693272921435614,TIME_LIMIT,323235,0,0,13,8
2,8,1.406175e6,-1.0711033472870994,-0.8693272921435614,TIME_LIMIT,323257,0,0,9,11
2,8,1.406275e6,-1.0711033472870994,-0.8693272921435614,TIME_LIMIT,323278,0,0,9,17
2,8,1.406414e6,-1.0710976158113201,-0.8693272921435614,TIME_LIMIT,323309,0,0,10,9
2,8,1.406526e6,-1.0710976158113201,-0.8693272921435614,TIME_LIMIT,323331,0,0,15,15
2,8,1.406675e6,-1.0710942894213324,-0.8693272921435614,TIME_LIMIT,323365,0,0,11,9
2,8,1.40674e6,-1.0710942894213324,-0.8693272921435614,TIME_LIMIT,323386,0,0,14,7
2,8,1.406778e6,-1.071090473466386,-0.8693272921435614,TIME_LIMIT,323405,0,0,7,4
2,8,1.406817e6,-1.071090473466386,-0.8693272921435614,TIME_LIMIT,323418,0,0,10,11
2,8,1.406852e6,-1.0710804464418902,-0.8693272921435614,TIME_LIMIT,323440,0,0,6,2
2,8,1.406906e6,-1.0710804464418902,-0.8693272921435614,TIME_LIMIT,323458,0,0,13,12
2,8,1.406997e6,-1.0710770941012722,-0.8693272921435614,TIME_LIMIT,323486,0,0,8,3
2,8,1.407152e6,-1.0710770941012722,-0.8693272921435614,TIME_LIMIT,323510,0,0,18,38
2,8,1.407362e6,-1.0710706865228414,-0.8693272921435614,TIME_LIMIT,323542,0,0,13,14
2,8,1.407426e6,-1.0710706865228414,-0.8693272921435614,TIME_LIMIT,323560,0,0,14,8
2,8,1.40752e6,-1.071052599577103,-0.8693272921435614,TIME_LIMIT,323587,0,0,11,6
2,8,1.407663e6,-1.071052599577103,-0.8693272921435614,TIME_LIMIT,323606,0,0,17,23
2,8,1.407783e6,-1.0710422027716604,-0.8693272921435614,TIME_LIMIT,323637,0,0,14,4
2,8,1.407871e6,-1.0710422027716604,-0.8693272921435614,TIME_LIMIT,323657,0,0,15,9
2,8,1.407915e6,-1.071029619597058,-0.8693272921435614,TIME_LIMIT,323685,0,0,9,5
2,8,1.408024e6,-1.071029619597058,-0.8693272921435614,TIME_LIMIT,323716,0,0,20,11
2,8,1.408085e6,-1.071005419882444,-0.8693272921435614,TIME_LIMIT,323734,0,0,7,8
2,8,1.408158e6,-1.071005419882444,-0.8693272921435614,TIME_LIMIT,323758,0,0,14,7
2,8,1.408239e6,-1.071004966016845,-0.8693272921435614,TIME_LIMIT,323783,0,0,9,3
2,8,1.408408e6,-1.071004966016845,-0.8693272921435614,TIME_LIMIT,323802,0,0,12,14
2,8,1.408529e6,-1.0710038576395133,-0.8693272921435614,TIME_LIMIT,323845,0,0,20,7
2,8,1.408605e6,-1.0710038576395133,-0.8693272921435614,TIME_LIMIT,323864,0,0,15,12
2,8,1.408659e6,-1.0709997099197253,-0.8693272921435614,TIME_LIMIT,323887,0,0,8,2
2,8,1.408858e6,-1.0709997099197253,-0.8693272921435614,TIME_LIMIT,323908,0,0,21,14
2,8,1.40894e6,-1.0709958467291743,-0.8693272921435614,TIME_LIMIT,323936,0,0,15,6
2,8,1.409016e6,-1.0709958467291743,-0.8693272921435614,TIME_LIMIT,323955,0,0,12,11
2,8,1.409098e6,-1.07098365615332,-0.8693272921435614,TIME_LIMIT,323984,0,0,11,6
2,8,1.409167e6,-1.07098365615332,-0.8693272921435614,TIME_LIMIT,324000,0,0,16,11
2,8,1.409264e6,-1.0709834274835206,-0.8693272921435614,TIME_LIMIT,324030,0,0,5,4
2,8,1.409349e6,-1.0709834274835206,-0.8693272921435614,TIME_LIMIT,324053,0,0,12,21
2,8,1.409464e6,-1.070981906220951,-0.8693272921435614,TIME_LIMIT,324088,0,0,22,9
2,8,1.409586e6,-1.070981906220951,-0.8693272921435614,TIME_LIMIT,324111,0,0,20,18
2,8,1.409707e6,-1.0709739263038525,-0.8693272921435614,TIME_LIMIT,324147,0,0,18,12
2,8,1.40992e6,-1.0709739263038525,-0.8693272921435614,TIME_LIMIT,324173,0,0,23,22
2,8,1.410081e6,-1.0709724040303483,-0.8693272921435614,TIME_LIMIT,324209,0,0,13,7
2,8,1.410162e6,-1.0709724040303483,-0.8693272921435614,TIME_LIMIT,324227,0,0,16,13
2,8,1.410271e6,-1.0709717364498785,-0.8693272921435614,TIME_LIMIT,324257,0,0,15,6
2,8,1.410384e6,-1.0709717364498785,-0.8693272921435614,TIME_LIMIT,324281,0,0,19,11
2,8,1.410448e6,-1.0709605740324584,-0.8693272921435614,TIME_LIMIT,324301,0,0,11,6
2,8,1.410563e6,-1.0709605740324584,-0.8693272921435614,TIME_LIMIT,324324,0,0,15,3
2,8,1.410609e6,-1.070955634871738,-0.8693272921435614,TIME_LIMIT,324341,0,0,12,10
2,8,1.410709e6,-1.070955634871738,-0.8693272921435614,TIME_LIMIT,324358,0,0,8,6
2,8,1.410781e6,-1.070954793951791,-0.8693272921435614,TIME_LIMIT,324385,0,0,10,7
2,8,1.410843e6,-1.070954793951791,-0.8693272921435614,TIME_LIMIT,324401,0,0,13,12
2,8,1.410967e6,-1.0709530551120363,-0.8693272921435614,TIME_LIMIT,324432,0,0,17,7
2,8,1.411179e6,-1.0709530551120363,-0.8693272921435614,TIME_LIMIT,324449,0,0,14,13
2,8,1.411326e6,-1.0709424509273198,-0.8693272921435614,TIME_LIMIT,324483,0,0,13,10
2,8,1.411438e6,-1.0709424509273198,-0.8693272921435614,TIME_LIMIT,324506,0,0,16,13
2,8,1.411473e6,-1.0709398174525935,-0.8693272921435614,TIME_LIMIT,324524,0,0,8,3
2,8,1.411606e6,-1.0709398174525935,-0.8693272921435614,TIME_LIMIT,324552,0,0,15,10
2,8,1.411758e6,-1.0709397962946778,-0.8693272921435614,TIME_LIMIT,324582,0,0,11,7
2,8,1.411861e6,-1.0709397962946778,-0.8693272921435614,TIME_LIMIT,324605,0,0,12,15
2,8,1.411967e6,-1.0709392610712594,-0.8693272921435614,TIME_LIMIT,324641,0,0,17,6
2,8,1.41214e6,-1.0709392610712594,-0.8693272921435614,TIME_LIMIT,324676,0,0,20,4
2,8,1.412356e6,-1.0709385705323688,-0.8693272921435614,TIME_LIMIT,324694,0,0,16,11
2,8,1.412412e6,-1.0709385705323688,-0.8693272921435614,TIME_LIMIT,324714,0,0,7,11
2,8,1.412455e6,-1.070918093340065,-0.8693272921435614,TIME_LIMIT,324736,0,0,10,6
2,8,1.412576e6,-1.070918093340065,-0.8693272921435614,TIME_LIMIT,324770,0,0,16,30
2,8,1.41264e6,-1.0709161520691866,-0.8693272921435614,TIME_LIMIT,324798,0,0,14,7
2,8,1.412748e6,-1.0709161520691866,-0.8693272921435614,TIME_LIMIT,324818,0,0,6,7
2,8,1.412847e6,-1.0709073477370357,-0.8693272921435614,TIME_LIMIT,324845,0,0,11,6
2,8,1.412938e6,-1.0709073477370357,-0.8693272921435614,TIME_LIMIT,324869,0,0,20,19
2,8,1.41315e6,-1.070898096887703,-0.8693272921435614,TIME_LIMIT,324902,0,0,17,8
2,8,1.413188e6,-1.070898096887703,-0.8693272921435614,TIME_LIMIT,324918,0,0,11,12
2,8,1.413267e6,-1.0708952053784366,-0.8693272921435614,TIME_LIMIT,324942,0,0,9,6
2,8,1.413375e6,-1.0708952053784366,-0.8693272921435614,TIME_LIMIT,324963,0,0,17,26
2,8,1.41359e6,-1.0708918744354328,-0.8693272921435614,TIME_LIMIT,324997,0,0,18,15
2,8,1.413805e6,-1.0708918744354328,-0.8693272921435614,TIME_LIMIT,325020,0,0,26,19
2,8,1.414015e6,-1.070876840628794,-0.8693272921435614,TIME_LIMIT,325058,0,0,17,10
2,8,1.414147e6,-1.070876840628794,-0.8693272921435614,TIME_LIMIT,325092,0,0,23,18
2,8,1.414262e6,-1.070874652225951,-0.8693272921435614,TIME_LIMIT,325123,0,0,21,11
2,8,1.4144e6,-1.070874652225951,-0.8693272921435614,TIME_LIMIT,325146,0,0,18,25
2,8,1.414499e6,-1.0708734349243112,-0.8693272921435614,TIME_LIMIT,325183,0,0,13,10
2,8,1.414609e6,-1.0708734349243112,-0.8693272921435614,TIME_LIMIT,325204,0,0,17,16
2,8,1.414678e6,-1.0708703669017994,-0.8693272921435614,TIME_LIMIT,325230,0,0,13,2
2,8,1.414726e6,-1.0708703669017994,-0.8693272921435614,TIME_LIMIT,325250,0,0,12,9
2,8,1.41476e6,-1.0708613731765801,-0.8693272921435614,TIME_LIMIT,325269,0,0,7,2
2,8,1.414854e6,-1.0708613731765801,-0.8693272921435614,TIME_LIMIT,325290,0,0,24,8
2,8,1.414946e6,-1.0708612587890278,-0.8693272921435614,TIME_LIMIT,325320,0,0,11,8
2,8,1.41516e6,-1.0708612587890278,-0.8693272921435614,TIME_LIMIT,325344,0,0,16,25
2,8,1.415366e6,-1.0708602306127712,-0.8693272921435614,TIME_LIMIT,325378,0,0,16,10
2,8,1.415429e6,-1.0708602306127712,-0.8693272921435614,TIME_LIMIT,325402,0,0,16,9
2,8,1.415481e6,-1.0708528617983808,-0.8693272921435614,TIME_LIMIT,325427,0,0,12,11
2,8,1.415635e6,-1.0708528617983808,-0.8693272921435614,TIME_LIMIT,325453,0,0,20,14
2,8,1.415814e6,-1.0708455971848012,-0.8693272921435614,TIME_LIMIT,325487,0,0,12,13
2,8,1.415949e6,-1.0708455971848012,-0.8693272921435614,TIME_LIMIT,325515,0,0,17,6
2,8,1.416011e6,-1.0708408878937075,-0.8693272921435614,TIME_LIMIT,325539,0,0,11,5
2,8,1.416092e6,-1.0708408878937075,-0.8693272921435614,TIME_LIMIT,325560,0,0,12,9
2,8,1.416134e6,-1.0708355144467543,-0.8693272921435614,TIME_LIMIT,325583,0,0,6,3
2,8,1.416182e6,-1.0708355144467543,-0.8693272921435614,TIME_LIMIT,325597,0,0,8,4
2,8,1.41625e6,-1.0708256674836893,-0.8693272921435614,TIME_LIMIT,325621,0,0,7,3
2,8,1.416347e6,-1.0708256674836893,-0.8693272921435614,TIME_LIMIT,325653,0,0,10,19
2,8,1.416467e6,-1.0708003116583855,-0.8693272921435614,TIME_LIMIT,325678,0,0,16,17
2,8,1.416678e6,-1.0708003116583855,-0.8693272921435614,TIME_LIMIT,325699,0,0,18,10
2,8,1.416841e6,-1.0707995051821395,-0.8693272921435614,TIME_LIMIT,325717,0,0,14,9
2,8,1.416945e6,-1.0707995051821395,-0.8693272921435614,TIME_LIMIT,325740,0,0,22,21
2,8,1.417155e6,-1.0707971142534993,-0.8693272921435614,TIME_LIMIT,325777,0,0,14,13
2,8,1.417307e6,-1.0707971142534993,-0.8693272921435614,TIME_LIMIT,325799,0,0,7,17
2,8,1.41734e6,-1.070764709563068,-0.8693272921435614,TIME_LIMIT,325820,0,0,8,3
2,8,1.4174e6,-1.070764709563068,-0.8693272921435614,TIME_LIMIT,325842,0,0,17,8
2,8,1.417431e6,-1.0707643139477767,-0.8693272921435614,TIME_LIMIT,325863,0,0,9,3
2,8,1.417506e6,-1.0707643139477767,-0.8693272921435614,TIME_LIMIT,325891,0,0,21,18
2,8,1.417687e6,-1.0707616039580192,-0.8693272921435614,TIME_LIMIT,325925,0,0,15,12
2,8,1.417725e6,-1.0707616039580192,-0.8693272921435614,TIME_LIMIT,325942,0,0,14,9
2,8,1.417761e6,-1.0707567394805761,-0.8693272921435614,TIME_LIMIT,325962,0,0,9,4
2,8,1.41797e6,-1.0707567394805761,-0.8693272921435614,TIME_LIMIT,325992,0,0,20,17
2,8,1.41818e6,-1.0707378915556345,-0.8693272921435614,TIME_LIMIT,326023,0,0,14,12
2,8,1.418225e6,-1.0707378915556345,-0.8693272921435614,TIME_LIMIT,326046,0,0,14,5
2,8,1.418259e6,-1.070736633126954,-0.8693272921435614,TIME_LIMIT,326062,0,0,5,2
2,8,1.418299e6,-1.070736633126954,-0.8693272921435614,TIME_LIMIT,326073,0,0,4,4
2,8,1.418314e6,-1.0707347502109996,-0.8693272921435614,TIME_LIMIT,326087,0,0,4,1
2,8,1.41843e6,-1.0707347502109996,-0.8693272921435614,TIME_LIMIT,326116,0,0,22,13
2,8,1.418538e6,-1.0707256732282562,-0.8693272921435614,TIME_LIMIT,326134,0,0,12,10
2,8,1.418595e6,-1.0707256732282562,-0.8693272921435614,TIME_LIMIT,326155,0,0,14,7
2,8,1.418663e6,-1.0707145510374982,-0.8693272921435614,TIME_LIMIT,326177,0,0,9,7
2,8,1.418689e6,-1.0707145510374982,-0.8693272921435614,TIME_LIMIT,326192,0,0,9,9
2,8,1.418729e6,-1.0707109697264645,-0.8693272921435614,TIME_LIMIT,326210,0,0,5,0
2,8,1.418939e6,-1.0707109697264645,-0.8693272921435614,TIME_LIMIT,326228,0,0,16,16
2,8,1.41915e6,-1.070701785237505,-0.8693272921435614,TIME_LIMIT,326267,0,0,20,9
2,8,1.419359e6,-1.070701785237505,-0.8693272921435614,TIME_LIMIT,326290,0,0,7,14
2,8,1.419414e6,-1.0707004116655057,-0.8693272921435614,TIME_LIMIT,326312,0,0,10,6
2,8,1.419451e6,-1.0707004116655057,-0.8693272921435614,TIME_LIMIT,326328,0,0,10,5
2,8,1.419489e6,-1.070689727075372,-0.8693272921435614,TIME_LIMIT,326347,0,0,9,4
2,8,1.419611e6,-1.070689727075372,-0.8693272921435614,TIME_LIMIT,326369,0,0,13,16
2,8,1.419685e6,-1.070687036493768,-0.8693272921435614,TIME_LIMIT,326397,0,0,12,12
2,8,1.419818e6,-1.070687036493768,-0.8693272921435614,TIME_LIMIT,326422,0,0,21,17
2,8,1.419916e6,-1.0706834067790862,-0.8693272921435614,TIME_LIMIT,326449,0,0,10,6
2,8,1.42006e6,-1.0706834067790862,-0.8693272921435614,TIME_LIMIT,326468,0,0,10,14
2,8,1.420117e6,-1.070679501716846,-0.8693272921435614,TIME_LIMIT,326497,0,0,13,6
2,8,1.420257e6,-1.070679501716846,-0.8693272921435614,TIME_LIMIT,326516,0,0,16,13
2,8,1.420472e6,-1.0706782066023606,-0.8693272921435614,TIME_LIMIT,326547,0,0,7,11
2,8,1.420575e6,-1.0706782066023606,-0.8693272921435614,TIME_LIMIT,326570,0,0,13,8
2,8,1.420767e6,-1.0706725414184806,-0.8693272921435614,TIME_LIMIT,326606,0,0,7,6
2,8,1.420854e6,-1.0706725414184806,-0.8693272921435614,TIME_LIMIT,326625,0,0,11,10
2,8,1.421045e6,-1.0706690208707053,-0.8693272921435614,TIME_LIMIT,326656,0,0,9,8
2,8,1.421164e6,-1.0706690208707053,-0.8693272921435614,TIME_LIMIT,326676,0,0,12,10
2,8,1.421229e6,-1.0706680276438392,-0.8693272921435614,TIME_LIMIT,326701,0,0,4,1
2,8,1.42132e6,-1.0706680276438392,-0.8693272921435614,TIME_LIMIT,326721,0,0,11,10
2,8,1.421462e6,-1.0706659864860486,-0.8693272921435614,TIME_LIMIT,326754,0,0,11,9
2,8,1.421586e6,-1.0706659864860486,-0.8693272921435614,TIME_LIMIT,326781,0,0,8,8
2,8,1.421797e6,-1.0706524748529467,-0.8693272921435614,TIME_LIMIT,326801,0,0,16,8
2,8,1.421849e6,-1.0706524748529467,-0.8693272921435614,TIME_LIMIT,326817,0,0,13,9
2,8,1.422019e6,-1.0706511753503865,-0.8693272921435614,TIME_LIMIT,326844,0,0,13,9
2,8,1.422131e6,-1.0706511753503865,-0.8693272921435614,TIME_LIMIT,326869,0,0,20,17
2,8,1.422335e6,-1.070647543784423,-0.8693272921435614,TIME_LIMIT,326904,0,0,18,16
2,8,1.422393e6,-1.070647543784423,-0.8693272921435614,TIME_LIMIT,326919,0,0,8,7
2,8,1.422516e6,-1.0706470963737125,-0.8693272921435614,TIME_LIMIT,326941,0,0,7,5
2,8,1.42258e6,-1.0706470963737125,-0.8693272921435614,TIME_LIMIT,326959,0,0,15,14
2,8,1.422701e6,-1.0706433190224645,-0.8693272921435614,TIME_LIMIT,326990,0,0,12,10
2,8,1.422895e6,-1.0706433190224645,-0.8693272921435614,TIME_LIMIT,327011,0,0,19,20
2,8,1.422973e6,-1.0706402351019195,-0.8693272921435614,TIME_LIMIT,327039,0,0,9,5
2,8,1.423103e6,-1.0706402351019195,-0.8693272921435614,TIME_LIMIT,327063,0,0,20,10
2,8,1.423273e6,-1.0706377355438377,-0.8693272921435614,TIME_LIMIT,327096,0,0,12,18
2,8,1.423322e6,-1.0706377355438377,-0.8693272921435614,TIME_LIMIT,327117,0,0,15,13
2,8,1.42342e6,-1.070630064885446,-0.8693272921435614,TIME_LIMIT,327142,0,0,8,4
2,8,1.423465e6,-1.070630064885446,-0.8693272921435614,TIME_LIMIT,327159,0,0,12,7
2,8,1.423651e6,-1.0706295905419165,-0.8693272921435614,TIME_LIMIT,327188,0,0,1,6
2,8,1.42371e6,-1.0706295905419165,-0.8693272921435614,TIME_LIMIT,327204,0,0,11,4
2,8,1.423802e6,-1.070619627040187,-0.8693272921435614,TIME_LIMIT,327230,0,0,9,3
2,8,1.423842e6,-1.070619627040187,-0.8693272921435614,TIME_LIMIT,327246,0,0,10,11
2,8,1.42392e6,-1.0706180813112272,-0.8693272921435614,TIME_LIMIT,327272,0,0,10,6
2,8,1.424136e6,-1.0706180813112272,-0.8693272921435614,TIME_LIMIT,327299,0,0,17,17
2,8,1.424349e6,-1.0706159237658062,-0.8693272921435614,TIME_LIMIT,327327,0,0,19,10
2,8,1.424458e6,-1.0706159237658062,-0.8693272921435614,TIME_LIMIT,327349,0,0,11,13
2,8,1.424533e6,-1.0706072193240037,-0.8693272921435614,TIME_LIMIT,327367,0,0,12,5
2,8,1.42467e6,-1.0706072193240037,-0.8693272921435614,TIME_LIMIT,327396,0,0,19,23
2,8,1.424772e6,-1.070593006683079,-0.8693272921435614,TIME_LIMIT,327417,0,0,12,17
2,8,1.424944e6,-1.070593006683079,-0.8693272921435614,TIME_LIMIT,327437,0,0,9,15
2,8,1.425087e6,-1.0705881153326868,-0.8693272921435614,TIME_LIMIT,327464,0,0,14,2
2,8,1.42517e6,-1.0705881153326868,-0.8693272921435614,TIME_LIMIT,327487,0,0,16,9
2,8,1.425239e6,-1.0705870163328044,-0.8693272921435614,TIME_LIMIT,327504,0,0,14,7
2,8,1.42533e6,-1.0705870163328044,-0.8693272921435614,TIME_LIMIT,327525,0,0,16,6
2,8,1.425526e6,-1.0705777614230017,-0.8693272921435614,TIME_LIMIT,327554,0,0,10,8
2,8,1.425635e6,-1.0705777614230017,-0.8693272921435614,TIME_LIMIT,327574,0,0,16,11
2,8,1.425839e6,-1.0705726536058848,-0.8693272921435614,TIME_LIMIT,327609,0,0,16,4
2,8,1.426049e6,-1.0705726536058848,-0.8693272921435614,TIME_LIMIT,327635,0,0,22,13
2,8,1.426262e6,-1.0705695210682462,-0.8693272921435614,TIME_LIMIT,327666,0,0,14,8
2,8,1.426386e6,-1.0705695210682462,-0.8693272921435614,TIME_LIMIT,327687,0,0,13,7
2,8,1.426468e6,-1.0705633555777077,-0.8693272921435614,TIME_LIMIT,327715,0,0,12,7
2,8,1.426528e6,-1.0705633555777077,-0.8693272921435614,TIME_LIMIT,327729,0,0,12,15
2,8,1.426565e6,-1.0705625404519652,-0.8693272921435614,TIME_LIMIT,327746,0,0,4,4
2,8,1.426745e6,-1.0705625404519652,-0.8693272921435614,TIME_LIMIT,327771,0,0,17,19
2,8,1.426885e6,-1.0705500695976373,-0.8693272921435614,TIME_LIMIT,327810,0,0,23,5
2,8,1.426942e6,-1.0705500695976373,-0.8693272921435614,TIME_LIMIT,327829,0,0,11,12
2,8,1.427034e6,-1.0705464267894127,-0.8693272921435614,TIME_LIMIT,327850,0,0,9,11
2,8,1.427097e6,-1.0705464267894127,-0.8693272921435614,TIME_LIMIT,327868,0,0,8,6
2,8,1.427121e6,-1.0705445278703904,-0.8693272921435614,TIME_LIMIT,327888,0,0,5,4
2,8,1.427329e6,-1.0705445278703904,-0.8693272921435614,TIME_LIMIT,327907,0,0,12,14
2,8,1.427432e6,-1.0705326933034,-0.8693272921435614,TIME_LIMIT,327939,0,0,16,6
2,8,1.427532e6,-1.0705326933034,-0.8693272921435614,TIME_LIMIT,327961,0,0,7,10
2,8,1.427599e6,-1.0705159128731583,-0.8693272921435614,TIME_LIMIT,327978,0,0,3,5
2,8,1.427663e6,-1.0705159128731583,-0.8693272921435614,TIME_LIMIT,328001,0,0,6,5
2,8,1.427845e6,-1.0705103503404678,-0.8693272921435614,TIME_LIMIT,328033,0,0,9,13
2,8,1.427889e6,-1.0705103503404678,-0.8693272921435614,TIME_LIMIT,328050,0,0,9,4
2,8,1.427919e6,-1.070509795684149,-0.8693272921435614,TIME_LIMIT,328066,0,0,6,6
2,8,1.428061e6,-1.070509795684149,-0.8693272921435614,TIME_LIMIT,328084,0,0,9,14
2,8,1.428123e6,-1.0705064393096204,-0.8693272921435614,TIME_LIMIT,328109,0,0,9,7
2,8,1.428272e6,-1.0705064393096204,-0.8693272921435614,TIME_LIMIT,328131,0,0,15,14
2,8,1.428421e6,-1.0705011765346995,-0.8693272921435614,TIME_LIMIT,328163,0,0,7,9
2,8,1.428485e6,-1.0705011765346995,-0.8693272921435614,TIME_LIMIT,328182,0,0,5,2
2,8,1.428543e6,-1.0704971118323257,-0.8693272921435614,TIME_LIMIT,328197,0,0,10,4
2,8,1.428557e6,-1.0704971118323257,-0.8693272921435614,TIME_LIMIT,328204,0,0,5,8
2,8,1.428586e6,-1.0704787336488195,-0.8693272921435614,TIME_LIMIT,328217,0,0,3,2
2,8,1.428672e6,-1.0704787336488195,-0.8693272921435614,TIME_LIMIT,328237,0,0,17,24
2,8,1.428861e6,-1.0704782119500793,-0.8693272921435614,TIME_LIMIT,328273,0,0,20,13
2,8,1.429039e6,-1.0704782119500793,-0.8693272921435614,TIME_LIMIT,328300,0,0,14,10
2,8,1.429124e6,-1.070477479111228,-0.8693272921435614,TIME_LIMIT,328327,0,0,13,6
2,8,1.429195e6,-1.070477479111228,-0.8693272921435614,TIME_LIMIT,328348,0,0,19,5
2,8,1.429317e6,-1.0704761632533026,-0.8693272921435614,TIME_LIMIT,328379,0,0,12,7
2,8,1.429389e6,-1.0704761632533026,-0.8693272921435614,TIME_LIMIT,328395,0,0,13,11
2,8,1.429543e6,-1.0704664000386366,-0.8693272921435614,TIME_LIMIT,328429,0,0,6,2
2,8,1.429582e6,-1.0704664000386366,-0.8693272921435614,TIME_LIMIT,328443,0,0,8,10
2,8,1.429643e6,-1.0704657136625824,-0.8693272921435614,TIME_LIMIT,328466,0,0,7,8
2,8,1.429842e6,-1.0704657136625824,-0.8693272921435614,TIME_LIMIT,328486,0,0,25,16
2,8,1.430035e6,-1.0704598664002027,-0.8693272921435614,TIME_LIMIT,328531,0,0,14,9
2,8,1.4301e6,-1.0704598664002027,-0.8693272921435614,TIME_LIMIT,328549,0,0,13,9
2,8,1.430205e6,-1.070459223324007,-0.8693272921435614,TIME_LIMIT,328575,0,0,14,8
2,8,1.430361e6,-1.070459223324007,-0.8693272921435614,TIME_LIMIT,328604,0,0,27,39
2,8,1.43057e6,-1.07045830627846,-0.8693272921435614,TIME_LIMIT,328639,0,0,17,11
2,8,1.430727e6,-1.07045830627846,-0.8693272921435614,TIME_LIMIT,328660,0,0,12,17
2,8,1.4309e6,-1.070456505212385,-0.8693272921435614,TIME_LIMIT,328694,0,0,15,4
2,8,1.431028e6,-1.070456505212385,-0.8693272921435614,TIME_LIMIT,328715,0,0,19,15
2,8,1.431243e6,-1.070448991853749,-0.8693272921435614,TIME_LIMIT,328753,0,0,20,8
2,8,1.431346e6,-1.070448991853749,-0.8693272921435614,TIME_LIMIT,328774,0,0,19,10
2,8,1.431447e6,-1.0704484208024811,-0.8693272921435614,TIME_LIMIT,328803,0,0,9,4
2,8,1.431653e6,-1.0704484208024811,-0.8693272921435614,TIME_LIMIT,328827,0,0,18,24
2,8,1.43175e6,-1.0704452036260292,-0.8693272921435614,TIME_LIMIT,328855,0,0,13,22
2,8,1.431859e6,-1.0704452036260292,-0.8693272921435614,TIME_LIMIT,328878,0,0,21,20
2,8,1.43192e6,-1.0704407294519664,-0.8693272921435614,TIME_LIMIT,328906,0,0,15,3
2,8,1.432096e6,-1.0704407294519664,-0.8693272921435614,TIME_LIMIT,328925,0,0,14,9
2,8,1.43216e6,-1.0704340230465232,-0.8693272921435614,TIME_LIMIT,328950,0,0,9,3
2,8,1.432318e6,-1.0704340230465232,-0.8693272921435614,TIME_LIMIT,328973,0,0,14,9
2,8,1.43246e6,-1.0704289821967263,-0.8693272921435614,TIME_LIMIT,328996,0,0,18,9
2,8,1.432675e6,-1.0704289821967263,-0.8693272921435614,TIME_LIMIT,329013,0,0,10,13
2,8,1.432724e6,-1.070426001014802,-0.8693272921435614,TIME_LIMIT,329035,0,0,10,2
2,8,1.432934e6,-1.070426001014802,-0.8693272921435614,TIME_LIMIT,329059,0,0,6,31
2,8,1.433145e6,-1.0704246442434189,-0.8693272921435614,TIME_LIMIT,329095,0,0,15,15
2,8,1.433357e6,-1.0704246442434189,-0.8693272921435614,TIME_LIMIT,329120,0,0,23,15
2,8,1.433565e6,-1.0704191691009215,-0.8693272921435614,TIME_LIMIT,329145,0,0,14,10
2,8,1.433641e6,-1.0704191691009215,-0.8693272921435614,TIME_LIMIT,329160,0,0,7,7
2,8,1.433729e6,-1.0704170391509553,-0.8693272921435614,TIME_LIMIT,329190,0,0,11,3
2,8,1.433804e6,-1.0704170391509553,-0.8693272921435614,TIME_LIMIT,329217,0,0,13,19
2,8,1.433904e6,-1.070405279889618,-0.8693272921435614,TIME_LIMIT,329245,0,0,8,2
2,8,1.433992e6,-1.070405279889618,-0.8693272921435614,TIME_LIMIT,329268,0,0,9,17
2,8,1.434083e6,-1.0704050566079002,-0.8693272921435614,TIME_LIMIT,329292,0,0,12,8
2,8,1.434194e6,-1.0704050566079002,-0.8693272921435614,TIME_LIMIT,329318,0,0,11,5
2,8,1.434276e6,-1.0703999597415927,-0.8693272921435614,TIME_LIMIT,329343,0,0,11,7
2,8,1.43433e6,-1.0703999597415927,-0.8693272921435614,TIME_LIMIT,329362,0,0,13,11
2,8,1.434369e6,-1.0703886937617733,-0.8693272921435614,TIME_LIMIT,329381,0,0,12,2
2,8,1.434542e6,-1.0703886937617733,-0.8693272921435614,TIME_LIMIT,329411,0,0,20,13
2,8,1.434654e6,-1.0703766605372529,-0.8693272921435614,TIME_LIMIT,329435,0,0,17,13
2,8,1.43473e6,-1.0703766605372529,-0.8693272921435614,TIME_LIMIT,329454,0,0,10,12
2,8,1.434767e6,-1.0703707873809227,-0.8693272921435614,TIME_LIMIT,329470,0,0,2,2
2,8,1.434837e6,-1.0703707873809227,-0.8693272921435614,TIME_LIMIT,329497,0,0,11,10
2,8,1.434873e6,-1.0703647330371386,-0.8693272921435614,TIME_LIMIT,329507,0,0,4,5
2,8,1.434891e6,-1.0703647330371386,-0.8693272921435614,TIME_LIMIT,329516,0,0,8,4
2,8,1.434905e6,-1.0703548495126207,-0.8693272921435614,TIME_LIMIT,329527,0,0,2,1
2,8,1.435005e6,-1.0703548495126207,-0.8693272921435614,TIME_LIMIT,329548,0,0,11,3
2,8,1.435034e6,-1.0703357999755887,-0.8693272921435614,TIME_LIMIT,329559,0,0,8,3
2,8,1.435174e6,-1.0703357999755887,-0.8693272921435614,TIME_LIMIT,329578,0,0,10,12
2,8,1.435279e6,-1.0703338811484497,-0.8693272921435614,TIME_LIMIT,329606,0,0,12,5
2,8,1.435446e6,-1.0703338811484497,-0.8693272921435614,TIME_LIMIT,329628,0,0,10,15
2,8,1.435639e6,-1.0703325427397536,-0.8693272921435614,TIME_LIMIT,329659,0,0,18,8
2,8,1.435761e6,-1.0703325427397536,-0.8693272921435614,TIME_LIMIT,329683,0,0,12,18
2,8,1.435847e6,-1.070324161573358,-0.8693272921435614,TIME_LIMIT,329712,0,0,11,5
2,8,1.4359e6,-1.070324161573358,-0.8693272921435614,TIME_LIMIT,329730,0,0,11,7
2,8,1.435927e6,-1.0703211324557105,-0.8693272921435614,TIME_LIMIT,329746,0,0,6,5
2,8,1.436137e6,-1.0703211324557105,-0.8693272921435614,TIME_LIMIT,329765,0,0,23,24
2,8,1.436347e6,-1.070317789739062,-0.8693272921435614,TIME_LIMIT,329798,0,0,17,4
2,8,1.436506e6,-1.070317789739062,-0.8693272921435614,TIME_LIMIT,329827,0,0,25,30
2,8,1.436716e6,-1.0703126531424627,-0.8693272921435614,TIME_LIMIT,329862,0,0,14,8
2,8,1.436775e6,-1.0703126531424627,-0.8693272921435614,TIME_LIMIT,329886,0,0,8,3
2,8,1.436867e6,-1.0703078888792326,-0.8693272921435614,TIME_LIMIT,329905,0,0,12,7
2,8,1.437039e6,-1.0703078888792326,-0.8693272921435614,TIME_LIMIT,329934,0,0,21,17
2,8,1.43725e6,-1.0703072046545499,-0.8693272921435614,TIME_LIMIT,329963,0,0,14,13
2,8,1.437426e6,-1.0703072046545499,-0.8693272921435614,TIME_LIMIT,329987,0,0,10,14
2,8,1.437638e6,-1.0703063493181544,-0.8693272921435614,TIME_LIMIT,330025,0,0,17,11
2,8,1.437692e6,-1.0703063493181544,-0.8693272921435614,TIME_LIMIT,330039,0,0,12,8
2,8,1.437762e6,-1.0703052407050477,-0.8693272921435614,TIME_LIMIT,330065,0,0,12,3
2,8,1.437899e6,-1.0703052407050477,-0.8693272921435614,TIME_LIMIT,330087,0,0,18,11
2,8,1.43803e6,-1.0702938869880692,-0.8693272921435614,TIME_LIMIT,330116,0,0,12,6
2,8,1.438228e6,-1.0702938869880692,-0.8693272921435614,TIME_LIMIT,330141,0,0,27,35
2,8,1.438442e6,-1.0702856425735088,-0.8693272921435614,TIME_LIMIT,330179,0,0,15,16
2,8,1.438527e6,-1.0702856425735088,-0.8693272921435614,TIME_LIMIT,330194,0,0,15,5
2,8,1.438625e6,-1.070283516498413,-0.8693272921435614,TIME_LIMIT,330220,0,0,3,4
2,8,1.43877e6,-1.070283516498413,-0.8693272921435614,TIME_LIMIT,330249,0,0,23,12
2,8,1.438874e6,-1.0702766179631404,-0.8693272921435614,TIME_LIMIT,330270,0,0,11,13
2,8,1.439082e6,-1.0702766179631404,-0.8693272921435614,TIME_LIMIT,330290,0,0,20,28
2,8,1.439294e6,-1.0702637655774683,-0.8693272921435614,TIME_LIMIT,330323,0,0,16,10
2,8,1.439353e6,-1.0702637655774683,-0.8693272921435614,TIME_LIMIT,330340,0,0,10,8
2,8,1.439418e6,-1.0702624174707052,-0.8693272921435614,TIME_LIMIT,330368,0,0,10,7
2,8,1.4395e6,-1.0702624174707052,-0.8693272921435614,TIME_LIMIT,330391,0,0,20,13
2,8,1.439707e6,-1.0702599498935021,-0.8693272921435614,TIME_LIMIT,330424,0,0,12,8
2,8,1.439813e6,-1.0702599498935021,-0.8693272921435614,TIME_LIMIT,330448,0,0,20,14
2,8,1.439872e6,-1.0702586532672376,-0.8693272921435614,TIME_LIMIT,330476,0,0,13,9
2,8,1.439939e6,-1.0702586532672376,-0.8693272921435614,TIME_LIMIT,330489,0,0,10,8
2,8,1.440005e6,-1.070258058832204,-0.8693272921435614,TIME_LIMIT,330515,0,0,9,3
2,8,1.440125e6,-1.070258058832204,-0.8693272921435614,TIME_LIMIT,330541,0,0,8,6
2,8,1.440276e6,-1.0702523260915744,-0.8693272921435614,TIME_LIMIT,330562,0,0,13,6
2,8,1.440345e6,-1.0702523260915744,-0.8693272921435614,TIME_LIMIT,330583,0,0,12,8
2,8,1.440494e6,-1.070222106689036,-0.8693272921435614,TIME_LIMIT,330617,0,0,16,6
2,8,1.440608e6,-1.070222106689036,-0.8693272921435614,TIME_LIMIT,330639,0,0,15,12
2,8,1.440796e6,-1.070221329621814,-0.8693272921435614,TIME_LIMIT,330675,0,0,19,9
2,8,1.440855e6,-1.070221329621814,-0.8693272921435614,TIME_LIMIT,330695,0,0,6,2
2,8,1.440892e6,-1.0702185114061793,-0.8693272921435614,TIME_LIMIT,330711,0,0,7,4
2,8,1.440948e6,-1.0702185114061793,-0.8693272921435614,TIME_LIMIT,330733,0,0,15,6
2,8,1.441059e6,-1.0702135397266326,-0.8693272921435614,TIME_LIMIT,330763,0,0,17,16
2,8,1.44111e6,-1.0702135397266326,-0.8693272921435614,TIME_LIMIT,330775,0,0,8,7
2,8,1.441126e6,-1.0702124700025908,-0.8693272921435614,TIME_LIMIT,330790,0,0,5,1
2,8,1.441322e6,-1.0702124700025908,-0.8693272921435614,TIME_LIMIT,330815,0,0,16,14
2,8,1.441454e6,-1.070201443278737,-0.8693272921435614,TIME_LIMIT,330849,0,0,17,5
2,8,1.441524e6,-1.070201443278737,-0.8693272921435614,TIME_LIMIT,330869,0,0,17,8
2,8,1.441633e6,-1.0701998000773432,-0.8693272921435614,TIME_LIMIT,330903,0,0,17,7
2,8,1.441671e6,-1.0701998000773432,-0.8693272921435614,TIME_LIMIT,330924,0,0,17,6
2,8,1.441707e6,-1.0701918620908701,-0.8693272921435614,TIME_LIMIT,330943,0,0,5,3
2,8,1.441782e6,-1.0701918620908701,-0.8693272921435614,TIME_LIMIT,330959,0,0,10,8
2,8,1.441818e6,-1.0701874326310508,-0.8693272921435614,TIME_LIMIT,330982,0,0,2,3
2,8,1.441869e6,-1.0701874326310508,-0.8693272921435614,TIME_LIMIT,331003,0,0,17,7
2,8,1.441934e6,-1.0701868911689294,-0.8693272921435614,TIME_LIMIT,331022,0,0,9,3
2,8,1.441994e6,-1.0701868911689294,-0.8693272921435614,TIME_LIMIT,331037,0,0,11,5
2,8,1.442069e6,-1.070181979067344,-0.8693272921435614,TIME_LIMIT,331057,0,0,12,2
2,8,1.44213e6,-1.070181979067344,-0.8693272921435614,TIME_LIMIT,331072,0,0,8,5
2,8,1.442174e6,-1.0701782254205976,-0.8693272921435614,TIME_LIMIT,331097,0,0,10,3
2,8,1.442262e6,-1.0701782254205976,-0.8693272921435614,TIME_LIMIT,331116,0,0,13,10
2,8,1.442407e6,-1.0701775886963156,-0.8693272921435614,TIME_LIMIT,331138,0,0,5,1
2,8,1.442444e6,-1.0701775886963156,-0.8693272921435614,TIME_LIMIT,331154,0,0,13,7
2,8,1.442542e6,-1.070158869077582,-0.8693272921435614,TIME_LIMIT,331176,0,0,11,3
2,8,1.442594e6,-1.070158869077582,-0.8693272921435614,TIME_LIMIT,331200,0,0,9,10
2,8,1.44274e6,-1.0701574586672642,-0.8693272921435614,TIME_LIMIT,331230,0,0,10,9
2,8,1.442902e6,-1.0701574586672642,-0.8693272921435614,TIME_LIMIT,331255,0,0,6,11
2,8,1.442957e6,-1.0701435010196556,-0.8693272921435614,TIME_LIMIT,331279,0,0,9,9
2,8,1.443011e6,-1.0701435010196556,-0.8693272921435614,TIME_LIMIT,331300,0,0,7,6
2,8,1.443134e6,-1.0701408708203024,-0.8693272921435614,TIME_LIMIT,331329,0,0,9,7
2,8,1.44326e6,-1.0701408708203024,-0.8693272921435614,TIME_LIMIT,331346,0,0,10,9
2,8,1.443299e6,-1.0701403030783476,-0.8693272921435614,TIME_LIMIT,331364,0,0,7,3
2,8,1.443375e6,-1.0701403030783476,-0.8693272921435614,TIME_LIMIT,331383,0,0,21,9
2,8,1.443538e6,-1.0701320192194146,-0.8693272921435614,TIME_LIMIT,331413,0,0,4,5
2,8,1.443665e6,-1.0701320192194146,-0.8693272921435614,TIME_LIMIT,331434,0,0,7,18
2,8,1.443793e6,-1.0701286527469387,-0.8693272921435614,TIME_LIMIT,331464,0,0,7,9
2,8,1.443855e6,-1.0701286527469387,-0.8693272921435614,TIME_LIMIT,331482,0,0,13,7
2,8,1.443901e6,-1.0701243503648254,-0.8693272921435614,TIME_LIMIT,331503,0,0,7,3
2,8,1.444038e6,-1.0701243503648254,-0.8693272921435614,TIME_LIMIT,331528,0,0,14,19
2,8,1.444249e6,-1.070114293771037,-0.8693272921435614,TIME_LIMIT,331558,0,0,17,5
2,8,1.44446e6,-1.070114293771037,-0.8693272921435614,TIME_LIMIT,331585,0,0,17,13
2,8,1.444673e6,-1.0701086934409219,-0.8693272921435614,TIME_LIMIT,331618,0,0,17,25
2,8,1.444723e6,-1.0701086934409219,-0.8693272921435614,TIME_LIMIT,331635,0,0,12,4
2,8,1.444764e6,-1.070107040608205,-0.8693272921435614,TIME_LIMIT,331653,0,0,6,4
2,8,1.444876e6,-1.070107040608205,-0.8693272921435614,TIME_LIMIT,331670,0,0,15,9
2,8,1.444933e6,-1.0701057382062034,-0.8693272921435614,TIME_LIMIT,331695,0,0,12,2
2,8,1.445139e6,-1.0701057382062034,-0.8693272921435614,TIME_LIMIT,331717,0,0,12,14
2,8,1.445303e6,-1.070105427780226,-0.8693272921435614,TIME_LIMIT,331741,0,0,9,6
2,8,1.445413e6,-1.070105427780226,-0.8693272921435614,TIME_LIMIT,331764,0,0,15,17
2,8,1.445516e6,-1.0700980773420914,-0.8693272921435614,TIME_LIMIT,331794,0,0,7,8
2,8,1.44558e6,-1.0700980773420914,-0.8693272921435614,TIME_LIMIT,331811,0,0,13,16
2,8,1.445673e6,-1.0700963364042515,-0.8693272921435614,TIME_LIMIT,331844,0,0,18,6
2,8,1.445887e6,-1.0700963364042515,-0.8693272921435614,TIME_LIMIT,331858,0,0,15,19
2,8,1.446092e6,-1.0700896329293328,-0.8693272921435614,TIME_LIMIT,331886,0,0,11,7
2,8,1.446183e6,-1.0700896329293328,-0.8693272921435614,TIME_LIMIT,331910,0,0,20,11
2,8,1.446293e6,-1.0700814429870504,-0.8693272921435614,TIME_LIMIT,331941,0,0,11,9
2,8,1.446322e6,-1.0700814429870504,-0.8693272921435614,TIME_LIMIT,331956,0,0,5,5
2,8,1.446349e6,-1.0700753237879326,-0.8693272921435614,TIME_LIMIT,331969,0,0,4,1
2,8,1.446381e6,-1.0700753237879326,-0.8693272921435614,TIME_LIMIT,331983,0,0,5,1
2,8,1.446394e6,-1.0700750253323474,-0.8693272921435614,TIME_LIMIT,331992,0,0,3,2
2,8,1.446448e6,-1.0700750253323474,-0.8693272921435614,TIME_LIMIT,332012,0,0,12,18
2,8,1.446502e6,-1.070073128899144,-0.8693272921435614,TIME_LIMIT,332039,0,0,12,6
2,8,1.44653e6,-1.070073128899144,-0.8693272921435614,TIME_LIMIT,332052,0,0,13,10
2,8,1.44666e6,-1.0700630556259623,-0.8693272921435614,TIME_LIMIT,332081,0,0,14,5
2,8,1.446778e6,-1.0700630556259623,-0.8693272921435614,TIME_LIMIT,332111,0,0,26,12
2,8,1.446943e6,-1.0700619440277053,-0.8693272921435614,TIME_LIMIT,332146,0,0,17,13
2,8,1.447033e6,-1.0700619440277053,-0.8693272921435614,TIME_LIMIT,332164,0,0,17,13
2,8,1.447115e6,-1.0700606279295517,-0.8693272921435614,TIME_LIMIT,332196,0,0,14,5
2,8,1.44722e6,-1.0700606279295517,-0.8693272921435614,TIME_LIMIT,332222,0,0,21,9
2,8,1.447433e6,-1.0700517065085884,-0.8693272921435614,TIME_LIMIT,332247,0,0,18,6
2,8,1.447496e6,-1.0700517065085884,-0.8693272921435614,TIME_LIMIT,332263,0,0,9,7
2,8,1.44769e6,-1.0700508767211212,-0.8693272921435614,TIME_LIMIT,332297,0,0,15,7
2,8,1.447888e6,-1.0700508767211212,-0.8693272921435614,TIME_LIMIT,332320,0,0,23,15
2,8,1.4481e6,-1.0700507357130524,-0.8693272921435614,TIME_LIMIT,332357,0,0,13,8
2,8,1.448162e6,-1.0700507357130524,-0.8693272921435614,TIME_LIMIT,332375,0,0,13,11
2,8,1.448226e6,-1.0700295843321441,-0.8693272921435614,TIME_LIMIT,332403,0,0,7,3
2,8,1.448433e6,-1.0700295843321441,-0.8693272921435614,TIME_LIMIT,332427,0,0,20,20
2,8,1.448593e6,-1.0700183104544156,-0.8693272921435614,TIME_LIMIT,332462,0,0,17,16
2,8,1.448671e6,-1.0700183104544156,-0.8693272921435614,TIME_LIMIT,332481,0,0,15,8
2,8,1.44876e6,-1.0700161131715964,-0.8693272921435614,TIME_LIMIT,332504,0,0,7,7
2,8,1.448969e6,-1.0700161131715964,-0.8693272921435614,TIME_LIMIT,332522,0,0,11,16
2,8,1.449171e6,-1.0700106310412894,-0.8693272921435614,TIME_LIMIT,332554,0,0,13,10
2,8,1.449285e6,-1.0700106310412894,-0.8693272921435614,TIME_LIMIT,332568,0,0,19,16
2,8,1.449498e6,-1.0700008959632328,-0.8693272921435614,TIME_LIMIT,332606,0,0,20,8
2,8,1.449706e6,-1.0700008959632328,-0.8693272921435614,TIME_LIMIT,332631,0,0,15,18
2,8,1.449917e6,-1.0699998627441194,-0.8693272921435614,TIME_LIMIT,332672,0,0,22,8
2,8,1.449982e6,-1.0699998627441194,-0.8693272921435614,TIME_LIMIT,332692,0,0,9,11
2,8,1.450054e6,-1.0699998354762688,-0.8693272921435614,TIME_LIMIT,332716,0,0,8,7
2,8,1.450111e6,-1.0699998354762688,-0.8693272921435614,TIME_LIMIT,332738,0,0,17,8
2,8,1.450219e6,-1.069990503031844,-0.8693272921435614,TIME_LIMIT,332766,0,0,11,6
2,8,1.450376e6,-1.069990503031844,-0.8693272921435614,TIME_LIMIT,332785,0,0,15,15
2,8,1.450583e6,-1.0699872623215017,-0.8693272921435614,TIME_LIMIT,332815,0,0,16,6
2,8,1.450637e6,-1.0699872623215017,-0.8693272921435614,TIME_LIMIT,332833,0,0,17,9
2,8,1.450684e6,-1.0699871231805556,-0.8693272921435614,TIME_LIMIT,332858,0,0,10,3
2,8,1.450759e6,-1.0699871231805556,-0.8693272921435614,TIME_LIMIT,332881,0,0,16,13
2,8,1.450823e6,-1.0699842847190508,-0.8693272921435614,TIME_LIMIT,332908,0,0,15,3
2,8,1.450951e6,-1.0699842847190508,-0.8693272921435614,TIME_LIMIT,332930,0,0,20,21
2,8,1.451159e6,-1.0699837885346442,-0.8693272921435614,TIME_LIMIT,332963,0,0,18,11
2,8,1.451376e6,-1.0699837885346442,-0.8693272921435614,TIME_LIMIT,332989,0,0,19,22
2,8,1.451587e6,-1.0699816299260858,-0.8693272921435614,TIME_LIMIT,333025,0,0,6,3
2,8,1.451686e6,-1.0699816299260858,-0.8693272921435614,TIME_LIMIT,333047,0,0,17,20
2,8,1.451773e6,-1.0699805149704402,-0.8693272921435614,TIME_LIMIT,333075,0,0,12,4
2,8,1.451844e6,-1.0699805149704402,-0.8693272921435614,TIME_LIMIT,333093,0,0,13,12
2,8,1.451909e6,-1.0699794838674155,-0.8693272921435614,TIME_LIMIT,333118,0,0,11,3
2,8,1.45198e6,-1.0699794838674155,-0.8693272921435614,TIME_LIMIT,333135,0,0,15,11
2,8,1.452049e6,-1.0699669052418854,-0.8693272921435614,TIME_LIMIT,333163,0,0,10,4
2,8,1.452128e6,-1.0699669052418854,-0.8693272921435614,TIME_LIMIT,333181,0,0,12,13
2,8,1.452184e6,-1.0699659628427156,-0.8693272921435614,TIME_LIMIT,333208,0,0,11,5
2,8,1.452235e6,-1.0699659628427156,-0.8693272921435614,TIME_LIMIT,333223,0,0,11,9
2,8,1.452279e6,-1.0699580112922658,-0.8693272921435614,TIME_LIMIT,333243,0,0,7,3
2,8,1.452489e6,-1.0699580112922658,-0.8693272921435614,TIME_LIMIT,333261,0,0,18,22
2,8,1.452704e6,-1.069947799346895,-0.8693272921435614,TIME_LIMIT,333294,0,0,10,12
2,8,1.452803e6,-1.069947799346895,-0.8693272921435614,TIME_LIMIT,333317,0,0,13,10
2,8,1.452919e6,-1.0699431443149736,-0.8693272921435614,TIME_LIMIT,333346,0,0,12,5
2,8,1.453129e6,-1.0699431443149736,-0.8693272921435614,TIME_LIMIT,333373,0,0,21,18
2,8,1.45334e6,-1.0699384741094482,-0.8693272921435614,TIME_LIMIT,333394,0,0,16,15
2,8,1.453448e6,-1.0699384741094482,-0.8693272921435614,TIME_LIMIT,333418,0,0,10,12
2,8,1.453586e6,-1.0699354273987014,-0.8693272921435614,TIME_LIMIT,333452,0,0,16,5
2,8,1.453648e6,-1.0699354273987014,-0.8693272921435614,TIME_LIMIT,333474,0,0,16,11
2,8,1.453864e6,-1.069934526035412,-0.8693272921435614,TIME_LIMIT,333498,0,0,9,6
2,8,1.453927e6,-1.069934526035412,-0.8693272921435614,TIME_LIMIT,333515,0,0,11,8
2,8,1.453975e6,-1.0699231914135532,-0.8693272921435614,TIME_LIMIT,333543,0,0,14,7
2,8,1.454081e6,-1.0699231914135532,-0.8693272921435614,TIME_LIMIT,333566,0,0,22,22
2,8,1.454224e6,-1.069923034508008,-0.8693272921435614,TIME_LIMIT,333599,0,0,18,8
2,8,1.454347e6,-1.069923034508008,-0.8693272921435614,TIME_LIMIT,333624,0,0,16,7
2,8,1.454463e6,-1.0699167642546956,-0.8693272921435614,TIME_LIMIT,333646,0,0,14,5
2,8,1.454521e6,-1.0699167642546956,-0.8693272921435614,TIME_LIMIT,333662,0,0,12,8
2,8,1.454629e6,-1.069909081576939,-0.8693272921435614,TIME_LIMIT,333687,0,0,8,8
2,8,1.454714e6,-1.069909081576939,-0.8693272921435614,TIME_LIMIT,333708,0,0,15,16
2,8,1.454913e6,-1.069894086961416,-0.8693272921435614,TIME_LIMIT,333740,0,0,15,11
2,8,1.455123e6,-1.069894086961416,-0.8693272921435614,TIME_LIMIT,333762,0,0,24,12
2,8,1.455227e6,-1.0698914574638767,-0.8693272921435614,TIME_LIMIT,333796,0,0,12,12
2,8,1.455299e6,-1.0698914574638767,-0.8693272921435614,TIME_LIMIT,333823,0,0,22,9
2,8,1.455368e6,-1.0698900780051686,-0.8693272921435614,TIME_LIMIT,333851,0,0,5,8
2,8,1.455411e6,-1.0698900780051686,-0.8693272921435614,TIME_LIMIT,333860,0,0,7,3
2,8,1.455431e6,-1.0698753867314084,-0.8693272921435614,TIME_LIMIT,333875,0,0,7,2
2,8,1.455638e6,-1.0698753867314084,-0.8693272921435614,TIME_LIMIT,333899,0,0,14,18
2,8,1.455765e6,-1.0698720836882991,-0.8693272921435614,TIME_LIMIT,333928,0,0,14,13
2,8,1.455824e6,-1.0698720836882991,-0.8693272921435614,TIME_LIMIT,333950,0,0,17,15
2,8,1.455891e6,-1.0698687551252268,-0.8693272921435614,TIME_LIMIT,333969,0,0,9,8
2,8,1.456065e6,-1.0698687551252268,-0.8693272921435614,TIME_LIMIT,333990,0,0,18,19
2,8,1.456281e6,-1.0698682878245906,-0.8693272921435614,TIME_LIMIT,334022,0,0,14,15
2,8,1.456431e6,-1.0698682878245906,-0.8693272921435614,TIME_LIMIT,334040,0,0,11,10
2,8,1.456489e6,-1.0698578639244611,-0.8693272921435614,TIME_LIMIT,334067,0,0,9,4
2,8,1.456635e6,-1.0698578639244611,-0.8693272921435614,TIME_LIMIT,334088,0,0,21,16
2,8,1.456694e6,-1.0698513202050663,-0.8693272921435614,TIME_LIMIT,334117,0,0,13,7
2,8,1.456734e6,-1.0698513202050663,-0.8693272921435614,TIME_LIMIT,334135,0,0,11,12
2,8,1.456775e6,-1.0698507365468883,-0.8693272921435614,TIME_LIMIT,334153,0,0,4,4
2,8,1.456985e6,-1.0698507365468883,-0.8693272921435614,TIME_LIMIT,334180,0,0,23,12
2,8,1.457134e6,-1.0698505745446658,-0.8693272921435614,TIME_LIMIT,334207,0,0,16,5
2,8,1.45735e6,-1.0698505745446658,-0.8693272921435614,TIME_LIMIT,334233,0,0,16,5
2,8,1.457384e6,-1.069849379225035,-0.8693272921435614,TIME_LIMIT,334249,0,0,9,6
2,8,1.457592e6,-1.069849379225035,-0.8693272921435614,TIME_LIMIT,334276,0,0,20,8
2,8,1.45768e6,-1.0698479789759707,-0.8693272921435614,TIME_LIMIT,334304,0,0,13,4
2,8,1.457858e6,-1.0698479789759707,-0.8693272921435614,TIME_LIMIT,334340,0,0,21,15
2,8,1.458068e6,-1.0698392562168895,-0.8693272921435614,TIME_LIMIT,334361,0,0,16,8
2,8,1.458281e6,-1.0698392562168895,-0.8693272921435614,TIME_LIMIT,334384,0,0,16,23
2,8,1.458497e6,-1.069820029216562,-0.8693272921435614,TIME_LIMIT,334419,0,0,13,11
2,8,1.458705e6,-1.069820029216562,-0.8693272921435614,TIME_LIMIT,334438,0,0,14,10
2,8,1.458779e6,-1.0698142289412016,-0.8693272921435614,TIME_LIMIT,334459,0,0,17,4
2,8,1.458848e6,-1.0698142289412016,-0.8693272921435614,TIME_LIMIT,334474,0,0,4,4
2,8,1.458902e6,-1.0698136242928244,-0.8693272921435614,TIME_LIMIT,334495,0,0,6,5
2,8,1.458954e6,-1.0698136242928244,-0.8693272921435614,TIME_LIMIT,334516,0,0,14,15
2,8,1.45902e6,-1.069811012270789,-0.8693272921435614,TIME_LIMIT,334540,0,0,9,11
2,8,1.459061e6,-1.069811012270789,-0.8693272921435614,TIME_LIMIT,334556,0,0,15,7
2,8,1.459108e6,-1.0698103000626733,-0.8693272921435614,TIME_LIMIT,334584,0,0,11,7
2,8,1.459131e6,-1.0698103000626733,-0.8693272921435614,TIME_LIMIT,334599,0,0,12,8
2,8,1.45922e6,-1.0698094929101165,-0.8693272921435614,TIME_LIMIT,334626,0,0,16,2
2,8,1.459406e6,-1.0698094929101165,-0.8693272921435614,TIME_LIMIT,334645,0,0,13,11
2,8,1.459478e6,-1.0698036157807085,-0.8693272921435614,TIME_LIMIT,334669,0,0,7,10
2,8,1.459571e6,-1.0698036157807085,-0.8693272921435614,TIME_LIMIT,334685,0,0,15,17
2,8,1.459675e6,-1.0698003617137857,-0.8693272921435614,TIME_LIMIT,334717,0,0,13,5
2,8,1.45988e6,-1.0698003617137857,-0.8693272921435614,TIME_LIMIT,334739,0,0,17,42
2,8,1.460093e6,-1.0697971515328641,-0.8693272921435614,TIME_LIMIT,334776,0,0,15,13
2,8,1.460279e6,-1.0697971515328641,-0.8693272921435614,TIME_LIMIT,334808,0,0,18,13
2,8,1.460487e6,-1.0697936833575672,-0.8693272921435614,TIME_LIMIT,334835,0,0,15,14
2,8,1.46062e6,-1.0697936833575672,-0.8693272921435614,TIME_LIMIT,334856,0,0,11,11
2,8,1.460754e6,-1.0697914206728025,-0.8693272921435614,TIME_LIMIT,334890,0,0,16,8
2,8,1.460966e6,-1.0697914206728025,-0.8693272921435614,TIME_LIMIT,334916,0,0,19,16
2,8,1.461175e6,-1.069781354435193,-0.8693272921435614,TIME_LIMIT,334953,0,0,18,13
2,8,1.461267e6,-1.069781354435193,-0.8693272921435614,TIME_LIMIT,334975,0,0,16,4
2,8,1.461406e6,-1.0697787177817824,-0.8693272921435614,TIME_LIMIT,335005,0,0,15,8
2,8,1.461604e6,-1.0697787177817824,-0.8693272921435614,TIME_LIMIT,335033,0,0,19,17
2,8,1.461669e6,-1.06977303366138,-0.8693272921435614,TIME_LIMIT,335061,0,0,21,5
2,8,1.461755e6,-1.06977303366138,-0.8693272921435614,TIME_LIMIT,335085,0,0,16,16
2,8,1.461862e6,-1.0697681778272878,-0.8693272921435614,TIME_LIMIT,335120,0,0,14,4
2,8,1.461962e6,-1.0697681778272878,-0.8693272921435614,TIME_LIMIT,335141,0,0,9,13
2,8,1.462022e6,-1.0697671150334422,-0.8693272921435614,TIME_LIMIT,335161,0,0,7,1
2,8,1.46206e6,-1.0697671150334422,-0.8693272921435614,TIME_LIMIT,335176,0,0,10,2
2,8,1.462097e6,-1.0697667807079698,-0.8693272921435614,TIME_LIMIT,335194,0,0,8,3
2,8,1.462161e6,-1.0697667807079698,-0.8693272921435614,TIME_LIMIT,335214,0,0,11,7
2,8,1.462323e6,-1.0697560883655828,-0.8693272921435614,TIME_LIMIT,335248,0,0,15,8
2,8,1.462529e6,-1.0697560883655828,-0.8693272921435614,TIME_LIMIT,335279,0,0,21,17
2,8,1.462669e6,-1.0697559975154607,-0.8693272921435614,TIME_LIMIT,335309,0,0,16,12
2,8,1.462726e6,-1.0697559975154607,-0.8693272921435614,TIME_LIMIT,335330,0,0,10,8
2,8,1.462781e6,-1.0697457598073243,-0.8693272921435614,TIME_LIMIT,335349,0,0,11,3
2,8,1.462989e6,-1.0697457598073243,-0.8693272921435614,TIME_LIMIT,335371,0,0,19,23
2,8,1.4632e6,-1.0697447584180404,-0.8693272921435614,TIME_LIMIT,335403,0,0,18,4
2,8,1.463338e6,-1.0697447584180404,-0.8693272921435614,TIME_LIMIT,335426,0,0,16,18
2,8,1.463549e6,-1.069741970175179,-0.8693272921435614,TIME_LIMIT,335452,0,0,10,2
2,8,1.46376e6,-1.069741970175179,-0.8693272921435614,TIME_LIMIT,335467,0,0,16,26
2,8,1.463906e6,-1.0697352538406366,-0.8693272921435614,TIME_LIMIT,335503,0,0,15,4
2,8,1.464107e6,-1.0697352538406366,-0.8693272921435614,TIME_LIMIT,335536,0,0,21,20
2,8,1.464316e6,-1.0697226762105532,-0.8693272921435614,TIME_LIMIT,335568,0,0,9,7
2,8,1.464525e6,-1.0697226762105532,-0.8693272921435614,TIME_LIMIT,335595,0,0,9,10
2,8,1.464593e6,-1.0697224905223246,-0.8693272921435614,TIME_LIMIT,335614,0,0,14,13
2,8,1.464802e6,-1.0697224905223246,-0.8693272921435614,TIME_LIMIT,335635,0,0,20,18
2,8,1.464961e6,-1.069718641304135,-0.8693272921435614,TIME_LIMIT,335669,0,0,15,8
2,8,1.465079e6,-1.069718641304135,-0.8693272921435614,TIME_LIMIT,335692,0,0,13,11
2,8,1.465144e6,-1.0697140318260083,-0.8693272921435614,TIME_LIMIT,335717,0,0,3,6
2,8,1.465352e6,-1.0697140318260083,-0.8693272921435614,TIME_LIMIT,335745,0,0,18,15
2,8,1.465535e6,-1.0697058295196666,-0.8693272921435614,TIME_LIMIT,335782,0,0,16,11
2,8,1.465623e6,-1.0697058295196666,-0.8693272921435614,TIME_LIMIT,335805,0,0,16,6
2,8,1.46565e6,-1.069702619117344,-0.8693272921435614,TIME_LIMIT,335821,0,0,8,3
2,8,1.465853e6,-1.069702619117344,-0.8693272921435614,TIME_LIMIT,335844,0,0,19,35
2,8,1.466049e6,-1.06968818180966,-0.8693272921435614,TIME_LIMIT,335883,0,0,20,12
2,8,1.466196e6,-1.06968818180966,-0.8693272921435614,TIME_LIMIT,335912,0,0,15,14
2,8,1.466346e6,-1.069676162100905,-0.8693272921435614,TIME_LIMIT,335940,0,0,15,11
2,8,1.466432e6,-1.069676162100905,-0.8693272921435614,TIME_LIMIT,335959,0,0,10,10
2,8,1.466497e6,-1.0696760794206153,-0.8693272921435614,TIME_LIMIT,335987,0,0,14,13
2,8,1.466679e6,-1.0696760794206153,-0.8693272921435614,TIME_LIMIT,336011,0,0,13,6
2,8,1.466754e6,-1.069674145799833,-0.8693272921435614,TIME_LIMIT,336032,0,0,17,4
2,8,1.466848e6,-1.069674145799833,-0.8693272921435614,TIME_LIMIT,336054,0,0,10,13
2,8,1.466947e6,-1.069667255933921,-0.8693272921435614,TIME_LIMIT,336086,0,0,12,5
2,8,1.467072e6,-1.069667255933921,-0.8693272921435614,TIME_LIMIT,336108,0,0,15,9
2,8,1.46721e6,-1.0696642076486924,-0.8693272921435614,TIME_LIMIT,336144,0,0,17,8
2,8,1.467415e6,-1.0696642076486924,-0.8693272921435614,TIME_LIMIT,336170,0,0,19,17
2,8,1.467592e6,-1.069658873073915,-0.8693272921435614,TIME_LIMIT,336204,0,0,14,8
2,8,1.46763e6,-1.069658873073915,-0.8693272921435614,TIME_LIMIT,336221,0,0,12,12
2,8,1.467662e6,-1.0696521985917014,-0.8693272921435614,TIME_LIMIT,336242,0,0,6,3
2,8,1.467762e6,-1.0696521985917014,-0.8693272921435614,TIME_LIMIT,336264,0,0,17,15
2,8,1.46797e6,-1.0696516598960182,-0.8693272921435614,TIME_LIMIT,336295,0,0,12,7
2,8,1.468179e6,-1.0696516598960182,-0.8693272921435614,TIME_LIMIT,336328,0,0,14,19
2,8,1.468391e6,-1.069649576074188,-0.8693272921435614,TIME_LIMIT,336358,0,0,14,3
2,8,1.468548e6,-1.069649576074188,-0.8693272921435614,TIME_LIMIT,336381,0,0,9,6
2,8,1.468617e6,-1.06962499175824,-0.8693272921435614,TIME_LIMIT,336404,0,0,14,10
2,8,1.468674e6,-1.06962499175824,-0.8693272921435614,TIME_LIMIT,336427,0,0,16,7
2,8,1.468749e6,-1.0696204791955166,-0.8693272921435614,TIME_LIMIT,336452,0,0,13,5
2,8,1.468865e6,-1.0696204791955166,-0.8693272921435614,TIME_LIMIT,336479,0,0,24,8
2,8,1.469045e6,-1.0696150697485778,-0.8693272921435614,TIME_LIMIT,336509,0,0,12,13
2,8,1.469248e6,-1.0696150697485778,-0.8693272921435614,TIME_LIMIT,336530,0,0,14,19
2,8,1.469413e6,-1.0696088094915939,-0.8693272921435614,TIME_LIMIT,336574,0,0,10,12
2,8,1.469476e6,-1.0696088094915939,-0.8693272921435614,TIME_LIMIT,336592,0,0,18,19
2,8,1.469601e6,-1.069606641297631,-0.8693272921435614,TIME_LIMIT,336623,0,0,13,7
2,8,1.469731e6,-1.069606641297631,-0.8693272921435614,TIME_LIMIT,336648,0,0,21,16
2,8,1.469938e6,-1.069599993226473,-0.8693272921435614,TIME_LIMIT,336682,0,0,14,14
2,8,1.47001e6,-1.069599993226473,-0.8693272921435614,TIME_LIMIT,336705,0,0,18,7
2,8,1.470206e6,-1.0695999202059308,-0.8693272921435614,TIME_LIMIT,336734,0,0,10,9
2,8,1.470387e6,-1.0695999202059308,-0.8693272921435614,TIME_LIMIT,336753,0,0,14,24
2,8,1.470593e6,-1.0695733253007078,-0.8693272921435614,TIME_LIMIT,336787,0,0,17,9
2,8,1.470654e6,-1.0695733253007078,-0.8693272921435614,TIME_LIMIT,336810,0,0,14,5
2,8,1.470742e6,-1.0695706404175407,-0.8693272921435614,TIME_LIMIT,336829,0,0,9,6
2,8,1.470954e6,-1.0695706404175407,-0.8693272921435614,TIME_LIMIT,336854,0,0,18,11
2,8,1.471127e6,-1.0695680359237902,-0.8693272921435614,TIME_LIMIT,336872,0,0,14,10
2,8,1.471337e6,-1.0695680359237902,-0.8693272921435614,TIME_LIMIT,336893,0,0,8,12
2,8,1.471401e6,-1.0695646116585462,-0.8693272921435614,TIME_LIMIT,336920,0,0,12,8
2,8,1.471447e6,-1.0695646116585462,-0.8693272921435614,TIME_LIMIT,336942,0,0,12,12
2,8,1.471501e6,-1.0695584605274862,-0.8693272921435614,TIME_LIMIT,336969,0,0,6,8
2,8,1.471596e6,-1.0695584605274862,-0.8693272921435614,TIME_LIMIT,336996,0,0,18,5
2,8,1.471704e6,-1.0695542849693593,-0.8693272921435614,TIME_LIMIT,337011,0,0,11,6
2,8,1.471753e6,-1.0695542849693593,-0.8693272921435614,TIME_LIMIT,337028,0,0,11,7
2,8,1.471822e6,-1.0695536336903761,-0.8693272921435614,TIME_LIMIT,337055,0,0,12,6
2,8,1.471895e6,-1.0695536336903761,-0.8693272921435614,TIME_LIMIT,337078,0,0,22,22
2,8,1.472013e6,-1.0695516683677995,-0.8693272921435614,TIME_LIMIT,337110,0,0,8,6
2,8,1.472071e6,-1.0695516683677995,-0.8693272921435614,TIME_LIMIT,337132,0,0,12,4
2,8,1.472107e6,-1.069549564525689,-0.8693272921435614,TIME_LIMIT,337144,0,0,7,5
2,8,1.472244e6,-1.069549564525689,-0.8693272921435614,TIME_LIMIT,337168,0,0,18,5
2,8,1.472315e6,-1.0695384523043505,-0.8693272921435614,TIME_LIMIT,337190,0,0,9,6
2,8,1.472452e6,-1.0695384523043505,-0.8693272921435614,TIME_LIMIT,337208,0,0,4,8
2,8,1.472658e6,-1.069529814697323,-0.8693272921435614,TIME_LIMIT,337246,0,0,9,8
2,8,1.472776e6,-1.069529814697323,-0.8693272921435614,TIME_LIMIT,337267,0,0,16,14
2,8,1.472898e6,-1.0695283568860665,-0.8693272921435614,TIME_LIMIT,337292,0,0,15,9
2,8,1.472974e6,-1.0695283568860665,-0.8693272921435614,TIME_LIMIT,337310,0,0,13,7
2,8,1.473039e6,-1.0695278236270342,-0.8693272921435614,TIME_LIMIT,337338,0,0,8,5
2,8,1.473253e6,-1.0695278236270342,-0.8693272921435614,TIME_LIMIT,337359,0,0,7,15
2,8,1.473467e6,-1.0695267466822753,-0.8693272921435614,TIME_LIMIT,337400,0,0,18,12
2,8,1.473538e6,-1.0695267466822753,-0.8693272921435614,TIME_LIMIT,337418,0,0,17,12
2,8,1.473593e6,-1.0695193532782614,-0.8693272921435614,TIME_LIMIT,337442,0,0,6,5
2,8,1.473762e6,-1.0695193532782614,-0.8693272921435614,TIME_LIMIT,337467,0,0,21,14
2,8,1.473864e6,-1.0695043583160548,-0.8693272921435614,TIME_LIMIT,337501,0,0,10,8
2,8,1.473998e6,-1.0695043583160548,-0.8693272921435614,TIME_LIMIT,337527,0,0,17,5
2,8,1.474039e6,-1.0695001192891498,-0.8693272921435614,TIME_LIMIT,337549,0,0,8,7
2,8,1.474162e6,-1.0695001192891498,-0.8693272921435614,TIME_LIMIT,337573,0,0,24,8
2,8,1.474223e6,-1.0694731823488812,-0.8693272921435614,TIME_LIMIT,337600,0,0,12,5
2,8,1.474328e6,-1.0694731823488812,-0.8693272921435614,TIME_LIMIT,337620,0,0,18,15
2,8,1.474435e6,-1.069471725934911,-0.8693272921435614,TIME_LIMIT,337649,0,0,8,10
2,8,1.474507e6,-1.069471725934911,-0.8693272921435614,TIME_LIMIT,337669,0,0,23,13
2,8,1.474576e6,-1.069466614178039,-0.8693272921435614,TIME_LIMIT,337702,0,0,17,6
2,8,1.474643e6,-1.069466614178039,-0.8693272921435614,TIME_LIMIT,337719,0,0,10,8
2,8,1.474697e6,-1.0694546952845028,-0.8693272921435614,TIME_LIMIT,337743,0,0,7,4
2,8,1.474789e6,-1.0694546952845028,-0.8693272921435614,TIME_LIMIT,337769,0,0,18,5
2,8,1.474855e6,-1.0694542931913036,-0.8693272921435614,TIME_LIMIT,337784,0,0,11,6
2,8,1.475033e6,-1.0694542931913036,-0.8693272921435614,TIME_LIMIT,337807,0,0,16,11
2,8,1.475103e6,-1.0694519457281202,-0.8693272921435614,TIME_LIMIT,337837,0,0,11,8
2,8,1.475218e6,-1.0694519457281202,-0.8693272921435614,TIME_LIMIT,337863,0,0,15,11
2,8,1.475342e6,-1.069451191804587,-0.8693272921435614,TIME_LIMIT,337885,0,0,9,10
2,8,1.475552e6,-1.069451191804587,-0.8693272921435614,TIME_LIMIT,337912,0,0,20,15
2,8,1.475635e6,-1.0694503810347147,-0.8693272921435614,TIME_LIMIT,337938,0,0,11,8
2,8,1.475797e6,-1.0694503810347147,-0.8693272921435614,TIME_LIMIT,337965,0,0,27,17
2,8,1.475917e6,-1.069440249281595,-0.8693272921435614,TIME_LIMIT,337998,0,0,7,9
2,8,1.476082e6,-1.069440249281595,-0.8693272921435614,TIME_LIMIT,338025,0,0,18,14
2,8,1.476236e6,-1.0694386634548616,-0.8693272921435614,TIME_LIMIT,338058,0,0,9,6
2,8,1.476332e6,-1.0694386634548616,-0.8693272921435614,TIME_LIMIT,338076,0,0,15,11
2,8,1.476438e6,-1.0694355425912507,-0.8693272921435614,TIME_LIMIT,338109,0,0,13,6
2,8,1.476487e6,-1.0694355425912507,-0.8693272921435614,TIME_LIMIT,338126,0,0,15,10
2,8,1.47653e6,-1.0694148881529209,-0.8693272921435614,TIME_LIMIT,338147,0,0,6,5
2,8,1.476593e6,-1.0694148881529209,-0.8693272921435614,TIME_LIMIT,338165,0,0,11,15
2,8,1.476654e6,-1.0694119211920199,-0.8693272921435614,TIME_LIMIT,338189,0,0,9,5
2,8,1.476813e6,-1.0694119211920199,-0.8693272921435614,TIME_LIMIT,338212,0,0,23,12
2,8,1.476917e6,-1.0694083829154748,-0.8693272921435614,TIME_LIMIT,338240,0,0,12,5
2,8,1.476973e6,-1.0694083829154748,-0.8693272921435614,TIME_LIMIT,338259,0,0,14,9
2,8,1.477048e6,-1.0694004041931393,-0.8693272921435614,TIME_LIMIT,338289,0,0,10,13
2,8,1.47717e6,-1.0694004041931393,-0.8693272921435614,TIME_LIMIT,338311,0,0,16,19
2,8,1.477387e6,-1.0693940862883924,-0.8693272921435614,TIME_LIMIT,338346,0,0,11,6
2,8,1.47752e6,-1.0693940862883924,-0.8693272921435614,TIME_LIMIT,338367,0,0,14,19
2,8,1.477559e6,-1.0693837440407712,-0.8693272921435614,TIME_LIMIT,338387,0,0,15,12
2,8,1.477652e6,-1.0693837440407712,-0.8693272921435614,TIME_LIMIT,338406,0,0,9,8
2,8,1.477716e6,-1.069363060165584,-0.8693272921435614,TIME_LIMIT,338427,0,0,7,4
2,8,1.477787e6,-1.069363060165584,-0.8693272921435614,TIME_LIMIT,338446,0,0,15,13
2,8,1.477832e6,-1.0693592132835024,-0.8693272921435614,TIME_LIMIT,338467,0,0,9,10
2,8,1.477884e6,-1.0693592132835024,-0.8693272921435614,TIME_LIMIT,338487,0,0,12,9
2,8,1.477968e6,-1.0693502505523136,-0.8693272921435614,TIME_LIMIT,338512,0,0,7,8
2,8,1.478077e6,-1.0693502505523136,-0.8693272921435614,TIME_LIMIT,338535,0,0,19,8
2,8,1.478192e6,-1.0693464737285445,-0.8693272921435614,TIME_LIMIT,338562,0,0,8,3
2,8,1.478257e6,-1.0693464737285445,-0.8693272921435614,TIME_LIMIT,338581,0,0,13,5
2,8,1.478308e6,-1.0693464482936157,-0.8693272921435614,TIME_LIMIT,338597,0,0,5,0
2,8,1.478354e6,-1.0693464482936157,-0.8693272921435614,TIME_LIMIT,338612,0,0,9,6
2,8,1.478458e6,-1.0693349810114774,-0.8693272921435614,TIME_LIMIT,338634,0,0,8,2
2,8,1.478652e6,-1.0693349810114774,-0.8693272921435614,TIME_LIMIT,338656,0,0,6,14
2,8,1.478778e6,-1.0693301176801988,-0.8693272921435614,TIME_LIMIT,338688,0,0,13,7
2,8,1.478933e6,-1.0693301176801988,-0.8693272921435614,TIME_LIMIT,338711,0,0,19,16
2,8,1.479119e6,-1.0693226487160956,-0.8693272921435614,TIME_LIMIT,338744,0,0,17,8
2,8,1.479238e6,-1.0693226487160956,-0.8693272921435614,TIME_LIMIT,338761,0,0,14,22
2,8,1.479345e6,-1.0693142502247863,-0.8693272921435614,TIME_LIMIT,338799,0,0,12,8
2,8,1.479436e6,-1.0693142502247863,-0.8693272921435614,TIME_LIMIT,338812,0,0,9,8
2,8,1.479476e6,-1.0692956356305023,-0.8693272921435614,TIME_LIMIT,338832,0,0,5,1
2,8,1.479678e6,-1.0692956356305023,-0.8693272921435614,TIME_LIMIT,338869,0,0,25,9
2,8,1.479879e6,-1.0692919301147765,-0.8693272921435614,TIME_LIMIT,338895,0,0,22,6
2,8,1.479937e6,-1.0692919301147765,-0.8693272921435614,TIME_LIMIT,338912,0,0,4,1
2,8,1.479977e6,-1.0692889974478268,-0.8693272921435614,TIME_LIMIT,338927,0,0,4,2
2,8,1.480015e6,-1.0692889974478268,-0.8693272921435614,TIME_LIMIT,338940,0,0,7,6
2,8,1.480046e6,-1.0692850642382727,-0.8693272921435614,TIME_LIMIT,338958,0,0,6,7
2,8,1.480125e6,-1.0692850642382727,-0.8693272921435614,TIME_LIMIT,338981,0,0,15,11
2,8,1.480182e6,-1.069284683391734,-0.8693272921435614,TIME_LIMIT,339009,0,0,12,6
2,8,1.480392e6,-1.069284683391734,-0.8693272921435614,TIME_LIMIT,339032,0,0,20,20
2,8,1.480606e6,-1.0692766027583496,-0.8693272921435614,TIME_LIMIT,339061,0,0,15,5
2,8,1.480807e6,-1.0692766027583496,-0.8693272921435614,TIME_LIMIT,339084,0,0,15,5
2,8,1.480935e6,-1.0692754788646996,-0.8693272921435614,TIME_LIMIT,339104,0,0,14,4
2,8,1.481148e6,-1.0692754788646996,-0.8693272921435614,TIME_LIMIT,339125,0,0,15,23
2,8,1.48136e6,-1.069270286659469,-0.8693272921435614,TIME_LIMIT,339158,0,0,10,10
2,8,1.481393e6,-1.069270286659469,-0.8693272921435614,TIME_LIMIT,339172,0,0,15,4
2,8,1.481438e6,-1.0692634511231929,-0.8693272921435614,TIME_LIMIT,339191,0,0,9,3
2,8,1.481583e6,-1.0692634511231929,-0.8693272921435614,TIME_LIMIT,339213,0,0,11,8
2,8,1.481627e6,-1.0692372171564228,-0.8693272921435614,TIME_LIMIT,339233,0,0,9,4
2,8,1.481807e6,-1.0692372171564228,-0.8693272921435614,TIME_LIMIT,339258,0,0,7,10
2,8,1.481925e6,-1.0692355521507912,-0.8693272921435614,TIME_LIMIT,339284,0,0,13,8
2,8,1.482035e6,-1.0692355521507912,-0.8693272921435614,TIME_LIMIT,339303,0,0,7,6
2,8,1.482246e6,-1.0692354062143976,-0.8693272921435614,TIME_LIMIT,339330,0,0,13,5
2,8,1.482457e6,-1.0692354062143976,-0.8693272921435614,TIME_LIMIT,339353,0,0,12,15
2,8,1.482674e6,-1.0692346196407934,-0.8693272921435614,TIME_LIMIT,339389,0,0,19,7
2,8,1.482831e6,-1.0692346196407934,-0.8693272921435614,TIME_LIMIT,339414,0,0,24,18
2,8,1.482994e6,-1.0692332442411183,-0.8693272921435614,TIME_LIMIT,339449,0,0,11,8
2,8,1.483052e6,-1.0692332442411183,-0.8693272921435614,TIME_LIMIT,339469,0,0,18,7
2,8,1.483114e6,-1.0692131124133997,-0.8693272921435614,TIME_LIMIT,339495,0,0,15,2
2,8,1.483324e6,-1.0692131124133997,-0.8693272921435614,TIME_LIMIT,339512,0,0,19,18
2,8,1.483535e6,-1.06920882909893,-0.8693272921435614,TIME_LIMIT,339546,0,0,16,9
2,8,1.4836e6,-1.06920882909893,-0.8693272921435614,TIME_LIMIT,339561,0,0,10,12
2,8,1.483662e6,-1.0692024374288693,-0.8693272921435614,TIME_LIMIT,339582,0,0,8,2
2,8,1.483731e6,-1.0692024374288693,-0.8693272921435614,TIME_LIMIT,339608,0,0,15,16
2,8,1.483784e6,-1.0691985230625312,-0.8693272921435614,TIME_LIMIT,339624,0,0,12,7
2,8,1.483823e6,-1.0691985230625312,-0.8693272921435614,TIME_LIMIT,339642,0,0,9,2
2,8,1.483842e6,-1.069191073639933,-0.8693272921435614,TIME_LIMIT,339652,0,0,5,6
2,8,1.48394e6,-1.069191073639933,-0.8693272921435614,TIME_LIMIT,339671,0,0,14,9
2,8,1.483988e6,-1.0691828418048972,-0.8693272921435614,TIME_LIMIT,339691,0,0,13,10
2,8,1.484035e6,-1.0691828418048972,-0.8693272921435614,TIME_LIMIT,339709,0,0,13,6
2,8,1.484074e6,-1.0691682902580244,-0.8693272921435614,TIME_LIMIT,339724,0,0,5,4
2,8,1.484144e6,-1.0691682902580244,-0.8693272921435614,TIME_LIMIT,339747,0,0,17,9
2,8,1.484258e6,-1.069165696831507,-0.8693272921435614,TIME_LIMIT,339776,0,0,12,12
2,8,1.484398e6,-1.069165696831507,-0.8693272921435614,TIME_LIMIT,339803,0,0,19,16
2,8,1.484455e6,-1.069164989104195,-0.8693272921435614,TIME_LIMIT,339826,0,0,5,5
2,8,1.484531e6,-1.069164989104195,-0.8693272921435614,TIME_LIMIT,339856,0,0,13,26
2,8,1.484574e6,-1.069159182088313,-0.8693272921435614,TIME_LIMIT,339877,0,0,4,3
2,8,1.484692e6,-1.069159182088313,-0.8693272921435614,TIME_LIMIT,339900,0,0,24,12
2,8,1.484813e6,-1.069139383926437,-0.8693272921435614,TIME_LIMIT,339931,0,0,13,5
2,8,1.48485e6,-1.069139383926437,-0.8693272921435614,TIME_LIMIT,339948,0,0,10,12
2,8,1.484894e6,-1.0691306335403743,-0.8693272921435614,TIME_LIMIT,339973,0,0,7,4
2,8,1.485044e6,-1.0691306335403743,-0.8693272921435614,TIME_LIMIT,339992,0,0,13,13
2,8,1.485147e6,-1.0691275691247586,-0.8693272921435614,TIME_LIMIT,340025,0,0,15,6
2,8,1.485207e6,-1.0691275691247586,-0.8693272921435614,TIME_LIMIT,340042,0,0,16,13
2,8,1.485321e6,-1.069124292486514,-0.8693272921435614,TIME_LIMIT,340071,0,0,11,9
2,8,1.485383e6,-1.069124292486514,-0.8693272921435614,TIME_LIMIT,340097,0,0,17,3
2,8,1.485478e6,-1.0691192575188726,-0.8693272921435614,TIME_LIMIT,340110,0,0,10,4
2,8,1.485576e6,-1.0691192575188726,-0.8693272921435614,TIME_LIMIT,340126,0,0,13,11
2,8,1.485641e6,-1.0691125478095431,-0.8693272921435614,TIME_LIMIT,340156,0,0,10,3
2,8,1.485742e6,-1.0691125478095431,-0.8693272921435614,TIME_LIMIT,340177,0,0,12,16
2,8,1.485878e6,-1.0691095162467898,-0.8693272921435614,TIME_LIMIT,340209,0,0,18,7
2,8,1.486032e6,-1.0691095162467898,-0.8693272921435614,TIME_LIMIT,340232,0,0,15,23
2,8,1.486118e6,-1.069108987581857,-0.8693272921435614,TIME_LIMIT,340261,0,0,12,8
2,8,1.486205e6,-1.069108987581857,-0.8693272921435614,TIME_LIMIT,340282,0,0,19,22
2,8,1.486365e6,-1.0691002243455165,-0.8693272921435614,TIME_LIMIT,340324,0,0,18,9
2,8,1.486559e6,-1.0691002243455165,-0.8693272921435614,TIME_LIMIT,340346,0,0,17,10
2,8,1.486706e6,-1.0690994017827253,-0.8693272921435614,TIME_LIMIT,340380,0,0,10,9
2,8,1.486777e6,-1.0690994017827253,-0.8693272921435614,TIME_LIMIT,340399,0,0,8,5
2,8,1.486821e6,-1.069098410196196,-0.8693272921435614,TIME_LIMIT,340416,0,0,7,4
2,8,1.486918e6,-1.069098410196196,-0.8693272921435614,TIME_LIMIT,340436,0,0,13,6
2,8,1.486949e6,-1.0690948562480291,-0.8693272921435614,TIME_LIMIT,340455,0,0,10,4
2,8,1.487009e6,-1.0690948562480291,-0.8693272921435614,TIME_LIMIT,340470,0,0,10,7
2,8,1.487053e6,-1.069088960393747,-0.8693272921435614,TIME_LIMIT,340491,0,0,10,3
2,8,1.487098e6,-1.069088960393747,-0.8693272921435614,TIME_LIMIT,340510,0,0,12,13
2,8,1.487154e6,-1.0690879983649535,-0.8693272921435614,TIME_LIMIT,340533,0,0,8,7
2,8,1.487264e6,-1.0690879983649535,-0.8693272921435614,TIME_LIMIT,340559,0,0,23,8
2,8,1.487332e6,-1.0690868261882527,-0.8693272921435614,TIME_LIMIT,340584,0,0,11,6
2,8,1.487405e6,-1.0690868261882527,-0.8693272921435614,TIME_LIMIT,340605,0,0,15,12
2,8,1.487617e6,-1.0690819380893235,-0.8693272921435614,TIME_LIMIT,340635,0,0,13,6
2,8,1.48777e6,-1.0690819380893235,-0.8693272921435614,TIME_LIMIT,340660,0,0,22,17
2,8,1.48794e6,-1.0690771554861391,-0.8693272921435614,TIME_LIMIT,340690,0,0,14,5
2,8,1.488087e6,-1.0690771554861391,-0.8693272921435614,TIME_LIMIT,340712,0,0,13,9
2,8,1.488257e6,-1.0690737827063552,-0.8693272921435614,TIME_LIMIT,340736,0,0,13,6
2,8,1.488335e6,-1.0690737827063552,-0.8693272921435614,TIME_LIMIT,340755,0,0,9,10
2,8,1.488401e6,-1.0690709679669919,-0.8693272921435614,TIME_LIMIT,340778,0,0,9,4
2,8,1.488557e6,-1.0690709679669919,-0.8693272921435614,TIME_LIMIT,340803,0,0,17,18
2,8,1.488686e6,-1.0690642336619836,-0.8693272921435614,TIME_LIMIT,340836,0,0,16,13
2,8,1.488897e6,-1.0690642336619836,-0.8693272921435614,TIME_LIMIT,340859,0,0,18,12
2,8,1.489092e6,-1.0690390060519508,-0.8693272921435614,TIME_LIMIT,340895,0,0,19,6
2,8,1.489216e6,-1.0690390060519508,-0.8693272921435614,TIME_LIMIT,340918,0,0,18,15
2,8,1.489426e6,-1.069036655541637,-0.8693272921435614,TIME_LIMIT,340950,0,0,13,13
2,8,1.489637e6,-1.069036655541637,-0.8693272921435614,TIME_LIMIT,340970,0,0,17,27
2,8,1.489785e6,-1.0690336956510529,-0.8693272921435614,TIME_LIMIT,341015,0,0,17,13
2,8,1.489993e6,-1.0690336956510529,-0.8693272921435614,TIME_LIMIT,341037,0,0,19,16
2,8,1.490155e6,-1.0690296101875854,-0.8693272921435614,TIME_LIMIT,341075,0,0,13,12
2,8,1.490364e6,-1.0690296101875854,-0.8693272921435614,TIME_LIMIT,341096,0,0,17,15
2,8,1.490425e6,-1.069025085350663,-0.8693272921435614,TIME_LIMIT,341123,0,0,14,6
2,8,1.490559e6,-1.069025085350663,-0.8693272921435614,TIME_LIMIT,341147,0,0,18,37
2,8,1.490768e6,-1.069018366255496,-0.8693272921435614,TIME_LIMIT,341187,0,0,16,19
2,8,1.490834e6,-1.069018366255496,-0.8693272921435614,TIME_LIMIT,341206,0,0,13,11
2,8,1.491026e6,-1.0690180608019033,-0.8693272921435614,TIME_LIMIT,341239,0,0,13,4
2,8,1.491129e6,-1.0690180608019033,-0.8693272921435614,TIME_LIMIT,341263,0,0,17,18
2,8,1.491335e6,-1.0690097775813139,-0.8693272921435614,TIME_LIMIT,341290,0,0,9,4
2,8,1.491468e6,-1.0690097775813139,-0.8693272921435614,TIME_LIMIT,341315,0,0,22,11
2,8,1.491589e6,-1.0690012070917922,-0.8693272921435614,TIME_LIMIT,341348,0,0,8,5
2,8,1.491755e6,-1.0690012070917922,-0.8693272921435614,TIME_LIMIT,341374,0,0,16,21
2,8,1.491934e6,-1.068997439429587,-0.8693272921435614,TIME_LIMIT,341406,0,0,16,8
2,8,1.492061e6,-1.068997439429587,-0.8693272921435614,TIME_LIMIT,341425,0,0,14,12
2,8,1.492114e6,-1.0689968845086788,-0.8693272921435614,TIME_LIMIT,341446,0,0,8,6
2,8,1.492309e6,-1.0689968845086788,-0.8693272921435614,TIME_LIMIT,341468,0,0,24,8
2,8,1.492514e6,-1.0689959744929032,-0.8693272921435614,TIME_LIMIT,341501,0,0,11,10
2,8,1.492716e6,-1.0689959744929032,-0.8693272921435614,TIME_LIMIT,341518,0,0,16,16
2,8,1.492819e6,-1.0689957091075681,-0.8693272921435614,TIME_LIMIT,341550,0,0,12,7
2,8,1.492976e6,-1.0689957091075681,-0.8693272921435614,TIME_LIMIT,341571,0,0,20,12
2,8,1.49318e6,-1.0689914722806533,-0.8693272921435614,TIME_LIMIT,341603,0,0,14,12
2,8,1.493383e6,-1.0689914722806533,-0.8693272921435614,TIME_LIMIT,341624,0,0,21,22
2,8,1.493596e6,-1.0689898926249195,-0.8693272921435614,TIME_LIMIT,341668,0,0,20,16
2,8,1.493804e6,-1.0689898926249195,-0.8693272921435614,TIME_LIMIT,341700,0,0,16,32
2,8,1.494012e6,-1.06896310079616,-0.8693272921435614,TIME_LIMIT,341735,0,0,12,12
2,8,1.494122e6,-1.06896310079616,-0.8693272921435614,TIME_LIMIT,341753,0,0,16,9
2,8,1.494184e6,-1.0689467818899807,-0.8693272921435614,TIME_LIMIT,341781,0,0,14,6
2,8,1.494391e6,-1.0689467818899807,-0.8693272921435614,TIME_LIMIT,341801,0,0,19,26
2,8,1.494599e6,-1.0689368125755563,-0.8693272921435614,TIME_LIMIT,341831,0,0,15,9
2,8,1.494758e6,-1.0689368125755563,-0.8693272921435614,TIME_LIMIT,341857,0,0,18,14
2,8,1.494846e6,-1.068936681450363,-0.8693272921435614,TIME_LIMIT,341880,0,0,16,5
2,8,1.495048e6,-1.068936681450363,-0.8693272921435614,TIME_LIMIT,341904,0,0,18,11
2,8,1.495201e6,-1.0689356552176994,-0.8693272921435614,TIME_LIMIT,341938,0,0,21,8
2,8,1.4953e6,-1.0689356552176994,-0.8693272921435614,TIME_LIMIT,341959,0,0,10,12
2,8,1.495392e6,-1.068926671754173,-0.8693272921435614,TIME_LIMIT,341990,0,0,8,5
2,8,1.495456e6,-1.068926671754173,-0.8693272921435614,TIME_LIMIT,342005,0,0,4,5
2,8,1.49548e6,-1.0689193954980887,-0.8693272921435614,TIME_LIMIT,342018,0,0,3,1
2,8,1.495608e6,-1.0689193954980887,-0.8693272921435614,TIME_LIMIT,342034,0,0,12,10
2,8,1.495661e6,-1.0689189141341222,-0.8693272921435614,TIME_LIMIT,342055,0,0,9,3
2,8,1.495734e6,-1.0689189141341222,-0.8693272921435614,TIME_LIMIT,342085,0,0,20,5
2,8,1.495787e6,-1.0689099654696361,-0.8693272921435614,TIME_LIMIT,342105,0,0,12,8
2,8,1.495924e6,-1.0689099654696361,-0.8693272921435614,TIME_LIMIT,342126,0,0,22,15
2,8,1.496051e6,-1.0689092626971592,-0.8693272921435614,TIME_LIMIT,342163,0,0,18,11
2,8,1.496229e6,-1.0689092626971592,-0.8693272921435614,TIME_LIMIT,342191,0,0,12,11
2,8,1.496324e6,-1.06889327350715,-0.8693272921435614,TIME_LIMIT,342220,0,0,12,3
2,8,1.496471e6,-1.06889327350715,-0.8693272921435614,TIME_LIMIT,342242,0,0,16,27
2,8,1.49663e6,-1.068885483335071,-0.8693272921435614,TIME_LIMIT,342279,0,0,16,10
2,8,1.496841e6,-1.068885483335071,-0.8693272921435614,TIME_LIMIT,342308,0,0,21,16
2,8,1.49705e6,-1.0688836965369382,-0.8693272921435614,TIME_LIMIT,342338,0,0,11,13
2,8,1.49719e6,-1.0688836965369382,-0.8693272921435614,TIME_LIMIT,342365,0,0,16,10
2,8,1.497327e6,-1.0688748745062826,-0.8693272921435614,TIME_LIMIT,342388,0,0,16,13
2,8,1.497392e6,-1.0688748745062826,-0.8693272921435614,TIME_LIMIT,342410,0,0,16,8
2,8,1.497443e6,-1.0688696663905435,-0.8693272921435614,TIME_LIMIT,342432,0,0,8,2
2,8,1.497629e6,-1.0688696663905435,-0.8693272921435614,TIME_LIMIT,342454,0,0,16,8
2,8,1.497828e6,-1.0688438073692537,-0.8693272921435614,TIME_LIMIT,342468,0,0,12,7
2,8,1.498e6,-1.0688438073692537,-0.8693272921435614,TIME_LIMIT,342491,0,0,19,9
2,8,1.498208e6,-1.0688383937023502,-0.8693272921435614,TIME_LIMIT,342522,0,0,13,4
2,8,1.498398e6,-1.0688383937023502,-0.8693272921435614,TIME_LIMIT,342545,0,0,21,23
2,8,1.498605e6,-1.068836460100156,-0.8693272921435614,TIME_LIMIT,342576,0,0,18,10
2,8,1.498812e6,-1.068836460100156,-0.8693272921435614,TIME_LIMIT,342598,0,0,12,11
2,8,1.499009e6,-1.0688333000322063,-0.8693272921435614,TIME_LIMIT,342621,0,0,17,7
2,8,1.499113e6,-1.0688333000322063,-0.8693272921435614,TIME_LIMIT,342641,0,0,10,17
2,8,1.499203e6,-1.0688294252104815,-0.8693272921435614,TIME_LIMIT,342668,0,0,14,4
2,8,1.499335e6,-1.0688294252104815,-0.8693272921435614,TIME_LIMIT,342690,0,0,18,9
2,8,1.499503e6,-1.0688282608090578,-0.8693272921435614,TIME_LIMIT,342721,0,0,11,11
2,8,1.499594e6,-1.0688282608090578,-0.8693272921435614,TIME_LIMIT,342743,0,0,13,11
2,8,1.499691e6,-1.0688149260949829,-0.8693272921435614,TIME_LIMIT,342774,0,0,9,6
2,8,1.499747e6,-1.0688149260949829,-0.8693272921435614,TIME_LIMIT,342797,0,0,9,10
2,8,1.499797e6,-1.0688018594089925,-0.8693272921435614,TIME_LIMIT,342825,0,0,11,6
2,8,1.49989e6,-1.0688018594089925,-0.8693272921435614,TIME_LIMIT,342846,0,0,18,7
2,8,1.500013e6,-1.06879762179876,-0.8693272921435614,TIME_LIMIT,342875,0,0,14,8
2,8,1.500177e6,-1.06879762179876,-0.8693272921435614,TIME_LIMIT,342897,0,0,15,21
2,8,1.500374e6,-1.0687955614408056,-0.8693272921435614,TIME_LIMIT,342930,0,0,17,10
2,8,1.500577e6,-1.0687955614408056,-0.8693272921435614,TIME_LIMIT,342950,0,0,15,26
2,8,1.50067e6,-1.0687935334179497,-0.8693272921435614,TIME_LIMIT,342978,0,0,13,9
2,8,1.500873e6,-1.0687935334179497,-0.8693272921435614,TIME_LIMIT,343001,0,0,19,9
2,8,1.500966e6,-1.0687722305757874,-0.8693272921435614,TIME_LIMIT,343032,0,0,14,4
2,8,1.501168e6,-1.0687722305757874,-0.8693272921435614,TIME_LIMIT,343056,0,0,21,16
2,8,1.50124e6,-1.0687685876511042,-0.8693272921435614,TIME_LIMIT,343079,0,0,5,0
2,8,1.501337e6,-1.0687685876511042,-0.8693272921435614,TIME_LIMIT,343106,0,0,13,13
2,8,1.501546e6,-1.0687666046883182,-0.8693272921435614,TIME_LIMIT,343135,0,0,13,18
2,8,1.501661e6,-1.0687666046883182,-0.8693272921435614,TIME_LIMIT,343160,0,0,14,18
2,8,1.501714e6,-1.0687623958418375,-0.8693272921435614,TIME_LIMIT,343180,0,0,7,7
2,8,1.501774e6,-1.0687623958418375,-0.8693272921435614,TIME_LIMIT,343198,0,0,11,7
2,8,1.50181e6,-1.0687602829843155,-0.8693272921435614,TIME_LIMIT,343218,0,0,8,4
2,8,1.502002e6,-1.0687602829843155,-0.8693272921435614,TIME_LIMIT,343240,0,0,12,10
2,8,1.502204e6,-1.0687520009208111,-0.8693272921435614,TIME_LIMIT,343270,0,0,17,8
2,8,1.502298e6,-1.0687520009208111,-0.8693272921435614,TIME_LIMIT,343291,0,0,17,16
2,8,1.502377e6,-1.0687468940853995,-0.8693272921435614,TIME_LIMIT,343323,0,0,16,5
2,8,1.502482e6,-1.0687468940853995,-0.8693272921435614,TIME_LIMIT,343340,0,0,14,4
2,8,1.502542e6,-1.068745461001276,-0.8693272921435614,TIME_LIMIT,343366,0,0,12,6
2,8,1.502683e6,-1.068745461001276,-0.8693272921435614,TIME_LIMIT,343389,0,0,11,20
2,8,1.502795e6,-1.068739593726265,-0.8693272921435614,TIME_LIMIT,343418,0,0,13,16
2,8,1.502999e6,-1.068739593726265,-0.8693272921435614,TIME_LIMIT,343446,0,0,15,24
2,8,1.503203e6,-1.068736766949987,-0.8693272921435614,TIME_LIMIT,343470,0,0,20,7
2,8,1.503305e6,-1.068736766949987,-0.8693272921435614,TIME_LIMIT,343494,0,0,18,11
2,8,1.503369e6,-1.0687338562310553,-0.8693272921435614,TIME_LIMIT,343520,0,0,12,7
2,8,1.503458e6,-1.0687338562310553,-0.8693272921435614,TIME_LIMIT,343542,0,0,13,14
2,8,1.503494e6,-1.0687281495729537,-0.8693272921435614,TIME_LIMIT,343561,0,0,9,7
2,8,1.503581e6,-1.0687281495729537,-0.8693272921435614,TIME_LIMIT,343578,0,0,17,9
2,8,1.503659e6,-1.0687197561522601,-0.8693272921435614,TIME_LIMIT,343607,0,0,12,7
2,8,1.503861e6,-1.0687197561522601,-0.8693272921435614,TIME_LIMIT,343631,0,0,15,27
2,8,1.503965e6,-1.0687194391503168,-0.8693272921435614,TIME_LIMIT,343661,0,0,16,11
2,8,1.504047e6,-1.0687194391503168,-0.8693272921435614,TIME_LIMIT,343685,0,0,17,13
2,8,1.504138e6,-1.0687179962472437,-0.8693272921435614,TIME_LIMIT,343714,0,0,11,5
2,8,1.504198e6,-1.0687179962472437,-0.8693272921435614,TIME_LIMIT,343734,0,0,13,12
2,8,1.504239e6,-1.0687177651971282,-0.8693272921435614,TIME_LIMIT,343758,0,0,6,4
2,8,1.504438e6,-1.0687177651971282,-0.8693272921435614,TIME_LIMIT,343785,0,0,25,16
2,8,1.504561e6,-1.0687161248049526,-0.8693272921435614,TIME_LIMIT,343821,0,0,19,7
2,8,1.504629e6,-1.0687161248049526,-0.8693272921435614,TIME_LIMIT,343834,0,0,12,8
2,8,1.504715e6,-1.0686956485582448,-0.8693272921435614,TIME_LIMIT,343859,0,0,5,3
2,8,1.504774e6,-1.0686956485582448,-0.8693272921435614,TIME_LIMIT,343879,0,0,15,10
2,8,1.504843e6,-1.068691902296423,-0.8693272921435614,TIME_LIMIT,343907,0,0,14,9
2,8,1.504939e6,-1.068691902296423,-0.8693272921435614,TIME_LIMIT,343933,0,0,17,21
2,8,1.505054e6,-1.068691351922193,-0.8693272921435614,TIME_LIMIT,343958,0,0,16,9
2,8,1.505181e6,-1.068691351922193,-0.8693272921435614,TIME_LIMIT,343981,0,0,17,13
2,8,1.505274e6,-1.0686908150117902,-0.8693272921435614,TIME_LIMIT,344014,0,0,15,6
2,8,1.505394e6,-1.0686908150117902,-0.8693272921435614,TIME_LIMIT,344034,0,0,17,13
2,8,1.505509e6,-1.068686656097396,-0.8693272921435614,TIME_LIMIT,344058,0,0,9,6
2,8,1.505629e6,-1.068686656097396,-0.8693272921435614,TIME_LIMIT,344082,0,0,17,14
2,8,1.505792e6,-1.0686859703816365,-0.8693272921435614,TIME_LIMIT,344113,0,0,10,6
2,8,1.505996e6,-1.0686859703816365,-0.8693272921435614,TIME_LIMIT,344138,0,0,18,21
2,8,1.506204e6,-1.0686851555611083,-0.8693272921435614,TIME_LIMIT,344168,0,0,13,9
2,8,1.506389e6,-1.0686851555611083,-0.8693272921435614,TIME_LIMIT,344192,0,0,15,15
2,8,1.506506e6,-1.0686796890367374,-0.8693272921435614,TIME_LIMIT,344218,0,0,13,4
2,8,1.506562e6,-1.0686796890367374,-0.8693272921435614,TIME_LIMIT,344239,0,0,18,12
2,8,1.50666e6,-1.068671592888312,-0.8693272921435614,TIME_LIMIT,344273,0,0,8,9
2,8,1.506823e6,-1.068671592888312,-0.8693272921435614,TIME_LIMIT,344296,0,0,12,7
2,8,1.506884e6,-1.0686691225843192,-0.8693272921435614,TIME_LIMIT,344320,0,0,6,6
2,8,1.506976e6,-1.0686691225843192,-0.8693272921435614,TIME_LIMIT,344337,0,0,11,6
2,8,1.507e6,-1.06865666502572,-0.8693272921435614,TIME_LIMIT,344354,0,0,7,1
2,8,1.507013e6,-1.06865666502572,-0.8693272921435614,TIME_LIMIT,344365,0,0,4,1
2,8,1.507034e6,-1.068656130058188,-0.8693272921435614,TIME_LIMIT,344373,0,0,2,1
2,8,1.50722e6,-1.068656130058188,-0.8693272921435614,TIME_LIMIT,344398,0,0,17,9
2,8,1.507287e6,-1.0686554796734038,-0.8693272921435614,TIME_LIMIT,344421,0,0,14,13
2,8,1.507412e6,-1.0686554796734038,-0.8693272921435614,TIME_LIMIT,344443,0,0,13,5
2,8,1.507453e6,-1.0686544035253933,-0.8693272921435614,TIME_LIMIT,344464,0,0,6,6
2,8,1.507571e6,-1.0686544035253933,-0.8693272921435614,TIME_LIMIT,344483,0,0,15,13
2,8,1.507645e6,-1.0686483648544223,-0.8693272921435614,TIME_LIMIT,344508,0,0,2,2
2,8,1.507689e6,-1.0686483648544223,-0.8693272921435614,TIME_LIMIT,344530,0,0,14,13
2,8,1.507758e6,-1.0686477489375465,-0.8693272921435614,TIME_LIMIT,344555,0,0,11,11
2,8,1.507857e6,-1.0686477489375465,-0.8693272921435614,TIME_LIMIT,344574,0,0,13,6
2,8,1.507944e6,-1.0686411245163625,-0.8693272921435614,TIME_LIMIT,344602,0,0,12,5
2,8,1.50798e6,-1.0686411245163625,-0.8693272921435614,TIME_LIMIT,344610,0,0,5,15
2,8,1.508057e6,-1.068638471722538,-0.8693272921435614,TIME_LIMIT,344633,0,0,6,5
2,8,1.508112e6,-1.068638471722538,-0.8693272921435614,TIME_LIMIT,344652,0,0,10,15
2,8,1.508193e6,-1.0686383961253156,-0.8693272921435614,TIME_LIMIT,344676,0,0,5,4
2,8,1.508305e6,-1.0686383961253156,-0.8693272921435614,TIME_LIMIT,344696,0,0,12,14
2,8,1.508377e6,-1.068629386328721,-0.8693272921435614,TIME_LIMIT,344717,0,0,9,8
2,8,1.508531e6,-1.068629386328721,-0.8693272921435614,TIME_LIMIT,344745,0,0,17,8
2,8,1.508739e6,-1.068627297814853,-0.8693272921435614,TIME_LIMIT,344767,0,0,17,8
2,8,1.508943e6,-1.068627297814853,-0.8693272921435614,TIME_LIMIT,344791,0,0,18,14
2,8,1.509087e6,-1.0686212339612622,-0.8693272921435614,TIME_LIMIT,344814,0,0,16,7
2,8,1.509166e6,-1.0686212339612622,-0.8693272921435614,TIME_LIMIT,344838,0,0,17,5
2,8,1.509292e6,-1.0686204279192,-0.8693272921435614,TIME_LIMIT,344872,0,0,12,8
2,8,1.509467e6,-1.0686204279192,-0.8693272921435614,TIME_LIMIT,344892,0,0,14,12
2,8,1.509532e6,-1.0686113915557733,-0.8693272921435614,TIME_LIMIT,344924,0,0,10,6
2,8,1.509735e6,-1.0686113915557733,-0.8693272921435614,TIME_LIMIT,344942,0,0,18,21
2,8,1.509942e6,-1.0686110446645556,-0.8693272921435614,TIME_LIMIT,344982,0,0,13,5
2,8,1.510135e6,-1.0686110446645556,-0.8693272921435614,TIME_LIMIT,345007,0,0,22,10
2,8,1.510258e6,-1.0686085956648443,-0.8693272921435614,TIME_LIMIT,345038,0,0,12,4
2,8,1.510466e6,-1.0686085956648443,-0.8693272921435614,TIME_LIMIT,345062,0,0,22,22
2,8,1.510673e6,-1.0686079676945643,-0.8693272921435614,TIME_LIMIT,345097,0,0,14,9
2,8,1.51088e6,-1.0686079676945643,-0.8693272921435614,TIME_LIMIT,345121,0,0,23,20
2,8,1.511009e6,-1.0686048282780307,-0.8693272921435614,TIME_LIMIT,345153,0,0,9,12
2,8,1.511217e6,-1.0686048282780307,-0.8693272921435614,TIME_LIMIT,345178,0,0,16,20
2,8,1.511388e6,-1.0685940299110237,-0.8693272921435614,TIME_LIMIT,345209,0,0,16,6
2,8,1.511465e6,-1.0685940299110237,-0.8693272921435614,TIME_LIMIT,345233,0,0,14,6
2,8,1.511528e6,-1.0685869310770078,-0.8693272921435614,TIME_LIMIT,345246,0,0,10,3
2,8,1.511657e6,-1.0685869310770078,-0.8693272921435614,TIME_LIMIT,345268,0,0,21,6
2,8,1.511743e6,-1.0685769389803974,-0.8693272921435614,TIME_LIMIT,345294,0,0,9,4
2,8,1.511839e6,-1.0685769389803974,-0.8693272921435614,TIME_LIMIT,345318,0,0,23,13
2,8,1.512048e6,-1.0685737577425733,-0.8693272921435614,TIME_LIMIT,345355,0,0,8,10
2,8,1.512152e6,-1.0685737577425733,-0.8693272921435614,TIME_LIMIT,345372,0,0,7,9
2,8,1.512209e6,-1.068569272354317,-0.8693272921435614,TIME_LIMIT,345391,0,0,13,6
2,8,1.512246e6,-1.068569272354317,-0.8693272921435614,TIME_LIMIT,345406,0,0,8,6
2,8,1.512287e6,-1.0685645297063218,-0.8693272921435614,TIME_LIMIT,345430,0,0,9,4
2,8,1.512344e6,-1.0685645297063218,-0.8693272921435614,TIME_LIMIT,345449,0,0,13,13
2,8,1.512463e6,-1.0685639188145566,-0.8693272921435614,TIME_LIMIT,345474,0,0,8,5
2,8,1.512548e6,-1.0685639188145566,-0.8693272921435614,TIME_LIMIT,345489,0,0,14,9
2,8,1.512758e6,-1.068558308962316,-0.8693272921435614,TIME_LIMIT,345519,0,0,8,11
2,8,1.512914e6,-1.068558308962316,-0.8693272921435614,TIME_LIMIT,345540,0,0,23,18
2,8,1.513061e6,-1.0685578816699133,-0.8693272921435614,TIME_LIMIT,345571,0,0,15,4
2,8,1.5132e6,-1.0685578816699133,-0.8693272921435614,TIME_LIMIT,345592,0,0,16,15
2,8,1.513323e6,-1.0685534955649971,-0.8693272921435614,TIME_LIMIT,345626,0,0,16,4
2,8,1.513391e6,-1.0685534955649971,-0.8693272921435614,TIME_LIMIT,345649,0,0,18,17
2,8,1.513459e6,-1.0685368567090767,-0.8693272921435614,TIME_LIMIT,345680,0,0,16,10
2,8,1.513662e6,-1.0685368567090767,-0.8693272921435614,TIME_LIMIT,345705,0,0,25,35
2,8,1.513868e6,-1.0685308300006464,-0.8693272921435614,TIME_LIMIT,345745,0,0,23,13
2,8,1.514077e6,-1.0685308300006464,-0.8693272921435614,TIME_LIMIT,345771,0,0,14,10
2,8,1.514284e6,-1.0685279049704839,-0.8693272921435614,TIME_LIMIT,345798,0,0,19,17
2,8,1.514364e6,-1.0685279049704839,-0.8693272921435614,TIME_LIMIT,345817,0,0,16,14
2,8,1.514424e6,-1.0685274391663966,-0.8693272921435614,TIME_LIMIT,345843,0,0,9,4
2,8,1.514505e6,-1.0685274391663966,-0.8693272921435614,TIME_LIMIT,345865,0,0,5,11
2,8,1.514568e6,-1.0685250557027617,-0.8693272921435614,TIME_LIMIT,345888,0,0,7,4
2,8,1.514611e6,-1.0685250557027617,-0.8693272921435614,TIME_LIMIT,345897,0,0,10,8
2,8,1.51465e6,-1.0685147734358553,-0.8693272921435614,TIME_LIMIT,345914,0,0,4,2
2,8,1.514695e6,-1.0685147734358553,-0.8693272921435614,TIME_LIMIT,345931,0,0,13,11
2,8,1.514755e6,-1.068502789472113,-0.8693272921435614,TIME_LIMIT,345956,0,0,13,4
2,8,1.514962e6,-1.068502789472113,-0.8693272921435614,TIME_LIMIT,345982,0,0,18,9
2,8,1.515007e6,-1.068500806596175,-0.8693272921435614,TIME_LIMIT,346007,0,0,11,6
2,8,1.515103e6,-1.068500806596175,-0.8693272921435614,TIME_LIMIT,346036,0,0,20,15
2,8,1.515222e6,-1.0684961025628978,-0.8693272921435614,TIME_LIMIT,346068,0,0,13,17
2,8,1.515311e6,-1.0684961025628978,-0.8693272921435614,TIME_LIMIT,346091,0,0,17,9
2,8,1.515388e6,-1.0684846738534741,-0.8693272921435614,TIME_LIMIT,346117,0,0,8,4
2,8,1.515427e6,-1.0684846738534741,-0.8693272921435614,TIME_LIMIT,346133,0,0,11,7
2,8,1.515473e6,-1.0684837071242141,-0.8693272921435614,TIME_LIMIT,346155,0,0,11,6
2,8,1.515636e6,-1.0684837071242141,-0.8693272921435614,TIME_LIMIT,346180,0,0,18,27
2,8,1.515804e6,-1.0684708305662438,-0.8693272921435614,TIME_LIMIT,346219,0,0,19,19
2,8,1.515978e6,-1.0684708305662438,-0.8693272921435614,TIME_LIMIT,346243,0,0,24,15
2,8,1.516187e6,-1.0684419947097452,-0.8693272921435614,TIME_LIMIT,346269,0,0,20,12
2,8,1.516248e6,-1.0684419947097452,-0.8693272921435614,TIME_LIMIT,346290,0,0,19,17
2,8,1.516438e6,-1.068440951352219,-0.8693272921435614,TIME_LIMIT,346325,0,0,14,10
2,8,1.516648e6,-1.068440951352219,-0.8693272921435614,TIME_LIMIT,346349,0,0,14,9
2,8,1.516784e6,-1.0684305470211992,-0.8693272921435614,TIME_LIMIT,346380,0,0,10,8
2,8,1.516908e6,-1.0684305470211992,-0.8693272921435614,TIME_LIMIT,346395,0,0,12,21
2,8,1.517021e6,-1.068428757457554,-0.8693272921435614,TIME_LIMIT,346427,0,0,13,8
2,8,1.517089e6,-1.068428757457554,-0.8693272921435614,TIME_LIMIT,346448,0,0,14,13
2,8,1.517149e6,-1.0684277014905565,-0.8693272921435614,TIME_LIMIT,346478,0,0,14,4
2,8,1.517352e6,-1.0684277014905565,-0.8693272921435614,TIME_LIMIT,346502,0,0,18,19
2,8,1.517526e6,-1.0684257581710568,-0.8693272921435614,TIME_LIMIT,346532,0,0,10,5
2,8,1.517696e6,-1.0684257581710568,-0.8693272921435614,TIME_LIMIT,346549,0,0,22,21
2,8,1.51783e6,-1.0684235534380084,-0.8693272921435614,TIME_LIMIT,346586,0,0,21,7
2,8,1.517869e6,-1.0684235534380084,-0.8693272921435614,TIME_LIMIT,346603,0,0,13,6
2,8,1.517937e6,-1.0684141851325943,-0.8693272921435614,TIME_LIMIT,346632,0,0,7,4
2,8,1.518517e6,-1.0684141851325943,-0.8693272921435614,TIME_LIMIT,346648,0,0,22,21
2,8,1.518723e6,-1.0683987992610153,-0.8693272921435614,TIME_LIMIT,346691,0,0,19,10
2,8,1.518842e6,-1.0683987992610153,-0.8693272921435614,TIME_LIMIT,346710,0,0,11,11
2,8,1.518929e6,-1.0683950653800696,-0.8693272921435614,TIME_LIMIT,346730,0,0,3,3
2,8,1.519038e6,-1.0683950653800696,-0.8693272921435614,TIME_LIMIT,346751,0,0,20,12
2,8,1.519138e6,-1.068387974007609,-0.8693272921435614,TIME_LIMIT,346786,0,0,16,12
2,8,1.51922e6,-1.068387974007609,-0.8693272921435614,TIME_LIMIT,346812,0,0,11,14
2,8,1.519258e6,-1.068382902707811,-0.8693272921435614,TIME_LIMIT,346833,0,0,14,9
2,8,1.519305e6,-1.068382902707811,-0.8693272921435614,TIME_LIMIT,346851,0,0,9,10
2,8,1.519365e6,-1.068381474987368,-0.8693272921435614,TIME_LIMIT,346876,0,0,10,4
2,8,1.519399e6,-1.068381474987368,-0.8693272921435614,TIME_LIMIT,346890,0,0,11,8
2,8,1.519429e6,-1.0683736274400613,-0.8693272921435614,TIME_LIMIT,346907,0,0,6,2
2,8,1.519622e6,-1.0683736274400613,-0.8693272921435614,TIME_LIMIT,346931,0,0,21,20
2,8,1.519772e6,-1.0683698193185451,-0.8693272921435614,TIME_LIMIT,346965,0,0,17,12
2,8,1.51987e6,-1.0683698193185451,-0.8693272921435614,TIME_LIMIT,346983,0,0,16,4
2,8,1.520046e6,-1.068351256429401,-0.8693272921435614,TIME_LIMIT,347018,0,0,16,13
2,8,1.520153e6,-1.068351256429401,-0.8693272921435614,TIME_LIMIT,347041,0,0,14,7
2,8,1.520262e6,-1.0683447679995184,-0.8693272921435614,TIME_LIMIT,347069,0,0,13,5
2,8,1.520324e6,-1.0683447679995184,-0.8693272921435614,TIME_LIMIT,347090,0,0,13,6
2,8,1.520366e6,-1.068333469573295,-0.8693272921435614,TIME_LIMIT,347106,0,0,10,3
2,8,1.520583e6,-1.068333469573295,-0.8693272921435614,TIME_LIMIT,347129,0,0,19,16
2,8,1.520743e6,-1.0683257763044791,-0.8693272921435614,TIME_LIMIT,347169,0,0,22,7
2,8,1.520871e6,-1.0683257763044791,-0.8693272921435614,TIME_LIMIT,347196,0,0,19,19
2,8,1.520967e6,-1.0683200833286914,-0.8693272921435614,TIME_LIMIT,347224,0,0,9,4
2,8,1.521053e6,-1.0683200833286914,-0.8693272921435614,TIME_LIMIT,347242,0,0,18,17
2,8,1.521178e6,-1.068312201690106,-0.8693272921435614,TIME_LIMIT,347272,0,0,17,4
2,8,1.521287e6,-1.068312201690106,-0.8693272921435614,TIME_LIMIT,347299,0,0,20,7
2,8,1.52141e6,-1.0683056977472056,-0.8693272921435614,TIME_LIMIT,347326,0,0,10,6
2,8,1.521573e6,-1.0683056977472056,-0.8693272921435614,TIME_LIMIT,347353,0,0,17,29
2,8,1.521795e6,-1.0683037341888058,-0.8693272921435614,TIME_LIMIT,347388,0,0,13,15
2,8,1.521888e6,-1.0683037341888058,-0.8693272921435614,TIME_LIMIT,347415,0,0,8,3
2,8,1.521946e6,-1.068302784309222,-0.8693272921435614,TIME_LIMIT,347434,0,0,6,4
2,8,1.522144e6,-1.068302784309222,-0.8693272921435614,TIME_LIMIT,347457,0,0,20,11
2,8,1.522352e6,-1.0682888651313212,-0.8693272921435614,TIME_LIMIT,347490,0,0,13,6
2,8,1.522422e6,-1.0682888651313212,-0.8693272921435614,TIME_LIMIT,347512,0,0,16,9
2,8,1.52249e6,-1.0682886051521883,-0.8693272921435614,TIME_LIMIT,347527,0,0,9,6
2,8,1.522637e6,-1.0682886051521883,-0.8693272921435614,TIME_LIMIT,347559,0,0,19,10
2,8,1.522706e6,-1.0682761167494972,-0.8693272921435614,TIME_LIMIT,347577,0,0,15,12
2,8,1.522767e6,-1.0682761167494972,-0.8693272921435614,TIME_LIMIT,347592,0,0,13,7
2,8,1.522813e6,-1.0682708486562522,-0.8693272921435614,TIME_LIMIT,347613,0,0,11,4
2,8,1.523026e6,-1.0682708486562522,-0.8693272921435614,TIME_LIMIT,347634,0,0,15,25
2,8,1.523171e6,-1.0682688056718803,-0.8693272921435614,TIME_LIMIT,347672,0,0,14,10
2,8,1.523402e6,-1.0682688056718803,-0.8693272921435614,TIME_LIMIT,347693,0,0,24,23
2,8,1.523626e6,-1.0682661482490508,-0.8693272921435614,TIME_LIMIT,347734,0,0,20,11
2,8,1.523659e6,-1.0682661482490508,-0.8693272921435614,TIME_LIMIT,347753,0,0,11,4
2,8,1.523697e6,-1.068265615669715,-0.8693272921435614,TIME_LIMIT,347767,0,0,8,8
2,8,1.523786e6,-1.068265615669715,-0.8693272921435614,TIME_LIMIT,347785,0,0,13,7
2,8,1.52383e6,-1.0682629014805831,-0.8693272921435614,TIME_LIMIT,347804,0,0,11,5
2,8,1.523994e6,-1.0682629014805831,-0.8693272921435614,TIME_LIMIT,347832,0,0,17,16
2,8,1.524085e6,-1.0682606652078246,-0.8693272921435614,TIME_LIMIT,347859,0,0,11,5
2,8,1.52431e6,-1.0682606652078246,-0.8693272921435614,TIME_LIMIT,347873,0,0,17,18
2,8,1.52453e6,-1.0682597495276638,-0.8693272921435614,TIME_LIMIT,347908,0,0,15,5
2,8,1.524764e6,-1.0682597495276638,-0.8693272921435614,TIME_LIMIT,347934,0,0,19,28
2,8,1.524989e6,-1.0682564681080333,-0.8693272921435614,TIME_LIMIT,347970,0,0,22,7
2,8,1.525036e6,-1.0682564681080333,-0.8693272921435614,TIME_LIMIT,347990,0,0,19,6
2,8,1.525183e6,-1.0682496391283132,-0.8693272921435614,TIME_LIMIT,348020,0,0,11,8
2,8,1.525263e6,-1.0682496391283132,-0.8693272921435614,TIME_LIMIT,348033,0,0,14,7
2,8,1.525302e6,-1.06823717312878,-0.8693272921435614,TIME_LIMIT,348053,0,0,9,3
2,8,1.525522e6,-1.06823717312878,-0.8693272921435614,TIME_LIMIT,348074,0,0,14,13
2,8,1.525612e6,-1.068214123823061,-0.8693272921435614,TIME_LIMIT,348102,0,0,5,2
2,8,1.525763e6,-1.068214123823061,-0.8693272921435614,TIME_LIMIT,348128,0,0,13,11
2,8,1.525987e6,-1.0682126120622044,-0.8693272921435614,TIME_LIMIT,348153,0,0,5,10
2,8,1.526115e6,-1.0682126120622044,-0.8693272921435614,TIME_LIMIT,348178,0,0,14,12
2,8,1.526244e6,-1.0681996594025347,-0.8693272921435614,TIME_LIMIT,348209,0,0,10,9
2,8,1.526475e6,-1.0681996594025347,-0.8693272921435614,TIME_LIMIT,348233,0,0,5,15
2,8,1.526565e6,-1.0681867003513306,-0.8693272921435614,TIME_LIMIT,348257,0,0,12,2
2,8,1.526788e6,-1.0681867003513306,-0.8693272921435614,TIME_LIMIT,348291,0,0,9,17
2,8,1.527012e6,-1.068167805375301,-0.8693272921435614,TIME_LIMIT,348321,0,0,11,18
2,8,1.527069e6,-1.068167805375301,-0.8693272921435614,TIME_LIMIT,348341,0,0,17,8
2,8,1.527122e6,-1.0681585519418364,-0.8693272921435614,TIME_LIMIT,348364,0,0,10,4
2,8,1.527188e6,-1.0681585519418364,-0.8693272921435614,TIME_LIMIT,348384,0,0,22,19
2,8,1.527323e6,-1.068149628227816,-0.8693272921435614,TIME_LIMIT,348418,0,0,16,1
2,8,1.527399e6,-1.068149628227816,-0.8693272921435614,TIME_LIMIT,348445,0,0,12,6
2,8,1.527454e6,-1.0681447810664348,-0.8693272921435614,TIME_LIMIT,348457,0,0,7,7
2,8,1.527666e6,-1.0681447810664348,-0.8693272921435614,TIME_LIMIT,348480,0,0,22,21
2,8,1.527869e6,-1.0681421600310568,-0.8693272921435614,TIME_LIMIT,348515,0,0,17,11
2,8,1.528013e6,-1.0681421600310568,-0.8693272921435614,TIME_LIMIT,348533,0,0,4,10
2,8,1.528056e6,-1.0681343372491043,-0.8693272921435614,TIME_LIMIT,348556,0,0,13,7
2,8,1.528124e6,-1.0681343372491043,-0.8693272921435614,TIME_LIMIT,348583,0,0,16,6
2,8,1.52818e6,-1.0681030342608568,-0.8693272921435614,TIME_LIMIT,348603,0,0,10,5
2,8,1.528283e6,-1.0681030342608568,-0.8693272921435614,TIME_LIMIT,348625,0,0,13,16
2,8,1.528424e6,-1.068099590590947,-0.8693272921435614,TIME_LIMIT,348653,0,0,12,6
2,8,1.528485e6,-1.068099590590947,-0.8693272921435614,TIME_LIMIT,348670,0,0,15,18
2,8,1.528563e6,-1.0680917984300993,-0.8693272921435614,TIME_LIMIT,348695,0,0,12,4
2,8,1.528783e6,-1.0680917984300993,-0.8693272921435614,TIME_LIMIT,348717,0,0,24,27
2,8,1.529014e6,-1.068091326664208,-0.8693272921435614,TIME_LIMIT,348753,0,0,16,11
2,8,1.529189e6,-1.068091326664208,-0.8693272921435614,TIME_LIMIT,348778,0,0,15,7
2,8,1.529282e6,-1.0680907533195452,-0.8693272921435614,TIME_LIMIT,348802,0,0,11,10
2,8,1.529347e6,-1.0680907533195452,-0.8693272921435614,TIME_LIMIT,348819,0,0,14,15
2,8,1.529566e6,-1.0680898845188613,-0.8693272921435614,TIME_LIMIT,348847,0,0,12,9
2,8,1.529688e6,-1.0680898845188613,-0.8693272921435614,TIME_LIMIT,348866,0,0,14,7
2,8,1.529748e6,-1.068088591668358,-0.8693272921435614,TIME_LIMIT,348893,0,0,14,5
2,8,1.529809e6,-1.068088591668358,-0.8693272921435614,TIME_LIMIT,348909,0,0,10,6
2,8,1.529867e6,-1.068087362181278,-0.8693272921435614,TIME_LIMIT,348937,0,0,14,5
2,8,1.529978e6,-1.068087362181278,-0.8693272921435614,TIME_LIMIT,348960,0,0,17,11
2,8,1.530072e6,-1.0680779768877344,-0.8693272921435614,TIME_LIMIT,348991,0,0,8,5
2,8,1.530166e6,-1.0680779768877344,-0.8693272921435614,TIME_LIMIT,349017,0,0,19,10
2,8,1.530258e6,-1.0680760943273944,-0.8693272921435614,TIME_LIMIT,349046,0,0,13,9
2,8,1.530362e6,-1.0680760943273944,-0.8693272921435614,TIME_LIMIT,349070,0,0,15,10
2,8,1.530527e6,-1.0680727541521442,-0.8693272921435614,TIME_LIMIT,349099,0,0,16,9
2,8,1.530767e6,-1.0680727541521442,-0.8693272921435614,TIME_LIMIT,349129,0,0,26,43
2,8,1.531008e6,-1.0680711240522336,-0.8693272921435614,TIME_LIMIT,349168,0,0,19,7
2,8,1.531083e6,-1.0680711240522336,-0.8693272921435614,TIME_LIMIT,349183,0,0,10,7
2,8,1.531191e6,-1.0680655218071464,-0.8693272921435614,TIME_LIMIT,349212,0,0,11,9
2,8,1.531428e6,-1.0680655218071464,-0.8693272921435614,TIME_LIMIT,349244,0,0,8,15
2,8,1.531645e6,-1.0680529418827833,-0.8693272921435614,TIME_LIMIT,349275,0,0,18,11
2,8,1.531826e6,-1.0680529418827833,-0.8693272921435614,TIME_LIMIT,349299,0,0,13,18
2,8,1.53193e6,-1.0680509099850466,-0.8693272921435614,TIME_LIMIT,349322,0,0,10,6
2,8,1.532173e6,-1.0680509099850466,-0.8693272921435614,TIME_LIMIT,349344,0,0,15,22
2,8,1.532342e6,-1.068044189985879,-0.8693272921435614,TIME_LIMIT,349379,0,0,13,10
2,8,1.532491e6,-1.068044189985879,-0.8693272921435614,TIME_LIMIT,349401,0,0,18,15
2,8,1.532569e6,-1.0680274553722888,-0.8693272921435614,TIME_LIMIT,349426,0,0,13,6
2,8,1.532785e6,-1.0680274553722888,-0.8693272921435614,TIME_LIMIT,349453,0,0,19,19
2,8,1.532876e6,-1.068026222629043,-0.8693272921435614,TIME_LIMIT,349488,0,0,17,8
2,8,1.53307e6,-1.068026222629043,-0.8693272921435614,TIME_LIMIT,349506,0,0,15,11
2,8,1.533255e6,-1.0680257979244479,-0.8693272921435614,TIME_LIMIT,349540,0,0,11,9
2,8,1.533348e6,-1.0680257979244479,-0.8693272921435614,TIME_LIMIT,349559,0,0,7,11
2,8,1.533423e6,-1.0680203476364611,-0.8693272921435614,TIME_LIMIT,349586,0,0,12,5
2,8,1.533604e6,-1.0680203476364611,-0.8693272921435614,TIME_LIMIT,349608,0,0,12,19
2,8,1.533733e6,-1.0680179270464856,-0.8693272921435614,TIME_LIMIT,349633,0,0,9,11
2,8,1.533787e6,-1.0680179270464856,-0.8693272921435614,TIME_LIMIT,349645,0,0,8,7
2,8,1.533933e6,-1.0680162258902512,-0.8693272921435614,TIME_LIMIT,349670,0,0,9,3
2,8,1.534014e6,-1.0680162258902512,-0.8693272921435614,TIME_LIMIT,349691,0,0,19,11
2,8,1.534103e6,-1.0680156646539105,-0.8693272921435614,TIME_LIMIT,349720,0,0,15,4
2,8,1.534182e6,-1.0680156646539105,-0.8693272921435614,TIME_LIMIT,349736,0,0,16,9
2,8,1.534248e6,-1.068005885891619,-0.8693272921435614,TIME_LIMIT,349760,0,0,10,4
2,8,1.534303e6,-1.068005885891619,-0.8693272921435614,TIME_LIMIT,349779,0,0,12,4
2,8,1.534388e6,-1.0680058121615659,-0.8693272921435614,TIME_LIMIT,349800,0,0,13,10
2,8,1.534488e6,-1.0680058121615659,-0.8693272921435614,TIME_LIMIT,349822,0,0,12,8
2,8,1.534557e6,-1.0680037960787248,-0.8693272921435614,TIME_LIMIT,349840,0,0,10,4
2,8,1.534706e6,-1.0680037960787248,-0.8693272921435614,TIME_LIMIT,349859,0,0,16,14
2,8,1.534799e6,-1.0679922107470325,-0.8693272921435614,TIME_LIMIT,349887,0,0,11,4
2,8,1.53487e6,-1.0679922107470325,-0.8693272921435614,TIME_LIMIT,349902,0,0,12,16
2,8,1.535095e6,-1.0679901595184378,-0.8693272921435614,TIME_LIMIT,349927,0,0,9,10
2,8,1.535185e6,-1.0679901595184378,-0.8693272921435614,TIME_LIMIT,349947,0,0,12,2
2,8,1.535252e6,-1.067972729915916,-0.8693272921435614,TIME_LIMIT,349965,0,0,2,1
2,8,1.535484e6,-1.067972729915916,-0.8693272921435614,TIME_LIMIT,349991,0,0,26,19
2,8,1.535723e6,-1.06796855631328,-0.8693272921435614,TIME_LIMIT,350026,0,0,7,4
2,8,1.535947e6,-1.06796855631328,-0.8693272921435614,TIME_LIMIT,350056,0,0,20,18
2,8,1.536197e6,-1.067956475742557,-0.8693272921435614,TIME_LIMIT,350093,0,0,18,9
2,8,1.536338e6,-1.067956475742557,-0.8693272921435614,TIME_LIMIT,350116,0,0,21,17
2,8,1.536522e6,-1.0679499408100988,-0.8693272921435614,TIME_LIMIT,350152,0,0,21,5
2,8,1.536755e6,-1.0679499408100988,-0.8693272921435614,TIME_LIMIT,350176,0,0,18,29
2,8,1.536915e6,-1.0679326925943555,-0.8693272921435614,TIME_LIMIT,350209,0,0,17,13
2,8,1.537141e6,-1.0679326925943555,-0.8693272921435614,TIME_LIMIT,350241,0,0,15,22
2,8,1.537285e6,-1.0679314547037058,-0.8693272921435614,TIME_LIMIT,350265,0,0,19,18
2,8,1.537402e6,-1.0679314547037058,-0.8693272921435614,TIME_LIMIT,350290,0,0,10,22
2,8,1.537567e6,-1.067929066209902,-0.8693272921435614,TIME_LIMIT,350323,0,0,12,7
2,8,1.537695e6,-1.067929066209902,-0.8693272921435614,TIME_LIMIT,350343,0,0,15,11
2,8,1.537809e6,-1.0679286919773077,-0.8693272921435614,TIME_LIMIT,350375,0,0,12,7
2,8,1.537928e6,-1.0679286919773077,-0.8693272921435614,TIME_LIMIT,350399,0,0,20,16
2,8,1.538161e6,-1.067928653798875,-0.8693272921435614,TIME_LIMIT,350431,0,0,11,5
2,8,1.538286e6,-1.067928653798875,-0.8693272921435614,TIME_LIMIT,350453,0,0,13,15
2,8,1.5384e6,-1.067927423000795,-0.8693272921435614,TIME_LIMIT,350480,0,0,3,7
2,8,1.538483e6,-1.067927423000795,-0.8693272921435614,TIME_LIMIT,350501,0,0,17,13
2,8,1.538549e6,-1.0679256560281125,-0.8693272921435614,TIME_LIMIT,350531,0,0,13,8
2,8,1.538656e6,-1.0679256560281125,-0.8693272921435614,TIME_LIMIT,350550,0,0,17,14
2,8,1.538695e6,-1.0679214341202994,-0.8693272921435614,TIME_LIMIT,350569,0,0,13,6
2,8,1.538759e6,-1.0679214341202994,-0.8693272921435614,TIME_LIMIT,350585,0,0,11,6
2,8,1.53879e6,-1.067917440075309,-0.8693272921435614,TIME_LIMIT,350604,0,0,6,5
2,8,1.538886e6,-1.067917440075309,-0.8693272921435614,TIME_LIMIT,350630,0,0,19,10
2,8,1.53905e6,-1.0679134598157913,-0.8693272921435614,TIME_LIMIT,350666,0,0,16,10
2,8,1.539098e6,-1.0679134598157913,-0.8693272921435614,TIME_LIMIT,350681,0,0,10,9
2,8,1.539208e6,-1.0679092876809078,-0.8693272921435614,TIME_LIMIT,350705,0,0,6,1
2,8,1.539394e6,-1.0679092876809078,-0.8693272921435614,TIME_LIMIT,350736,0,0,20,17
2,8,1.539474e6,-1.0679079650737067,-0.8693272921435614,TIME_LIMIT,350765,0,0,15,5
2,8,1.539608e6,-1.0679079650737067,-0.8693272921435614,TIME_LIMIT,350788,0,0,16,17
2,8,1.539738e6,-1.0679076787428334,-0.8693272921435614,TIME_LIMIT,350812,0,0,11,6
2,8,1.539848e6,-1.0679076787428334,-0.8693272921435614,TIME_LIMIT,350832,0,0,14,8
2,8,1.53992e6,-1.0679059835514493,-0.8693272921435614,TIME_LIMIT,350855,0,0,12,11
2,8,1.540058e6,-1.0679059835514493,-0.8693272921435614,TIME_LIMIT,350877,0,0,22,20
2,8,1.540287e6,-1.0678944230645508,-0.8693272921435614,TIME_LIMIT,350918,0,0,12,7
2,8,1.540465e6,-1.0678944230645508,-0.8693272921435614,TIME_LIMIT,350943,0,0,22,28
2,8,1.540697e6,-1.0678894456915933,-0.8693272921435614,TIME_LIMIT,350980,0,0,15,9
2,8,1.540793e6,-1.0678894456915933,-0.8693272921435614,TIME_LIMIT,350994,0,0,7,11
2,8,1.540939e6,-1.0678825345134055,-0.8693272921435614,TIME_LIMIT,351025,0,0,13,5
2,8,1.541046e6,-1.0678825345134055,-0.8693272921435614,TIME_LIMIT,351051,0,0,16,17
2,8,1.541189e6,-1.067863920395943,-0.8693272921435614,TIME_LIMIT,351085,0,0,11,13
2,8,1.541298e6,-1.067863920395943,-0.8693272921435614,TIME_LIMIT,351104,0,0,9,4
2,8,1.541362e6,-1.0678624130716057,-0.8693272921435614,TIME_LIMIT,351129,0,0,13,5
2,8,1.54151e6,-1.0678624130716057,-0.8693272921435614,TIME_LIMIT,351150,0,0,14,23
2,8,1.54167e6,-1.0678565594598726,-0.8693272921435614,TIME_LIMIT,351180,0,0,13,14
2,8,1.54176e6,-1.0678565594598726,-0.8693272921435614,TIME_LIMIT,351198,0,0,15,12
2,8,1.541793e6,-1.0678494063964457,-0.8693272921435614,TIME_LIMIT,351212,0,0,4,1
2,8,1.541874e6,-1.0678494063964457,-0.8693272921435614,TIME_LIMIT,351231,0,0,10,6
2,8,1.541923e6,-1.0678484169127866,-0.8693272921435614,TIME_LIMIT,351257,0,0,8,4
2,8,1.542097e6,-1.0678484169127866,-0.8693272921435614,TIME_LIMIT,351288,0,0,11,22
2,8,1.542336e6,-1.067847491639692,-0.8693272921435614,TIME_LIMIT,351327,0,0,17,5
2,8,1.542427e6,-1.067847491639692,-0.8693272921435614,TIME_LIMIT,351345,0,0,7,7
2,8,1.542465e6,-1.067846005381891,-0.8693272921435614,TIME_LIMIT,351361,0,0,3,8
2,8,1.542522e6,-1.067846005381891,-0.8693272921435614,TIME_LIMIT,351381,0,0,20,20
2,8,1.542758e6,-1.0678411917365445,-0.8693272921435614,TIME_LIMIT,351413,0,0,15,5
2,8,1.542855e6,-1.0678411917365445,-0.8693272921435614,TIME_LIMIT,351439,0,0,17,24
2,8,1.542978e6,-1.0678388240094907,-0.8693272921435614,TIME_LIMIT,351470,0,0,7,6
2,8,1.543027e6,-1.0678388240094907,-0.8693272921435614,TIME_LIMIT,351488,0,0,10,6
2,8,1.543071e6,-1.0678370091205704,-0.8693272921435614,TIME_LIMIT,351507,0,0,3,5
2,8,1.54317e6,-1.0678370091205704,-0.8693272921435614,TIME_LIMIT,351524,0,0,9,7
2,8,1.543267e6,-1.0678306694140316,-0.8693272921435614,TIME_LIMIT,351552,0,0,14,4
2,8,1.543318e6,-1.0678306694140316,-0.8693272921435614,TIME_LIMIT,351571,0,0,10,10
2,8,1.543352e6,-1.0678248748195696,-0.8693272921435614,TIME_LIMIT,351586,0,0,7,3
2,8,1.54346e6,-1.0678248748195696,-0.8693272921435614,TIME_LIMIT,351610,0,0,18,14
2,8,1.543577e6,-1.0678163579412452,-0.8693272921435614,TIME_LIMIT,351642,0,0,12,9
2,8,1.543705e6,-1.0678163579412452,-0.8693272921435614,TIME_LIMIT,351661,0,0,14,12
2,8,1.543945e6,-1.0678133254890452,-0.8693272921435614,TIME_LIMIT,351692,0,0,9,9
2,8,1.544061e6,-1.0678133254890452,-0.8693272921435614,TIME_LIMIT,351713,0,0,22,23
2,8,1.544201e6,-1.0678122062358206,-0.8693272921435614,TIME_LIMIT,351746,0,0,6,5
2,8,1.544245e6,-1.0678122062358206,-0.8693272921435614,TIME_LIMIT,351762,0,0,6,3
2,8,1.544282e6,-1.067802190191337,-0.8693272921435614,TIME_LIMIT,351780,0,0,5,2
2,8,1.544426e6,-1.067802190191337,-0.8693272921435614,TIME_LIMIT,351801,0,0,13,17
2,8,1.544652e6,-1.0677948634711412,-0.8693272921435614,TIME_LIMIT,351836,0,0,5,11
2,8,1.544709e6,-1.0677948634711412,-0.8693272921435614,TIME_LIMIT,351849,0,0,7,12
2,8,1.544782e6,-1.0677941711085683,-0.8693272921435614,TIME_LIMIT,351877,0,0,12,6
2,8,1.545008e6,-1.0677941711085683,-0.8693272921435614,TIME_LIMIT,351895,0,0,14,6
2,8,1.545139e6,-1.0677912867764021,-0.8693272921435614,TIME_LIMIT,351925,0,0,11,6
2,8,1.54536e6,-1.0677912867764021,-0.8693272921435614,TIME_LIMIT,351952,0,0,20,14
2,8,1.545598e6,-1.0677889868594321,-0.8693272921435614,TIME_LIMIT,351973,0,0,12,18
2,8,1.545666e6,-1.0677889868594321,-0.8693272921435614,TIME_LIMIT,351991,0,0,17,16
2,8,1.545804e6,-1.0677853332051166,-0.8693272921435614,TIME_LIMIT,352023,0,0,15,5
2,8,1.546044e6,-1.0677853332051166,-0.8693272921435614,TIME_LIMIT,352045,0,0,19,18
2,8,1.546222e6,-1.0677634019047821,-0.8693272921435614,TIME_LIMIT,352079,0,0,13,9
2,8,1.546453e6,-1.0677634019047821,-0.8693272921435614,TIME_LIMIT,352098,0,0,16,13
2,8,1.546669e6,-1.067753167456286,-0.8693272921435614,TIME_LIMIT,352129,0,0,13,4
2,8,1.546858e6,-1.067753167456286,-0.8693272921435614,TIME_LIMIT,352152,0,0,19,14
2,8,1.547098e6,-1.0677527035298313,-0.8693272921435614,TIME_LIMIT,352183,0,0,16,6
2,8,1.547283e6,-1.0677527035298313,-0.8693272921435614,TIME_LIMIT,352205,0,0,25,19
2,8,1.547433e6,-1.0677438881331636,-0.8693272921435614,TIME_LIMIT,352240,0,0,16,9
2,8,1.547544e6,-1.0677438881331636,-0.8693272921435614,TIME_LIMIT,352260,0,0,11,8
2,8,1.547732e6,-1.0677363520412175,-0.8693272921435614,TIME_LIMIT,352287,0,0,13,4
2,8,1.547843e6,-1.0677363520412175,-0.8693272921435614,TIME_LIMIT,352307,0,0,18,8
2,8,1.547961e6,-1.0677189120033703,-0.8693272921435614,TIME_LIMIT,352333,0,0,11,3
2,8,1.548175e6,-1.0677189120033703,-0.8693272921435614,TIME_LIMIT,352360,0,0,18,16
2,8,1.548255e6,-1.067717604259258,-0.8693272921435614,TIME_LIMIT,352385,0,0,13,6
2,8,1.54847e6,-1.067717604259258,-0.8693272921435614,TIME_LIMIT,352404,0,0,6,15
2,8,1.548625e6,-1.0677159059992878,-0.8693272921435614,TIME_LIMIT,352441,0,0,17,9
2,8,1.54873e6,-1.0677159059992878,-0.8693272921435614,TIME_LIMIT,352463,0,0,16,12
2,8,1.548775e6,-1.0676996778486454,-0.8693272921435614,TIME_LIMIT,352486,0,0,10,8
2,8,1.548996e6,-1.0676996778486454,-0.8693272921435614,TIME_LIMIT,352510,0,0,21,15
2,8,1.549228e6,-1.0676966215130175,-0.8693272921435614,TIME_LIMIT,352543,0,0,12,14
2,8,1.549437e6,-1.0676966215130175,-0.8693272921435614,TIME_LIMIT,352557,0,0,12,11
2,8,1.54957e6,-1.0676834245771771,-0.8693272921435614,TIME_LIMIT,352584,0,0,11,3
2,8,1.549644e6,-1.0676834245771771,-0.8693272921435614,TIME_LIMIT,352605,0,0,11,8
2,8,1.549712e6,-1.0676830052272326,-0.8693272921435614,TIME_LIMIT,352635,0,0,13,8
2,8,1.549842e6,-1.0676830052272326,-0.8693272921435614,TIME_LIMIT,352654,0,0,9,14
2,8,1.549959e6,-1.067681540738292,-0.8693272921435614,TIME_LIMIT,352683,0,0,8,7
2,8,1.550155e6,-1.067681540738292,-0.8693272921435614,TIME_LIMIT,352707,0,0,19,13
2,8,1.550236e6,-1.0676644812434892,-0.8693272921435614,TIME_LIMIT,352734,0,0,13,2
2,8,1.550342e6,-1.0676644812434892,-0.8693272921435614,TIME_LIMIT,352756,0,0,22,15
2,8,1.550413e6,-1.0676639973486672,-0.8693272921435614,TIME_LIMIT,352780,0,0,8,2
2,8,1.550654e6,-1.0676639973486672,-0.8693272921435614,TIME_LIMIT,352803,0,0,25,32
2,8,1.550895e6,-1.0676615231361342,-0.8693272921435614,TIME_LIMIT,352840,0,0,16,13
2,8,1.550957e6,-1.0676615231361342,-0.8693272921435614,TIME_LIMIT,352860,0,0,16,7
2,8,1.551056e6,-1.067654033210598,-0.8693272921435614,TIME_LIMIT,352894,0,0,14,7
2,8,1.551095e6,-1.067654033210598,-0.8693272921435614,TIME_LIMIT,352910,0,0,12,11
2,8,1.551148e6,-1.067652634367096,-0.8693272921435614,TIME_LIMIT,352931,0,0,7,0
2,8,1.551217e6,-1.067652634367096,-0.8693272921435614,TIME_LIMIT,352952,0,0,16,11
2,8,1.551429e6,-1.0676495990828165,-0.8693272921435614,TIME_LIMIT,352983,0,0,8,6
2,8,1.551528e6,-1.0676495990828165,-0.8693272921435614,TIME_LIMIT,353004,0,0,17,8
2,8,1.551574e6,-1.0676450224676466,-0.8693272921435614,TIME_LIMIT,353026,0,0,9,6
2,8,1.551776e6,-1.0676450224676466,-0.8693272921435614,TIME_LIMIT,353047,0,0,20,11
2,8,1.551866e6,-1.0676425356031065,-0.8693272921435614,TIME_LIMIT,353076,0,0,14,4
2,8,1.55197e6,-1.0676425356031065,-0.8693272921435614,TIME_LIMIT,353097,0,0,9,10
2,8,1.552163e6,-1.0676196246746752,-0.8693272921435614,TIME_LIMIT,353123,0,0,12,8
2,8,1.552257e6,-1.0676196246746752,-0.8693272921435614,TIME_LIMIT,353140,0,0,14,8
2,8,1.552294e6,-1.067618028097529,-0.8693272921435614,TIME_LIMIT,353159,0,0,7,3
2,8,1.552508e6,-1.067618028097529,-0.8693272921435614,TIME_LIMIT,353185,0,0,23,16
2,8,1.552627e6,-1.0676155117322548,-0.8693272921435614,TIME_LIMIT,353219,0,0,13,8
2,8,1.552843e6,-1.0676155117322548,-0.8693272921435614,TIME_LIMIT,353244,0,0,15,11
2,8,1.552956e6,-1.0676127555812176,-0.8693272921435614,TIME_LIMIT,353258,0,0,8,15
2,8,1.553161e6,-1.0676127555812176,-0.8693272921435614,TIME_LIMIT,353282,0,0,20,17
2,8,1.55322e6,-1.0676066840397511,-0.8693272921435614,TIME_LIMIT,353311,0,0,14,7
2,8,1.553332e6,-1.0676066840397511,-0.8693272921435614,TIME_LIMIT,353333,0,0,14,19
2,8,1.553559e6,-1.0676024096293584,-0.8693272921435614,TIME_LIMIT,353370,0,0,9,8
2,8,1.553685e6,-1.0676024096293584,-0.8693272921435614,TIME_LIMIT,353400,0,0,18,14
2,8,1.553797e6,-1.0675860681634655,-0.8693272921435614,TIME_LIMIT,353419,0,0,12,9
2,8,1.553963e6,-1.0675860681634655,-0.8693272921435614,TIME_LIMIT,353438,0,0,8,10
2,8,1.554032e6,-1.0675844383677289,-0.8693272921435614,TIME_LIMIT,353463,0,0,7,5
2,8,1.554137e6,-1.0675844383677289,-0.8693272921435614,TIME_LIMIT,353484,0,0,19,31
2,8,1.554372e6,-1.0675809130155431,-0.8693272921435614,TIME_LIMIT,353520,0,0,17,13
2,8,1.554503e6,-1.0675809130155431,-0.8693272921435614,TIME_LIMIT,353538,0,0,13,7
2,8,1.554565e6,-1.067576176487146,-0.8693272921435614,TIME_LIMIT,353567,0,0,12,7
2,8,1.554798e6,-1.067576176487146,-0.8693272921435614,TIME_LIMIT,353597,0,0,23,11
2,8,1.554874e6,-1.0675704733371334,-0.8693272921435614,TIME_LIMIT,353626,0,0,13,10
2,8,1.555069e6,-1.0675704733371334,-0.8693272921435614,TIME_LIMIT,353647,0,0,16,11
2,8,1.555221e6,-1.0675531883551441,-0.8693272921435614,TIME_LIMIT,353676,0,0,13,6
2,8,1.555262e6,-1.0675531883551441,-0.8693272921435614,TIME_LIMIT,353691,0,0,12,5
2,8,1.555325e6,-1.067551211929121,-0.8693272921435614,TIME_LIMIT,353714,0,0,10,1
2,8,1.555377e6,-1.067551211929121,-0.8693272921435614,TIME_LIMIT,353737,0,0,13,4
2,8,1.555409e6,-1.0675384872465048,-0.8693272921435614,TIME_LIMIT,353751,0,0,4,4
2,8,1.555491e6,-1.0675384872465048,-0.8693272921435614,TIME_LIMIT,353773,0,0,15,13
2,8,1.555555e6,-1.0675329473020785,-0.8693272921435614,TIME_LIMIT,353797,0,0,12,4
2,8,1.555638e6,-1.0675329473020785,-0.8693272921435614,TIME_LIMIT,353812,0,0,13,1
2,8,1.555661e6,-1.0674970696219526,-0.8693272921435614,TIME_LIMIT,353825,0,0,9,1
2,8,1.555703e6,-1.0674970696219526,-0.8693272921435614,TIME_LIMIT,353843,0,0,8,11
2,8,1.555757e6,-1.0674956377685887,-0.8693272921435614,TIME_LIMIT,353859,0,0,14,7
2,8,1.555979e6,-1.0674956377685887,-0.8693272921435614,TIME_LIMIT,353881,0,0,14,10
2,8,1.556199e6,-1.0674923664127005,-0.8693272921435614,TIME_LIMIT,353915,0,0,14,6
2,8,1.556238e6,-1.0674923664127005,-0.8693272921435614,TIME_LIMIT,353928,0,0,13,10
2,8,1.556276e6,-1.067488287297104,-0.8693272921435614,TIME_LIMIT,353944,0,0,4,3
2,8,1.556318e6,-1.067488287297104,-0.8693272921435614,TIME_LIMIT,353961,0,0,8,6
2,8,1.556364e6,-1.0674811744207515,-0.8693272921435614,TIME_LIMIT,353985,0,0,7,6
2,8,1.556437e6,-1.0674811744207515,-0.8693272921435614,TIME_LIMIT,354003,0,0,20,11
2,8,1.556537e6,-1.067474023446977,-0.8693272921435614,TIME_LIMIT,354033,0,0,12,1
2,8,1.556608e6,-1.067474023446977,-0.8693272921435614,TIME_LIMIT,354052,0,0,16,12
2,8,1.556703e6,-1.0674687880988019,-0.8693272921435614,TIME_LIMIT,354078,0,0,10,3
2,8,1.556901e6,-1.0674687880988019,-0.8693272921435614,TIME_LIMIT,354101,0,0,17,11
2,8,1.55702e6,-1.0674672275492845,-0.8693272921435614,TIME_LIMIT,354129,0,0,12,7
2,8,1.557057e6,-1.0674672275492845,-0.8693272921435614,TIME_LIMIT,354144,0,0,10,7
2,8,1.557093e6,-1.06746626827467,-0.8693272921435614,TIME_LIMIT,354164,0,0,5,2
2,8,1.557154e6,-1.06746626827467,-0.8693272921435614,TIME_LIMIT,354181,0,0,10,1
2,8,1.557193e6,-1.067457703220895,-0.8693272921435614,TIME_LIMIT,354200,0,0,6,7
2,8,1.557245e6,-1.067457703220895,-0.8693272921435614,TIME_LIMIT,354218,0,0,13,15
2,8,1.557366e6,-1.0674536693479708,-0.8693272921435614,TIME_LIMIT,354254,0,0,17,11
2,8,1.557528e6,-1.0674536693479708,-0.8693272921435614,TIME_LIMIT,354281,0,0,21,17
2,8,1.55778e6,-1.06745145676735,-0.8693272921435614,TIME_LIMIT,354314,0,0,13,15
2,8,1.557852e6,-1.06745145676735,-0.8693272921435614,TIME_LIMIT,354336,0,0,12,2
2,8,1.557888e6,-1.067442865682314,-0.8693272921435614,TIME_LIMIT,354351,0,0,3,3
2,8,1.558114e6,-1.067442865682314,-0.8693272921435614,TIME_LIMIT,354374,0,0,15,24
2,8,1.558298e6,-1.0674399836183537,-0.8693272921435614,TIME_LIMIT,354413,0,0,19,10
2,8,1.558471e6,-1.0674399836183537,-0.8693272921435614,TIME_LIMIT,354436,0,0,8,6
2,8,1.55861e6,-1.0674386840764487,-0.8693272921435614,TIME_LIMIT,354464,0,0,6,3
2,8,1.558826e6,-1.0674386840764487,-0.8693272921435614,TIME_LIMIT,354494,0,0,15,19
2,8,1.558999e6,-1.0674362065332046,-0.8693272921435614,TIME_LIMIT,354532,0,0,19,18
2,8,1.559239e6,-1.0674362065332046,-0.8693272921435614,TIME_LIMIT,354554,0,0,19,23
2,8,1.559468e6,-1.0674357320035734,-0.8693272921435614,TIME_LIMIT,354589,0,0,15,10
2,8,1.559576e6,-1.0674357320035734,-0.8693272921435614,TIME_LIMIT,354614,0,0,12,7
2,8,1.559637e6,-1.0674210248282652,-0.8693272921435614,TIME_LIMIT,354633,0,0,10,2
2,8,1.559732e6,-1.0674210248282652,-0.8693272921435614,TIME_LIMIT,354656,0,0,21,16
2,8,1.559885e6,-1.0674164864998614,-0.8693272921435614,TIME_LIMIT,354687,0,0,15,7
2,8,1.559924e6,-1.0674164864998614,-0.8693272921435614,TIME_LIMIT,354707,0,0,15,13
2,8,1.560044e6,-1.067416102916947,-0.8693272921435614,TIME_LIMIT,354734,0,0,6,6
2,8,1.560104e6,-1.067416102916947,-0.8693272921435614,TIME_LIMIT,354753,0,0,13,10
2,8,1.560194e6,-1.067411662973707,-0.8693272921435614,TIME_LIMIT,354781,0,0,11,3
2,8,1.560414e6,-1.067411662973707,-0.8693272921435614,TIME_LIMIT,354801,0,0,21,13
2,8,1.560656e6,-1.067408375941767,-0.8693272921435614,TIME_LIMIT,354838,0,0,17,9
2,8,1.560733e6,-1.067408375941767,-0.8693272921435614,TIME_LIMIT,354865,0,0,14,5
2,8,1.560846e6,-1.067400075137691,-0.8693272921435614,TIME_LIMIT,354883,0,0,11,13
2,8,1.561071e6,-1.067400075137691,-0.8693272921435614,TIME_LIMIT,354904,0,0,15,18
2,8,1.561281e6,-1.0673976503650624,-0.8693272921435614,TIME_LIMIT,354934,0,0,14,10
2,8,1.56136e6,-1.0673976503650624,-0.8693272921435614,TIME_LIMIT,354956,0,0,21,14
2,8,1.561429e6,-1.0673957049105494,-0.8693272921435614,TIME_LIMIT,354981,0,0,8,0
2,8,1.5616e6,-1.0673957049105494,-0.8693272921435614,TIME_LIMIT,355007,0,0,20,10
2,8,1.561835e6,-1.0673900788171289,-0.8693272921435614,TIME_LIMIT,355044,0,0,12,10
2,8,1.561958e6,-1.0673900788171289,-0.8693272921435614,TIME_LIMIT,355064,0,0,4,11
2,8,1.562021e6,-1.0673727227926273,-0.8693272921435614,TIME_LIMIT,355086,0,0,4,3
2,8,1.562048e6,-1.0673727227926273,-0.8693272921435614,TIME_LIMIT,355103,0,0,14,23
2,8,1.56229e6,-1.0673657859671026,-0.8693272921435614,TIME_LIMIT,355138,0,0,11,12
2,8,1.562409e6,-1.0673657859671026,-0.8693272921435614,TIME_LIMIT,355168,0,0,18,9
2,8,1.562512e6,-1.0673443882205516,-0.8693272921435614,TIME_LIMIT,355200,0,0,11,7
2,8,1.562746e6,-1.0673443882205516,-0.8693272921435614,TIME_LIMIT,355224,0,0,19,16
2,8,1.562858e6,-1.0673432562723093,-0.8693272921435614,TIME_LIMIT,355252,0,0,13,12
2,8,1.562926e6,-1.0673432562723093,-0.8693272921435614,TIME_LIMIT,355278,0,0,17,3
2,8,1.563003e6,-1.0673388754914304,-0.8693272921435614,TIME_LIMIT,355309,0,0,17,8
2,8,1.563241e6,-1.0673388754914304,-0.8693272921435614,TIME_LIMIT,355334,0,0,28,34
2,8,1.563477e6,-1.0673380582878722,-0.8693272921435614,TIME_LIMIT,355371,0,0,20,14
2,8,1.563567e6,-1.0673380582878722,-0.8693272921435614,TIME_LIMIT,355386,0,0,10,2
2,8,1.563627e6,-1.0673197985618788,-0.8693272921435614,TIME_LIMIT,355410,0,0,4,3
2,8,1.563702e6,-1.0673197985618788,-0.8693272921435614,TIME_LIMIT,355433,0,0,15,8
2,8,1.563911e6,-1.0673144255509746,-0.8693272921435614,TIME_LIMIT,355459,0,0,7,7
2,8,1.564014e6,-1.0673144255509746,-0.8693272921435614,TIME_LIMIT,355480,0,0,11,18
2,8,1.564098e6,-1.0673118382707307,-0.8693272921435614,TIME_LIMIT,355507,0,0,12,4
2,8,1.564268e6,-1.0673118382707307,-0.8693272921435614,TIME_LIMIT,355523,0,0,12,15
2,8,1.564379e6,-1.0673096547504126,-0.8693272921435614,TIME_LIMIT,355552,0,0,11,6
2,8,1.564616e6,-1.0673096547504126,-0.8693272921435614,TIME_LIMIT,355578,0,0,25,21
2,8,1.564743e6,-1.0673072124540532,-0.8693272921435614,TIME_LIMIT,355613,0,0,18,12
2,8,1.564984e6,-1.0673072124540532,-0.8693272921435614,TIME_LIMIT,355644,0,0,14,13
2,8,1.565217e6,-1.0673018361789801,-0.8693272921435614,TIME_LIMIT,355679,0,0,14,9
2,8,1.565317e6,-1.0673018361789801,-0.8693272921435614,TIME_LIMIT,355694,0,0,8,10
2,8,1.565409e6,-1.0672965305995912,-0.8693272921435614,TIME_LIMIT,355718,0,0,6,3
2,8,1.565452e6,-1.0672965305995912,-0.8693272921435614,TIME_LIMIT,355735,0,0,14,11
2,8,1.565684e6,-1.0672949975054833,-0.8693272921435614,TIME_LIMIT,355770,0,0,18,7
2,8,1.565741e6,-1.0672949975054833,-0.8693272921435614,TIME_LIMIT,355784,0,0,13,9
2,8,1.565794e6,-1.0672897338550018,-0.8693272921435614,TIME_LIMIT,355810,0,0,9,7
2,8,1.565874e6,-1.0672897338550018,-0.8693272921435614,TIME_LIMIT,355829,0,0,12,10
2,8,1.565934e6,-1.0672683034195276,-0.8693272921435614,TIME_LIMIT,355845,0,0,12,7
2,8,1.566166e6,-1.0672683034195276,-0.8693272921435614,TIME_LIMIT,355861,0,0,12,18
2,8,1.566363e6,-1.0672651227657965,-0.8693272921435614,TIME_LIMIT,355892,0,0,14,6
2,8,1.566418e6,-1.0672651227657965,-0.8693272921435614,TIME_LIMIT,355910,0,0,9,9
2,8,1.566492e6,-1.067264804898854,-0.8693272921435614,TIME_LIMIT,355935,0,0,11,7
2,8,1.566729e6,-1.067264804898854,-0.8693272921435614,TIME_LIMIT,355959,0,0,9,23
2,8,1.566968e6,-1.067261701386976,-0.8693272921435614,TIME_LIMIT,355997,0,0,17,10
2,8,1.567137e6,-1.067261701386976,-0.8693272921435614,TIME_LIMIT,356015,0,0,17,24
2,8,1.567217e6,-1.0672555233078564,-0.8693272921435614,TIME_LIMIT,356042,0,0,14,11
2,8,1.567351e6,-1.0672555233078564,-0.8693272921435614,TIME_LIMIT,356066,0,0,12,8
2,8,1.567439e6,-1.067254163520251,-0.8693272921435614,TIME_LIMIT,356094,0,0,10,5
2,8,1.567528e6,-1.067254163520251,-0.8693272921435614,TIME_LIMIT,356112,0,0,7,8
2,8,1.567633e6,-1.0672490115669846,-0.8693272921435614,TIME_LIMIT,356145,0,0,14,5
2,8,1.567708e6,-1.0672490115669846,-0.8693272921435614,TIME_LIMIT,356168,0,0,21,16
2,8,1.567915e6,-1.0672422039786444,-0.8693272921435614,TIME_LIMIT,356198,0,0,13,7
2,8,1.567988e6,-1.0672422039786444,-0.8693272921435614,TIME_LIMIT,356214,0,0,13,21
2,8,1.568083e6,-1.0672400719671302,-0.8693272921435614,TIME_LIMIT,356242,0,0,7,4
2,8,1.568274e6,-1.0672400719671302,-0.8693272921435614,TIME_LIMIT,356265,0,0,17,6
2,8,1.568369e6,-1.0672374296919256,-0.8693272921435614,TIME_LIMIT,356288,0,0,13,12
2,8,1.568469e6,-1.0672374296919256,-0.8693272921435614,TIME_LIMIT,356305,0,0,8,17
2,8,1.568588e6,-1.0672287051007088,-0.8693272921435614,TIME_LIMIT,356336,0,0,8,2
2,8,1.568749e6,-1.0672287051007088,-0.8693272921435614,TIME_LIMIT,356356,0,0,16,13
2,8,1.568991e6,-1.0672207549701658,-0.8693272921435614,TIME_LIMIT,356387,0,0,8,11
2,8,1.569222e6,-1.0672207549701658,-0.8693272921435614,TIME_LIMIT,356419,0,0,19,24
2,8,1.56944e6,-1.0672148091107299,-0.8693272921435614,TIME_LIMIT,356448,0,0,11,8
2,8,1.569617e6,-1.0672148091107299,-0.8693272921435614,TIME_LIMIT,356469,0,0,20,18
2,8,1.569825e6,-1.0672109487921149,-0.8693272921435614,TIME_LIMIT,356505,0,0,17,9
2,8,1.569924e6,-1.0672109487921149,-0.8693272921435614,TIME_LIMIT,356525,0,0,17,11
2,8,1.570022e6,-1.0671995976093598,-0.8693272921435614,TIME_LIMIT,356554,0,0,15,3
2,8,1.570061e6,-1.0671995976093598,-0.8693272921435614,TIME_LIMIT,356576,0,0,12,8
2,8,1.570111e6,-1.0671981958535812,-0.8693272921435614,TIME_LIMIT,356597,0,0,11,4
2,8,1.570157e6,-1.0671981958535812,-0.8693272921435614,TIME_LIMIT,356620,0,0,16,4
2,8,1.570254e6,-1.0671924280796865,-0.8693272921435614,TIME_LIMIT,356647,0,0,5,2
2,8,1.570482e6,-1.0671924280796865,-0.8693272921435614,TIME_LIMIT,356674,0,0,15,13
2,8,1.570544e6,-1.0671912340525203,-0.8693272921435614,TIME_LIMIT,356694,0,0,15,12
2,8,1.570641e6,-1.0671912340525203,-0.8693272921435614,TIME_LIMIT,356719,0,0,15,12
2,8,1.57072e6,-1.0671883835211204,-0.8693272921435614,TIME_LIMIT,356745,0,0,10,9
2,8,1.570817e6,-1.0671883835211204,-0.8693272921435614,TIME_LIMIT,356772,0,0,28,19
2,8,1.571014e6,-1.0671865921427597,-0.8693272921435614,TIME_LIMIT,356809,0,0,18,7
2,8,1.571161e6,-1.0671865921427597,-0.8693272921435614,TIME_LIMIT,356836,0,0,21,26
2,8,1.571266e6,-1.0671844072547751,-0.8693272921435614,TIME_LIMIT,356864,0,0,11,9
2,8,1.57149e6,-1.0671844072547751,-0.8693272921435614,TIME_LIMIT,356893,0,0,23,17
2,8,1.571714e6,-1.0671840821937937,-0.8693272921435614,TIME_LIMIT,356925,0,0,17,11
2,8,1.571743e6,-1.0671840821937937,-0.8693272921435614,TIME_LIMIT,356933,0,0,7,8
2,8,1.571778e6,-1.0671675727117513,-0.8693272921435614,TIME_LIMIT,356950,0,0,6,4
2,8,1.571899e6,-1.0671675727117513,-0.8693272921435614,TIME_LIMIT,356972,0,0,14,15
2,8,1.57197e6,-1.0671638796920382,-0.8693272921435614,TIME_LIMIT,356998,0,0,12,8
2,8,1.572021e6,-1.0671638796920382,-0.8693272921435614,TIME_LIMIT,357017,0,0,10,9
2,8,1.572052e6,-1.0671565888748709,-0.8693272921435614,TIME_LIMIT,357033,0,0,6,4
2,8,1.572245e6,-1.0671565888748709,-0.8693272921435614,TIME_LIMIT,357063,0,0,15,12
2,8,1.572483e6,-1.0671529311466077,-0.8693272921435614,TIME_LIMIT,357095,0,0,16,7
2,8,1.572639e6,-1.0671529311466077,-0.8693272921435614,TIME_LIMIT,357122,0,0,10,16
2,8,1.572878e6,-1.0671520400412553,-0.8693272921435614,TIME_LIMIT,357155,0,0,12,8
2,8,1.573109e6,-1.0671520400412553,-0.8693272921435614,TIME_LIMIT,357178,0,0,12,17
2,8,1.573269e6,-1.0671468392281187,-0.8693272921435614,TIME_LIMIT,357211,0,0,4,13
2,8,1.57337e6,-1.0671468392281187,-0.8693272921435614,TIME_LIMIT,357234,0,0,9,12
2,8,1.573577e6,-1.0671446634416872,-0.8693272921435614,TIME_LIMIT,357265,0,0,12,10
2,8,1.573802e6,-1.0671446634416872,-0.8693272921435614,TIME_LIMIT,357286,0,0,17,22
2,8,1.574032e6,-1.0671396571991574,-0.8693272921435614,TIME_LIMIT,357318,0,0,12,5
2,8,1.574272e6,-1.0671396571991574,-0.8693272921435614,TIME_LIMIT,357345,0,0,18,38
2,8,1.57451e6,-1.0671267128747868,-0.8693272921435614,TIME_LIMIT,357379,0,0,14,13
2,8,1.574627e6,-1.0671267128747868,-0.8693272921435614,TIME_LIMIT,357399,0,0,13,20
2,8,1.574723e6,-1.0671080981995593,-0.8693272921435614,TIME_LIMIT,357424,0,0,8,6
2,8,1.574913e6,-1.0671080981995593,-0.8693272921435614,TIME_LIMIT,357448,0,0,17,18
2,8,1.575123e6,-1.0671000741822598,-0.8693272921435614,TIME_LIMIT,357479,0,0,10,8
2,8,1.575346e6,-1.0671000741822598,-0.8693272921435614,TIME_LIMIT,357501,0,0,13,18
2,8,1.575492e6,-1.0670930210785492,-0.8693272921435614,TIME_LIMIT,357535,0,0,12,8
2,8,1.575716e6,-1.0670930210785492,-0.8693272921435614,TIME_LIMIT,357563,0,0,14,24
2,8,1.575951e6,-1.0670909794541663,-0.8693272921435614,TIME_LIMIT,357603,0,0,24,10
2,8,1.576065e6,-1.0670909794541663,-0.8693272921435614,TIME_LIMIT,357622,0,0,9,10
2,8,1.576219e6,-1.0670884589441323,-0.8693272921435614,TIME_LIMIT,357650,0,0,7,5
2,8,1.576301e6,-1.0670884589441323,-0.8693272921435614,TIME_LIMIT,357670,0,0,15,13
2,8,1.576363e6,-1.0670861882905598,-0.8693272921435614,TIME_LIMIT,357698,0,0,11,6
2,8,1.576415e6,-1.0670861882905598,-0.8693272921435614,TIME_LIMIT,357718,0,0,10,9
2,8,1.576473e6,-1.0670839914120798,-0.8693272921435614,TIME_LIMIT,357743,0,0,5,2
2,8,1.576513e6,-1.0670839914120798,-0.8693272921435614,TIME_LIMIT,357762,0,0,12,7
2,8,1.576579e6,-1.0670738360491092,-0.8693272921435614,TIME_LIMIT,357787,0,0,9,4
2,8,1.576805e6,-1.0670738360491092,-0.8693272921435614,TIME_LIMIT,357814,0,0,18,17
2,8,1.576989e6,-1.0670691075223724,-0.8693272921435614,TIME_LIMIT,357851,0,0,15,9
2,8,1.577221e6,-1.0670691075223724,-0.8693272921435614,TIME_LIMIT,357870,0,0,21,16
2,8,1.577336e6,-1.0670685277375667,-0.8693272921435614,TIME_LIMIT,357907,0,0,13,3
2,8,1.577381e6,-1.0670685277375667,-0.8693272921435614,TIME_LIMIT,357919,0,0,17,18
2,8,1.577623e6,-1.0670507140529826,-0.8693272921435614,TIME_LIMIT,357947,0,0,12,5
2,8,1.577673e6,-1.0670507140529826,-0.8693272921435614,TIME_LIMIT,357972,0,0,19,15
2,8,1.577849e6,-1.0670447861366763,-0.8693272921435614,TIME_LIMIT,357996,0,0,16,7
2,8,1.578097e6,-1.0670447861366763,-0.8693272921435614,TIME_LIMIT,358022,0,0,17,20
2,8,1.578216e6,-1.0670366139373408,-0.8693272921435614,TIME_LIMIT,358055,0,0,12,6
2,8,1.578454e6,-1.0670366139373408,-0.8693272921435614,TIME_LIMIT,358081,0,0,19,16
2,8,1.578527e6,-1.0670324258792951,-0.8693272921435614,TIME_LIMIT,358114,0,0,15,4
2,8,1.578759e6,-1.0670324258792951,-0.8693272921435614,TIME_LIMIT,358139,0,0,16,20
2,8,1.578991e6,-1.0670299610006766,-0.8693272921435614,TIME_LIMIT,358167,0,0,12,15
2,8,1.579143e6,-1.0670299610006766,-0.8693272921435614,TIME_LIMIT,358187,0,0,9,6
2,8,1.57925e6,-1.067029760799863,-0.8693272921435614,TIME_LIMIT,358220,0,0,13,11
2,8,1.579385e6,-1.067029760799863,-0.8693272921435614,TIME_LIMIT,358248,0,0,21,11
2,8,1.579561e6,-1.067023820563259,-0.8693272921435614,TIME_LIMIT,358276,0,0,12,13
2,8,1.579718e6,-1.067023820563259,-0.8693272921435614,TIME_LIMIT,358292,0,0,16,15
2,8,1.579798e6,-1.0670231521226923,-0.8693272921435614,TIME_LIMIT,358320,0,0,10,7
2,8,1.579876e6,-1.0670231521226923,-0.8693272921435614,TIME_LIMIT,358345,0,0,11,9
2,8,1.579957e6,-1.0670201463447317,-0.8693272921435614,TIME_LIMIT,358364,0,0,12,14
2,8,1.580072e6,-1.0670201463447317,-0.8693272921435614,TIME_LIMIT,358391,0,0,18,11
2,8,1.580121e6,-1.0670054252688148,-0.8693272921435614,TIME_LIMIT,358416,0,0,7,4
2,8,1.580207e6,-1.0670054252688148,-0.8693272921435614,TIME_LIMIT,358434,0,0,15,13
2,8,1.580361e6,-1.0669902546322658,-0.8693272921435614,TIME_LIMIT,358462,0,0,8,4
2,8,1.580506e6,-1.0669902546322658,-0.8693272921435614,TIME_LIMIT,358486,0,0,15,22
2,8,1.580706e6,-1.0669841301112375,-0.8693272921435614,TIME_LIMIT,358524,0,0,20,16
2,8,1.580868e6,-1.0669841301112375,-0.8693272921435614,TIME_LIMIT,358546,0,0,18,22
2,8,1.581002e6,-1.0669838986357543,-0.8693272921435614,TIME_LIMIT,358575,0,0,9,6
2,8,1.58117e6,-1.0669838986357543,-0.8693272921435614,TIME_LIMIT,358598,0,0,25,19
2,8,1.581362e6,-1.0669828904456402,-0.8693272921435614,TIME_LIMIT,358633,0,0,11,10
2,8,1.58148e6,-1.0669828904456402,-0.8693272921435614,TIME_LIMIT,358651,0,0,14,8
2,8,1.581612e6,-1.0669719532507025,-0.8693272921435614,TIME_LIMIT,358676,0,0,11,2
2,8,1.581725e6,-1.0669719532507025,-0.8693272921435614,TIME_LIMIT,358686,0,0,18,12
2,8,1.581814e6,-1.066967363346083,-0.8693272921435614,TIME_LIMIT,358709,0,0,7,7
2,8,1.581859e6,-1.066967363346083,-0.8693272921435614,TIME_LIMIT,358725,0,0,7,3
2,8,1.581874e6,-1.0669523071138451,-0.8693272921435614,TIME_LIMIT,358734,0,0,2,3
2,8,1.581976e6,-1.0669523071138451,-0.8693272921435614,TIME_LIMIT,358754,0,0,13,9
2,8,1.582046e6,-1.0669443976910722,-0.8693272921435614,TIME_LIMIT,358778,0,0,10,6
2,8,1.582249e6,-1.0669443976910722,-0.8693272921435614,TIME_LIMIT,358800,0,0,19,10
2,8,1.582309e6,-1.0669416501033742,-0.8693272921435614,TIME_LIMIT,358827,0,0,10,3
2,8,1.582438e6,-1.0669416501033742,-0.8693272921435614,TIME_LIMIT,358840,0,0,17,13
2,8,1.582663e6,-1.066931351793076,-0.8693272921435614,TIME_LIMIT,358869,0,0,13,5
2,8,1.58272e6,-1.066931351793076,-0.8693272921435614,TIME_LIMIT,358889,0,0,11,12
2,8,1.582803e6,-1.0669235540656965,-0.8693272921435614,TIME_LIMIT,358914,0,0,11,5
2,8,1.582911e6,-1.0669235540656965,-0.8693272921435614,TIME_LIMIT,358941,0,0,17,6
2,8,1.582978e6,-1.0669173104037188,-0.8693272921435614,TIME_LIMIT,358961,0,0,7,3
2,8,1.583142e6,-1.0669173104037188,-0.8693272921435614,TIME_LIMIT,358986,0,0,18,18
2,8,1.583278e6,-1.0669148934915655,-0.8693272921435614,TIME_LIMIT,359018,0,0,9,11
2,8,1.583388e6,-1.0669148934915655,-0.8693272921435614,TIME_LIMIT,359038,0,0,15,11
2,8,1.583545e6,-1.0669068759281257,-0.8693272921435614,TIME_LIMIT,359075,0,0,14,13
2,8,1.583579e6,-1.0669068759281257,-0.8693272921435614,TIME_LIMIT,359091,0,0,5,11
2,8,1.583623e6,-1.066889681864672,-0.8693272921435614,TIME_LIMIT,359114,0,0,11,4
2,8,1.583728e6,-1.066889681864672,-0.8693272921435614,TIME_LIMIT,359140,0,0,19,16
2,8,1.583939e6,-1.0668855320796193,-0.8693272921435614,TIME_LIMIT,359179,0,0,15,12
2,8,1.584095e6,-1.0668855320796193,-0.8693272921435614,TIME_LIMIT,359203,0,0,19,17
2,8,1.584274e6,-1.0668820373891794,-0.8693272921435614,TIME_LIMIT,359234,0,0,27,13
2,8,1.584313e6,-1.0668820373891794,-0.8693272921435614,TIME_LIMIT,359250,0,0,14,8
2,8,1.584356e6,-1.0668818142085332,-0.8693272921435614,TIME_LIMIT,359267,0,0,7,0
2,8,1.584483e6,-1.0668818142085332,-0.8693272921435614,TIME_LIMIT,359289,0,0,21,16
2,8,1.584615e6,-1.066872876020713,-0.8693272921435614,TIME_LIMIT,359325,0,0,20,7
2,8,1.584733e6,-1.066872876020713,-0.8693272921435614,TIME_LIMIT,359344,0,0,17,9
2,8,1.584944e6,-1.0668717616199679,-0.8693272921435614,TIME_LIMIT,359376,0,0,18,4
2,8,1.584997e6,-1.0668717616199679,-0.8693272921435614,TIME_LIMIT,359392,0,0,10,11
2,8,1.5851e6,-1.0668693545302717,-0.8693272921435614,TIME_LIMIT,359411,0,0,9,6
2,8,1.585243e6,-1.0668693545302717,-0.8693272921435614,TIME_LIMIT,359434,0,0,20,24
2,8,1.585482e6,-1.0668683339998994,-0.8693272921435614,TIME_LIMIT,359468,0,0,9,8
2,8,1.585577e6,-1.0668683339998994,-0.8693272921435614,TIME_LIMIT,359487,0,0,12,4
2,8,1.585638e6,-1.0668647632410124,-0.8693272921435614,TIME_LIMIT,359506,0,0,6,3
2,8,1.585796e6,-1.0668647632410124,-0.8693272921435614,TIME_LIMIT,359526,0,0,14,8
2,8,1.585861e6,-1.0668629130026586,-0.8693272921435614,TIME_LIMIT,359551,0,0,8,10
2,8,1.585964e6,-1.0668629130026586,-0.8693272921435614,TIME_LIMIT,359573,0,0,12,22
2,8,1.586034e6,-1.066851899596434,-0.8693272921435614,TIME_LIMIT,359598,0,0,14,7
2,8,1.586226e6,-1.066851899596434,-0.8693272921435614,TIME_LIMIT,359622,0,0,19,18
2,8,1.586454e6,-1.0668482317926482,-0.8693272921435614,TIME_LIMIT,359654,0,0,12,8
2,8,1.586585e6,-1.0668482317926482,-0.8693272921435614,TIME_LIMIT,359673,0,0,19,13
2,8,1.58676e6,-1.0668466857504648,-0.8693272921435614,TIME_LIMIT,359701,0,0,11,8
2,8,1.586906e6,-1.0668466857504648,-0.8693272921435614,TIME_LIMIT,359717,0,0,14,10
2,8,1.586978e6,-1.0668437212735677,-0.8693272921435614,TIME_LIMIT,359737,0,0,5,2
2,8,1.587191e6,-1.0668437212735677,-0.8693272921435614,TIME_LIMIT,359768,0,0,24,18
2,8,1.58741e6,-1.0668384091486747,-0.8693272921435614,TIME_LIMIT,359793,0,0,19,14
2,8,1.587537e6,-1.0668384091486747,-0.8693272921435614,TIME_LIMIT,359818,0,0,15,6
2,8,1.587646e6,-1.0668200377121098,-0.8693272921435614,TIME_LIMIT,359853,0,0,18,10
2,8,1.58779e6,-1.0668200377121098,-0.8693272921435614,TIME_LIMIT,359873,0,0,9,11
2,8,1.587933e6,-1.066819382208247,-0.8693272921435614,TIME_LIMIT,359905,0,0,15,9
2,8,1.587986e6,-1.066819382208247,-0.8693272921435614,TIME_LIMIT,359923,0,0,20,13
2,8,1.588055e6,-1.0668139062546735,-0.8693272921435614,TIME_LIMIT,359951,0,0,10,2
2,8,1.5881e6,-1.0668139062546735,-0.8693272921435614,TIME_LIMIT,359967,0,0,6,4
2,8,1.588137e6,-1.066808121025746,-0.8693272921435614,TIME_LIMIT,359984,0,0,5,5
2,8,1.588262e6,-1.066808121025746,-0.8693272921435614,TIME_LIMIT,360012,0,0,19,10
2,8,1.588333e6,-1.066804590946913,-0.8693272921435614,TIME_LIMIT,360038,0,0,13,12
2,8,1.588526e6,-1.066804590946913,-0.8693272921435614,TIME_LIMIT,360058,0,0,15,13
2,8,1.588646e6,-1.066803670711153,-0.8693272921435614,TIME_LIMIT,360086,0,0,12,8
2,8,1.588865e6,-1.066803670711153,-0.8693272921435614,TIME_LIMIT,360110,0,0,20,17
2,8,1.589009e6,-1.0667964683859048,-0.8693272921435614,TIME_LIMIT,360144,0,0,14,7
2,8,1.589074e6,-1.0667964683859048,-0.8693272921435614,TIME_LIMIT,360160,0,0,8,5
2,8,1.589107e6,-1.0667933873111557,-0.8693272921435614,TIME_LIMIT,360175,0,0,3,4
2,8,1.589146e6,-1.0667933873111557,-0.8693272921435614,TIME_LIMIT,360190,0,0,10,5
2,8,1.58922e6,-1.0667905648205234,-0.8693272921435614,TIME_LIMIT,360216,0,0,9,3
2,8,1.589326e6,-1.0667905648205234,-0.8693272921435614,TIME_LIMIT,360238,0,0,17,12
2,8,1.589552e6,-1.0667881183162096,-0.8693272921435614,TIME_LIMIT,360274,0,0,15,17
2,8,1.589757e6,-1.0667881183162096,-0.8693272921435614,TIME_LIMIT,360300,0,0,21,23
2,8,1.589977e6,-1.0667847660988077,-0.8693272921435614,TIME_LIMIT,360334,0,0,17,6
2,8,1.590042e6,-1.0667847660988077,-0.8693272921435614,TIME_LIMIT,360351,0,0,13,8
2,8,1.590085e6,-1.0667731545493346,-0.8693272921435614,TIME_LIMIT,360374,0,0,5,4
2,8,1.590202e6,-1.0667731545493346,-0.8693272921435614,TIME_LIMIT,360396,0,0,12,20
2,8,1.590422e6,-1.0667621290269578,-0.8693272921435614,TIME_LIMIT,360429,0,0,17,6
2,8,1.59061e6,-1.0667621290269578,-0.8693272921435614,TIME_LIMIT,360450,0,0,14,24
2,8,1.590808e6,-1.066752335581254,-0.8693272921435614,TIME_LIMIT,360484,0,0,12,16
2,8,1.59086e6,-1.066752335581254,-0.8693272921435614,TIME_LIMIT,360499,0,0,13,9
2,8,1.590884e6,-1.066746792503419,-0.8693272921435614,TIME_LIMIT,360519,0,0,9,3
2,8,1.591001e6,-1.066746792503419,-0.8693272921435614,TIME_LIMIT,360544,0,0,20,19
2,8,1.591129e6,-1.0667413282879747,-0.8693272921435614,TIME_LIMIT,360565,0,0,15,9
2,8,1.591346e6,-1.0667413282879747,-0.8693272921435614,TIME_LIMIT,360593,0,0,7,11
2,8,1.591424e6,-1.0667383860059543,-0.8693272921435614,TIME_LIMIT,360625,0,0,14,8
2,8,1.591487e6,-1.0667383860059543,-0.8693272921435614,TIME_LIMIT,360644,0,0,16,8
2,8,1.591583e6,-1.0667353577330472,-0.8693272921435614,TIME_LIMIT,360669,0,0,10,8
2,8,1.591803e6,-1.0667353577330472,-0.8693272921435614,TIME_LIMIT,360693,0,0,12,12
2,8,1.591918e6,-1.0667338657600678,-0.8693272921435614,TIME_LIMIT,360723,0,0,6,4
2,8,1.592142e6,-1.0667338657600678,-0.8693272921435614,TIME_LIMIT,360741,0,0,11,10
2,8,1.592222e6,-1.0667250464798004,-0.8693272921435614,TIME_LIMIT,360765,0,0,7,5
2,8,1.592329e6,-1.0667250464798004,-0.8693272921435614,TIME_LIMIT,360788,0,0,18,9
2,8,1.59244e6,-1.0667183988134177,-0.8693272921435614,TIME_LIMIT,360822,0,0,15,8
2,8,1.592531e6,-1.0667183988134177,-0.8693272921435614,TIME_LIMIT,360845,0,0,16,7
2,8,1.592751e6,-1.0667155811776567,-0.8693272921435614,TIME_LIMIT,360876,0,0,15,8
2,8,1.592891e6,-1.0667155811776567,-0.8693272921435614,TIME_LIMIT,360895,0,0,13,13
2,8,1.593029e6,-1.0667131590724936,-0.8693272921435614,TIME_LIMIT,360926,0,0,15,6
2,8,1.593259e6,-1.0667131590724936,-0.8693272921435614,TIME_LIMIT,360949,0,0,19,22
2,8,1.593483e6,-1.0667127935744352,-0.8693272921435614,TIME_LIMIT,360977,0,0,10,7
2,8,1.593558e6,-1.0667127935744352,-0.8693272921435614,TIME_LIMIT,360998,0,0,14,7
2,8,1.593631e6,-1.0666988927093501,-0.8693272921435614,TIME_LIMIT,361023,0,0,8,3
2,8,1.593683e6,-1.0666988927093501,-0.8693272921435614,TIME_LIMIT,361036,0,0,12,9
2,8,1.593743e6,-1.0666986036177204,-0.8693272921435614,TIME_LIMIT,361060,0,0,11,1
2,8,1.59388e6,-1.0666986036177204,-0.8693272921435614,TIME_LIMIT,361082,0,0,20,14
2,8,1.594051e6,-1.0666952990011227,-0.8693272921435614,TIME_LIMIT,361114,0,0,13,3
2,8,1.594183e6,-1.0666952990011227,-0.8693272921435614,TIME_LIMIT,361133,0,0,20,34
2,8,1.594311e6,-1.0666891504423233,-0.8693272921435614,TIME_LIMIT,361170,0,0,18,8
2,8,1.59445e6,-1.0666891504423233,-0.8693272921435614,TIME_LIMIT,361194,0,0,18,20
2,8,1.594682e6,-1.0666862432296649,-0.8693272921435614,TIME_LIMIT,361227,0,0,14,7
2,8,1.594848e6,-1.0666862432296649,-0.8693272921435614,TIME_LIMIT,361249,0,0,18,11
2,8,1.594987e6,-1.0666779377011562,-0.8693272921435614,TIME_LIMIT,361275,0,0,9,3
2,8,1.595204e6,-1.0666779377011562,-0.8693272921435614,TIME_LIMIT,361301,0,0,21,20
2,8,1.595278e6,-1.066672605917868,-0.8693272921435614,TIME_LIMIT,361327,0,0,15,14
2,8,1.595422e6,-1.066672605917868,-0.8693272921435614,TIME_LIMIT,361353,0,0,20,16
2,8,1.595592e6,-1.0666690295968957,-0.8693272921435614,TIME_LIMIT,361388,0,0,16,8
2,8,1.595711e6,-1.0666690295968957,-0.8693272921435614,TIME_LIMIT,361404,0,0,4,12
2,8,1.595749e6,-1.0666633619039656,-0.8693272921435614,TIME_LIMIT,361427,0,0,11,4
2,8,1.595852e6,-1.0666633619039656,-0.8693272921435614,TIME_LIMIT,361448,0,0,18,14
2,8,1.595916e6,-1.066657242975261,-0.8693272921435614,TIME_LIMIT,361475,0,0,5,4
2,8,1.596032e6,-1.066657242975261,-0.8693272921435614,TIME_LIMIT,361495,0,0,14,12
2,8,1.596142e6,-1.066653417033866,-0.8693272921435614,TIME_LIMIT,361525,0,0,10,5
2,8,1.596234e6,-1.066653417033866,-0.8693272921435614,TIME_LIMIT,361540,0,0,13,8
2,8,1.596307e6,-1.0666502285942308,-0.8693272921435614,TIME_LIMIT,361567,0,0,12,11
2,8,1.596396e6,-1.0666502285942308,-0.8693272921435614,TIME_LIMIT,361587,0,0,13,11
2,8,1.596483e6,-1.0666445968437637,-0.8693272921435614,TIME_LIMIT,361612,0,0,7,2
2,8,1.596563e6,-1.0666445968437637,-0.8693272921435614,TIME_LIMIT,361630,0,0,22,19
2,8,1.596648e6,-1.06662836621293,-0.8693272921435614,TIME_LIMIT,361659,0,0,13,6
2,8,1.596714e6,-1.06662836621293,-0.8693272921435614,TIME_LIMIT,361683,0,0,16,12
2,8,1.596813e6,-1.0666153816264818,-0.8693272921435614,TIME_LIMIT,361715,0,0,13,9
2,8,1.596903e6,-1.0666153816264818,-0.8693272921435614,TIME_LIMIT,361735,0,0,15,15
2,8,1.596993e6,-1.0666067974121907,-0.8693272921435614,TIME_LIMIT,361752,0,0,11,13
2,8,1.597093e6,-1.0666067974121907,-0.8693272921435614,TIME_LIMIT,361773,0,0,12,9
2,8,1.597259e6,-1.0666056088802858,-0.8693272921435614,TIME_LIMIT,361797,0,0,9,8
2,8,1.597479e6,-1.0666056088802858,-0.8693272921435614,TIME_LIMIT,361821,0,0,14,32
2,8,1.597701e6,-1.0666005786260337,-0.8693272921435614,TIME_LIMIT,361854,0,0,12,8
2,8,1.597927e6,-1.0666005786260337,-0.8693272921435614,TIME_LIMIT,361879,0,0,16,11
2,8,1.598133e6,-1.0665891763000803,-0.8693272921435614,TIME_LIMIT,361906,0,0,17,8
2,8,1.598184e6,-1.0665891763000803,-0.8693272921435614,TIME_LIMIT,361923,0,0,14,11
2,8,1.598262e6,-1.0665890218331682,-0.8693272921435614,TIME_LIMIT,361950,0,0,10,5
2,8,1.598482e6,-1.0665890218331682,-0.8693272921435614,TIME_LIMIT,361968,0,0,16,19
2,8,1.598575e6,-1.0665856623203842,-0.8693272921435614,TIME_LIMIT,361990,0,0,14,6
2,8,1.598616e6,-1.0665856623203842,-0.8693272921435614,TIME_LIMIT,362010,0,0,12,7
2,8,1.598675e6,-1.0665807339436741,-0.8693272921435614,TIME_LIMIT,362035,0,0,9,5
2,8,1.598811e6,-1.0665807339436741,-0.8693272921435614,TIME_LIMIT,362063,0,0,26,9
2,8,1.599044e6,-1.0665745383752563,-0.8693272921435614,TIME_LIMIT,362099,0,0,20,5
2,8,1.599174e6,-1.0665745383752563,-0.8693272921435614,TIME_LIMIT,362121,0,0,17,5
2,8,1.599234e6,-1.066557353475365,-0.8693272921435614,TIME_LIMIT,362144,0,0,11,5
2,8,1.599316e6,-1.066557353475365,-0.8693272921435614,TIME_LIMIT,362162,0,0,14,17
2,8,1.599384e6,-1.0665568570435306,-0.8693272921435614,TIME_LIMIT,362191,0,0,12,6
2,8,1.59958e6,-1.0665568570435306,-0.8693272921435614,TIME_LIMIT,362217,0,0,14,26
2,8,1.599782e6,-1.066549730147693,-0.8693272921435614,TIME_LIMIT,362250,0,0,18,9
2,8,1.599868e6,-1.066549730147693,-0.8693272921435614,TIME_LIMIT,362271,0,0,15,5
2,8,1.599956e6,-1.066544300681556,-0.8693272921435614,TIME_LIMIT,362290,0,0,7,3
2,8,1.600084e6,-1.066544300681556,-0.8693272921435614,TIME_LIMIT,362310,0,0,7,6
2,8,1.600129e6,-1.0665413549594323,-0.8693272921435614,TIME_LIMIT,362331,0,0,7,3
2,8,1.600198e6,-1.0665413549594323,-0.8693272921435614,TIME_LIMIT,362354,0,0,22,19
2,8,1.600264e6,-1.066540165598408,-0.8693272921435614,TIME_LIMIT,362373,0,0,11,6
2,8,1.600342e6,-1.066540165598408,-0.8693272921435614,TIME_LIMIT,362392,0,0,14,14
2,8,1.600531e6,-1.0665311290446629,-0.8693272921435614,TIME_LIMIT,362423,0,0,14,7
2,8,1.600563e6,-1.0665311290446629,-0.8693272921435614,TIME_LIMIT,362436,0,0,8,5
2,8,1.6006e6,-1.0665305418979707,-0.8693272921435614,TIME_LIMIT,362453,0,0,3,3
2,8,1.600661e6,-1.0665305418979707,-0.8693272921435614,TIME_LIMIT,362470,0,0,18,8
2,8,1.600748e6,-1.066528727695988,-0.8693272921435614,TIME_LIMIT,362496,0,0,10,6
2,8,1.600916e6,-1.066528727695988,-0.8693272921435614,TIME_LIMIT,362515,0,0,17,12
2,8,1.601086e6,-1.0665162469667153,-0.8693272921435614,TIME_LIMIT,362541,0,0,10,9
2,8,1.601306e6,-1.0665162469667153,-0.8693272921435614,TIME_LIMIT,362564,0,0,20,19
2,8,1.601515e6,-1.0665149424400386,-0.8693272921435614,TIME_LIMIT,362601,0,0,17,4
2,8,1.601663e6,-1.0665149424400386,-0.8693272921435614,TIME_LIMIT,362630,0,0,25,16
2,8,1.601887e6,-1.0665118994136515,-0.8693272921435614,TIME_LIMIT,362660,0,0,14,13
2,8,1.601996e6,-1.0665118994136515,-0.8693272921435614,TIME_LIMIT,362681,0,0,16,9
2,8,1.602063e6,-1.0665097542526012,-0.8693272921435614,TIME_LIMIT,362701,0,0,6,5
2,8,1.602143e6,-1.0665097542526012,-0.8693272921435614,TIME_LIMIT,362724,0,0,23,14
2,8,1.602363e6,-1.0665002405966675,-0.8693272921435614,TIME_LIMIT,362756,0,0,11,8
2,8,1.602401e6,-1.0665002405966675,-0.8693272921435614,TIME_LIMIT,362773,0,0,11,3
2,8,1.602438e6,-1.0664987730745494,-0.8693272921435614,TIME_LIMIT,362792,0,0,7,6
2,8,1.602546e6,-1.0664987730745494,-0.8693272921435614,TIME_LIMIT,362810,0,0,18,9
2,8,1.602628e6,-1.0664973063577858,-0.8693272921435614,TIME_LIMIT,362838,0,0,9,3
2,8,1.602693e6,-1.0664973063577858,-0.8693272921435614,TIME_LIMIT,362863,0,0,13,4
2,8,1.60273e6,-1.0664967017619733,-0.8693272921435614,TIME_LIMIT,362883,0,0,13,12
2,8,1.602772e6,-1.0664967017619733,-0.8693272921435614,TIME_LIMIT,362900,0,0,8,4
2,8,1.602796e6,-1.06648963378939,-0.8693272921435614,TIME_LIMIT,362916,0,0,10,5
2,8,1.602895e6,-1.06648963378939,-0.8693272921435614,TIME_LIMIT,362932,0,0,18,7
2,8,1.603065e6,-1.0664855696846254,-0.8693272921435614,TIME_LIMIT,362962,0,0,12,7
2,8,1.603262e6,-1.0664855696846254,-0.8693272921435614,TIME_LIMIT,362981,0,0,12,5
2,8,1.603486e6,-1.0664839684014962,-0.8693272921435614,TIME_LIMIT,363006,0,0,9,9
2,8,1.603619e6,-1.0664839684014962,-0.8693272921435614,TIME_LIMIT,363029,0,0,17,8
2,8,1.603662e6,-1.0664815776312664,-0.8693272921435614,TIME_LIMIT,363048,0,0,11,5
2,8,1.60374e6,-1.0664815776312664,-0.8693272921435614,TIME_LIMIT,363068,0,0,10,6
2,8,1.60384e6,-1.066466980754756,-0.8693272921435614,TIME_LIMIT,363094,0,0,11,7
2,8,1.603985e6,-1.066466980754756,-0.8693272921435614,TIME_LIMIT,363115,0,0,23,19
2,8,1.604068e6,-1.0664500810035218,-0.8693272921435614,TIME_LIMIT,363146,0,0,12,5
2,8,1.604156e6,-1.0664500810035218,-0.8693272921435614,TIME_LIMIT,363168,0,0,14,9
2,8,1.604345e6,-1.0664436403792,-0.8693272921435614,TIME_LIMIT,363200,0,0,13,10
2,8,1.604504e6,-1.0664436403792,-0.8693272921435614,TIME_LIMIT,363226,0,0,9,21
2,8,1.604632e6,-1.0664411879998785,-0.8693272921435614,TIME_LIMIT,363256,0,0,10,8
2,8,1.604745e6,-1.0664411879998785,-0.8693272921435614,TIME_LIMIT,363281,0,0,15,10
2,8,1.604961e6,-1.066436925792082,-0.8693272921435614,TIME_LIMIT,363315,0,0,13,12
2,8,1.605056e6,-1.066436925792082,-0.8693272921435614,TIME_LIMIT,363332,0,0,15,15
2,8,1.605096e6,-1.0664090304315805,-0.8693272921435614,TIME_LIMIT,363351,0,0,5,3
2,8,1.605241e6,-1.0664090304315805,-0.8693272921435614,TIME_LIMIT,363373,0,0,21,10
2,8,1.605467e6,-1.0664040127493197,-0.8693272921435614,TIME_LIMIT,363413,0,0,13,10
2,8,1.605692e6,-1.0664040127493197,-0.8693272921435614,TIME_LIMIT,363441,0,0,18,13
2,8,1.605908e6,-1.0664023015850572,-0.8693272921435614,TIME_LIMIT,363467,0,0,22,9
2,8,1.60595e6,-1.0664023015850572,-0.8693272921435614,TIME_LIMIT,363479,0,0,13,16
2,8,1.606141e6,-1.0664010785817355,-0.8693272921435614,TIME_LIMIT,363510,0,0,12,8
2,8,1.606322e6,-1.0664010785817355,-0.8693272921435614,TIME_LIMIT,363533,0,0,15,15
2,8,1.606412e6,-1.066395016578206,-0.8693272921435614,TIME_LIMIT,363558,0,0,7,5
2,8,1.606482e6,-1.066395016578206,-0.8693272921435614,TIME_LIMIT,363574,0,0,8,8
2,8,1.606589e6,-1.0663926014245448,-0.8693272921435614,TIME_LIMIT,363611,0,0,18,11
2,8,1.606696e6,-1.0663926014245448,-0.8693272921435614,TIME_LIMIT,363637,0,0,19,9
2,8,1.606798e6,-1.0663883362697204,-0.8693272921435614,TIME_LIMIT,363666,0,0,13,5
2,8,1.606907e6,-1.0663883362697204,-0.8693272921435614,TIME_LIMIT,363689,0,0,5,9
2,8,1.607e6,-1.0663786778910957,-0.8693272921435614,TIME_LIMIT,363718,0,0,14,6
2,8,1.607152e6,-1.0663786778910957,-0.8693272921435614,TIME_LIMIT,363737,0,0,10,10
2,8,1.607376e6,-1.066370753392925,-0.8693272921435614,TIME_LIMIT,363768,0,0,15,5
2,8,1.6076e6,-1.066370753392925,-0.8693272921435614,TIME_LIMIT,363790,0,0,26,10
2,8,1.607752e6,-1.0663686731896627,-0.8693272921435614,TIME_LIMIT,363822,0,0,16,7
2,8,1.607879e6,-1.0663686731896627,-0.8693272921435614,TIME_LIMIT,363849,0,0,18,18
2,8,1.608022e6,-1.0663678927133506,-0.8693272921435614,TIME_LIMIT,363886,0,0,15,11
2,8,1.608067e6,-1.0663678927133506,-0.8693272921435614,TIME_LIMIT,363902,0,0,9,4
2,8,1.608099e6,-1.0663607282236782,-0.8693272921435614,TIME_LIMIT,363918,0,0,5,3
2,8,1.608152e6,-1.0663607282236782,-0.8693272921435614,TIME_LIMIT,363937,0,0,5,2
2,8,1.608186e6,-1.0663497556591528,-0.8693272921435614,TIME_LIMIT,363954,0,0,6,3
2,8,1.608369e6,-1.0663497556591528,-0.8693272921435614,TIME_LIMIT,363980,0,0,23,23
2,8,1.608596e6,-1.0663412183669567,-0.8693272921435614,TIME_LIMIT,364011,0,0,15,8
2,8,1.608725e6,-1.0663412183669567,-0.8693272921435614,TIME_LIMIT,364035,0,0,13,8
2,8,1.60885e6,-1.0663307337817467,-0.8693272921435614,TIME_LIMIT,364056,0,0,4,4
2,8,1.609076e6,-1.0663307337817467,-0.8693272921435614,TIME_LIMIT,364094,0,0,21,9
2,8,1.609208e6,-1.0663300143759242,-0.8693272921435614,TIME_LIMIT,364113,0,0,6,8
2,8,1.609394e6,-1.0663300143759242,-0.8693272921435614,TIME_LIMIT,364132,0,0,18,15
2,8,1.60951e6,-1.0663282081356056,-0.8693272921435614,TIME_LIMIT,364166,0,0,14,6
2,8,1.609623e6,-1.0663282081356056,-0.8693272921435614,TIME_LIMIT,364186,0,0,17,15
2,8,1.609802e6,-1.0663236300975436,-0.8693272921435614,TIME_LIMIT,364220,0,0,16,7
2,8,1.609839e6,-1.0663236300975436,-0.8693272921435614,TIME_LIMIT,364234,0,0,10,6
2,8,1.60986e6,-1.0663192764877365,-0.8693272921435614,TIME_LIMIT,364252,0,0,8,2
2,8,1.610066e6,-1.0663192764877365,-0.8693272921435614,TIME_LIMIT,364275,0,0,22,14
2,8,1.610208e6,-1.0663133493710597,-0.8693272921435614,TIME_LIMIT,364310,0,0,12,10
2,8,1.610355e6,-1.0663133493710597,-0.8693272921435614,TIME_LIMIT,364332,0,0,20,24
2,8,1.610546e6,-1.0663128222304474,-0.8693272921435614,TIME_LIMIT,364369,0,0,16,10
2,8,1.610682e6,-1.0663128222304474,-0.8693272921435614,TIME_LIMIT,364398,0,0,21,32
2,8,1.610911e6,-1.0663126769060853,-0.8693272921435614,TIME_LIMIT,364430,0,0,15,18
2,8,1.610975e6,-1.0663126769060853,-0.8693272921435614,TIME_LIMIT,364448,0,0,16,12
2,8,1.61105e6,-1.0663079578436316,-0.8693272921435614,TIME_LIMIT,364474,0,0,10,4
2,8,1.611146e6,-1.0663079578436316,-0.8693272921435614,TIME_LIMIT,364494,0,0,19,15
2,8,1.611316e6,-1.0663019678627432,-0.8693272921435614,TIME_LIMIT,364531,0,0,16,9
2,8,1.611494e6,-1.0663019678627432,-0.8693272921435614,TIME_LIMIT,364565,0,0,13,15
2,8,1.611613e6,-1.0662998241493777,-0.8693272921435614,TIME_LIMIT,364597,0,0,13,5
2,8,1.611734e6,-1.0662998241493777,-0.8693272921435614,TIME_LIMIT,364628,0,0,17,18
2,8,1.611959e6,-1.0662978313958074,-0.8693272921435614,TIME_LIMIT,364672,0,0,14,7
2,8,1.612107e6,-1.0662978313958074,-0.8693272921435614,TIME_LIMIT,364700,0,0,19,28
2,8,1.612332e6,-1.0662939973156813,-0.8693272921435614,TIME_LIMIT,364733,0,0,13,8
2,8,1.612557e6,-1.0662939973156813,-0.8693272921435614,TIME_LIMIT,364752,0,0,16,22
2,8,1.612683e6,-1.0662799209642801,-0.8693272921435614,TIME_LIMIT,364786,0,0,10,5
2,8,1.612779e6,-1.0662799209642801,-0.8693272921435614,TIME_LIMIT,364814,0,0,13,6
2,8,1.612941e6,-1.0662785576091702,-0.8693272921435614,TIME_LIMIT,364834,0,0,15,12
2,8,1.613039e6,-1.0662785576091702,-0.8693272921435614,TIME_LIMIT,364853,0,0,12,4
2,8,1.613104e6,-1.0662760004632343,-0.8693272921435614,TIME_LIMIT,364876,0,0,8,6
2,8,1.613118e6,-1.0662760004632343,-0.8693272921435614,TIME_LIMIT,364884,0,0,4,2
2,8,1.613135e6,-1.0662733527782926,-0.8693272921435614,TIME_LIMIT,364896,0,0,3,3
2,8,1.61321e6,-1.0662733527782926,-0.8693272921435614,TIME_LIMIT,364921,0,0,17,7
2,8,1.613437e6,-1.0662732274309388,-0.8693272921435614,TIME_LIMIT,364952,0,0,8,12
2,8,1.613589e6,-1.0662732274309388,-0.8693272921435614,TIME_LIMIT,364977,0,0,16,38
2,8,1.613813e6,-1.0662723629866053,-0.8693272921435614,TIME_LIMIT,365015,0,0,16,17
2,8,1.613869e6,-1.0662723629866053,-0.8693272921435614,TIME_LIMIT,365032,0,0,7,7
2,8,1.61389e6,-1.0662635004433394,-0.8693272921435614,TIME_LIMIT,365049,0,0,4,2
2,8,1.613988e6,-1.0662635004433394,-0.8693272921435614,TIME_LIMIT,365069,0,0,14,6
2,8,1.614026e6,-1.0662608433427758,-0.8693272921435614,TIME_LIMIT,365091,0,0,8,2
2,8,1.614252e6,-1.0662608433427758,-0.8693272921435614,TIME_LIMIT,365119,0,0,12,15
2,8,1.614477e6,-1.0662596606691856,-0.8693272921435614,TIME_LIMIT,365150,0,0,14,6
2,8,1.614628e6,-1.0662596606691856,-0.8693272921435614,TIME_LIMIT,365172,0,0,20,17
2,8,1.614777e6,-1.0662561238380488,-0.8693272921435614,TIME_LIMIT,365208,0,0,18,15
2,8,1.614921e6,-1.0662561238380488,-0.8693272921435614,TIME_LIMIT,365232,0,0,12,14
2,8,1.614986e6,-1.0662514055197523,-0.8693272921435614,TIME_LIMIT,365260,0,0,13,5
2,8,1.615014e6,-1.0662514055197523,-0.8693272921435614,TIME_LIMIT,365277,0,0,12,3
2,8,1.615052e6,-1.066247431610755,-0.8693272921435614,TIME_LIMIT,365290,0,0,5,6
2,8,1.61513e6,-1.066247431610755,-0.8693272921435614,TIME_LIMIT,365309,0,0,13,7
2,8,1.615166e6,-1.0662373619803442,-0.8693272921435614,TIME_LIMIT,365327,0,0,9,4
2,8,1.615243e6,-1.0662373619803442,-0.8693272921435614,TIME_LIMIT,365345,0,0,21,10
2,8,1.615316e6,-1.0662332964184407,-0.8693272921435614,TIME_LIMIT,365377,0,0,14,10
2,8,1.615457e6,-1.0662332964184407,-0.8693272921435614,TIME_LIMIT,365406,0,0,20,15
2,8,1.61563e6,-1.0662298036966331,-0.8693272921435614,TIME_LIMIT,365450,0,0,19,12
2,8,1.61571e6,-1.0662298036966331,-0.8693272921435614,TIME_LIMIT,365467,0,0,17,18
2,8,1.615851e6,-1.0662212258889423,-0.8693272921435614,TIME_LIMIT,365497,0,0,2,2
2,8,1.615911e6,-1.0662212258889423,-0.8693272921435614,TIME_LIMIT,365513,0,0,9,7
2,8,1.615995e6,-1.0662167605199964,-0.8693272921435614,TIME_LIMIT,365539,0,0,11,4
2,8,1.616219e6,-1.0662167605199964,-0.8693272921435614,TIME_LIMIT,365557,0,0,17,14
2,8,1.616355e6,-1.0662088634655857,-0.8693272921435614,TIME_LIMIT,365584,0,0,12,8
2,8,1.616438e6,-1.0662088634655857,-0.8693272921435614,TIME_LIMIT,365605,0,0,21,10
2,8,1.616484e6,-1.0662009663172696,-0.8693272921435614,TIME_LIMIT,365635,0,0,6,4
2,8,1.616575e6,-1.0662009663172696,-0.8693272921435614,TIME_LIMIT,365666,0,0,13,4
2,8,1.616659e6,-1.0661986773057541,-0.8693272921435614,TIME_LIMIT,365694,0,0,10,8
2,8,1.616881e6,-1.0661986773057541,-0.8693272921435614,TIME_LIMIT,365717,0,0,17,10
2,8,1.61702e6,-1.0661952683468665,-0.8693272921435614,TIME_LIMIT,365754,0,0,17,7
2,8,1.61723e6,-1.0661952683468665,-0.8693272921435614,TIME_LIMIT,365787,0,0,21,18
2,8,1.617375e6,-1.0661893927181199,-0.8693272921435614,TIME_LIMIT,365814,0,0,15,7
2,8,1.617468e6,-1.0661893927181199,-0.8693272921435614,TIME_LIMIT,365843,0,0,17,24
2,8,1.617555e6,-1.0661881157948152,-0.8693272921435614,TIME_LIMIT,365870,0,0,10,9
2,8,1.617668e6,-1.0661881157948152,-0.8693272921435614,TIME_LIMIT,365891,0,0,16,8
2,8,1.617704e6,-1.0661793813560214,-0.8693272921435614,TIME_LIMIT,365914,0,0,9,3
2,8,1.617807e6,-1.0661793813560214,-0.8693272921435614,TIME_LIMIT,365934,0,0,11,5
2,8,1.617853e6,-1.0661787561767642,-0.8693272921435614,TIME_LIMIT,365958,0,0,10,4
2,8,1.618077e6,-1.0661787561767642,-0.8693272921435614,TIME_LIMIT,365979,0,0,7,10
2,8,1.618134e6,-1.0661746457733114,-0.8693272921435614,TIME_LIMIT,366004,0,0,6,4
2,8,1.618234e6,-1.0661746457733114,-0.8693272921435614,TIME_LIMIT,366021,0,0,19,6
2,8,1.618413e6,-1.0661696639525462,-0.8693272921435614,TIME_LIMIT,366051,0,0,16,13
2,8,1.618557e6,-1.0661696639525462,-0.8693272921435614,TIME_LIMIT,366073,0,0,15,8
2,8,1.61862e6,-1.0661582674606098,-0.8693272921435614,TIME_LIMIT,366096,0,0,9,5
2,8,1.618811e6,-1.0661582674606098,-0.8693272921435614,TIME_LIMIT,366119,0,0,23,18
2,8,1.619027e6,-1.0661580132441497,-0.8693272921435614,TIME_LIMIT,366154,0,0,17,9
2,8,1.619121e6,-1.0661580132441497,-0.8693272921435614,TIME_LIMIT,366176,0,0,15,4
2,8,1.619188e6,-1.0661541258624951,-0.8693272921435614,TIME_LIMIT,366202,0,0,4,5
2,8,1.619284e6,-1.0661541258624951,-0.8693272921435614,TIME_LIMIT,366222,0,0,19,19
2,8,1.619363e6,-1.066150327449652,-0.8693272921435614,TIME_LIMIT,366249,0,0,11,8
2,8,1.619397e6,-1.066150327449652,-0.8693272921435614,TIME_LIMIT,366263,0,0,11,8
2,8,1.619549e6,-1.066149343269061,-0.8693272921435614,TIME_LIMIT,366291,0,0,6,4
2,8,1.619639e6,-1.066149343269061,-0.8693272921435614,TIME_LIMIT,366310,0,0,19,33
2,8,1.61985e6,-1.0661454788252742,-0.8693272921435614,TIME_LIMIT,366343,0,0,11,14
2,8,1.61993e6,-1.0661454788252742,-0.8693272921435614,TIME_LIMIT,366367,0,0,11,15
2,8,1.619993e6,-1.0661410036270844,-0.8693272921435614,TIME_LIMIT,366397,0,0,9,6
2,8,1.620042e6,-1.0661410036270844,-0.8693272921435614,TIME_LIMIT,366413,0,0,9,6
2,8,1.62009e6,-1.0661408992527077,-0.8693272921435614,TIME_LIMIT,366436,0,0,8,7
2,8,1.620266e6,-1.0661408992527077,-0.8693272921435614,TIME_LIMIT,366461,0,0,24,24
2,8,1.620394e6,-1.066134963915125,-0.8693272921435614,TIME_LIMIT,366493,0,0,16,9
2,8,1.620431e6,-1.066134963915125,-0.8693272921435614,TIME_LIMIT,366507,0,0,10,9
2,8,1.620473e6,-1.066134512852786,-0.8693272921435614,TIME_LIMIT,366526,0,0,7,3
2,8,1.620692e6,-1.066134512852786,-0.8693272921435614,TIME_LIMIT,366547,0,0,12,12
2,8,1.620856e6,-1.0661332232480663,-0.8693272921435614,TIME_LIMIT,366575,0,0,18,6
2,8,1.621036e6,-1.0661332232480663,-0.8693272921435614,TIME_LIMIT,366597,0,0,18,6
2,8,1.621144e6,-1.0661311787218346,-0.8693272921435614,TIME_LIMIT,366620,0,0,9,9
2,8,1.621221e6,-1.0661311787218346,-0.8693272921435614,TIME_LIMIT,366644,0,0,17,10
2,8,1.621361e6,-1.0661195403955586,-0.8693272921435614,TIME_LIMIT,366660,0,0,10,7
2,8,1.621419e6,-1.0661195403955586,-0.8693272921435614,TIME_LIMIT,366674,0,0,13,8
2,8,1.621482e6,-1.0661183936124634,-0.8693272921435614,TIME_LIMIT,366701,0,0,10,6
2,8,1.621585e6,-1.0661183936124634,-0.8693272921435614,TIME_LIMIT,366723,0,0,16,20
2,8,1.621702e6,-1.0661129897953496,-0.8693272921435614,TIME_LIMIT,366752,0,0,13,3
2,8,1.621825e6,-1.0661129897953496,-0.8693272921435614,TIME_LIMIT,366771,0,0,8,8
2,8,1.621891e6,-1.0661126853698102,-0.8693272921435614,TIME_LIMIT,366794,0,0,10,1
2,8,1.621964e6,-1.0661126853698102,-0.8693272921435614,TIME_LIMIT,366816,0,0,11,9
2,8,1.622033e6,-1.06611173684108,-0.8693272921435614,TIME_LIMIT,366842,0,0,8,6
2,8,1.622122e6,-1.06611173684108,-0.8693272921435614,TIME_LIMIT,366860,0,0,13,9
2,8,1.622163e6,-1.0661010945372495,-0.8693272921435614,TIME_LIMIT,366880,0,0,11,3
2,8,1.622382e6,-1.0661010945372495,-0.8693272921435614,TIME_LIMIT,366906,0,0,22,18
2,8,1.622606e6,-1.0660974414702415,-0.8693272921435614,TIME_LIMIT,366932,0,0,11,4
2,8,1.622694e6,-1.0660974414702415,-0.8693272921435614,TIME_LIMIT,366947,0,0,13,10
2,8,1.622761e6,-1.066082713721022,-0.8693272921435614,TIME_LIMIT,366972,0,0,13,3
2,8,1.622946e6,-1.066082713721022,-0.8693272921435614,TIME_LIMIT,366999,0,0,17,8
2,8,1.62304e6,-1.0660815418951564,-0.8693272921435614,TIME_LIMIT,367018,0,0,11,11
2,8,1.623169e6,-1.0660815418951564,-0.8693272921435614,TIME_LIMIT,367042,0,0,14,8
2,8,1.62331e6,-1.066063951137643,-0.8693272921435614,TIME_LIMIT,367067,0,0,20,11
2,8,1.623534e6,-1.066063951137643,-0.8693272921435614,TIME_LIMIT,367111,0,0,20,28
2,8,1.623758e6,-1.0660616795461835,-0.8693272921435614,TIME_LIMIT,367133,0,0,16,19
2,8,1.623787e6,-1.0660616795461835,-0.8693272921435614,TIME_LIMIT,367145,0,0,6,3
2,8,1.623802e6,-1.06606039525746,-0.8693272921435614,TIME_LIMIT,367152,0,0,2,5
2,8,1.62385e6,-1.06606039525746,-0.8693272921435614,TIME_LIMIT,367168,0,0,7,6
2,8,1.623879e6,-1.0660514207408371,-0.8693272921435614,TIME_LIMIT,367186,0,0,3,2
2,8,1.624093e6,-1.0660514207408371,-0.8693272921435614,TIME_LIMIT,367208,0,0,14,10
2,8,1.62418e6,-1.066043006667274,-0.8693272921435614,TIME_LIMIT,367236,0,0,3,3
2,8,1.624247e6,-1.066043006667274,-0.8693272921435614,TIME_LIMIT,367256,0,0,19,8
2,8,1.624347e6,-1.0660403036913713,-0.8693272921435614,TIME_LIMIT,367279,0,0,5,3
2,8,1.624382e6,-1.0660403036913713,-0.8693272921435614,TIME_LIMIT,367291,0,0,13,4
2,8,1.624459e6,-1.0660239842714818,-0.8693272921435614,TIME_LIMIT,367317,0,0,12,4
2,8,1.624552e6,-1.0660239842714818,-0.8693272921435614,TIME_LIMIT,367344,0,0,12,7
2,8,1.624703e6,-1.0660208232572552,-0.8693272921435614,TIME_LIMIT,367374,0,0,10,8
2,8,1.624819e6,-1.0660208232572552,-0.8693272921435614,TIME_LIMIT,367390,0,0,12,24
2,8,1.625005e6,-1.0660141298722718,-0.8693272921435614,TIME_LIMIT,367424,0,0,11,8
2,8,1.625227e6,-1.0660141298722718,-0.8693272921435614,TIME_LIMIT,367454,0,0,17,13
2,8,1.625392e6,-1.0660133748255813,-0.8693272921435614,TIME_LIMIT,367489,0,0,16,9
2,8,1.625498e6,-1.0660133748255813,-0.8693272921435614,TIME_LIMIT,367512,0,0,19,11
2,8,1.625587e6,-1.0660055413034961,-0.8693272921435614,TIME_LIMIT,367543,0,0,16,9
2,8,1.625819e6,-1.0660055413034961,-0.8693272921435614,TIME_LIMIT,367561,0,0,16,22
2,8,1.625891e6,-1.0659988156438442,-0.8693272921435614,TIME_LIMIT,367590,0,0,14,2
2,8,1.626008e6,-1.0659988156438442,-0.8693272921435614,TIME_LIMIT,367614,0,0,14,8
2,8,1.626045e6,-1.0659948284716454,-0.8693272921435614,TIME_LIMIT,367636,0,0,10,3
2,8,1.626125e6,-1.0659948284716454,-0.8693272921435614,TIME_LIMIT,367655,0,0,12,11
2,8,1.626185e6,-1.0659837562600893,-0.8693272921435614,TIME_LIMIT,367668,0,0,9,6
2,8,1.626279e6,-1.0659837562600893,-0.8693272921435614,TIME_LIMIT,367685,0,0,18,13
2,8,1.626423e6,-1.0659776956567124,-0.8693272921435614,TIME_LIMIT,367715,0,0,10,14
2,8,1.626602e6,-1.0659776956567124,-0.8693272921435614,TIME_LIMIT,367739,0,0,16,18
2,8,1.62684e6,-1.0659750941152146,-0.8693272921435614,TIME_LIMIT,367778,0,0,18,9
2,8,1.626936e6,-1.0659750941152146,-0.8693272921435614,TIME_LIMIT,367793,0,0,15,6
2,8,1.627013e6,-1.0659718913289327,-0.8693272921435614,TIME_LIMIT,367820,0,0,8,6
2,8,1.627079e6,-1.0659718913289327,-0.8693272921435614,TIME_LIMIT,367836,0,0,16,12
2,8,1.62719e6,-1.065971657800994,-0.8693272921435614,TIME_LIMIT,367858,0,0,9,2
2,8,1.627369e6,-1.065971657800994,-0.8693272921435614,TIME_LIMIT,367884,0,0,23,25
2,8,1.627615e6,-1.0659711543344188,-0.8693272921435614,TIME_LIMIT,367917,0,0,11,4
2,8,1.627756e6,-1.0659711543344188,-0.8693272921435614,TIME_LIMIT,367937,0,0,9,14
2,8,1.627966e6,-1.0659634147317814,-0.8693272921435614,TIME_LIMIT,367970,0,0,9,12
2,8,1.628027e6,-1.0659634147317814,-0.8693272921435614,TIME_LIMIT,367993,0,0,11,6
2,8,1.628102e6,-1.0659521097817093,-0.8693272921435614,TIME_LIMIT,368012,0,0,9,9
2,8,1.628286e6,-1.0659521097817093,-0.8693272921435614,TIME_LIMIT,368030,0,0,6,11
2,8,1.628372e6,-1.0659509939673404,-0.8693272921435614,TIME_LIMIT,368055,0,0,10,4
2,8,1.628593e6,-1.0659509939673404,-0.8693272921435614,TIME_LIMIT,368079,0,0,20,30
2,8,1.628815e6,-1.0659492409976425,-0.8693272921435614,TIME_LIMIT,368114,0,0,16,3
2,8,1.629037e6,-1.0659492409976425,-0.8693272921435614,TIME_LIMIT,368138,0,0,21,19
2,8,1.62918e6,-1.0659416943827718,-0.8693272921435614,TIME_LIMIT,368171,0,0,10,9
2,8,1.62936e6,-1.0659416943827718,-0.8693272921435614,TIME_LIMIT,368196,0,0,21,14
2,8,1.629596e6,-1.0659396179556526,-0.8693272921435614,TIME_LIMIT,368236,0,0,14,12
2,8,1.629634e6,-1.0659396179556526,-0.8693272921435614,TIME_LIMIT,368249,0,0,8,6
2,8,1.629671e6,-1.0659331478245258,-0.8693272921435614,TIME_LIMIT,368264,0,0,6,2
2,8,1.629777e6,-1.0659331478245258,-0.8693272921435614,TIME_LIMIT,368281,0,0,11,10
2,8,1.629935e6,-1.065932196490268,-0.8693272921435614,TIME_LIMIT,368315,0,0,14,6
2,8,1.630163e6,-1.065932196490268,-0.8693272921435614,TIME_LIMIT,368340,0,0,21,13
2,8,1.630296e6,-1.0659312010286444,-0.8693272921435614,TIME_LIMIT,368375,0,0,15,9
2,8,1.630327e6,-1.0659312010286444,-0.8693272921435614,TIME_LIMIT,368388,0,0,7,2
2,8,1.630343e6,-1.0659261198551109,-0.8693272921435614,TIME_LIMIT,368399,0,0,2,1
2,8,1.630566e6,-1.0659261198551109,-0.8693272921435614,TIME_LIMIT,368425,0,0,22,17
2,8,1.630811e6,-1.0659224247180907,-0.8693272921435614,TIME_LIMIT,368457,0,0,11,10
2,8,1.630977e6,-1.0659224247180907,-0.8693272921435614,TIME_LIMIT,368483,0,0,22,17
2,8,1.631214e6,-1.065913568912137,-0.8693272921435614,TIME_LIMIT,368526,0,0,15,9
2,8,1.631409e6,-1.065913568912137,-0.8693272921435614,TIME_LIMIT,368545,0,0,9,14
2,8,1.631519e6,-1.065909622936701,-0.8693272921435614,TIME_LIMIT,368580,0,0,14,6
2,8,1.631648e6,-1.065909622936701,-0.8693272921435614,TIME_LIMIT,368603,0,0,16,27
2,8,1.631827e6,-1.0659058447705982,-0.8693272921435614,TIME_LIMIT,368630,0,0,13,4
2,8,1.631891e6,-1.0659058447705982,-0.8693272921435614,TIME_LIMIT,368646,0,0,7,4
2,8,1.632032e6,-1.0658868587523789,-0.8693272921435614,TIME_LIMIT,368677,0,0,12,8
2,8,1.632172e6,-1.0658868587523789,-0.8693272921435614,TIME_LIMIT,368696,0,0,15,6
2,8,1.632304e6,-1.0658697117409788,-0.8693272921435614,TIME_LIMIT,368728,0,0,14,5
2,8,1.632521e6,-1.0658697117409788,-0.8693272921435614,TIME_LIMIT,368754,0,0,21,14
2,8,1.632639e6,-1.065865677722298,-0.8693272921435614,TIME_LIMIT,368788,0,0,19,12
2,8,1.632779e6,-1.065865677722298,-0.8693272921435614,TIME_LIMIT,368815,0,0,7,9
2,8,1.63289e6,-1.0658583206082426,-0.8693272921435614,TIME_LIMIT,368849,0,0,17,7
2,8,1.632934e6,-1.0658583206082426,-0.8693272921435614,TIME_LIMIT,368865,0,0,18,9
2,8,1.633037e6,-1.0658557435661686,-0.8693272921435614,TIME_LIMIT,368897,0,0,7,4
2,8,1.633088e6,-1.0658557435661686,-0.8693272921435614,TIME_LIMIT,368915,0,0,8,6
2,8,1.633112e6,-1.0658426991003869,-0.8693272921435614,TIME_LIMIT,368933,0,0,6,3
2,8,1.633263e6,-1.0658426991003869,-0.8693272921435614,TIME_LIMIT,368954,0,0,18,16
2,8,1.633458e6,-1.0658417891413605,-0.8693272921435614,TIME_LIMIT,368991,0,0,19,12
2,8,1.633565e6,-1.0658417891413605,-0.8693272921435614,TIME_LIMIT,369015,0,0,16,16
2,8,1.633732e6,-1.0658393582566927,-0.8693272921435614,TIME_LIMIT,369048,0,0,13,6
2,8,1.633805e6,-1.0658393582566927,-0.8693272921435614,TIME_LIMIT,369071,0,0,15,9
2,8,1.633953e6,-1.0658390404147282,-0.8693272921435614,TIME_LIMIT,369095,0,0,11,10
2,8,1.634168e6,-1.0658390404147282,-0.8693272921435614,TIME_LIMIT,369122,0,0,24,19
2,8,1.634344e6,-1.0658323669929948,-0.8693272921435614,TIME_LIMIT,369158,0,0,9,6
2,8,1.634496e6,-1.0658323669929948,-0.8693272921435614,TIME_LIMIT,369182,0,0,14,8
2,8,1.634711e6,-1.0658164146569218,-0.8693272921435614,TIME_LIMIT,369216,0,0,18,6
2,8,1.63484e6,-1.0658164146569218,-0.8693272921435614,TIME_LIMIT,369231,0,0,13,5
2,8,1.634903e6,-1.0658135579587638,-0.8693272921435614,TIME_LIMIT,369257,0,0,4,4
2,8,1.6351e6,-1.0658135579587638,-0.8693272921435614,TIME_LIMIT,369284,0,0,20,18
2,8,1.635338e6,-1.0658075901736066,-0.8693272921435614,TIME_LIMIT,369313,0,0,15,6
2,8,1.63557e6,-1.0658075901736066,-0.8693272921435614,TIME_LIMIT,369336,0,0,22,12
2,8,1.635809e6,-1.0657991713618662,-0.8693272921435614,TIME_LIMIT,369367,0,0,17,11
2,8,1.63592e6,-1.0657991713618662,-0.8693272921435614,TIME_LIMIT,369387,0,0,17,9
2,8,1.636027e6,-1.0657890708567925,-0.8693272921435614,TIME_LIMIT,369420,0,0,15,7
2,8,1.636253e6,-1.0657890708567925,-0.8693272921435614,TIME_LIMIT,369445,0,0,24,27
2,8,1.636464e6,-1.0657872785130604,-0.8693272921435614,TIME_LIMIT,369470,0,0,27,15
2,8,1.636687e6,-1.0657872785130604,-0.8693272921435614,TIME_LIMIT,369495,0,0,18,41
2,8,1.636917e6,-1.065786650073783,-0.8693272921435614,TIME_LIMIT,369531,0,0,18,10
2,8,1.636985e6,-1.065786650073783,-0.8693272921435614,TIME_LIMIT,369550,0,0,19,11
2,8,1.637122e6,-1.0657833693164633,-0.8693272921435614,TIME_LIMIT,369583,0,0,19,7
2,8,1.637187e6,-1.0657833693164633,-0.8693272921435614,TIME_LIMIT,369600,0,0,12,9
2,8,1.637224e6,-1.065780307904566,-0.8693272921435614,TIME_LIMIT,369618,0,0,9,2
2,8,1.637363e6,-1.065780307904566,-0.8693272921435614,TIME_LIMIT,369641,0,0,16,16
2,8,1.637555e6,-1.065776898573779,-0.8693272921435614,TIME_LIMIT,369673,0,0,14,9
2,8,1.637786e6,-1.065776898573779,-0.8693272921435614,TIME_LIMIT,369700,0,0,31,16
2,8,1.638e6,-1.0657761023622903,-0.8693272921435614,TIME_LIMIT,369742,0,0,20,6
2,8,1.63812e6,-1.0657761023622903,-0.8693272921435614,TIME_LIMIT,369765,0,0,14,11
2,8,1.638334e6,-1.0657644082989237,-0.8693272921435614,TIME_LIMIT,369797,0,0,17,17
2,8,1.638416e6,-1.0657644082989237,-0.8693272921435614,TIME_LIMIT,369815,0,0,14,25
2,8,1.638545e6,-1.0657633628416578,-0.8693272921435614,TIME_LIMIT,369848,0,0,18,4
2,8,1.638658e6,-1.0657633628416578,-0.8693272921435614,TIME_LIMIT,369870,0,0,18,10
2,8,1.638804e6,-1.065762426562702,-0.8693272921435614,TIME_LIMIT,369899,0,0,13,6
2,8,1.639035e6,-1.065762426562702,-0.8693272921435614,TIME_LIMIT,369926,0,0,23,9
2,8,1.639272e6,-1.065761203139467,-0.8693272921435614,TIME_LIMIT,369959,0,0,17,9
2,8,1.639509e6,-1.065761203139467,-0.8693272921435614,TIME_LIMIT,369987,0,0,10,13
2,8,1.639748e6,-1.0657598533377786,-0.8693272921435614,TIME_LIMIT,370020,0,0,10,12
2,8,1.639969e6,-1.0657598533377786,-0.8693272921435614,TIME_LIMIT,370044,0,0,21,14
2,8,1.640042e6,-1.0657559257560953,-0.8693272921435614,TIME_LIMIT,370075,0,0,13,5
2,8,1.640079e6,-1.0657559257560953,-0.8693272921435614,TIME_LIMIT,370090,0,0,13,6
2,8,1.640131e6,-1.0657496856458561,-0.8693272921435614,TIME_LIMIT,370109,0,0,7,2
2,8,1.640325e6,-1.0657496856458561,-0.8693272921435614,TIME_LIMIT,370134,0,0,21,24
2,8,1.640472e6,-1.0657419184933348,-0.8693272921435614,TIME_LIMIT,370165,0,0,13,9
2,8,1.640662e6,-1.0657419184933348,-0.8693272921435614,TIME_LIMIT,370188,0,0,9,4
2,8,1.640769e6,-1.0657348853337836,-0.8693272921435614,TIME_LIMIT,370216,0,0,16,3
2,8,1.640859e6,-1.0657348853337836,-0.8693272921435614,TIME_LIMIT,370241,0,0,18,13
2,8,1.640929e6,-1.0657323278096982,-0.8693272921435614,TIME_LIMIT,370259,0,0,14,8
2,8,1.641116e6,-1.0657323278096982,-0.8693272921435614,TIME_LIMIT,370282,0,0,13,9
2,8,1.641352e6,-1.0657271234151238,-0.8693272921435614,TIME_LIMIT,370314,0,0,14,10
2,8,1.641431e6,-1.0657271234151238,-0.8693272921435614,TIME_LIMIT,370334,0,0,20,13
2,8,1.641536e6,-1.0657270290912506,-0.8693272921435614,TIME_LIMIT,370365,0,0,14,6
2,8,1.641577e6,-1.0657270290912506,-0.8693272921435614,TIME_LIMIT,370384,0,0,9,9
2,8,1.641607e6,-1.0657270127874183,-0.8693272921435614,TIME_LIMIT,370398,0,0,3,0
2,8,1.641704e6,-1.0657270127874183,-0.8693272921435614,TIME_LIMIT,370417,0,0,19,14
2,8,1.641859e6,-1.0657214337763286,-0.8693272921435614,TIME_LIMIT,370446,0,0,12,10
2,8,1.642103e6,-1.0657214337763286,-0.8693272921435614,TIME_LIMIT,370470,0,0,9,9
2,8,1.642259e6,-1.0657057822556972,-0.8693272921435614,TIME_LIMIT,370500,0,0,9,12
2,8,1.642458e6,-1.0657057822556972,-0.8693272921435614,TIME_LIMIT,370527,0,0,25,12
2,8,1.642638e6,-1.0657007694735086,-0.8693272921435614,TIME_LIMIT,370559,0,0,12,6
2,8,1.642794e6,-1.0657007694735086,-0.8693272921435614,TIME_LIMIT,370580,0,0,10,9
2,8,1.642903e6,-1.0656963417921221,-0.8693272921435614,TIME_LIMIT,370604,0,0,7,11
2,8,1.643141e6,-1.0656963417921221,-0.8693272921435614,TIME_LIMIT,370625,0,0,17,18
2,8,1.643322e6,-1.0656932584017933,-0.8693272921435614,TIME_LIMIT,370657,0,0,11,3
2,8,1.643515e6,-1.0656932584017933,-0.8693272921435614,TIME_LIMIT,370686,0,0,17,13
2,8,1.643599e6,-1.0656902037540903,-0.8693272921435614,TIME_LIMIT,370708,0,0,8,6
2,8,1.643806e6,-1.0656902037540903,-0.8693272921435614,TIME_LIMIT,370727,0,0,13,10
2,8,1.643973e6,-1.065689299405261,-0.8693272921435614,TIME_LIMIT,370757,0,0,11,7
2,8,1.644126e6,-1.065689299405261,-0.8693272921435614,TIME_LIMIT,370780,0,0,10,8
2,8,1.644163e6,-1.0656874946053447,-0.8693272921435614,TIME_LIMIT,370791,0,0,6,2
2,8,1.644381e6,-1.0656874946053447,-0.8693272921435614,TIME_LIMIT,370817,0,0,16,20
2,8,1.644603e6,-1.0656759296198048,-0.8693272921435614,TIME_LIMIT,370858,0,0,9,14
2,8,1.644741e6,-1.0656759296198048,-0.8693272921435614,TIME_LIMIT,370878,0,0,24,16
2,8,1.644852e6,-1.065671459862445,-0.8693272921435614,TIME_LIMIT,370905,0,0,10,9
2,8,1.644946e6,-1.065671459862445,-0.8693272921435614,TIME_LIMIT,370929,0,0,13,7
2,8,1.645013e6,-1.0656617178834817,-0.8693272921435614,TIME_LIMIT,370952,0,0,17,9
2,8,1.645208e6,-1.0656617178834817,-0.8693272921435614,TIME_LIMIT,370971,0,0,13,10
2,8,1.645447e6,-1.0656572077366584,-0.8693272921435614,TIME_LIMIT,371001,0,0,11,8
2,8,1.645578e6,-1.0656572077366584,-0.8693272921435614,TIME_LIMIT,371022,0,0,15,8
2,8,1.645645e6,-1.0656566580433358,-0.8693272921435614,TIME_LIMIT,371049,0,0,11,4
2,8,1.645813e6,-1.0656566580433358,-0.8693272921435614,TIME_LIMIT,371068,0,0,17,12
2,8,1.646e6,-1.0656497359479862,-0.8693272921435614,TIME_LIMIT,371096,0,0,11,8
2,8,1.646166e6,-1.0656497359479862,-0.8693272921435614,TIME_LIMIT,371121,0,0,12,28
2,8,1.646314e6,-1.0656213574368185,-0.8693272921435614,TIME_LIMIT,371146,0,0,10,4
2,8,1.646469e6,-1.0656213574368185,-0.8693272921435614,TIME_LIMIT,371164,0,0,13,13
2,8,1.646699e6,-1.0656190666047762,-0.8693272921435614,TIME_LIMIT,371194,0,0,14,5
2,8,1.646758e6,-1.0656190666047762,-0.8693272921435614,TIME_LIMIT,371213,0,0,18,14
2,8,1.646825e6,-1.0656170685625546,-0.8693272921435614,TIME_LIMIT,371241,0,0,10,6
2,8,1.646978e6,-1.0656170685625546,-0.8693272921435614,TIME_LIMIT,371262,0,0,22,10
2,8,1.647074e6,-1.0656145826954528,-0.8693272921435614,TIME_LIMIT,371296,0,0,13,5
2,8,1.647305e6,-1.0656145826954528,-0.8693272921435614,TIME_LIMIT,371318,0,0,18,33
2,8,1.64753e6,-1.0656140333952007,-0.8693272921435614,TIME_LIMIT,371362,0,0,21,11
2,8,1.64764e6,-1.0656140333952007,-0.8693272921435614,TIME_LIMIT,371384,0,0,22,18
2,8,1.647761e6,-1.065607453231914,-0.8693272921435614,TIME_LIMIT,371417,0,0,15,5
2,8,1.647983e6,-1.065607453231914,-0.8693272921435614,TIME_LIMIT,371438,0,0,16,22
2,8,1.648111e6,-1.0656033241598184,-0.8693272921435614,TIME_LIMIT,371469,0,0,11,12
2,8,1.648177e6,-1.0656033241598184,-0.8693272921435614,TIME_LIMIT,371487,0,0,15,6
2,8,1.648269e6,-1.0655936606999532,-0.8693272921435614,TIME_LIMIT,371508,0,0,5,6
2,8,1.64837e6,-1.0655936606999532,-0.8693272921435614,TIME_LIMIT,371530,0,0,10,10
2,8,1.6484e6,-1.0655815445192995,-0.8693272921435614,TIME_LIMIT,371543,0,0,1,2
2,8,1.648475e6,-1.0655815445192995,-0.8693272921435614,TIME_LIMIT,371562,0,0,14,15
2,8,1.648695e6,-1.065572993540646,-0.8693272921435614,TIME_LIMIT,371595,0,0,19,11
2,8,1.648936e6,-1.065572993540646,-0.8693272921435614,TIME_LIMIT,371620,0,0,20,14
2,8,1.649117e6,-1.0655681575246487,-0.8693272921435614,TIME_LIMIT,371655,0,0,14,8
2,8,1.649253e6,-1.0655681575246487,-0.8693272921435614,TIME_LIMIT,371673,0,0,10,6
2,8,1.649314e6,-1.0655651640359078,-0.8693272921435614,TIME_LIMIT,371702,0,0,6,3
2,8,1.649438e6,-1.0655651640359078,-0.8693272921435614,TIME_LIMIT,371724,0,0,24,16
2,8,1.649548e6,-1.0655639963205958,-0.8693272921435614,TIME_LIMIT,371760,0,0,17,7
2,8,1.649727e6,-1.0655639963205958,-0.8693272921435614,TIME_LIMIT,371785,0,0,13,9
2,8,1.649959e6,-1.0655551591161543,-0.8693272921435614,TIME_LIMIT,371825,0,0,14,5
2,8,1.650077e6,-1.0655551591161543,-0.8693272921435614,TIME_LIMIT,371850,0,0,22,25
2,8,1.650255e6,-1.0655550710763841,-0.8693272921435614,TIME_LIMIT,371891,0,0,21,11
2,8,1.650334e6,-1.0655550710763841,-0.8693272921435614,TIME_LIMIT,371915,0,0,10,12
2,8,1.650466e6,-1.0655515049455924,-0.8693272921435614,TIME_LIMIT,371944,0,0,11,8
2,8,1.650514e6,-1.0655515049455924,-0.8693272921435614,TIME_LIMIT,371958,0,0,5,6
2,8,1.65062e6,-1.0655454060587604,-0.8693272921435614,TIME_LIMIT,371983,0,0,11,3
2,8,1.650859e6,-1.0655454060587604,-0.8693272921435614,TIME_LIMIT,371999,0,0,16,24
2,8,1.651097e6,-1.0655447789383785,-0.8693272921435614,TIME_LIMIT,372035,0,0,13,19
2,8,1.65125e6,-1.0655447789383785,-0.8693272921435614,TIME_LIMIT,372058,0,0,22,22
2,8,1.651447e6,-1.0655270648489534,-0.8693272921435614,TIME_LIMIT,372095,0,0,16,8
2,8,1.651504e6,-1.0655270648489534,-0.8693272921435614,TIME_LIMIT,372115,0,0,9,8
2,8,1.651531e6,-1.065523535173237,-0.8693272921435614,TIME_LIMIT,372134,0,0,4,5
2,8,1.651688e6,-1.065523535173237,-0.8693272921435614,TIME_LIMIT,372158,0,0,15,13
2,8,1.651732e6,-1.065517629135445,-0.8693272921435614,TIME_LIMIT,372181,0,0,4,3
2,8,1.651796e6,-1.065517629135445,-0.8693272921435614,TIME_LIMIT,372201,0,0,16,18
2,8,1.651858e6,-1.0654910843418217,-0.8693272921435614,TIME_LIMIT,372223,0,0,7,3
2,8,1.651939e6,-1.0654910843418217,-0.8693272921435614,TIME_LIMIT,372242,0,0,9,6
2,8,1.652015e6,-1.06548975249662,-0.8693272921435614,TIME_LIMIT,372267,0,0,4,3
2,8,1.652243e6,-1.06548975249662,-0.8693272921435614,TIME_LIMIT,372289,0,0,15,5
2,8,1.652473e6,-1.065483648104653,-0.8693272921435614,TIME_LIMIT,372327,0,0,19,19
2,8,1.652707e6,-1.065483648104653,-0.8693272921435614,TIME_LIMIT,372356,0,0,21,24
2,8,1.652872e6,-1.0654686385999446,-0.8693272921435614,TIME_LIMIT,372391,0,0,13,10
2,8,1.65304e6,-1.0654686385999446,-0.8693272921435614,TIME_LIMIT,372418,0,0,15,24
2,8,1.65326e6,-1.0654649745350528,-0.8693272921435614,TIME_LIMIT,372460,0,0,20,26
2,8,1.65349e6,-1.0654649745350528,-0.8693272921435614,TIME_LIMIT,372489,0,0,15,12
2,8,1.653611e6,-1.0654584182416926,-0.8693272921435614,TIME_LIMIT,372517,0,0,18,10
2,8,1.653732e6,-1.0654584182416926,-0.8693272921435614,TIME_LIMIT,372534,0,0,6,15
2,8,1.653849e6,-1.0654572970355833,-0.8693272921435614,TIME_LIMIT,372567,0,0,12,7
2,8,1.654074e6,-1.0654572970355833,-0.8693272921435614,TIME_LIMIT,372594,0,0,12,16
2,8,1.654129e6,-1.0654549549319023,-0.8693272921435614,TIME_LIMIT,372619,0,0,8,7
2,8,1.654287e6,-1.0654549549319023,-0.8693272921435614,TIME_LIMIT,372650,0,0,18,22
2,8,1.654483e6,-1.0654443342121347,-0.8693272921435614,TIME_LIMIT,372679,0,0,10,9
2,8,1.654587e6,-1.0654443342121347,-0.8693272921435614,TIME_LIMIT,372700,0,0,18,14
2,8,1.654671e6,-1.0654213857368184,-0.8693272921435614,TIME_LIMIT,372730,0,0,14,4
2,8,1.654763e6,-1.0654213857368184,-0.8693272921435614,TIME_LIMIT,372749,0,0,17,14
2,8,1.654808e6,-1.065418254750283,-0.8693272921435614,TIME_LIMIT,372774,0,0,9,2
2,8,1.654881e6,-1.065418254750283,-0.8693272921435614,TIME_LIMIT,372788,0,0,15,17
2,8,1.655095e6,-1.0654135811911298,-0.8693272921435614,TIME_LIMIT,372825,0,0,17,10
2,8,1.655268e6,-1.0654135811911298,-0.8693272921435614,TIME_LIMIT,372846,0,0,13,36
2,8,1.65545e6,-1.0654123000031142,-0.8693272921435614,TIME_LIMIT,372884,0,0,17,11
2,8,1.655618e6,-1.0654123000031142,-0.8693272921435614,TIME_LIMIT,372899,0,0,15,10
2,8,1.655715e6,-1.0654113403782184,-0.8693272921435614,TIME_LIMIT,372926,0,0,12,7
2,8,1.655933e6,-1.0654113403782184,-0.8693272921435614,TIME_LIMIT,372950,0,0,19,15
2,8,1.656139e6,-1.0654072717737533,-0.8693272921435614,TIME_LIMIT,372982,0,0,13,7
2,8,1.656257e6,-1.0654072717737533,-0.8693272921435614,TIME_LIMIT,372998,0,0,18,24
2,8,1.656457e6,-1.065395124780125,-0.8693272921435614,TIME_LIMIT,373034,0,0,18,3
2,8,1.656551e6,-1.065395124780125,-0.8693272921435614,TIME_LIMIT,373056,0,0,18,6
2,8,1.65659e6,-1.0653947570201634,-0.8693272921435614,TIME_LIMIT,373079,0,0,4,2
2,8,1.65669e6,-1.0653947570201634,-0.8693272921435614,TIME_LIMIT,373108,0,0,22,7
2,8,1.656772e6,-1.0653928039157265,-0.8693272921435614,TIME_LIMIT,373131,0,0,6,15
2,8,1.656927e6,-1.0653928039157265,-0.8693272921435614,TIME_LIMIT,373148,0,0,18,14
2,8,1.657165e6,-1.065387221239158,-0.8693272921435614,TIME_LIMIT,373179,0,0,12,7
2,8,1.657394e6,-1.065387221239158,-0.8693272921435614,TIME_LIMIT,373194,0,0,11,15
2,8,1.657631e6,-1.0653848044040974,-0.8693272921435614,TIME_LIMIT,373224,0,0,14,8
2,8,1.657745e6,-1.0653848044040974,-0.8693272921435614,TIME_LIMIT,373246,0,0,20,11
2,8,1.657851e6,-1.0653830521040488,-0.8693272921435614,TIME_LIMIT,373276,0,0,10,7
2,8,1.658067e6,-1.0653830521040488,-0.8693272921435614,TIME_LIMIT,373296,0,0,11,12
2,8,1.658151e6,-1.0653812418190696,-0.8693272921435614,TIME_LIMIT,373320,0,0,10,4
2,8,1.658237e6,-1.0653812418190696,-0.8693272921435614,TIME_LIMIT,373341,0,0,19,13
2,8,1.65832e6,-1.0653787608350185,-0.8693272921435614,TIME_LIMIT,373371,0,0,12,5
2,8,1.658451e6,-1.0653787608350185,-0.8693272921435614,TIME_LIMIT,373398,0,0,13,6
2,8,1.658509e6,-1.0653755434597167,-0.8693272921435614,TIME_LIMIT,373420,0,0,11,9
2,8,1.658557e6,-1.0653755434597167,-0.8693272921435614,TIME_LIMIT,373441,0,0,17,10
2,8,1.658666e6,-1.0653734722194406,-0.8693272921435614,TIME_LIMIT,373473,0,0,14,7
2,8,1.658772e6,-1.0653734722194406,-0.8693272921435614,TIME_LIMIT,373495,0,0,24,10
2,8,1.658943e6,-1.0653718486657393,-0.8693272921435614,TIME_LIMIT,373527,0,0,9,11
2,8,1.659012e6,-1.0653718486657393,-0.8693272921435614,TIME_LIMIT,373547,0,0,16,5
2,8,1.659051e6,-1.0653618035736927,-0.8693272921435614,TIME_LIMIT,373570,0,0,10,8
2,8,1.659268e6,-1.0653618035736927,-0.8693272921435614,TIME_LIMIT,373592,0,0,18,20
2,8,1.659489e6,-1.0653592268262744,-0.8693272921435614,TIME_LIMIT,373626,0,0,14,11
2,8,1.659619e6,-1.0653592268262744,-0.8693272921435614,TIME_LIMIT,373649,0,0,17,10
2,8,1.659769e6,-1.0653377710924088,-0.8693272921435614,TIME_LIMIT,373679,0,0,10,7
2,8,1.659979e6,-1.0653377710924088,-0.8693272921435614,TIME_LIMIT,373704,0,0,16,15
2,8,1.660161e6,-1.065330229739105,-0.8693272921435614,TIME_LIMIT,373742,0,0,17,6
2,8,1.660219e6,-1.065330229739105,-0.8693272921435614,TIME_LIMIT,373760,0,0,17,7
2,8,1.660317e6,-1.0653225161858968,-0.8693272921435614,TIME_LIMIT,373787,0,0,13,1
2,8,1.660381e6,-1.0653225161858968,-0.8693272921435614,TIME_LIMIT,373803,0,0,15,16
2,8,1.660597e6,-1.065322036265188,-0.8693272921435614,TIME_LIMIT,373840,0,0,15,12
2,8,1.660769e6,-1.065322036265188,-0.8693272921435614,TIME_LIMIT,373870,0,0,23,14
2,8,1.660887e6,-1.0653182493501268,-0.8693272921435614,TIME_LIMIT,373899,0,0,11,7
2,8,1.661014e6,-1.0653182493501268,-0.8693272921435614,TIME_LIMIT,373922,0,0,13,20
2,8,1.661146e6,-1.0653148623888011,-0.8693272921435614,TIME_LIMIT,373952,0,0,10,5
2,8,1.661212e6,-1.0653148623888011,-0.8693272921435614,TIME_LIMIT,373967,0,0,15,4
2,8,1.661263e6,-1.0653130064026597,-0.8693272921435614,TIME_LIMIT,373990,0,0,10,4
2,8,1.661337e6,-1.0653130064026597,-0.8693272921435614,TIME_LIMIT,374011,0,0,11,17
2,8,1.66143e6,-1.0653064696804315,-0.8693272921435614,TIME_LIMIT,374032,0,0,13,10
2,8,1.661643e6,-1.0653064696804315,-0.8693272921435614,TIME_LIMIT,374061,0,0,22,16
2,8,1.66178e6,-1.0653048416419977,-0.8693272921435614,TIME_LIMIT,374098,0,0,16,10
2,8,1.662017e6,-1.0653048416419977,-0.8693272921435614,TIME_LIMIT,374125,0,0,22,11
2,8,1.662164e6,-1.0652991599768487,-0.8693272921435614,TIME_LIMIT,374154,0,0,12,6
2,8,1.662323e6,-1.0652991599768487,-0.8693272921435614,TIME_LIMIT,374178,0,0,11,20
2,8,1.662561e6,-1.065278463936966,-0.8693272921435614,TIME_LIMIT,374212,0,0,12,12
2,8,1.662666e6,-1.065278463936966,-0.8693272921435614,TIME_LIMIT,374228,0,0,16,9
2,8,1.662787e6,-1.0652751387735555,-0.8693272921435614,TIME_LIMIT,374253,0,0,13,1
2,8,1.662951e6,-1.0652751387735555,-0.8693272921435614,TIME_LIMIT,374275,0,0,16,9
2,8,1.663018e6,-1.0652661237755232,-0.8693272921435614,TIME_LIMIT,374298,0,0,13,9
2,8,1.663234e6,-1.0652661237755232,-0.8693272921435614,TIME_LIMIT,374316,0,0,19,29
2,8,1.663462e6,-1.065258147183679,-0.8693272921435614,TIME_LIMIT,374348,0,0,12,13
2,8,1.663527e6,-1.065258147183679,-0.8693272921435614,TIME_LIMIT,374363,0,0,14,9
2,8,1.66358e6,-1.0652565592304162,-0.8693272921435614,TIME_LIMIT,374387,0,0,12,4
2,8,1.663687e6,-1.0652565592304162,-0.8693272921435614,TIME_LIMIT,374409,0,0,15,11
2,8,1.663898e6,-1.065254101838946,-0.8693272921435614,TIME_LIMIT,374439,0,0,10,3
2,8,1.664134e6,-1.065254101838946,-0.8693272921435614,TIME_LIMIT,374460,0,0,22,28
2,8,1.66437e6,-1.0652463138279842,-0.8693272921435614,TIME_LIMIT,374491,0,0,13,8
2,8,1.664607e6,-1.0652463138279842,-0.8693272921435614,TIME_LIMIT,374515,0,0,19,21
2,8,1.664798e6,-1.0652387097128813,-0.8693272921435614,TIME_LIMIT,374547,0,0,16,6
2,8,1.664884e6,-1.0652387097128813,-0.8693272921435614,TIME_LIMIT,374563,0,0,7,7
2,8,1.664928e6,-1.0652366140077518,-0.8693272921435614,TIME_LIMIT,374583,0,0,7,6
2,8,1.664997e6,-1.0652366140077518,-0.8693272921435614,TIME_LIMIT,374598,0,0,9,7
2,8,1.665098e6,-1.065232493344764,-0.8693272921435614,TIME_LIMIT,374624,0,0,10,5
2,8,1.665268e6,-1.065232493344764,-0.8693272921435614,TIME_LIMIT,374648,0,0,19,13
2,8,1.665442e6,-1.0652176126695485,-0.8693272921435614,TIME_LIMIT,374681,0,0,5,4
2,8,1.665672e6,-1.0652176126695485,-0.8693272921435614,TIME_LIMIT,374703,0,0,24,19
2,8,1.665867e6,-1.0652087509613632,-0.8693272921435614,TIME_LIMIT,374735,0,0,13,10
2,8,1.666105e6,-1.0652087509613632,-0.8693272921435614,TIME_LIMIT,374761,0,0,22,28
2,8,1.666288e6,-1.0651996134537467,-0.8693272921435614,TIME_LIMIT,374795,0,0,19,8
2,8,1.666418e6,-1.0651996134537467,-0.8693272921435614,TIME_LIMIT,374816,0,0,18,22
2,8,1.666534e6,-1.0651987844147794,-0.8693272921435614,TIME_LIMIT,374850,0,0,20,4
2,8,1.666689e6,-1.0651987844147794,-0.8693272921435614,TIME_LIMIT,374878,0,0,21,20
2,8,1.666912e6,-1.065197461866314,-0.8693272921435614,TIME_LIMIT,374910,0,0,13,11
2,8,1.667133e6,-1.065197461866314,-0.8693272921435614,TIME_LIMIT,374942,0,0,25,9
2,8,1.667222e6,-1.065176437161232,-0.8693272921435614,TIME_LIMIT,374964,0,0,21,9
2,8,1.667443e6,-1.065176437161232,-0.8693272921435614,TIME_LIMIT,374988,0,0,13,15
2,8,1.667595e6,-1.0651762115185508,-0.8693272921435614,TIME_LIMIT,375016,0,0,21,9
2,8,1.667788e6,-1.0651762115185508,-0.8693272921435614,TIME_LIMIT,375040,0,0,27,22
2,8,1.667958e6,-1.0651728991513163,-0.8693272921435614,TIME_LIMIT,375081,0,0,20,6
2,8,1.668115e6,-1.0651728991513163,-0.8693272921435614,TIME_LIMIT,375104,0,0,23,13
2,8,1.668352e6,-1.0651718114244662,-0.8693272921435614,TIME_LIMIT,375137,0,0,17,8
2,8,1.668478e6,-1.0651718114244662,-0.8693272921435614,TIME_LIMIT,375158,0,0,3,8
2,8,1.668623e6,-1.0651642855276586,-0.8693272921435614,TIME_LIMIT,375182,0,0,10,4
2,8,1.668696e6,-1.0651642855276586,-0.8693272921435614,TIME_LIMIT,375203,0,0,14,16
2,8,1.668903e6,-1.0651608711934575,-0.8693272921435614,TIME_LIMIT,375231,0,0,14,6
2,8,1.669113e6,-1.0651608711934575,-0.8693272921435614,TIME_LIMIT,375256,0,0,17,23
2,8,1.66935e6,-1.0651594138552494,-0.8693272921435614,TIME_LIMIT,375290,0,0,7,11
2,8,1.669413e6,-1.0651594138552494,-0.8693272921435614,TIME_LIMIT,375307,0,0,11,11
2,8,1.669463e6,-1.065157939950149,-0.8693272921435614,TIME_LIMIT,375323,0,0,6,6
2,8,1.669546e6,-1.065157939950149,-0.8693272921435614,TIME_LIMIT,375343,0,0,9,16
2,8,1.669653e6,-1.0651557509786538,-0.8693272921435614,TIME_LIMIT,375365,0,0,7,1
2,8,1.669751e6,-1.0651557509786538,-0.8693272921435614,TIME_LIMIT,375379,0,0,11,13
2,8,1.66988e6,-1.0651494369398113,-0.8693272921435614,TIME_LIMIT,375414,0,0,18,3
2,8,1.670036e6,-1.0651494369398113,-0.8693272921435614,TIME_LIMIT,375433,0,0,10,9
2,8,1.670097e6,-1.0651247334398142,-0.8693272921435614,TIME_LIMIT,375450,0,0,6,5
2,8,1.670147e6,-1.0651247334398142,-0.8693272921435614,TIME_LIMIT,375466,0,0,10,3
2,8,1.670183e6,-1.0651231979266758,-0.8693272921435614,TIME_LIMIT,375481,0,0,6,2
2,8,1.670232e6,-1.0651231979266758,-0.8693272921435614,TIME_LIMIT,375498,0,0,6,5
2,8,1.670265e6,-1.0651208291208158,-0.8693272921435614,TIME_LIMIT,375510,0,0,4,5
2,8,1.670318e6,-1.0651208291208158,-0.8693272921435614,TIME_LIMIT,375530,0,0,9,5
2,8,1.670363e6,-1.0651206547217047,-0.8693272921435614,TIME_LIMIT,375549,0,0,10,1
2,8,1.670464e6,-1.0651206547217047,-0.8693272921435614,TIME_LIMIT,375570,0,0,13,14
2,8,1.67052e6,-1.0651196257193511,-0.8693272921435614,TIME_LIMIT,375592,0,0,8,4
2,8,1.670557e6,-1.0651196257193511,-0.8693272921435614,TIME_LIMIT,375608,0,0,13,9
2,8,1.670703e6,-1.0651155463781616,-0.8693272921435614,TIME_LIMIT,375639,0,0,8,11
2,8,1.670824e6,-1.0651155463781616,-0.8693272921435614,TIME_LIMIT,375664,0,0,22,13
2,8,1.670988e6,-1.0651087692071166,-0.8693272921435614,TIME_LIMIT,375699,0,0,13,9
2,8,1.671158e6,-1.0651087692071166,-0.8693272921435614,TIME_LIMIT,375722,0,0,13,15
2,8,1.67124e6,-1.0651037901712999,-0.8693272921435614,TIME_LIMIT,375744,0,0,10,2
2,8,1.671306e6,-1.0651037901712999,-0.8693272921435614,TIME_LIMIT,375764,0,0,15,10
2,8,1.671451e6,-1.0650964514566517,-0.8693272921435614,TIME_LIMIT,375788,0,0,10,4
2,8,1.671529e6,-1.0650964514566517,-0.8693272921435614,TIME_LIMIT,375812,0,0,16,5
2,8,1.671573e6,-1.06509496598762,-0.8693272921435614,TIME_LIMIT,375832,0,0,13,5
2,8,1.67164e6,-1.06509496598762,-0.8693272921435614,TIME_LIMIT,375855,0,0,17,8
2,8,1.671875e6,-1.0650849090139403,-0.8693272921435614,TIME_LIMIT,375890,0,0,16,11
2,8,1.671948e6,-1.0650849090139403,-0.8693272921435614,TIME_LIMIT,375909,0,0,16,14
2,8,1.672107e6,-1.0650770608770677,-0.8693272921435614,TIME_LIMIT,375936,0,0,15,6
2,8,1.67233e6,-1.0650770608770677,-0.8693272921435614,TIME_LIMIT,375956,0,0,16,15
2,8,1.672575e6,-1.0650767168724222,-0.8693272921435614,TIME_LIMIT,375991,0,0,15,14
2,8,1.67277e6,-1.0650767168724222,-0.8693272921435614,TIME_LIMIT,376017,0,0,18,17
2,8,1.672968e6,-1.0650696026654851,-0.8693272921435614,TIME_LIMIT,376047,0,0,14,5
2,8,1.673145e6,-1.0650696026654851,-0.8693272921435614,TIME_LIMIT,376063,0,0,15,8
2,8,1.673296e6,-1.065066469163226,-0.8693272921435614,TIME_LIMIT,376096,0,0,13,10
2,8,1.673394e6,-1.065066469163226,-0.8693272921435614,TIME_LIMIT,376117,0,0,12,16
2,8,1.67351e6,-1.0650628429724946,-0.8693272921435614,TIME_LIMIT,376142,0,0,9,6
2,8,1.673627e6,-1.0650628429724946,-0.8693272921435614,TIME_LIMIT,376162,0,0,18,11
2,8,1.673693e6,-1.065062192457706,-0.8693272921435614,TIME_LIMIT,376191,0,0,11,3
2,8,1.673808e6,-1.065062192457706,-0.8693272921435614,TIME_LIMIT,376213,0,0,12,3
2,8,1.673855e6,-1.0650596630362992,-0.8693272921435614,TIME_LIMIT,376231,0,0,13,4
2,8,1.673948e6,-1.0650596630362992,-0.8693272921435614,TIME_LIMIT,376250,0,0,15,8
2,8,1.67407e6,-1.0650537361765304,-0.8693272921435614,TIME_LIMIT,376287,0,0,15,9
2,8,1.67426e6,-1.0650537361765304,-0.8693272921435614,TIME_LIMIT,376315,0,0,18,25
2,8,1.674365e6,-1.0650501911421655,-0.8693272921435614,TIME_LIMIT,376342,0,0,10,7
2,8,1.674461e6,-1.0650501911421655,-0.8693272921435614,TIME_LIMIT,376363,0,0,12,8
2,8,1.67456e6,-1.0650474747956116,-0.8693272921435614,TIME_LIMIT,376385,0,0,9,9
2,8,1.674735e6,-1.0650474747956116,-0.8693272921435614,TIME_LIMIT,376410,0,0,18,14
2,8,1.674889e6,-1.0650417688856995,-0.8693272921435614,TIME_LIMIT,376447,0,0,19,9
2,8,1.675004e6,-1.0650417688856995,-0.8693272921435614,TIME_LIMIT,376467,0,0,8,18
2,8,1.675226e6,-1.0650366387653196,-0.8693272921435614,TIME_LIMIT,376504,0,0,14,5
2,8,1.675271e6,-1.0650366387653196,-0.8693272921435614,TIME_LIMIT,376521,0,0,7,4
2,8,1.675305e6,-1.0650358784110896,-0.8693272921435614,TIME_LIMIT,376539,0,0,6,3
2,8,1.675533e6,-1.0650358784110896,-0.8693272921435614,TIME_LIMIT,376564,0,0,14,17
2,8,1.675677e6,-1.0650333353218373,-0.8693272921435614,TIME_LIMIT,376592,0,0,10,5
2,8,1.675922e6,-1.0650333353218373,-0.8693272921435614,TIME_LIMIT,376618,0,0,23,19
2,8,1.676127e6,-1.065022691380435,-0.8693272921435614,TIME_LIMIT,376654,0,0,19,7
2,8,1.676357e6,-1.065022691380435,-0.8693272921435614,TIME_LIMIT,376684,0,0,26,13
2,8,1.67645e6,-1.0650198740491832,-0.8693272921435614,TIME_LIMIT,376720,0,0,17,8
2,8,1.676522e6,-1.0650198740491832,-0.8693272921435614,TIME_LIMIT,376744,0,0,14,3
2,8,1.676571e6,-1.065019590391993,-0.8693272921435614,TIME_LIMIT,376759,0,0,13,7
2,8,1.676679e6,-1.065019590391993,-0.8693272921435614,TIME_LIMIT,376781,0,0,12,8
2,8,1.676794e6,-1.0650170076078402,-0.8693272921435614,TIME_LIMIT,376803,0,0,7,9
2,8,1.676882e6,-1.0650170076078402,-0.8693272921435614,TIME_LIMIT,376824,0,0,3,13
2,8,1.676953e6,-1.0649943034222766,-0.8693272921435614,TIME_LIMIT,376844,0,0,7,3
2,8,1.676998e6,-1.0649943034222766,-0.8693272921435614,TIME_LIMIT,376857,0,0,13,8
2,8,1.677107e6,-1.064984678165608,-0.8693272921435614,TIME_LIMIT,376883,0,0,8,5
2,8,1.677344e6,-1.064984678165608,-0.8693272921435614,TIME_LIMIT,376903,0,0,23,33
2,8,1.677581e6,-1.064979057597003,-0.8693272921435614,TIME_LIMIT,376936,0,0,18,13
2,8,1.677757e6,-1.064979057597003,-0.8693272921435614,TIME_LIMIT,376957,0,0,17,23
2,8,1.677925e6,-1.0649668856843868,-0.8693272921435614,TIME_LIMIT,376986,0,0,16,9
2,8,1.678106e6,-1.0649668856843868,-0.8693272921435614,TIME_LIMIT,377015,0,0,17,13
2,8,1.678197e6,-1.064964439904572,-0.8693272921435614,TIME_LIMIT,377044,0,0,14,4
2,8,1.678348e6,-1.064964439904572,-0.8693272921435614,TIME_LIMIT,377067,0,0,21,15
2,8,1.678514e6,-1.0649641415807296,-0.8693272921435614,TIME_LIMIT,377103,0,0,20,4
2,8,1.678734e6,-1.0649641415807296,-0.8693272921435614,TIME_LIMIT,377126,0,0,11,20
2,8,1.678854e6,-1.064959925933158,-0.8693272921435614,TIME_LIMIT,377160,0,0,15,10
2,8,1.678934e6,-1.064959925933158,-0.8693272921435614,TIME_LIMIT,377177,0,0,14,7
2,8,1.678977e6,-1.0649485130013128,-0.8693272921435614,TIME_LIMIT,377202,0,0,11,4
2,8,1.679076e6,-1.0649485130013128,-0.8693272921435614,TIME_LIMIT,377226,0,0,13,6
2,8,1.679152e6,-1.0649433862734532,-0.8693272921435614,TIME_LIMIT,377238,0,0,6,11
2,8,1.679344e6,-1.0649433862734532,-0.8693272921435614,TIME_LIMIT,377266,0,0,5,7
2,8,1.67947e6,-1.06493806384818,-0.8693272921435614,TIME_LIMIT,377290,0,0,11,11
2,8,1.679622e6,-1.06493806384818,-0.8693272921435614,TIME_LIMIT,377316,0,0,19,17
2,8,1.679857e6,-1.0649371397030967,-0.8693272921435614,TIME_LIMIT,377347,0,0,18,9
2,8,1.67999e6,-1.0649371397030967,-0.8693272921435614,TIME_LIMIT,377366,0,0,14,32
2,8,1.680186e6,-1.0649329083130947,-0.8693272921435614,TIME_LIMIT,377404,0,0,23,16
2,8,1.680223e6,-1.0649329083130947,-0.8693272921435614,TIME_LIMIT,377414,0,0,8,7
2,8,1.680265e6,-1.064932809195759,-0.8693272921435614,TIME_LIMIT,377435,0,0,5,7
2,8,1.680318e6,-1.064932809195759,-0.8693272921435614,TIME_LIMIT,377453,0,0,5,2
2,8,1.680334e6,-1.0649313373396971,-0.8693272921435614,TIME_LIMIT,377464,0,0,4,3
2,8,1.680526e6,-1.0649313373396971,-0.8693272921435614,TIME_LIMIT,377486,0,0,10,12
2,8,1.680705e6,-1.064928785665327,-0.8693272921435614,TIME_LIMIT,377514,0,0,10,7
2,8,1.68075e6,-1.064928785665327,-0.8693272921435614,TIME_LIMIT,377534,0,0,10,10
2,8,1.680853e6,-1.0649217446207526,-0.8693272921435614,TIME_LIMIT,377559,0,0,6,4
2,8,1.680909e6,-1.0649217446207526,-0.8693272921435614,TIME_LIMIT,377579,0,0,16,13
2,8,1.680964e6,-1.0649191543911303,-0.8693272921435614,TIME_LIMIT,377604,0,0,9,5
2,8,1.681136e6,-1.0649191543911303,-0.8693272921435614,TIME_LIMIT,377631,0,0,18,12
2,8,1.681208e6,-1.0649062868985237,-0.8693272921435614,TIME_LIMIT,377659,0,0,21,10
2,8,1.681417e6,-1.0649062868985237,-0.8693272921435614,TIME_LIMIT,377684,0,0,17,10
2,8,1.681489e6,-1.0649057302298441,-0.8693272921435614,TIME_LIMIT,377712,0,0,6,4
2,8,1.681681e6,-1.0649057302298441,-0.8693272921435614,TIME_LIMIT,377731,0,0,11,12
2,8,1.681768e6,-1.0649049594412885,-0.8693272921435614,TIME_LIMIT,377760,0,0,15,7
2,8,1.681913e6,-1.0649049594412885,-0.8693272921435614,TIME_LIMIT,377782,0,0,22,14
2,8,1.682007e6,-1.0649020330557375,-0.8693272921435614,TIME_LIMIT,377817,0,0,19,5
2,8,1.682113e6,-1.0649020330557375,-0.8693272921435614,TIME_LIMIT,377838,0,0,15,16
2,8,1.68218e6,-1.0649008037320882,-0.8693272921435614,TIME_LIMIT,377866,0,0,10,8
2,8,1.682394e6,-1.0649008037320882,-0.8693272921435614,TIME_LIMIT,377895,0,0,15,12
2,8,1.682535e6,-1.06489479724866,-0.8693272921435614,TIME_LIMIT,377924,0,0,12,6
2,8,1.68262e6,-1.06489479724866,-0.8693272921435614,TIME_LIMIT,377946,0,0,16,8
2,8,1.682667e6,-1.0648932891051268,-0.8693272921435614,TIME_LIMIT,377967,0,0,8,5
2,8,1.682884e6,-1.0648932891051268,-0.8693272921435614,TIME_LIMIT,377986,0,0,12,18
2,8,1.683106e6,-1.064893234805969,-0.8693272921435614,TIME_LIMIT,378020,0,0,12,4
2,8,1.683178e6,-1.064893234805969,-0.8693272921435614,TIME_LIMIT,378040,0,0,14,10
2,8,1.683259e6,-1.0648921662617958,-0.8693272921435614,TIME_LIMIT,378064,0,0,12,6
2,8,1.683404e6,-1.0648921662617958,-0.8693272921435614,TIME_LIMIT,378094,0,0,13,20
2,8,1.683537e6,-1.0648917176522525,-0.8693272921435614,TIME_LIMIT,378124,0,0,22,18
2,8,1.683737e6,-1.0648917176522525,-0.8693272921435614,TIME_LIMIT,378144,0,0,10,8
2,8,1.683805e6,-1.0648916691626618,-0.8693272921435614,TIME_LIMIT,378169,0,0,8,10
2,8,1.683924e6,-1.0648916691626618,-0.8693272921435614,TIME_LIMIT,378196,0,0,16,27
2,8,1.684021e6,-1.064884920633633,-0.8693272921435614,TIME_LIMIT,378229,0,0,17,5
2,8,1.684173e6,-1.064884920633633,-0.8693272921435614,TIME_LIMIT,378258,0,0,17,10
2,8,1.684337e6,-1.0648816657939197,-0.8693272921435614,TIME_LIMIT,378284,0,0,18,6
2,8,1.684367e6,-1.0648816657939197,-0.8693272921435614,TIME_LIMIT,378297,0,0,9,3
2,8,1.684384e6,-1.0648704306151713,-0.8693272921435614,TIME_LIMIT,378308,0,0,3,1
2,8,1.684584e6,-1.0648704306151713,-0.8693272921435614,TIME_LIMIT,378334,0,0,9,8
2,8,1.684717e6,-1.0648605117792482,-0.8693272921435614,TIME_LIMIT,378353,0,0,13,20
2,8,1.684786e6,-1.0648605117792482,-0.8693272921435614,TIME_LIMIT,378375,0,0,17,15
2,8,1.684876e6,-1.0648602384323147,-0.8693272921435614,TIME_LIMIT,378405,0,0,8,4
2,8,1.684962e6,-1.0648602384323147,-0.8693272921435614,TIME_LIMIT,378433,0,0,11,7
2,8,1.685019e6,-1.064856801595445,-0.8693272921435614,TIME_LIMIT,378452,0,0,10,11
2,8,1.685078e6,-1.064856801595445,-0.8693272921435614,TIME_LIMIT,378470,0,0,15,4
2,8,1.685119e6,-1.0648546459710326,-0.8693272921435614,TIME_LIMIT,378492,0,0,11,3
2,8,1.685239e6,-1.0648546459710326,-0.8693272921435614,TIME_LIMIT,378511,0,0,12,11
2,8,1.685307e6,-1.0648456481696837,-0.8693272921435614,TIME_LIMIT,378537,0,0,12,4
2,8,1.685424e6,-1.0648456481696837,-0.8693272921435614,TIME_LIMIT,378557,0,0,13,17
2,8,1.685599e6,-1.064836460327166,-0.8693272921435614,TIME_LIMIT,378587,0,0,11,10
2,8,1.685638e6,-1.064836460327166,-0.8693272921435614,TIME_LIMIT,378606,0,0,19,9
2,8,1.685746e6,-1.0648266035864542,-0.8693272921435614,TIME_LIMIT,378631,0,0,9,8
2,8,1.685899e6,-1.0648266035864542,-0.8693272921435614,TIME_LIMIT,378653,0,0,12,12
2,8,1.686002e6,-1.0648099436179121,-0.8693272921435614,TIME_LIMIT,378682,0,0,15,8
2,8,1.686073e6,-1.0648099436179121,-0.8693272921435614,TIME_LIMIT,378699,0,0,12,23
2,8,1.68627e6,-1.0648086011364597,-0.8693272921435614,TIME_LIMIT,378733,0,0,8,7
2,8,1.686491e6,-1.0648086011364597,-0.8693272921435614,TIME_LIMIT,378758,0,0,26,19
2,8,1.686666e6,-1.0648071489831556,-0.8693272921435614,TIME_LIMIT,378794,0,0,16,7
2,8,1.686741e6,-1.0648071489831556,-0.8693272921435614,TIME_LIMIT,378818,0,0,20,13
2,8,1.686865e6,-1.0647945353497974,-0.8693272921435614,TIME_LIMIT,378847,0,0,11,5
2,8,1.686931e6,-1.0647945353497974,-0.8693272921435614,TIME_LIMIT,378867,0,0,14,8
2,8,1.687108e6,-1.0647929095134736,-0.8693272921435614,TIME_LIMIT,378897,0,0,12,6
2,8,1.687254e6,-1.0647929095134736,-0.8693272921435614,TIME_LIMIT,378917,0,0,26,34
2,8,1.687452e6,-1.0647889604781917,-0.8693272921435614,TIME_LIMIT,378957,0,0,21,8
2,8,1.687672e6,-1.0647889604781917,-0.8693272921435614,TIME_LIMIT,378979,0,0,20,15
2,8,1.687838e6,-1.0647888396720904,-0.8693272921435614,TIME_LIMIT,379015,0,0,18,9
2,8,1.687919e6,-1.0647888396720904,-0.8693272921435614,TIME_LIMIT,379032,0,0,12,4
2,8,1.68796e6,-1.064787892320704,-0.8693272921435614,TIME_LIMIT,379049,0,0,10,4
2,8,1.687997e6,-1.064787892320704,-0.8693272921435614,TIME_LIMIT,379063,0,0,14,5
2,8,1.688063e6,-1.0647875634119677,-0.8693272921435614,TIME_LIMIT,379087,0,0,11,11
2,8,1.688127e6,-1.0647875634119677,-0.8693272921435614,TIME_LIMIT,379107,0,0,19,12
2,8,1.688252e6,-1.0647864568436363,-0.8693272921435614,TIME_LIMIT,379138,0,0,10,6
2,8,1.688407e6,-1.0647864568436363,-0.8693272921435614,TIME_LIMIT,379162,0,0,19,30
2,8,1.688571e6,-1.0647806657484113,-0.8693272921435614,TIME_LIMIT,379193,0,0,16,12
2,8,1.688614e6,-1.0647806657484113,-0.8693272921435614,TIME_LIMIT,379210,0,0,10,5
2,8,1.688728e6,-1.0647605732805343,-0.8693272921435614,TIME_LIMIT,379234,0,0,4,2
2,8,1.688836e6,-1.0647605732805343,-0.8693272921435614,TIME_LIMIT,379263,0,0,21,7
2,8,1.689058e6,-1.0647511421196878,-0.8693272921435614,TIME_LIMIT,379293,0,0,15,11
2,8,1.689155e6,-1.0647511421196878,-0.8693272921435614,TIME_LIMIT,379323,0,0,23,13
2,8,1.689274e6,-1.0647372353599724,-0.8693272921435614,TIME_LIMIT,379355,0,0,4,6
2,8,1.689465e6,-1.0647372353599724,-0.8693272921435614,TIME_LIMIT,379381,0,0,14,19
2,8,1.689668e6,-1.0647335739940003,-0.8693272921435614,TIME_LIMIT,379415,0,0,13,6
2,8,1.689772e6,-1.0647335739940003,-0.8693272921435614,TIME_LIMIT,379438,0,0,21,11
2,8,1.689882e6,-1.0647215153575633,-0.8693272921435614,TIME_LIMIT,379468,0,0,14,12
2,8,1.69008e6,-1.0647215153575633,-0.8693272921435614,TIME_LIMIT,379502,0,0,25,20
2,8,1.6903e6,-1.0647127105174592,-0.8693272921435614,TIME_LIMIT,379532,0,0,9,8
2,8,1.690527e6,-1.0647127105174592,-0.8693272921435614,TIME_LIMIT,379561,0,0,17,26
2,8,1.690601e6,-1.0647116162414236,-0.8693272921435614,TIME_LIMIT,379593,0,0,14,2
2,8,1.690764e6,-1.0647116162414236,-0.8693272921435614,TIME_LIMIT,379618,0,0,20,19
2,8,1.690974e6,-1.0647072287924848,-0.8693272921435614,TIME_LIMIT,379651,0,0,8,15
2,8,1.691087e6,-1.0647072287924848,-0.8693272921435614,TIME_LIMIT,379672,0,0,18,17
2,8,1.69131e6,-1.0647038774190132,-0.8693272921435614,TIME_LIMIT,379701,0,0,13,7
2,8,1.691385e6,-1.0647038774190132,-0.8693272921435614,TIME_LIMIT,379724,0,0,19,10
2,8,1.69154e6,-1.0647004812808105,-0.8693272921435614,TIME_LIMIT,379751,0,0,13,8
2,8,1.691763e6,-1.0647004812808105,-0.8693272921435614,TIME_LIMIT,379781,0,0,12,8
2,8,1.691849e6,-1.064700476512589,-0.8693272921435614,TIME_LIMIT,379805,0,0,12,9
2,8,1.692038e6,-1.064700476512589,-0.8693272921435614,TIME_LIMIT,379825,0,0,11,7
2,8,1.692263e6,-1.0646976950185987,-0.8693272921435614,TIME_LIMIT,379859,0,0,12,14
2,8,1.692425e6,-1.0646976950185987,-0.8693272921435614,TIME_LIMIT,379879,0,0,9,9
2,8,1.692536e6,-1.0646958948780343,-0.8693272921435614,TIME_LIMIT,379905,0,0,4,5
2,8,1.692659e6,-1.0646958948780343,-0.8693272921435614,TIME_LIMIT,379923,0,0,11,10
2,8,1.69269e6,-1.0646890914465614,-0.8693272921435614,TIME_LIMIT,379941,0,0,5,3
2,8,1.69283e6,-1.0646890914465614,-0.8693272921435614,TIME_LIMIT,379962,0,0,13,14
2,8,1.693015e6,-1.064670638531421,-0.8693272921435614,TIME_LIMIT,379993,0,0,15,7
2,8,1.69314e6,-1.064670638531421,-0.8693272921435614,TIME_LIMIT,380016,0,0,20,12
2,8,1.69325e6,-1.0646679103065901,-0.8693272921435614,TIME_LIMIT,380050,0,0,13,12
2,8,1.693284e6,-1.0646679103065901,-0.8693272921435614,TIME_LIMIT,380067,0,0,9,8
2,8,1.693312e6,-1.0646571911917946,-0.8693272921435614,TIME_LIMIT,380080,0,0,4,2
2,8,1.693362e6,-1.0646571911917946,-0.8693272921435614,TIME_LIMIT,380100,0,0,11,9
2,8,1.693419e6,-1.0646565179553624,-0.8693272921435614,TIME_LIMIT,380121,0,0,8,5
2,8,1.693471e6,-1.0646565179553624,-0.8693272921435614,TIME_LIMIT,380144,0,0,14,6
2,8,1.693515e6,-1.0646456275383618,-0.8693272921435614,TIME_LIMIT,380161,0,0,3,2
2,8,1.693611e6,-1.0646456275383618,-0.8693272921435614,TIME_LIMIT,380187,0,0,9,15
2,8,1.693649e6,-1.0646450409066759,-0.8693272921435614,TIME_LIMIT,380205,0,0,6,9
2,8,1.693824e6,-1.0646450409066759,-0.8693272921435614,TIME_LIMIT,380228,0,0,9,12
2,8,1.693863e6,-1.0646442076792337,-0.8693272921435614,TIME_LIMIT,380239,0,0,9,4
2,8,1.693967e6,-1.0646442076792337,-0.8693272921435614,TIME_LIMIT,380261,0,0,18,13
2,8,1.694033e6,-1.0646415013377055,-0.8693272921435614,TIME_LIMIT,380288,0,0,14,7
2,8,1.69409e6,-1.0646415013377055,-0.8693272921435614,TIME_LIMIT,380303,0,0,12,7
2,8,1.694244e6,-1.0646413492340336,-0.8693272921435614,TIME_LIMIT,380327,0,0,10,6
2,8,1.694461e6,-1.0646413492340336,-0.8693272921435614,TIME_LIMIT,380356,0,0,19,18
2,8,1.694553e6,-1.0646409247632165,-0.8693272921435614,TIME_LIMIT,380379,0,0,18,16
2,8,1.694766e6,-1.0646409247632165,-0.8693272921435614,TIME_LIMIT,380404,0,0,23,20
2,8,1.694993e6,-1.064632884196204,-0.8693272921435614,TIME_LIMIT,380437,0,0,19,15
2,8,1.695207e6,-1.064632884196204,-0.8693272921435614,TIME_LIMIT,380464,0,0,23,17
2,8,1.695365e6,-1.0646248394297322,-0.8693272921435614,TIME_LIMIT,380499,0,0,21,10
2,8,1.695425e6,-1.0646248394297322,-0.8693272921435614,TIME_LIMIT,380519,0,0,16,13
2,8,1.695474e6,-1.0646204989500414,-0.8693272921435614,TIME_LIMIT,380536,0,0,7,4
2,8,1.695634e6,-1.0646204989500414,-0.8693272921435614,TIME_LIMIT,380557,0,0,12,17
2,8,1.695847e6,-1.0646159073685142,-0.8693272921435614,TIME_LIMIT,380595,0,0,10,4
2,8,1.695913e6,-1.0646159073685142,-0.8693272921435614,TIME_LIMIT,380620,0,0,15,5
2,8,1.695931e6,-1.0646092245891907,-0.8693272921435614,TIME_LIMIT,380631,0,0,6,2
2,8,1.696144e6,-1.0646092245891907,-0.8693272921435614,TIME_LIMIT,380655,0,0,22,12
2,8,1.696362e6,-1.064599146314962,-0.8693272921435614,TIME_LIMIT,380681,0,0,11,8
2,8,1.6964e6,-1.064599146314962,-0.8693272921435614,TIME_LIMIT,380698,0,0,13,8
2,8,1.696446e6,-1.064595867575333,-0.8693272921435614,TIME_LIMIT,380718,0,0,7,3
2,8,1.696481e6,-1.064595867575333,-0.8693272921435614,TIME_LIMIT,380733,0,0,12,13
2,8,1.69657e6,-1.0645928524485988,-0.8693272921435614,TIME_LIMIT,380766,0,0,7,2
2,8,1.696749e6,-1.0645928524485988,-0.8693272921435614,TIME_LIMIT,380782,0,0,18,11
2,8,1.696824e6,-1.064588650352341,-0.8693272921435614,TIME_LIMIT,380813,0,0,8,4
2,8,1.696897e6,-1.064588650352341,-0.8693272921435614,TIME_LIMIT,380835,0,0,14,5
2,8,1.697111e6,-1.0645817906132904,-0.8693272921435614,TIME_LIMIT,380862,0,0,12,6
2,8,1.697235e6,-1.0645817906132904,-0.8693272921435614,TIME_LIMIT,380883,0,0,13,4
2,8,1.69729e6,-1.0645759988848562,-0.8693272921435614,TIME_LIMIT,380896,0,0,8,4
2,8,1.697466e6,-1.0645759988848562,-0.8693272921435614,TIME_LIMIT,380920,0,0,18,16
2,8,1.697648e6,-1.0645695687146204,-0.8693272921435614,TIME_LIMIT,380951,0,0,15,9
2,8,1.69771e6,-1.0645695687146204,-0.8693272921435614,TIME_LIMIT,380970,0,0,7,10
2,8,1.697828e6,-1.0645646694452986,-0.8693272921435614,TIME_LIMIT,381001,0,0,13,9
2,8,1.697972e6,-1.0645646694452986,-0.8693272921435614,TIME_LIMIT,381018,0,0,18,12
2,8,1.698109e6,-1.0645608098049895,-0.8693272921435614,TIME_LIMIT,381053,0,0,10,8
2,8,1.698327e6,-1.0645608098049895,-0.8693272921435614,TIME_LIMIT,381074,0,0,16,17
2,8,1.698546e6,-1.0645456228158947,-0.8693272921435614,TIME_LIMIT,381100,0,0,13,6
2,8,1.698758e6,-1.0645456228158947,-0.8693272921435614,TIME_LIMIT,381130,0,0,22,15
2,8,1.698927e6,-1.0645385610192157,-0.8693272921435614,TIME_LIMIT,381163,0,0,16,11
2,8,1.699001e6,-1.0645385610192157,-0.8693272921435614,TIME_LIMIT,381183,0,0,13,15
2,8,1.699109e6,-1.0645194185456688,-0.8693272921435614,TIME_LIMIT,381216,0,0,15,6
2,8,1.699222e6,-1.0645194185456688,-0.8693272921435614,TIME_LIMIT,381236,0,0,14,8
2,8,1.699338e6,-1.0645178659375274,-0.8693272921435614,TIME_LIMIT,381264,0,0,12,6
2,8,1.699525e6,-1.0645178659375274,-0.8693272921435614,TIME_LIMIT,381290,0,0,28,24
2,8,1.699651e6,-1.0645167532400603,-0.8693272921435614,TIME_LIMIT,381326,0,0,15,8
2,8,1.699712e6,-1.0645167532400603,-0.8693272921435614,TIME_LIMIT,381346,0,0,11,12
2,8,1.699748e6,-1.064511648491415,-0.8693272921435614,TIME_LIMIT,381369,0,0,8,4
2,8,1.699816e6,-1.064511648491415,-0.8693272921435614,TIME_LIMIT,381389,0,0,16,8
2,8,1.699893e6,-1.0645114113584833,-0.8693272921435614,TIME_LIMIT,381419,0,0,11,5
2,8,1.700049e6,-1.0645114113584833,-0.8693272921435614,TIME_LIMIT,381442,0,0,16,15
2,8,1.700253e6,-1.0645009877041973,-0.8693272921435614,TIME_LIMIT,381475,0,0,7,4
2,8,1.700379e6,-1.0645009877041973,-0.8693272921435614,TIME_LIMIT,381499,0,0,20,20
2,8,1.700467e6,-1.0644972063078528,-0.8693272921435614,TIME_LIMIT,381521,0,0,15,10
2,8,1.70068e6,-1.0644972063078528,-0.8693272921435614,TIME_LIMIT,381546,0,0,26,23
2,8,1.700901e6,-1.0644952184834875,-0.8693272921435614,TIME_LIMIT,381581,0,0,22,9
2,8,1.701049e6,-1.0644952184834875,-0.8693272921435614,TIME_LIMIT,381603,0,0,12,26
2,8,1.701203e6,-1.0644925632330007,-0.8693272921435614,TIME_LIMIT,381637,0,0,17,12
2,8,1.701416e6,-1.0644925632330007,-0.8693272921435614,TIME_LIMIT,381659,0,0,16,19
2,8,1.701615e6,-1.0644861859447214,-0.8693272921435614,TIME_LIMIT,381695,0,0,19,3
2,8,1.701729e6,-1.0644861859447214,-0.8693272921435614,TIME_LIMIT,381722,0,0,19,17
2,8,1.701947e6,-1.0644845380589065,-0.8693272921435614,TIME_LIMIT,381752,0,0,10,11
2,8,1.702011e6,-1.0644845380589065,-0.8693272921435614,TIME_LIMIT,381769,0,0,18,7
2,8,1.70207e6,-1.064481575539463,-0.8693272921435614,TIME_LIMIT,381791,0,0,12,1
2,8,1.702096e6,-1.064481575539463,-0.8693272921435614,TIME_LIMIT,381806,0,0,8,7
2,8,1.702128e6,-1.0644793682548601,-0.8693272921435614,TIME_LIMIT,381822,0,0,1,3
2,8,1.702349e6,-1.0644793682548601,-0.8693272921435614,TIME_LIMIT,381849,0,0,14,10
2,8,1.702491e6,-1.0644755915445496,-0.8693272921435614,TIME_LIMIT,381887,0,0,19,10
2,8,1.702709e6,-1.0644755915445496,-0.8693272921435614,TIME_LIMIT,381914,0,0,11,11
2,8,1.702748e6,-1.0644544796605335,-0.8693272921435614,TIME_LIMIT,381930,0,0,8,8
2,8,1.702803e6,-1.0644544796605335,-0.8693272921435614,TIME_LIMIT,381949,0,0,9,10
2,8,1.702901e6,-1.064454388162571,-0.8693272921435614,TIME_LIMIT,381975,0,0,12,5
2,8,1.702976e6,-1.064454388162571,-0.8693272921435614,TIME_LIMIT,381996,0,0,11,6
2,8,1.703146e6,-1.0644433343495403,-0.8693272921435614,TIME_LIMIT,382033,0,0,7,4
2,8,1.703246e6,-1.0644433343495403,-0.8693272921435614,TIME_LIMIT,382059,0,0,25,9
2,8,1.703338e6,-1.0644419782937558,-0.8693272921435614,TIME_LIMIT,382089,0,0,11,7
2,8,1.703462e6,-1.0644419782937558,-0.8693272921435614,TIME_LIMIT,382108,0,0,21,11
2,8,1.70359e6,-1.0644353880338637,-0.8693272921435614,TIME_LIMIT,382139,0,0,12,5
2,8,1.703664e6,-1.0644353880338637,-0.8693272921435614,TIME_LIMIT,382164,0,0,13,4
2,8,1.703843e6,-1.0644352110849034,-0.8693272921435614,TIME_LIMIT,382192,0,0,8,8
2,8,1.70396e6,-1.0644352110849034,-0.8693272921435614,TIME_LIMIT,382212,0,0,16,11
2,8,1.70405e6,-1.0644256819485542,-0.8693272921435614,TIME_LIMIT,382240,0,0,14,4
2,8,1.704276e6,-1.0644256819485542,-0.8693272921435614,TIME_LIMIT,382265,0,0,16,18
2,8,1.704445e6,-1.0644131758538249,-0.8693272921435614,TIME_LIMIT,382296,0,0,13,7
2,8,1.704496e6,-1.0644131758538249,-0.8693272921435614,TIME_LIMIT,382314,0,0,11,12
2,8,1.704591e6,-1.0644101783104571,-0.8693272921435614,TIME_LIMIT,382343,0,0,13,11
2,8,1.704683e6,-1.0644101783104571,-0.8693272921435614,TIME_LIMIT,382364,0,0,12,8
2,8,1.704765e6,-1.064403992109395,-0.8693272921435614,TIME_LIMIT,382388,0,0,6,6
2,8,1.704978e6,-1.064403992109395,-0.8693272921435614,TIME_LIMIT,382404,0,0,14,22
2,8,1.705196e6,-1.0644016814471584,-0.8693272921435614,TIME_LIMIT,382438,0,0,16,7
2,8,1.705414e6,-1.0644016814471584,-0.8693272921435614,TIME_LIMIT,382459,0,0,16,32
2,8,1.705502e6,-1.0644011053231142,-0.8693272921435614,TIME_LIMIT,382493,0,0,19,6
2,8,1.705573e6,-1.0644011053231142,-0.8693272921435614,TIME_LIMIT,382513,0,0,17,34
2,8,1.705728e6,-1.064400054173813,-0.8693272921435614,TIME_LIMIT,382551,0,0,12,8
2,8,1.705947e6,-1.064400054173813,-0.8693272921435614,TIME_LIMIT,382575,0,0,23,27
2,8,1.706165e6,-1.064398389302952,-0.8693272921435614,TIME_LIMIT,382610,0,0,15,12
2,8,1.706356e6,-1.064398389302952,-0.8693272921435614,TIME_LIMIT,382636,0,0,20,11
2,8,1.706485e6,-1.0643844329597543,-0.8693272921435614,TIME_LIMIT,382672,0,0,21,8
2,8,1.706569e6,-1.0643844329597543,-0.8693272921435614,TIME_LIMIT,382702,0,0,20,12
2,8,1.706655e6,-1.0643672719945816,-0.8693272921435614,TIME_LIMIT,382731,0,0,12,9
2,8,1.706862e6,-1.0643672719945816,-0.8693272921435614,TIME_LIMIT,382762,0,0,19,28
2,8,1.707026e6,-1.064366919952151,-0.8693272921435614,TIME_LIMIT,382784,0,0,18,8
2,8,1.707245e6,-1.064366919952151,-0.8693272921435614,TIME_LIMIT,382804,0,0,17,13
2,8,1.707436e6,-1.0643650399393412,-0.8693272921435614,TIME_LIMIT,382837,0,0,13,8
2,8,1.707545e6,-1.0643650399393412,-0.8693272921435614,TIME_LIMIT,382857,0,0,24,18
2,8,1.707614e6,-1.064363860020881,-0.8693272921435614,TIME_LIMIT,382887,0,0,13,6
2,8,1.707724e6,-1.064363860020881,-0.8693272921435614,TIME_LIMIT,382906,0,0,14,10
2,8,1.707936e6,-1.0643564865214277,-0.8693272921435614,TIME_LIMIT,382937,0,0,12,5
2,8,1.708154e6,-1.0643564865214277,-0.8693272921435614,TIME_LIMIT,382958,0,0,6,8
2,8,1.708323e6,-1.0643564781674666,-0.8693272921435614,TIME_LIMIT,382992,0,0,9,7
2,8,1.708426e6,-1.0643564781674666,-0.8693272921435614,TIME_LIMIT,383013,0,0,16,21
2,8,1.708506e6,-1.0643495750942715,-0.8693272921435614,TIME_LIMIT,383044,0,0,13,6
2,8,1.708542e6,-1.0643495750942715,-0.8693272921435614,TIME_LIMIT,383059,0,0,4,3
2,8,1.708556e6,-1.0643477702004387,-0.8693272921435614,TIME_LIMIT,383061,0,0,1,0
2,8,1.708616e6,-1.0643477702004387,-0.8693272921435614,TIME_LIMIT,383085,0,0,12,5
2,8,1.708651e6,-1.0643462425975923,-0.8693272921435614,TIME_LIMIT,383094,0,0,6,4
2,8,1.708699e6,-1.0643462425975923,-0.8693272921435614,TIME_LIMIT,383113,0,0,19,5
2,8,1.708764e6,-1.0643387705373661,-0.8693272921435614,TIME_LIMIT,383139,0,0,13,6
2,8,1.708837e6,-1.0643387705373661,-0.8693272921435614,TIME_LIMIT,383158,0,0,11,13
2,8,1.708907e6,-1.064321224704528,-0.8693272921435614,TIME_LIMIT,383185,0,0,11,5
2,8,1.70897e6,-1.064321224704528,-0.8693272921435614,TIME_LIMIT,383203,0,0,23,15
2,8,1.709096e6,-1.0643203366735983,-0.8693272921435614,TIME_LIMIT,383243,0,0,22,5
2,8,1.709168e6,-1.0643203366735983,-0.8693272921435614,TIME_LIMIT,383261,0,0,14,10
2,8,1.709278e6,-1.0643164695830316,-0.8693272921435614,TIME_LIMIT,383283,0,0,7,3
2,8,1.709411e6,-1.0643164695830316,-0.8693272921435614,TIME_LIMIT,383312,0,0,21,9
2,8,1.709479e6,-1.064308428133056,-0.8693272921435614,TIME_LIMIT,383332,0,0,10,7
2,8,1.709676e6,-1.064308428133056,-0.8693272921435614,TIME_LIMIT,383357,0,0,24,8
2,8,1.709748e6,-1.0643070993265857,-0.8693272921435614,TIME_LIMIT,383376,0,0,8,4
2,8,1.709806e6,-1.0643070993265857,-0.8693272921435614,TIME_LIMIT,383394,0,0,11,12
2,8,1.709874e6,-1.064306205067413,-0.8693272921435614,TIME_LIMIT,383418,0,0,10,5
2,8,1.710083e6,-1.064306205067413,-0.8693272921435614,TIME_LIMIT,383442,0,0,17,17
2,8,1.710178e6,-1.0643018295203708,-0.8693272921435614,TIME_LIMIT,383468,0,0,14,4
2,8,1.71032e6,-1.0643018295203708,-0.8693272921435614,TIME_LIMIT,383491,0,0,16,20
2,8,1.71043e6,-1.0642948249751216,-0.8693272921435614,TIME_LIMIT,383514,0,0,14,3
2,8,1.710648e6,-1.0642948249751216,-0.8693272921435614,TIME_LIMIT,383533,0,0,20,8
2,8,1.710866e6,-1.0642728162279813,-0.8693272921435614,TIME_LIMIT,383568,0,0,19,10
2,8,1.711087e6,-1.0642728162279813,-0.8693272921435614,TIME_LIMIT,383591,0,0,12,15
2,8,1.711278e6,-1.0642674949965798,-0.8693272921435614,TIME_LIMIT,383626,0,0,7,5
2,8,1.711423e6,-1.0642674949965798,-0.8693272921435614,TIME_LIMIT,383651,0,0,18,21
2,8,1.711639e6,-1.0642645381209286,-0.8693272921435614,TIME_LIMIT,383685,0,0,10,12
2,8,1.711733e6,-1.0642645381209286,-0.8693272921435614,TIME_LIMIT,383705,0,0,15,9
2,8,1.711882e6,-1.06426088650898,-0.8693272921435614,TIME_LIMIT,383739,0,0,17,9
2,8,1.711962e6,-1.06426088650898,-0.8693272921435614,TIME_LIMIT,383754,0,0,14,12
2,8,1.712063e6,-1.0642588065746135,-0.8693272921435614,TIME_LIMIT,383776,0,0,11,4
2,8,1.712149e6,-1.0642588065746135,-0.8693272921435614,TIME_LIMIT,383795,0,0,3,11
2,8,1.71219e6,-1.064238961680113,-0.8693272921435614,TIME_LIMIT,383812,0,0,5,2
2,8,1.712304e6,-1.064238961680113,-0.8693272921435614,TIME_LIMIT,383837,0,0,23,10
2,8,1.712488e6,-1.0642352919103228,-0.8693272921435614,TIME_LIMIT,383877,0,0,19,12
2,8,1.712668e6,-1.0642352919103228,-0.8693272921435614,TIME_LIMIT,383898,0,0,20,17
2,8,1.712835e6,-1.0642328560842973,-0.8693272921435614,TIME_LIMIT,383931,0,0,15,6
2,8,1.713026e6,-1.0642328560842973,-0.8693272921435614,TIME_LIMIT,383955,0,0,17,12
2,8,1.713092e6,-1.0642266854616995,-0.8693272921435614,TIME_LIMIT,383982,0,0,12,2
2,8,1.71328e6,-1.0642266854616995,-0.8693272921435614,TIME_LIMIT,384007,0,0,18,19
2,8,1.713485e6,-1.064223146176288,-0.8693272921435614,TIME_LIMIT,384046,0,0,16,7
2,8,1.713682e6,-1.064223146176288,-0.8693272921435614,TIME_LIMIT,384071,0,0,20,7
2,8,1.713795e6,-1.0642111445534619,-0.8693272921435614,TIME_LIMIT,384097,0,0,13,7
2,8,1.713903e6,-1.0642111445534619,-0.8693272921435614,TIME_LIMIT,384124,0,0,10,12
2,8,1.713984e6,-1.064210728146056,-0.8693272921435614,TIME_LIMIT,384148,0,0,8,7
2,8,1.714089e6,-1.064210728146056,-0.8693272921435614,TIME_LIMIT,384166,0,0,10,10
2,8,1.714153e6,-1.064206077897675,-0.8693272921435614,TIME_LIMIT,384193,0,0,14,4
2,8,1.714233e6,-1.064206077897675,-0.8693272921435614,TIME_LIMIT,384208,0,0,16,4
2,8,1.714287e6,-1.0642051479671824,-0.8693272921435614,TIME_LIMIT,384228,0,0,9,3
2,8,1.714378e6,-1.0642051479671824,-0.8693272921435614,TIME_LIMIT,384251,0,0,15,7
2,8,1.714444e6,-1.0641997009595707,-0.8693272921435614,TIME_LIMIT,384278,0,0,13,5
2,8,1.714659e6,-1.0641997009595707,-0.8693272921435614,TIME_LIMIT,384301,0,0,17,9
2,8,1.714802e6,-1.0641984480725466,-0.8693272921435614,TIME_LIMIT,384322,0,0,14,7
2,8,1.714914e6,-1.0641984480725466,-0.8693272921435614,TIME_LIMIT,384343,0,0,13,5
2,8,1.715005e6,-1.0641886534206004,-0.8693272921435614,TIME_LIMIT,384368,0,0,10,4
2,8,1.715096e6,-1.0641886534206004,-0.8693272921435614,TIME_LIMIT,384389,0,0,20,17
2,8,1.715255e6,-1.0641803134142855,-0.8693272921435614,TIME_LIMIT,384421,0,0,14,7
2,8,1.715379e6,-1.0641803134142855,-0.8693272921435614,TIME_LIMIT,384440,0,0,16,12
2,8,1.715504e6,-1.0641795762946875,-0.8693272921435614,TIME_LIMIT,384473,0,0,16,5
2,8,1.715701e6,-1.0641795762946875,-0.8693272921435614,TIME_LIMIT,384492,0,0,18,15
2,8,1.715811e6,-1.0641785728599833,-0.8693272921435614,TIME_LIMIT,384525,0,0,16,6
2,8,1.715938e6,-1.0641785728599833,-0.8693272921435614,TIME_LIMIT,384546,0,0,23,15
2,8,1.716157e6,-1.0641766088967493,-0.8693272921435614,TIME_LIMIT,384583,0,0,20,7
2,8,1.716205e6,-1.0641766088967493,-0.8693272921435614,TIME_LIMIT,384599,0,0,16,9
2,8,1.716278e6,-1.0641723403752683,-0.8693272921435614,TIME_LIMIT,384619,0,0,9,3
2,8,1.716494e6,-1.0641723403752683,-0.8693272921435614,TIME_LIMIT,384639,0,0,19,15
2,8,1.71661e6,-1.0641690899972556,-0.8693272921435614,TIME_LIMIT,384671,0,0,16,5
2,8,1.71671e6,-1.0641690899972556,-0.8693272921435614,TIME_LIMIT,384687,0,0,13,8
2,8,1.716805e6,-1.064164470680868,-0.8693272921435614,TIME_LIMIT,384718,0,0,13,8
2,8,1.716963e6,-1.064164470680868,-0.8693272921435614,TIME_LIMIT,384742,0,0,4,19
2,8,1.717028e6,-1.0641596453556312,-0.8693272921435614,TIME_LIMIT,384766,0,0,12,4
2,8,1.717233e6,-1.0641596453556312,-0.8693272921435614,TIME_LIMIT,384787,0,0,14,17
2,8,1.717406e6,-1.0641575253368591,-0.8693272921435614,TIME_LIMIT,384829,0,0,22,7
2,8,1.717479e6,-1.0641575253368591,-0.8693272921435614,TIME_LIMIT,384856,0,0,12,10
2,8,1.717519e6,-1.0641557374786241,-0.8693272921435614,TIME_LIMIT,384873,0,0,6,8
2,8,1.717592e6,-1.0641557374786241,-0.8693272921435614,TIME_LIMIT,384894,0,0,14,18
2,8,1.717642e6,-1.0641396349347034,-0.8693272921435614,TIME_LIMIT,384916,0,0,13,7
2,8,1.717863e6,-1.0641396349347034,-0.8693272921435614,TIME_LIMIT,384944,0,0,31,41
2,8,1.718083e6,-1.0641311285774682,-0.8693272921435614,TIME_LIMIT,384977,0,0,17,10
2,8,1.718199e6,-1.0641311285774682,-0.8693272921435614,TIME_LIMIT,385003,0,0,23,9
2,8,1.718283e6,-1.0641268925807208,-0.8693272921435614,TIME_LIMIT,385033,0,0,10,7
2,8,1.718479e6,-1.0641268925807208,-0.8693272921435614,TIME_LIMIT,385060,0,0,14,8
2,8,1.718544e6,-1.0640978355871216,-0.8693272921435614,TIME_LIMIT,385074,0,0,10,4
2,8,1.718729e6,-1.0640978355871216,-0.8693272921435614,TIME_LIMIT,385096,0,0,17,11
2,8,1.718876e6,-1.0640937087536284,-0.8693272921435614,TIME_LIMIT,385135,0,0,14,11
2,8,1.719028e6,-1.0640937087536284,-0.8693272921435614,TIME_LIMIT,385155,0,0,18,13
2,8,1.719249e6,-1.0640933160973236,-0.8693272921435614,TIME_LIMIT,385187,0,0,13,5
2,8,1.719465e6,-1.0640933160973236,-0.8693272921435614,TIME_LIMIT,385214,0,0,8,14
2,8,1.719536e6,-1.064078605146881,-0.8693272921435614,TIME_LIMIT,385247,0,0,17,10
2,8,1.719676e6,-1.064078605146881,-0.8693272921435614,TIME_LIMIT,385269,0,0,15,48
2,8,1.719806e6,-1.064071741083107,-0.8693272921435614,TIME_LIMIT,385303,0,0,15,6
2,8,1.719859e6,-1.064071741083107,-0.8693272921435614,TIME_LIMIT,385318,0,0,17,21
2,8,1.720041e6,-1.0640674377359916,-0.8693272921435614,TIME_LIMIT,385352,0,0,13,10
2,8,1.720223e6,-1.0640674377359916,-0.8693272921435614,TIME_LIMIT,385373,0,0,18,9
2,8,1.720281e6,-1.0640648255348168,-0.8693272921435614,TIME_LIMIT,385398,0,0,5,12
2,8,1.720366e6,-1.0640648255348168,-0.8693272921435614,TIME_LIMIT,385417,0,0,16,11
2,8,1.720478e6,-1.0640641038496064,-0.8693272921435614,TIME_LIMIT,385439,0,0,10,3
2,8,1.720586e6,-1.0640641038496064,-0.8693272921435614,TIME_LIMIT,385458,0,0,12,5
2,8,1.720679e6,-1.0640631735788688,-0.8693272921435614,TIME_LIMIT,385486,0,0,9,2
2,8,1.720805e6,-1.0640631735788688,-0.8693272921435614,TIME_LIMIT,385501,0,0,14,13
2,8,1.720904e6,-1.0640510758638344,-0.8693272921435614,TIME_LIMIT,385521,0,0,3,2
2,8,1.721093e6,-1.0640510758638344,-0.8693272921435614,TIME_LIMIT,385551,0,0,18,20
2,8,1.72131e6,-1.0640457248595627,-0.8693272921435614,TIME_LIMIT,385592,0,0,7,5
2,8,1.721343e6,-1.0640457248595627,-0.8693272921435614,TIME_LIMIT,385600,0,0,8,3
2,8,1.721382e6,-1.0640400609713723,-0.8693272921435614,TIME_LIMIT,385616,0,0,5,2
2,8,1.721593e6,-1.0640400609713723,-0.8693272921435614,TIME_LIMIT,385638,0,0,21,24
2,8,1.721746e6,-1.0640386335191279,-0.8693272921435614,TIME_LIMIT,385674,0,0,16,4
2,8,1.72196e6,-1.0640386335191279,-0.8693272921435614,TIME_LIMIT,385698,0,0,17,18
2,8,1.722056e6,-1.0640335884415781,-0.8693272921435614,TIME_LIMIT,385729,0,0,15,7
2,8,1.722269e6,-1.0640335884415781,-0.8693272921435614,TIME_LIMIT,385755,0,0,19,14
2,8,1.722394e6,-1.0640230485676636,-0.8693272921435614,TIME_LIMIT,385788,0,0,15,11
2,8,1.722519e6,-1.0640230485676636,-0.8693272921435614,TIME_LIMIT,385815,0,0,20,12
2,8,1.722605e6,-1.0640228990931506,-0.8693272921435614,TIME_LIMIT,385847,0,0,10,2
2,8,1.722779e6,-1.0640228990931506,-0.8693272921435614,TIME_LIMIT,385876,0,0,17,6
2,8,1.722959e6,-1.0640183516010187,-0.8693272921435614,TIME_LIMIT,385894,0,0,14,12
2,8,1.723118e6,-1.0640183516010187,-0.8693272921435614,TIME_LIMIT,385917,0,0,21,20
2,8,1.723277e6,-1.0640152602072228,-0.8693272921435614,TIME_LIMIT,385953,0,0,16,10
2,8,1.723335e6,-1.0640152602072228,-0.8693272921435614,TIME_LIMIT,385975,0,0,13,13
2,8,1.723501e6,-1.0639872355411766,-0.8693272921435614,TIME_LIMIT,386012,0,0,9,21
2,8,1.72362e6,-1.0639872355411766,-0.8693272921435614,TIME_LIMIT,386034,0,0,16,8
2,8,1.723695e6,-1.063981854396899,-0.8693272921435614,TIME_LIMIT,386055,0,0,7,4
2,8,1.723912e6,-1.063981854396899,-0.8693272921435614,TIME_LIMIT,386081,0,0,22,17
2,8,1.724131e6,-1.0639793198424792,-0.8693272921435614,TIME_LIMIT,386106,0,0,19,19
2,8,1.724187e6,-1.0639793198424792,-0.8693272921435614,TIME_LIMIT,386120,0,0,4,1
2,8,1.724277e6,-1.063968045568056,-0.8693272921435614,TIME_LIMIT,386142,0,0,4,2
2,8,1.724465e6,-1.063968045568056,-0.8693272921435614,TIME_LIMIT,386167,0,0,21,14
2,8,1.72461e6,-1.0639660237547859,-0.8693272921435614,TIME_LIMIT,386197,0,0,13,11
2,8,1.724712e6,-1.0639660237547859,-0.8693272921435614,TIME_LIMIT,386217,0,0,25,12
2,8,1.724816e6,-1.0639578373597114,-0.8693272921435614,TIME_LIMIT,386245,0,0,9,8
2,8,1.72491e6,-1.0639578373597114,-0.8693272921435614,TIME_LIMIT,386266,0,0,13,11
2,8,1.725131e6,-1.0639469568149698,-0.8693272921435614,TIME_LIMIT,386298,0,0,3,6
2,8,1.725299e6,-1.0639469568149698,-0.8693272921435614,TIME_LIMIT,386326,0,0,10,15
2,8,1.725518e6,-1.0639369010626318,-0.8693272921435614,TIME_LIMIT,386359,0,0,14,14
2,8,1.725643e6,-1.0639369010626318,-0.8693272921435614,TIME_LIMIT,386382,0,0,19,23
2,8,1.725852e6,-1.063933278623058,-0.8693272921435614,TIME_LIMIT,386403,0,0,16,8
2,8,1.725895e6,-1.063933278623058,-0.8693272921435614,TIME_LIMIT,386419,0,0,10,5
2,8,1.725938e6,-1.063931372221371,-0.8693272921435614,TIME_LIMIT,386437,0,0,7,5
2,8,1.726156e6,-1.063931372221371,-0.8693272921435614,TIME_LIMIT,386463,0,0,22,23
2,8,1.726376e6,-1.0639297470908144,-0.8693272921435614,TIME_LIMIT,386498,0,0,18,8
2,8,1.726417e6,-1.0639297470908144,-0.8693272921435614,TIME_LIMIT,386513,0,0,10,5
2,8,1.726463e6,-1.0639256589109098,-0.8693272921435614,TIME_LIMIT,386533,0,0,15,9
2,8,1.726585e6,-1.0639256589109098,-0.8693272921435614,TIME_LIMIT,386558,0,0,15,6
2,8,1.726635e6,-1.063921970419955,-0.8693272921435614,TIME_LIMIT,386568,0,0,3,6
2,8,1.726779e6,-1.063921970419955,-0.8693272921435614,TIME_LIMIT,386597,0,0,26,13
2,8,1.726972e6,-1.0639196925900498,-0.8693272921435614,TIME_LIMIT,386634,0,0,5,4
2,8,1.727099e6,-1.0639196925900498,-0.8693272921435614,TIME_LIMIT,386659,0,0,15,15
2,8,1.727171e6,-1.0639141694661305,-0.8693272921435614,TIME_LIMIT,386685,0,0,9,3
2,8,1.727239e6,-1.0639141694661305,-0.8693272921435614,TIME_LIMIT,386705,0,0,10,3
2,8,1.727267e6,-1.0639122316691505,-0.8693272921435614,TIME_LIMIT,386724,0,0,7,4
2,8,1.727374e6,-1.0639122316691505,-0.8693272921435614,TIME_LIMIT,386743,0,0,20,16
2,8,1.727537e6,-1.063910117054812,-0.8693272921435614,TIME_LIMIT,386777,0,0,15,9
2,8,1.727734e6,-1.063910117054812,-0.8693272921435614,TIME_LIMIT,386804,0,0,7,16
2,8,1.727844e6,-1.0639085694666348,-0.8693272921435614,TIME_LIMIT,386841,0,0,18,10
2,8,1.728064e6,-1.0639085694666348,-0.8693272921435614,TIME_LIMIT,386867,0,0,32,21
2,8,1.728284e6,-1.0639083581369804,-0.8693272921435614,TIME_LIMIT,386908,0,0,20,8
2,8,1.728395e6,-1.0639083581369804,-0.8693272921435614,TIME_LIMIT,386934,0,0,8,14
2,8,1.728611e6,-1.0639060530013542,-0.8693272921435614,TIME_LIMIT,386957,0,0,18,13
2,8,1.728826e6,-1.0639060530013542,-0.8693272921435614,TIME_LIMIT,386981,0,0,21,12
2,8,1.728927e6,-1.0639056248720253,-0.8693272921435614,TIME_LIMIT,387008,0,0,14,8
2,8,1.729146e6,-1.0639056248720253,-0.8693272921435614,TIME_LIMIT,387030,0,0,22,9
2,8,1.729328e6,-1.063904640351622,-0.8693272921435614,TIME_LIMIT,387066,0,0,16,11
2,8,1.729371e6,-1.063904640351622,-0.8693272921435614,TIME_LIMIT,387077,0,0,8,5
2,8,1.72945e6,-1.0638896963845537,-0.8693272921435614,TIME_LIMIT,387097,0,0,5,5
2,8,1.72951e6,-1.0638896963845537,-0.8693272921435614,TIME_LIMIT,387113,0,0,10,8
2,8,1.729582e6,-1.0638870127460223,-0.8693272921435614,TIME_LIMIT,387136,0,0,7,5
2,8,1.729642e6,-1.0638870127460223,-0.8693272921435614,TIME_LIMIT,387153,0,0,8,11
2,8,1.729737e6,-1.0638844069752962,-0.8693272921435614,TIME_LIMIT,387180,0,0,9,5
2,8,1.729959e6,-1.0638844069752962,-0.8693272921435614,TIME_LIMIT,387205,0,0,20,21
2,8,1.730159e6,-1.06388331070888,-0.8693272921435614,TIME_LIMIT,387243,0,0,22,9
2,8,1.730326e6,-1.06388331070888,-0.8693272921435614,TIME_LIMIT,387265,0,0,14,11
2,8,1.730397e6,-1.0638750623336022,-0.8693272921435614,TIME_LIMIT,387298,0,0,17,9
2,8,1.730474e6,-1.0638750623336022,-0.8693272921435614,TIME_LIMIT,387321,0,0,22,10
2,8,1.730567e6,-1.0638748391561146,-0.8693272921435614,TIME_LIMIT,387349,0,0,12,4
2,8,1.730612e6,-1.0638748391561146,-0.8693272921435614,TIME_LIMIT,387364,0,0,17,20
2,8,1.730732e6,-1.0638550614479487,-0.8693272921435614,TIME_LIMIT,387392,0,0,10,10
2,8,1.730792e6,-1.0638550614479487,-0.8693272921435614,TIME_LIMIT,387411,0,0,9,6
2,8,1.730861e6,-1.063854118477141,-0.8693272921435614,TIME_LIMIT,387438,0,0,8,9
2,8,1.731079e6,-1.063854118477141,-0.8693272921435614,TIME_LIMIT,387464,0,0,19,14
2,8,1.731201e6,-1.063852780765221,-0.8693272921435614,TIME_LIMIT,387495,0,0,14,13
2,8,1.731296e6,-1.063852780765221,-0.8693272921435614,TIME_LIMIT,387511,0,0,12,9
2,8,1.731378e6,-1.06384513280671,-0.8693272921435614,TIME_LIMIT,387537,0,0,8,2
2,8,1.731442e6,-1.06384513280671,-0.8693272921435614,TIME_LIMIT,387557,0,0,17,8
2,8,1.731524e6,-1.0638357669757172,-0.8693272921435614,TIME_LIMIT,387589,0,0,17,5
2,8,1.731666e6,-1.0638357669757172,-0.8693272921435614,TIME_LIMIT,387608,0,0,14,7
2,8,1.731884e6,-1.0638329369425261,-0.8693272921435614,TIME_LIMIT,387641,0,0,18,9
2,8,1.731979e6,-1.0638329369425261,-0.8693272921435614,TIME_LIMIT,387663,0,0,14,10
2,8,1.732084e6,-1.0638323755208616,-0.8693272921435614,TIME_LIMIT,387689,0,0,9,6
2,8,1.732182e6,-1.0638323755208616,-0.8693272921435614,TIME_LIMIT,387713,0,0,14,7
2,8,1.732302e6,-1.0638314104837876,-0.8693272921435614,TIME_LIMIT,387733,0,0,7,11
2,8,1.732421e6,-1.0638314104837876,-0.8693272921435614,TIME_LIMIT,387768,0,0,19,7
2,8,1.732546e6,-1.063823758252263,-0.8693272921435614,TIME_LIMIT,387792,0,0,21,10
2,8,1.732634e6,-1.063823758252263,-0.8693272921435614,TIME_LIMIT,387812,0,0,7,7
2,8,1.732706e6,-1.0638140982280744,-0.8693272921435614,TIME_LIMIT,387837,0,0,7,2
2,8,1.732803e6,-1.0638140982280744,-0.8693272921435614,TIME_LIMIT,387856,0,0,10,18
2,8,1.732995e6,-1.06380726545629,-0.8693272921435614,TIME_LIMIT,387887,0,0,14,14
2,8,1.733143e6,-1.06380726545629,-0.8693272921435614,TIME_LIMIT,387913,0,0,17,15
2,8,1.733239e6,-1.0637994936526096,-0.8693272921435614,TIME_LIMIT,387939,0,0,6,7
2,8,1.733343e6,-1.0637994936526096,-0.8693272921435614,TIME_LIMIT,387957,0,0,7,12
2,8,1.733399e6,-1.0637990472015355,-0.8693272921435614,TIME_LIMIT,387982,0,0,12,4
2,8,1.733474e6,-1.0637990472015355,-0.8693272921435614,TIME_LIMIT,387998,0,0,10,12
2,8,1.733557e6,-1.0637948814890037,-0.8693272921435614,TIME_LIMIT,388026,0,0,12,7
2,8,1.733779e6,-1.0637948814890037,-0.8693272921435614,TIME_LIMIT,388065,0,0,23,40
2,8,1.733997e6,-1.0637918662306065,-0.8693272921435614,TIME_LIMIT,388101,0,0,18,10
2,8,1.734055e6,-1.0637918662306065,-0.8693272921435614,TIME_LIMIT,388115,0,0,15,21
2,8,1.73419e6,-1.0637910687906298,-0.8693272921435614,TIME_LIMIT,388154,0,0,17,12
2,8,1.7343e6,-1.0637910687906298,-0.8693272921435614,TIME_LIMIT,388186,0,0,18,9
2,8,1.734443e6,-1.06379046539277,-0.8693272921435614,TIME_LIMIT,388220,0,0,10,12
2,8,1.734549e6,-1.06379046539277,-0.8693272921435614,TIME_LIMIT,388245,0,0,15,22
2,8,1.734695e6,-1.0637890071600151,-0.8693272921435614,TIME_LIMIT,388266,0,0,10,3
2,8,1.734805e6,-1.0637890071600151,-0.8693272921435614,TIME_LIMIT,388284,0,0,15,20
2,8,1.735019e6,-1.0637791162296208,-0.8693272921435614,TIME_LIMIT,388317,0,0,16,13
2,8,1.735159e6,-1.0637791162296208,-0.8693272921435614,TIME_LIMIT,388336,0,0,17,10
2,8,1.735206e6,-1.0637725321603568,-0.8693272921435614,TIME_LIMIT,388363,0,0,11,6
2,8,1.735275e6,-1.0637725321603568,-0.8693272921435614,TIME_LIMIT,388385,0,0,11,12
2,8,1.735357e6,-1.0637723447229726,-0.8693272921435614,TIME_LIMIT,388408,0,0,9,3
2,8,1.735458e6,-1.0637723447229726,-0.8693272921435614,TIME_LIMIT,388426,0,0,17,8
2,8,1.735567e6,-1.063770693708732,-0.8693272921435614,TIME_LIMIT,388452,0,0,10,3
2,8,1.735702e6,-1.063770693708732,-0.8693272921435614,TIME_LIMIT,388474,0,0,11,8
2,8,1.735878e6,-1.0637662755161323,-0.8693272921435614,TIME_LIMIT,388513,0,0,13,9
2,8,1.736105e6,-1.0637662755161323,-0.8693272921435614,TIME_LIMIT,388535,0,0,18,14
2,8,1.736321e6,-1.0637441438493118,-0.8693272921435614,TIME_LIMIT,388570,0,0,21,5
2,8,1.736358e6,-1.0637441438493118,-0.8693272921435614,TIME_LIMIT,388582,0,0,10,7
2,8,1.736409e6,-1.0637434784592532,-0.8693272921435614,TIME_LIMIT,388600,0,0,5,2
2,8,1.736457e6,-1.0637434784592532,-0.8693272921435614,TIME_LIMIT,388614,0,0,11,3
2,8,1.736574e6,-1.063741637567004,-0.8693272921435614,TIME_LIMIT,388639,0,0,8,4
2,8,1.736802e6,-1.063741637567004,-0.8693272921435614,TIME_LIMIT,388663,0,0,22,24
2,8,1.736924e6,-1.0637215099718462,-0.8693272921435614,TIME_LIMIT,388697,0,0,18,14
2,8,1.736984e6,-1.0637215099718462,-0.8693272921435614,TIME_LIMIT,388721,0,0,17,11
2,8,1.737069e6,-1.0637192816211956,-0.8693272921435614,TIME_LIMIT,388737,0,0,9,9
2,8,1.737154e6,-1.0637192816211956,-0.8693272921435614,TIME_LIMIT,388758,0,0,13,5
2,8,1.73719e6,-1.0637185015532316,-0.8693272921435614,TIME_LIMIT,388777,0,0,5,3
2,8,1.737408e6,-1.0637185015532316,-0.8693272921435614,TIME_LIMIT,388809,0,0,26,26
2,8,1.73763e6,-1.063717016571599,-0.8693272921435614,TIME_LIMIT,388845,0,0,10,12
2,8,1.737799e6,-1.063717016571599,-0.8693272921435614,TIME_LIMIT,388866,0,0,19,18
2,8,1.737937e6,-1.0637135381716654,-0.8693272921435614,TIME_LIMIT,388901,0,0,16,7
2,8,1.737986e6,-1.0637135381716654,-0.8693272921435614,TIME_LIMIT,388919,0,0,15,11
2,8,1.738066e6,-1.0637088484284796,-0.8693272921435614,TIME_LIMIT,388948,0,0,12,4
2,8,1.738118e6,-1.0637088484284796,-0.8693272921435614,TIME_LIMIT,388963,0,0,8,5
2,8,1.738179e6,-1.0637074908263247,-0.8693272921435614,TIME_LIMIT,388986,0,0,12,6
2,8,1.738399e6,-1.0637074908263247,-0.8693272921435614,TIME_LIMIT,389003,0,0,12,8
2,8,1.738642e6,-1.063699525844036,-0.8693272921435614,TIME_LIMIT,389032,0,0,5,4
2,8,1.738692e6,-1.063699525844036,-0.8693272921435614,TIME_LIMIT,389050,0,0,5,4
2,8,1.738731e6,-1.0636993484277502,-0.8693272921435614,TIME_LIMIT,389063,0,0,5,7
2,8,1.738862e6,-1.0636993484277502,-0.8693272921435614,TIME_LIMIT,389093,0,0,20,24
2,8,1.739087e6,-1.063683100754516,-0.8693272921435614,TIME_LIMIT,389127,0,0,18,8
2,8,1.739221e6,-1.063683100754516,-0.8693272921435614,TIME_LIMIT,389153,0,0,21,11
2,8,1.739321e6,-1.0636807268527897,-0.8693272921435614,TIME_LIMIT,389186,0,0,11,6
2,8,1.739511e6,-1.0636807268527897,-0.8693272921435614,TIME_LIMIT,389212,0,0,12,28
2,8,1.739661e6,-1.063674362878046,-0.8693272921435614,TIME_LIMIT,389246,0,0,16,12
2,8,1.739837e6,-1.063674362878046,-0.8693272921435614,TIME_LIMIT,389270,0,0,18,11
2,8,1.739901e6,-1.0636715873862563,-0.8693272921435614,TIME_LIMIT,389294,0,0,12,6
2,8,1.740044e6,-1.0636715873862563,-0.8693272921435614,TIME_LIMIT,389312,0,0,10,6
2,8,1.740086e6,-1.0636699355587145,-0.8693272921435614,TIME_LIMIT,389337,0,0,3,6
2,8,1.740121e6,-1.0636699355587145,-0.8693272921435614,TIME_LIMIT,389354,0,0,8,6
2,8,1.740214e6,-1.063667749030051,-0.8693272921435614,TIME_LIMIT,389381,0,0,12,4
2,8,1.740348e6,-1.063667749030051,-0.8693272921435614,TIME_LIMIT,389411,0,0,20,6
2,8,1.74045e6,-1.0636675420294257,-0.8693272921435614,TIME_LIMIT,389431,0,0,16,21
2,8,1.74068e6,-1.0636675420294257,-0.8693272921435614,TIME_LIMIT,389455,0,0,18,8
2,8,1.740809e6,-1.0636652478432798,-0.8693272921435614,TIME_LIMIT,389476,0,0,7,8
2,8,1.741034e6,-1.0636652478432798,-0.8693272921435614,TIME_LIMIT,389496,0,0,15,15
2,8,1.741104e6,-1.0636557199029661,-0.8693272921435614,TIME_LIMIT,389525,0,0,7,8
2,8,1.741336e6,-1.0636557199029661,-0.8693272921435614,TIME_LIMIT,389555,0,0,21,9
2,8,1.741425e6,-1.0636550383169996,-0.8693272921435614,TIME_LIMIT,389585,0,0,14,9
2,8,1.741503e6,-1.0636550383169996,-0.8693272921435614,TIME_LIMIT,389606,0,0,10,12
2,8,1.741734e6,-1.0636531829660467,-0.8693272921435614,TIME_LIMIT,389631,0,0,13,6
2,8,1.741814e6,-1.0636531829660467,-0.8693272921435614,TIME_LIMIT,389649,0,0,13,7
2,8,1.741911e6,-1.0636508611153526,-0.8693272921435614,TIME_LIMIT,389677,0,0,9,4
2,8,1.742136e6,-1.0636508611153526,-0.8693272921435614,TIME_LIMIT,389699,0,0,19,30
2,8,1.742363e6,-1.0636491576706333,-0.8693272921435614,TIME_LIMIT,389735,0,0,14,13
2,8,1.742482e6,-1.0636491576706333,-0.8693272921435614,TIME_LIMIT,389760,0,0,14,13
2,8,1.742582e6,-1.06364304817229,-0.8693272921435614,TIME_LIMIT,389787,0,0,18,7
2,8,1.742814e6,-1.06364304817229,-0.8693272921435614,TIME_LIMIT,389818,0,0,25,17
2,8,1.743044e6,-1.0636418632382159,-0.8693272921435614,TIME_LIMIT,389849,0,0,18,11
2,8,1.743132e6,-1.0636418632382159,-0.8693272921435614,TIME_LIMIT,389875,0,0,13,17
2,8,1.743354e6,-1.0636358037645568,-0.8693272921435614,TIME_LIMIT,389899,0,0,10,9
2,8,1.743447e6,-1.0636358037645568,-0.8693272921435614,TIME_LIMIT,389914,0,0,12,8
2,8,1.743519e6,-1.0636344005224063,-0.8693272921435614,TIME_LIMIT,389942,0,0,9,2
2,8,1.743635e6,-1.0636344005224063,-0.8693272921435614,TIME_LIMIT,389967,0,0,19,11
2,8,1.743814e6,-1.0636324750365773,-0.8693272921435614,TIME_LIMIT,390003,0,0,17,8
2,8,1.743904e6,-1.0636324750365773,-0.8693272921435614,TIME_LIMIT,390025,0,0,19,20
2,8,1.744086e6,-1.063630456873316,-0.8693272921435614,TIME_LIMIT,390060,0,0,14,8
2,8,1.744217e6,-1.063630456873316,-0.8693272921435614,TIME_LIMIT,390084,0,0,14,11
2,8,1.744314e6,-1.0636285653222606,-0.8693272921435614,TIME_LIMIT,390109,0,0,10,9
2,8,1.74435e6,-1.0636285653222606,-0.8693272921435614,TIME_LIMIT,390128,0,0,13,5
2,8,1.74446e6,-1.0636280577620545,-0.8693272921435614,TIME_LIMIT,390154,0,0,5,1
2,8,1.744686e6,-1.0636280577620545,-0.8693272921435614,TIME_LIMIT,390174,0,0,20,18
2,8,1.744911e6,-1.06362624596607,-0.8693272921435614,TIME_LIMIT,390204,0,0,15,5
2,8,1.745021e6,-1.06362624596607,-0.8693272921435614,TIME_LIMIT,390225,0,0,17,15
2,8,1.745167e6,-1.0636226867249448,-0.8693272921435614,TIME_LIMIT,390259,0,0,9,4
2,8,1.745262e6,-1.0636226867249448,-0.8693272921435614,TIME_LIMIT,390280,0,0,20,24
2,8,1.745498e6,-1.0636205858891876,-0.8693272921435614,TIME_LIMIT,390307,0,0,15,9
2,8,1.745568e6,-1.0636205858891876,-0.8693272921435614,TIME_LIMIT,390320,0,0,7,6
2,8,1.745609e6,-1.0636189063824515,-0.8693272921435614,TIME_LIMIT,390342,0,0,10,3
2,8,1.745834e6,-1.0636189063824515,-0.8693272921435614,TIME_LIMIT,390361,0,0,22,12
2,8,1.746055e6,-1.0636184345701571,-0.8693272921435614,TIME_LIMIT,390396,0,0,17,8
2,8,1.746187e6,-1.0636184345701571,-0.8693272921435614,TIME_LIMIT,390421,0,0,18,9
2,8,1.746339e6,-1.0636029846744002,-0.8693272921435614,TIME_LIMIT,390456,0,0,18,19
2,8,1.746519e6,-1.0636029846744002,-0.8693272921435614,TIME_LIMIT,390486,0,0,20,18
2,8,1.746704e6,-1.0636022763020088,-0.8693272921435614,TIME_LIMIT,390515,0,0,10,10
2,8,1.746816e6,-1.0636022763020088,-0.8693272921435614,TIME_LIMIT,390538,0,0,14,16
2,8,1.746872e6,-1.0635975701406877,-0.8693272921435614,TIME_LIMIT,390555,0,0,12,7
2,8,1.747059e6,-1.0635975701406877,-0.8693272921435614,TIME_LIMIT,390578,0,0,24,22
2,8,1.747293e6,-1.0635852956970129,-0.8693272921435614,TIME_LIMIT,390615,0,0,17,10
2,8,1.747382e6,-1.0635852956970129,-0.8693272921435614,TIME_LIMIT,390639,0,0,16,9
2,8,1.747609e6,-1.0635845608542878,-0.8693272921435614,TIME_LIMIT,390665,0,0,11,5
2,8,1.747686e6,-1.0635845608542878,-0.8693272921435614,TIME_LIMIT,390684,0,0,15,8
2,8,1.747779e6,-1.063567994343893,-0.8693272921435614,TIME_LIMIT,390710,0,0,14,5
2,8,1.748001e6,-1.063567994343893,-0.8693272921435614,TIME_LIMIT,390732,0,0,19,33
2,8,1.748229e6,-1.06355990767242,-0.8693272921435614,TIME_LIMIT,390768,0,0,12,16
2,8,1.748404e6,-1.06355990767242,-0.8693272921435614,TIME_LIMIT,390795,0,0,12,2
2,8,1.748635e6,-1.063554065596881,-0.8693272921435614,TIME_LIMIT,390815,0,0,12,17
2,8,1.748714e6,-1.063554065596881,-0.8693272921435614,TIME_LIMIT,390846,0,0,21,25
2,8,1.748835e6,-1.0635533983252432,-0.8693272921435614,TIME_LIMIT,390883,0,0,12,15
2,8,1.74888e6,-1.0635533983252432,-0.8693272921435614,TIME_LIMIT,390898,0,0,9,7
2,8,1.748922e6,-1.0635340092040835,-0.8693272921435614,TIME_LIMIT,390921,0,0,9,2
2,8,1.749148e6,-1.0635340092040835,-0.8693272921435614,TIME_LIMIT,390947,0,0,20,14
2,8,1.749312e6,-1.0635317081645348,-0.8693272921435614,TIME_LIMIT,390970,0,0,18,10
2,8,1.749455e6,-1.0635317081645348,-0.8693272921435614,TIME_LIMIT,390994,0,0,19,10
2,8,1.749684e6,-1.0635302770727093,-0.8693272921435614,TIME_LIMIT,391034,0,0,8,6
2,8,1.749909e6,-1.0635302770727093,-0.8693272921435614,TIME_LIMIT,391055,0,0,16,20
2,8,1.750075e6,-1.0635282899483443,-0.8693272921435614,TIME_LIMIT,391087,0,0,18,6
2,8,1.750303e6,-1.0635282899483443,-0.8693272921435614,TIME_LIMIT,391111,0,0,18,17
2,8,1.75036e6,-1.0635247648097923,-0.8693272921435614,TIME_LIMIT,391135,0,0,10,6
2,8,1.750582e6,-1.0635247648097923,-0.8693272921435614,TIME_LIMIT,391160,0,0,17,13
2,8,1.750809e6,-1.0635230673547804,-0.8693272921435614,TIME_LIMIT,391191,0,0,18,8
2,8,1.750966e6,-1.0635230673547804,-0.8693272921435614,TIME_LIMIT,391214,0,0,10,15
2,8,1.751143e6,-1.063519014941674,-0.8693272921435614,TIME_LIMIT,391251,0,0,18,6
2,8,1.751216e6,-1.063519014941674,-0.8693272921435614,TIME_LIMIT,391270,0,0,17,13
2,8,1.75133e6,-1.0635184070601724,-0.8693272921435614,TIME_LIMIT,391299,0,0,10,9
2,8,1.751412e6,-1.0635184070601724,-0.8693272921435614,TIME_LIMIT,391316,0,0,17,11
2,8,1.751447e6,-1.0635150904305335,-0.8693272921435614,TIME_LIMIT,391336,0,0,8,2
2,8,1.751674e6,-1.0635150904305335,-0.8693272921435614,TIME_LIMIT,391360,0,0,13,12
2,8,1.751739e6,-1.063509224200262,-0.8693272921435614,TIME_LIMIT,391377,0,0,10,15
2,8,1.751817e6,-1.063509224200262,-0.8693272921435614,TIME_LIMIT,391399,0,0,11,17
2,8,1.751884e6,-1.0635020867927738,-0.8693272921435614,TIME_LIMIT,391426,0,0,14,3
2,8,1.751984e6,-1.0635020867927738,-0.8693272921435614,TIME_LIMIT,391448,0,0,18,11
2,8,1.752054e6,-1.0635019655480071,-0.8693272921435614,TIME_LIMIT,391474,0,0,8,4
2,8,1.752122e6,-1.0635019655480071,-0.8693272921435614,TIME_LIMIT,391492,0,0,20,10
2,8,1.752221e6,-1.0634996937826533,-0.8693272921435614,TIME_LIMIT,391529,0,0,19,5
2,8,1.752266e6,-1.0634996937826533,-0.8693272921435614,TIME_LIMIT,391544,0,0,10,10
2,8,1.752339e6,-1.0634989744824337,-0.8693272921435614,TIME_LIMIT,391565,0,0,5,5
2,8,1.752386e6,-1.0634989744824337,-0.8693272921435614,TIME_LIMIT,391584,0,0,15,9
2,8,1.752467e6,-1.063496319109792,-0.8693272921435614,TIME_LIMIT,391608,0,0,12,2
2,8,1.752597e6,-1.063496319109792,-0.8693272921435614,TIME_LIMIT,391634,0,0,16,23
2,8,1.752715e6,-1.063473795310226,-0.8693272921435614,TIME_LIMIT,391659,0,0,10,6
2,8,1.752774e6,-1.063473795310226,-0.8693272921435614,TIME_LIMIT,391676,0,0,18,12
2,8,1.752861e6,-1.063473465079939,-0.8693272921435614,TIME_LIMIT,391709,0,0,7,8
2,8,1.752956e6,-1.063473465079939,-0.8693272921435614,TIME_LIMIT,391728,0,0,20,15
2,8,1.753001e6,-1.0634701026289801,-0.8693272921435614,TIME_LIMIT,391752,0,0,8,4
2,8,1.753218e6,-1.0634701026289801,-0.8693272921435614,TIME_LIMIT,391781,0,0,19,23
2,8,1.753421e6,-1.063462651769493,-0.8693272921435614,TIME_LIMIT,391813,0,0,14,9
2,8,1.753521e6,-1.063462651769493,-0.8693272921435614,TIME_LIMIT,391834,0,0,12,8
2,8,1.753544e6,-1.063458399189892,-0.8693272921435614,TIME_LIMIT,391847,0,0,3,1
2,8,1.753735e6,-1.063458399189892,-0.8693272921435614,TIME_LIMIT,391871,0,0,11,17
2,8,1.753961e6,-1.0634518992557318,-0.8693272921435614,TIME_LIMIT,391900,0,0,17,9
2,8,1.754135e6,-1.0634518992557318,-0.8693272921435614,TIME_LIMIT,391931,0,0,19,14
2,8,1.754363e6,-1.0634500120500576,-0.8693272921435614,TIME_LIMIT,391966,0,0,14,11
2,8,1.754468e6,-1.0634500120500576,-0.8693272921435614,TIME_LIMIT,391986,0,0,20,13
2,8,1.754694e6,-1.0634460933188894,-0.8693272921435614,TIME_LIMIT,392019,0,0,16,8
2,8,1.754825e6,-1.0634460933188894,-0.8693272921435614,TIME_LIMIT,392047,0,0,12,12
2,8,1.754945e6,-1.06344106152237,-0.8693272921435614,TIME_LIMIT,392082,0,0,14,10
2,8,1.755172e6,-1.06344106152237,-0.8693272921435614,TIME_LIMIT,392108,0,0,21,17
2,8,1.755274e6,-1.0634358149867307,-0.8693272921435614,TIME_LIMIT,392142,0,0,16,5
2,8,1.755469e6,-1.0634358149867307,-0.8693272921435614,TIME_LIMIT,392165,0,0,18,19
2,8,1.755657e6,-1.0634254598837805,-0.8693272921435614,TIME_LIMIT,392198,0,0,14,9
2,8,1.755734e6,-1.0634254598837805,-0.8693272921435614,TIME_LIMIT,392218,0,0,14,8
2,8,1.755837e6,-1.0634036364394626,-0.8693272921435614,TIME_LIMIT,392242,0,0,13,6
2,8,1.755981e6,-1.0634036364394626,-0.8693272921435614,TIME_LIMIT,392270,0,0,28,21
2,8,1.756123e6,-1.0633958768739056,-0.8693272921435614,TIME_LIMIT,392313,0,0,23,11
2,8,1.756184e6,-1.0633958768739056,-0.8693272921435614,TIME_LIMIT,392329,0,0,11,12
2,8,1.756299e6,-1.063364469435335,-0.8693272921435614,TIME_LIMIT,392361,0,0,12,8
2,8,1.756514e6,-1.063364469435335,-0.8693272921435614,TIME_LIMIT,392381,0,0,14,7
2,8,1.756574e6,-1.063360207719814,-0.8693272921435614,TIME_LIMIT,392402,0,0,4,4
2,8,1.756628e6,-1.063360207719814,-0.8693272921435614,TIME_LIMIT,392422,0,0,11,8
2,8,1.756674e6,-1.0633546091619284,-0.8693272921435614,TIME_LIMIT,392441,0,0,8,3
2,8,1.7569e6,-1.0633546091619284,-0.8693272921435614,TIME_LIMIT,392467,0,0,7,17
2,8,1.757033e6,-1.0633436748092333,-0.8693272921435614,TIME_LIMIT,392505,0,0,16,13
2,8,1.757088e6,-1.0633436748092333,-0.8693272921435614,TIME_LIMIT,392520,0,0,15,5
2,8,1.757247e6,-1.0633430478767891,-0.8693272921435614,TIME_LIMIT,392550,0,0,8,4
2,8,1.757377e6,-1.0633430478767891,-0.8693272921435614,TIME_LIMIT,392573,0,0,16,11
2,8,1.757496e6,-1.0633378840845078,-0.8693272921435614,TIME_LIMIT,392607,0,0,13,12
2,8,1.757723e6,-1.0633378840845078,-0.8693272921435614,TIME_LIMIT,392630,0,0,23,17
2,8,1.757818e6,-1.0633370607978212,-0.8693272921435614,TIME_LIMIT,392667,0,0,15,10
2,8,1.757893e6,-1.0633370607978212,-0.8693272921435614,TIME_LIMIT,392683,0,0,13,11
2,8,1.757962e6,-1.0633362401617192,-0.8693272921435614,TIME_LIMIT,392706,0,0,11,4
2,8,1.758171e6,-1.0633362401617192,-0.8693272921435614,TIME_LIMIT,392726,0,0,16,11
2,8,1.7584e6,-1.0633266807751116,-0.8693272921435614,TIME_LIMIT,392758,0,0,20,6
2,8,1.758507e6,-1.0633266807751116,-0.8693272921435614,TIME_LIMIT,392780,0,0,17,17
2,8,1.758627e6,-1.0633218726974851,-0.8693272921435614,TIME_LIMIT,392806,0,0,10,5
2,8,1.758848e6,-1.0633218726974851,-0.8693272921435614,TIME_LIMIT,392826,0,0,21,19
2,8,1.759011e6,-1.0633178299008352,-0.8693272921435614,TIME_LIMIT,392859,0,0,9,8
2,8,1.759241e6,-1.0633178299008352,-0.8693272921435614,TIME_LIMIT,392883,0,0,7,11
2,8,1.759421e6,-1.0633007010158493,-0.8693272921435614,TIME_LIMIT,392917,0,0,15,12
2,8,1.759643e6,-1.0633007010158493,-0.8693272921435614,TIME_LIMIT,392944,0,0,19,35
2,8,1.759729e6,-1.0632921918704408,-0.8693272921435614,TIME_LIMIT,392978,0,0,13,9
2,8,1.759826e6,-1.0632921918704408,-0.8693272921435614,TIME_LIMIT,392999,0,0,11,6
2,8,1.759945e6,-1.0632890845897838,-0.8693272921435614,TIME_LIMIT,393027,0,0,12,8
2,8,1.760127e6,-1.0632890845897838,-0.8693272921435614,TIME_LIMIT,393054,0,0,20,11
2,8,1.760227e6,-1.0632702501446085,-0.8693272921435614,TIME_LIMIT,393077,0,0,14,4
2,8,1.760391e6,-1.0632702501446085,-0.8693272921435614,TIME_LIMIT,393099,0,0,11,11
2,8,1.760463e6,-1.0632670775713084,-0.8693272921435614,TIME_LIMIT,393129,0,0,12,4
2,8,1.760678e6,-1.0632670775713084,-0.8693272921435614,TIME_LIMIT,393157,0,0,19,21
2,8,1.7609e6,-1.0632652730755114,-0.8693272921435614,TIME_LIMIT,393188,0,0,9,4
2,8,1.761035e6,-1.0632652730755114,-0.8693272921435614,TIME_LIMIT,393209,0,0,11,8
2,8,1.761079e6,-1.0632624877838575,-0.8693272921435614,TIME_LIMIT,393230,0,0,6,3
2,8,1.761313e6,-1.0632624877838575,-0.8693272921435614,TIME_LIMIT,393255,0,0,9,10
2,8,1.761462e6,-1.0632570496166258,-0.8693272921435614,TIME_LIMIT,393291,0,0,13,9
2,8,1.761517e6,-1.0632570496166258,-0.8693272921435614,TIME_LIMIT,393310,0,0,19,11
2,8,1.761616e6,-1.0632542282701203,-0.8693272921435614,TIME_LIMIT,393336,0,0,13,4
2,8,1.761731e6,-1.0632542282701203,-0.8693272921435614,TIME_LIMIT,393362,0,0,19,13
2,8,1.761804e6,-1.0632529522408332,-0.8693272921435614,TIME_LIMIT,393387,0,0,10,6
2,8,1.76199e6,-1.0632529522408332,-0.8693272921435614,TIME_LIMIT,393414,0,0,10,8
2,8,1.76211e6,-1.0632492585151012,-0.8693272921435614,TIME_LIMIT,393446,0,0,13,10
2,8,1.762297e6,-1.0632492585151012,-0.8693272921435614,TIME_LIMIT,393471,0,0,20,14
2,8,1.762475e6,-1.0632475569948807,-0.8693272921435614,TIME_LIMIT,393504,0,0,11,9
2,8,1.762548e6,-1.0632475569948807,-0.8693272921435614,TIME_LIMIT,393528,0,0,18,4
2,8,1.76261e6,-1.0632433369760648,-0.8693272921435614,TIME_LIMIT,393545,0,0,11,6
2,8,1.762704e6,-1.0632433369760648,-0.8693272921435614,TIME_LIMIT,393562,0,0,17,14
2,8,1.762767e6,-1.0632423469023218,-0.8693272921435614,TIME_LIMIT,393588,0,0,9,7
2,8,1.762879e6,-1.0632423469023218,-0.8693272921435614,TIME_LIMIT,393608,0,0,19,22
2,8,1.76303e6,-1.0632418130987324,-0.8693272921435614,TIME_LIMIT,393639,0,0,15,6
2,8,1.763132e6,-1.0632418130987324,-0.8693272921435614,TIME_LIMIT,393658,0,0,21,23
2,8,1.763246e6,-1.0632320254564567,-0.8693272921435614,TIME_LIMIT,393691,0,0,16,6
2,8,1.763334e6,-1.0632320254564567,-0.8693272921435614,TIME_LIMIT,393709,0,0,16,11
2,8,1.763365e6,-1.063227957071399,-0.8693272921435614,TIME_LIMIT,393727,0,0,2,2
2,8,1.763462e6,-1.063227957071399,-0.8693272921435614,TIME_LIMIT,393755,0,0,17,13
2,8,1.763576e6,-1.063226411421504,-0.8693272921435614,TIME_LIMIT,393779,0,0,3,5
2,8,1.763795e6,-1.063226411421504,-0.8693272921435614,TIME_LIMIT,393801,0,0,21,36
2,8,1.764021e6,-1.0632252411030634,-0.8693272921435614,TIME_LIMIT,393837,0,0,19,14
2,8,1.76408e6,-1.0632252411030634,-0.8693272921435614,TIME_LIMIT,393857,0,0,4,14
2,8,1.764129e6,-1.0632228247121087,-0.8693272921435614,TIME_LIMIT,393882,0,0,8,2
2,8,1.764359e6,-1.0632228247121087,-0.8693272921435614,TIME_LIMIT,393911,0,0,20,12
2,8,1.764581e6,-1.0632220192604778,-0.8693272921435614,TIME_LIMIT,393933,0,0,18,10
2,8,1.764696e6,-1.0632220192604778,-0.8693272921435614,TIME_LIMIT,393957,0,0,23,23
2,8,1.764812e6,-1.063220329187607,-0.8693272921435614,TIME_LIMIT,393991,0,0,17,9
2,8,1.764853e6,-1.063220329187607,-0.8693272921435614,TIME_LIMIT,394007,0,0,13,3
2,8,1.76489e6,-1.0632200840473587,-0.8693272921435614,TIME_LIMIT,394024,0,0,9,0
2,8,1.764991e6,-1.0632200840473587,-0.8693272921435614,TIME_LIMIT,394044,0,0,24,14
2,8,1.76517e6,-1.0632181575194588,-0.8693272921435614,TIME_LIMIT,394078,0,0,15,5
2,8,1.765314e6,-1.0632181575194588,-0.8693272921435614,TIME_LIMIT,394102,0,0,19,13
2,8,1.765446e6,-1.063216004968135,-0.8693272921435614,TIME_LIMIT,394131,0,0,9,6
2,8,1.765553e6,-1.063216004968135,-0.8693272921435614,TIME_LIMIT,394155,0,0,18,42
2,8,1.765783e6,-1.0631978338124144,-0.8693272921435614,TIME_LIMIT,394188,0,0,15,9
2,8,1.765926e6,-1.0631978338124144,-0.8693272921435614,TIME_LIMIT,394210,0,0,16,16
2,8,1.766121e6,-1.0631960199976869,-0.8693272921435614,TIME_LIMIT,394240,0,0,13,5
2,8,1.766221e6,-1.0631960199976869,-0.8693272921435614,TIME_LIMIT,394256,0,0,17,9
2,8,1.766289e6,-1.0631932103620438,-0.8693272921435614,TIME_LIMIT,394287,0,0,5,2
2,8,1.766487e6,-1.0631932103620438,-0.8693272921435614,TIME_LIMIT,394318,0,0,24,12
2,8,1.766716e6,-1.063187478257626,-0.8693272921435614,TIME_LIMIT,394355,0,0,20,17
2,8,1.766946e6,-1.063187478257626,-0.8693272921435614,TIME_LIMIT,394376,0,0,21,19
2,8,1.767133e6,-1.0631863250349076,-0.8693272921435614,TIME_LIMIT,394412,0,0,19,20
2,8,1.767237e6,-1.0631863250349076,-0.8693272921435614,TIME_LIMIT,394433,0,0,19,7
2,8,1.767298e6,-1.0631755787112565,-0.8693272921435614,TIME_LIMIT,394463,0,0,10,10
2,8,1.767434e6,-1.0631755787112565,-0.8693272921435614,TIME_LIMIT,394485,0,0,21,17
2,8,1.767519e6,-1.063173995474134,-0.8693272921435614,TIME_LIMIT,394514,0,0,7,1
2,8,1.767673e6,-1.063173995474134,-0.8693272921435614,TIME_LIMIT,394532,0,0,18,8
2,8,1.76776e6,-1.0631716303338894,-0.8693272921435614,TIME_LIMIT,394562,0,0,11,6
2,8,1.767894e6,-1.0631716303338894,-0.8693272921435614,TIME_LIMIT,394588,0,0,20,15
2,8,1.767985e6,-1.063166700682516,-0.8693272921435614,TIME_LIMIT,394618,0,0,14,13
2,8,1.768081e6,-1.063166700682516,-0.8693272921435614,TIME_LIMIT,394644,0,0,19,17
2,8,1.768201e6,-1.0631657847332738,-0.8693272921435614,TIME_LIMIT,394670,0,0,9,9
2,8,1.768328e6,-1.0631657847332738,-0.8693272921435614,TIME_LIMIT,394695,0,0,19,11
2,8,1.76848e6,-1.0631622104254894,-0.8693272921435614,TIME_LIMIT,394729,0,0,8,8
2,8,1.768543e6,-1.0631622104254894,-0.8693272921435614,TIME_LIMIT,394753,0,0,24,11
2,8,1.76863e6,-1.0631606146218875,-0.8693272921435614,TIME_LIMIT,394781,0,0,6,3
2,8,1.768708e6,-1.0631606146218875,-0.8693272921435614,TIME_LIMIT,394799,0,0,11,8
2,8,1.768763e6,-1.0631595410527426,-0.8693272921435614,TIME_LIMIT,394823,0,0,9,3
2,8,1.768931e6,-1.0631595410527426,-0.8693272921435614,TIME_LIMIT,394845,0,0,13,25
2,8,1.769128e6,-1.0631491377175413,-0.8693272921435614,TIME_LIMIT,394885,0,0,15,5
2,8,1.769241e6,-1.0631491377175413,-0.8693272921435614,TIME_LIMIT,394908,0,0,18,9
2,8,1.769416e6,-1.0631147587774041,-0.8693272921435614,TIME_LIMIT,394936,0,0,11,5
2,8,1.769482e6,-1.0631147587774041,-0.8693272921435614,TIME_LIMIT,394958,0,0,15,8
2,8,1.769554e6,-1.0631145505116302,-0.8693272921435614,TIME_LIMIT,394981,0,0,9,7
2,8,1.769648e6,-1.0631145505116302,-0.8693272921435614,TIME_LIMIT,395006,0,0,19,17
2,8,1.769766e6,-1.0631096814853271,-0.8693272921435614,TIME_LIMIT,395036,0,0,2,5
2,8,1.769985e6,-1.0631096814853271,-0.8693272921435614,TIME_LIMIT,395061,0,0,17,15
2,8,1.770208e6,-1.0631011198054867,-0.8693272921435614,TIME_LIMIT,395095,0,0,15,9
2,8,1.770355e6,-1.0631011198054867,-0.8693272921435614,TIME_LIMIT,395119,0,0,16,18
2,8,1.770487e6,-1.0630983891804644,-0.8693272921435614,TIME_LIMIT,395142,0,0,11,18
2,8,1.770716e6,-1.0630983891804644,-0.8693272921435614,TIME_LIMIT,395161,0,0,21,25
2,8,1.770851e6,-1.0630822687406871,-0.8693272921435614,TIME_LIMIT,395193,0,0,14,4
2,8,1.771019e6,-1.0630822687406871,-0.8693272921435614,TIME_LIMIT,395220,0,0,24,26
2,8,1.771247e6,-1.0630807796083108,-0.8693272921435614,TIME_LIMIT,395256,0,0,13,5
2,8,1.771353e6,-1.0630807796083108,-0.8693272921435614,TIME_LIMIT,395277,0,0,20,10
2,8,1.77146e6,-1.063079959256981,-0.8693272921435614,TIME_LIMIT,395307,0,0,16,18
2,8,1.771685e6,-1.063079959256981,-0.8693272921435614,TIME_LIMIT,395336,0,0,16,11
2,8,1.771726e6,-1.063068355721009,-0.8693272921435614,TIME_LIMIT,395351,0,0,12,6
2,8,1.771798e6,-1.063068355721009,-0.8693272921435614,TIME_LIMIT,395370,0,0,17,13
2,8,1.771876e6,-1.0630617570284056,-0.8693272921435614,TIME_LIMIT,395398,0,0,5,5
2,8,1.772011e6,-1.0630617570284056,-0.8693272921435614,TIME_LIMIT,395422,0,0,16,15
2,8,1.772137e6,-1.0630507845623374,-0.8693272921435614,TIME_LIMIT,395460,0,0,16,6
2,8,1.772246e6,-1.0630507845623374,-0.8693272921435614,TIME_LIMIT,395482,0,0,17,11
2,8,1.772456e6,-1.0630503300136198,-0.8693272921435614,TIME_LIMIT,395513,0,0,9,7
2,8,1.772523e6,-1.0630503300136198,-0.8693272921435614,TIME_LIMIT,395538,0,0,18,11
2,8,1.772577e6,-1.0630469125116702,-0.8693272921435614,TIME_LIMIT,395565,0,0,10,6
2,8,1.772668e6,-1.0630469125116702,-0.8693272921435614,TIME_LIMIT,395586,0,0,14,4
2,8,1.77272e6,-1.063043423645854,-0.8693272921435614,TIME_LIMIT,395604,0,0,10,1
2,8,1.772799e6,-1.063043423645854,-0.8693272921435614,TIME_LIMIT,395624,0,0,12,14
2,8,1.772947e6,-1.0630288985129774,-0.8693272921435614,TIME_LIMIT,395653,0,0,17,3
2,8,1.773008e6,-1.0630288985129774,-0.8693272921435614,TIME_LIMIT,395672,0,0,12,7
2,8,1.773052e6,-1.0630252712356214,-0.8693272921435614,TIME_LIMIT,395691,0,0,9,4
2,8,1.773277e6,-1.0630252712356214,-0.8693272921435614,TIME_LIMIT,395710,0,0,11,13
2,8,1.773318e6,-1.0630148346640962,-0.8693272921435614,TIME_LIMIT,395732,0,0,7,2
2,8,1.773439e6,-1.0630148346640962,-0.8693272921435614,TIME_LIMIT,395748,0,0,9,12
2,8,1.773633e6,-1.0630054445343997,-0.8693272921435614,TIME_LIMIT,395782,0,0,15,11
2,8,1.773751e6,-1.0630054445343997,-0.8693272921435614,TIME_LIMIT,395805,0,0,8,8
2,8,1.773879e6,-1.063002955175672,-0.8693272921435614,TIME_LIMIT,395834,0,0,15,6
2,8,1.773955e6,-1.063002955175672,-0.8693272921435614,TIME_LIMIT,395857,0,0,13,12
2,8,1.774013e6,-1.062984622749144,-0.8693272921435614,TIME_LIMIT,395880,0,0,10,3
2,8,1.774075e6,-1.062984622749144,-0.8693272921435614,TIME_LIMIT,395900,0,0,17,8
2,8,1.774303e6,-1.062984616593647,-0.8693272921435614,TIME_LIMIT,395930,0,0,11,7
2,8,1.774333e6,-1.062984616593647,-0.8693272921435614,TIME_LIMIT,395942,0,0,9,4
2,8,1.774383e6,-1.062964687218388,-0.8693272921435614,TIME_LIMIT,395965,0,0,5,4
2,8,1.774607e6,-1.062964687218388,-0.8693272921435614,TIME_LIMIT,396000,0,0,23,20
2,8,1.774779e6,-1.0629644492543575,-0.8693272921435614,TIME_LIMIT,396034,0,0,17,11
2,8,1.774889e6,-1.0629644492543575,-0.8693272921435614,TIME_LIMIT,396056,0,0,13,8
2,8,1.775024e6,-1.0629619400047023,-0.8693272921435614,TIME_LIMIT,396079,0,0,12,3
2,8,1.775255e6,-1.0629619400047023,-0.8693272921435614,TIME_LIMIT,396103,0,0,16,12
2,8,1.775486e6,-1.0629551267338901,-0.8693272921435614,TIME_LIMIT,396134,0,0,19,11
2,8,1.775592e6,-1.0629551267338901,-0.8693272921435614,TIME_LIMIT,396155,0,0,12,2
2,8,1.775653e6,-1.0629491254627021,-0.8693272921435614,TIME_LIMIT,396175,0,0,11,6
2,8,1.775869e6,-1.0629491254627021,-0.8693272921435614,TIME_LIMIT,396199,0,0,22,12
2,8,1.776091e6,-1.062935894842221,-0.8693272921435614,TIME_LIMIT,396231,0,0,13,7
2,8,1.77632e6,-1.062935894842221,-0.8693272921435614,TIME_LIMIT,396268,0,0,21,21
2,8,1.77648e6,-1.0629296065536664,-0.8693272921435614,TIME_LIMIT,396300,0,0,18,21
2,8,1.776543e6,-1.0629296065536664,-0.8693272921435614,TIME_LIMIT,396317,0,0,12,9
2,8,1.776622e6,-1.062927783765419,-0.8693272921435614,TIME_LIMIT,396343,0,0,7,6
2,8,1.77666e6,-1.062927783765419,-0.8693272921435614,TIME_LIMIT,396360,0,0,7,3
2,8,1.776679e6,-1.0629269716914491,-0.8693272921435614,TIME_LIMIT,396371,0,0,2,4
2,8,1.776756e6,-1.0629269716914491,-0.8693272921435614,TIME_LIMIT,396391,0,0,10,13
2,8,1.776978e6,-1.0629243705616045,-0.8693272921435614,TIME_LIMIT,396426,0,0,14,10
2,8,1.777076e6,-1.0629243705616045,-0.8693272921435614,TIME_LIMIT,396446,0,0,5,11
2,8,1.777203e6,-1.0629196059772088,-0.8693272921435614,TIME_LIMIT,396473,0,0,11,5
2,8,1.777432e6,-1.0629196059772088,-0.8693272921435614,TIME_LIMIT,396505,0,0,22,13
2,8,1.77754e6,-1.062912619671426,-0.8693272921435614,TIME_LIMIT,396528,0,0,12,11
2,8,1.777612e6,-1.062912619671426,-0.8693272921435614,TIME_LIMIT,396544,0,0,10,8
2,8,1.77767e6,-1.0629100057220735,-0.8693272921435614,TIME_LIMIT,396564,0,0,7,4
2,8,1.777738e6,-1.0629100057220735,-0.8693272921435614,TIME_LIMIT,396580,0,0,8,10
2,8,1.777794e6,-1.0629077407936567,-0.8693272921435614,TIME_LIMIT,396604,0,0,9,6
2,8,1.777851e6,-1.0629077407936567,-0.8693272921435614,TIME_LIMIT,396621,0,0,7,8
2,8,1.777904e6,-1.0629048983135323,-0.8693272921435614,TIME_LIMIT,396637,0,0,10,6
2,8,1.77813e6,-1.0629048983135323,-0.8693272921435614,TIME_LIMIT,396653,0,0,12,20
2,8,1.778297e6,-1.0629013878491178,-0.8693272921435614,TIME_LIMIT,396681,0,0,12,5
2,8,1.778346e6,-1.0629013878491178,-0.8693272921435614,TIME_LIMIT,396696,0,0,11,12
2,8,1.778408e6,-1.0628917910686697,-0.8693272921435614,TIME_LIMIT,396722,0,0,7,4
2,8,1.778624e6,-1.0628917910686697,-0.8693272921435614,TIME_LIMIT,396744,0,0,21,24
2,8,1.778754e6,-1.062888025352099,-0.8693272921435614,TIME_LIMIT,396768,0,0,15,7
2,8,1.778828e6,-1.062888025352099,-0.8693272921435614,TIME_LIMIT,396789,0,0,18,16
2,8,1.778935e6,-1.0628835017325096,-0.8693272921435614,TIME_LIMIT,396817,0,0,8,5
2,8,1.779087e6,-1.0628835017325096,-0.8693272921435614,TIME_LIMIT,396834,0,0,15,12
2,8,1.779228e6,-1.0628757065719172,-0.8693272921435614,TIME_LIMIT,396867,0,0,12,9
2,8,1.77946e6,-1.0628757065719172,-0.8693272921435614,TIME_LIMIT,396888,0,0,17,22
2,8,1.779688e6,-1.0628754111543273,-0.8693272921435614,TIME_LIMIT,396927,0,0,14,11
2,8,1.779906e6,-1.0628754111543273,-0.8693272921435614,TIME_LIMIT,396956,0,0,9,13
2,8,1.780131e6,-1.0628719434552374,-0.8693272921435614,TIME_LIMIT,396979,0,0,16,24
2,8,1.780275e6,-1.0628719434552374,-0.8693272921435614,TIME_LIMIT,397003,0,0,21,9
2,8,1.78041e6,-1.0628641955190197,-0.8693272921435614,TIME_LIMIT,397035,0,0,14,3
2,8,1.780639e6,-1.0628641955190197,-0.8693272921435614,TIME_LIMIT,397059,0,0,16,30
2,8,1.780867e6,-1.062847855771011,-0.8693272921435614,TIME_LIMIT,397099,0,0,21,9
2,8,1.780983e6,-1.062847855771011,-0.8693272921435614,TIME_LIMIT,397120,0,0,15,16
2,8,1.781172e6,-1.062841535184572,-0.8693272921435614,TIME_LIMIT,397157,0,0,17,9
2,8,1.781394e6,-1.062841535184572,-0.8693272921435614,TIME_LIMIT,397176,0,0,20,12
2,8,1.781623e6,-1.062836861880004,-0.8693272921435614,TIME_LIMIT,397218,0,0,16,8
2,8,1.781689e6,-1.062836861880004,-0.8693272921435614,TIME_LIMIT,397231,0,0,10,11
2,8,1.78176e6,-1.0628338864636218,-0.8693272921435614,TIME_LIMIT,397256,0,0,10,2
2,8,1.781915e6,-1.0628338864636218,-0.8693272921435614,TIME_LIMIT,397279,0,0,5,9
2,8,1.782064e6,-1.062831749974558,-0.8693272921435614,TIME_LIMIT,397310,0,0,15,7
2,8,1.78228e6,-1.062831749974558,-0.8693272921435614,TIME_LIMIT,397332,0,0,20,14
2,8,1.78245e6,-1.062820531105086,-0.8693272921435614,TIME_LIMIT,397363,0,0,6,5
2,8,1.782526e6,-1.062820531105086,-0.8693272921435614,TIME_LIMIT,397382,0,0,14,11
2,8,1.782753e6,-1.0628191791849084,-0.8693272921435614,TIME_LIMIT,397418,0,0,16,6
2,8,1.782867e6,-1.0628191791849084,-0.8693272921435614,TIME_LIMIT,397446,0,0,23,16
2,8,1.783031e6,-1.062817665388757,-0.8693272921435614,TIME_LIMIT,397478,0,0,13,9
2,8,1.783153e6,-1.062817665388757,-0.8693272921435614,TIME_LIMIT,397503,0,0,23,23
2,8,1.783381e6,-1.0628159292756174,-0.8693272921435614,TIME_LIMIT,397537,0,0,11,9
2,8,1.783605e6,-1.0628159292756174,-0.8693272921435614,TIME_LIMIT,397552,0,0,20,23
2,8,1.783759e6,-1.0628156540163571,-0.8693272921435614,TIME_LIMIT,397591,0,0,24,6
2,8,1.783835e6,-1.0628156540163571,-0.8693272921435614,TIME_LIMIT,397613,0,0,17,7
2,8,1.783966e6,-1.0628126052217945,-0.8693272921435614,TIME_LIMIT,397646,0,0,16,9
2,8,1.784014e6,-1.0628126052217945,-0.8693272921435614,TIME_LIMIT,397662,0,0,13,15
2,8,1.784057e6,-1.0628089721549954,-0.8693272921435614,TIME_LIMIT,397683,0,0,7,2
2,8,1.784223e6,-1.0628089721549954,-0.8693272921435614,TIME_LIMIT,397712,0,0,6,6
2,8,1.784351e6,-1.0628026506649553,-0.8693272921435614,TIME_LIMIT,397745,0,0,12,8
2,8,1.784425e6,-1.0628026506649553,-0.8693272921435614,TIME_LIMIT,397766,0,0,15,5
2,8,1.784487e6,-1.0627995240596875,-0.8693272921435614,TIME_LIMIT,397784,0,0,9,7
2,8,1.784624e6,-1.0627995240596875,-0.8693272921435614,TIME_LIMIT,397799,0,0,16,12
2,8,1.78468e6,-1.0627908966737323,-0.8693272921435614,TIME_LIMIT,397827,0,0,11,3
2,8,1.784829e6,-1.0627908966737323,-0.8693272921435614,TIME_LIMIT,397842,0,0,4,7
2,8,1.784865e6,-1.062788415810602,-0.8693272921435614,TIME_LIMIT,397858,0,0,4,1
2,8,1.784999e6,-1.062788415810602,-0.8693272921435614,TIME_LIMIT,397884,0,0,20,15
2,8,1.785115e6,-1.0627867802220146,-0.8693272921435614,TIME_LIMIT,397902,0,0,6,7
2,8,1.785189e6,-1.0627867802220146,-0.8693272921435614,TIME_LIMIT,397925,0,0,13,15
2,8,1.785257e6,-1.0627867283905625,-0.8693272921435614,TIME_LIMIT,397947,0,0,10,5
2,8,1.785441e6,-1.0627867283905625,-0.8693272921435614,TIME_LIMIT,397971,0,0,10,11
2,8,1.785577e6,-1.0627830073007942,-0.8693272921435614,TIME_LIMIT,397999,0,0,11,7
2,8,1.785765e6,-1.0627830073007942,-0.8693272921435614,TIME_LIMIT,398024,0,0,18,11
2,8,1.785847e6,-1.0627823229104325,-0.8693272921435614,TIME_LIMIT,398051,0,0,4,2
2,8,1.785927e6,-1.0627823229104325,-0.8693272921435614,TIME_LIMIT,398076,0,0,10,2
2,8,1.786035e6,-1.06277498255997,-0.8693272921435614,TIME_LIMIT,398103,0,0,8,13
2,8,1.786129e6,-1.06277498255997,-0.8693272921435614,TIME_LIMIT,398128,0,0,17,9
2,8,1.786356e6,-1.0627725842536666,-0.8693272921435614,TIME_LIMIT,398157,0,0,13,8
2,8,1.786488e6,-1.0627725842536666,-0.8693272921435614,TIME_LIMIT,398178,0,0,19,22
2,8,1.786714e6,-1.062759768567334,-0.8693272921435614,TIME_LIMIT,398209,0,0,11,6
2,8,1.786867e6,-1.062759768567334,-0.8693272921435614,TIME_LIMIT,398231,0,0,14,16
2,8,1.787094e6,-1.0627532332528589,-0.8693272921435614,TIME_LIMIT,398257,0,0,11,5
2,8,1.787244e6,-1.0627532332528589,-0.8693272921435614,TIME_LIMIT,398286,0,0,17,19
2,8,1.787398e6,-1.0627523353569508,-0.8693272921435614,TIME_LIMIT,398318,0,0,12,10
2,8,1.7875e6,-1.0627523353569508,-0.8693272921435614,TIME_LIMIT,398344,0,0,15,6
2,8,1.787564e6,-1.0627327380185143,-0.8693272921435614,TIME_LIMIT,398363,0,0,13,2
2,8,1.78763e6,-1.0627327380185143,-0.8693272921435614,TIME_LIMIT,398381,0,0,12,16
2,8,1.787824e6,-1.0627301255617556,-0.8693272921435614,TIME_LIMIT,398420,0,0,16,11
2,8,1.787959e6,-1.0627301255617556,-0.8693272921435614,TIME_LIMIT,398447,0,0,19,10
2,8,1.788114e6,-1.0627292118800913,-0.8693272921435614,TIME_LIMIT,398479,0,0,16,6
2,8,1.788182e6,-1.0627292118800913,-0.8693272921435614,TIME_LIMIT,398499,0,0,10,3
2,8,1.788262e6,-1.0627181785031254,-0.8693272921435614,TIME_LIMIT,398527,0,0,13,4
2,8,1.788357e6,-1.0627181785031254,-0.8693272921435614,TIME_LIMIT,398546,0,0,4,5
2,8,1.788394e6,-1.062717070083058,-0.8693272921435614,TIME_LIMIT,398566,0,0,5,2
2,8,1.788566e6,-1.062717070083058,-0.8693272921435614,TIME_LIMIT,398590,0,0,12,10
2,8,1.788632e6,-1.0627109241111854,-0.8693272921435614,TIME_LIMIT,398605,0,0,11,5
2,8,1.788809e6,-1.0627109241111854,-0.8693272921435614,TIME_LIMIT,398638,0,0,12,15
2,8,1.789018e6,-1.0627076758263958,-0.8693272921435614,TIME_LIMIT,398663,0,0,15,11
2,8,1.789241e6,-1.0627076758263958,-0.8693272921435614,TIME_LIMIT,398682,0,0,20,9
2,8,1.789359e6,-1.0627018806542257,-0.8693272921435614,TIME_LIMIT,398708,0,0,10,4
2,8,1.789545e6,-1.0627018806542257,-0.8693272921435614,TIME_LIMIT,398736,0,0,19,21
2,8,1.789775e6,-1.06269940650216,-0.8693272921435614,TIME_LIMIT,398762,0,0,17,7
2,8,1.789873e6,-1.06269940650216,-0.8693272921435614,TIME_LIMIT,398785,0,0,18,11
2,8,1.790033e6,-1.062689169975674,-0.8693272921435614,TIME_LIMIT,398816,0,0,15,9
2,8,1.790098e6,-1.062689169975674,-0.8693272921435614,TIME_LIMIT,398834,0,0,10,7
2,8,1.790257e6,-1.0626880821622886,-0.8693272921435614,TIME_LIMIT,398862,0,0,10,3
2,8,1.790327e6,-1.0626880821622886,-0.8693272921435614,TIME_LIMIT,398886,0,0,16,17
2,8,1.790522e6,-1.0626860246039866,-0.8693272921435614,TIME_LIMIT,398914,0,0,12,9
2,8,1.790587e6,-1.0626860246039866,-0.8693272921435614,TIME_LIMIT,398936,0,0,13,10
2,8,1.790668e6,-1.062682086757869,-0.8693272921435614,TIME_LIMIT,398965,0,0,13,5
2,8,1.790705e6,-1.062682086757869,-0.8693272921435614,TIME_LIMIT,398980,0,0,18,17
2,8,1.790927e6,-1.0626801994156627,-0.8693272921435614,TIME_LIMIT,399014,0,0,19,6
2,8,1.790994e6,-1.0626801994156627,-0.8693272921435614,TIME_LIMIT,399035,0,0,16,12
2,8,1.791021e6,-1.0626786441879914,-0.8693272921435614,TIME_LIMIT,399055,0,0,9,2
2,8,1.791095e6,-1.0626786441879914,-0.8693272921435614,TIME_LIMIT,399074,0,0,14,14
2,8,1.791231e6,-1.0626777072422877,-0.8693272921435614,TIME_LIMIT,399105,0,0,11,5
2,8,1.79146e6,-1.0626777072422877,-0.8693272921435614,TIME_LIMIT,399130,0,0,20,29
2,8,1.791688e6,-1.0626738758608487,-0.8693272921435614,TIME_LIMIT,399154,0,0,14,28
2,8,1.791848e6,-1.0626738758608487,-0.8693272921435614,TIME_LIMIT,399184,0,0,18,10
2,8,1.792004e6,-1.0626707397084472,-0.8693272921435614,TIME_LIMIT,399211,0,0,12,4
2,8,1.792045e6,-1.0626707397084472,-0.8693272921435614,TIME_LIMIT,399230,0,0,13,6
2,8,1.792175e6,-1.0626669778643247,-0.8693272921435614,TIME_LIMIT,399256,0,0,10,4
2,8,1.792326e6,-1.0626669778643247,-0.8693272921435614,TIME_LIMIT,399275,0,0,9,18
2,8,1.792507e6,-1.0626645497594451,-0.8693272921435614,TIME_LIMIT,399308,0,0,15,8
2,8,1.792734e6,-1.0626645497594451,-0.8693272921435614,TIME_LIMIT,399335,0,0,27,24
2,8,1.792808e6,-1.0626638760417113,-0.8693272921435614,TIME_LIMIT,399361,0,0,22,10
2,8,1.792969e6,-1.0626638760417113,-0.8693272921435614,TIME_LIMIT,399388,0,0,13,16
2,8,1.79319e6,-1.0626615867528402,-0.8693272921435614,TIME_LIMIT,399419,0,0,15,9
2,8,1.79331e6,-1.0626615867528402,-0.8693272921435614,TIME_LIMIT,399441,0,0,19,14
2,8,1.793537e6,-1.062653140854148,-0.8693272921435614,TIME_LIMIT,399473,0,0,12,7
2,8,1.793592e6,-1.062653140854148,-0.8693272921435614,TIME_LIMIT,399489,0,0,9,14
2,8,1.793693e6,-1.0626501527427794,-0.8693272921435614,TIME_LIMIT,399516,0,0,9,9
2,8,1.793919e6,-1.0626501527427794,-0.8693272921435614,TIME_LIMIT,399537,0,0,19,11
2,8,1.794142e6,-1.0626487326412621,-0.8693272921435614,TIME_LIMIT,399574,0,0,20,12
2,8,1.794184e6,-1.0626487326412621,-0.8693272921435614,TIME_LIMIT,399588,0,0,9,3
2,8,1.794204e6,-1.0625935509945528,-0.8693272921435614,TIME_LIMIT,399603,0,0,4,2
2,8,1.794291e6,-1.0625935509945528,-0.8693272921435614,TIME_LIMIT,399619,0,0,15,5
2,8,1.794339e6,-1.0625826770932492,-0.8693272921435614,TIME_LIMIT,399642,0,0,7,2
2,8,1.794417e6,-1.0625826770932492,-0.8693272921435614,TIME_LIMIT,399662,0,0,12,4
2,8,1.794543e6,-1.0625738376943898,-0.8693272921435614,TIME_LIMIT,399689,0,0,15,6
2,8,1.794725e6,-1.0625738376943898,-0.8693272921435614,TIME_LIMIT,399713,0,0,7,7
2,8,1.7948e6,-1.0625599446908838,-0.8693272921435614,TIME_LIMIT,399741,0,0,10,8
2,8,1.794904e6,-1.0625599446908838,-0.8693272921435614,TIME_LIMIT,399757,0,0,12,7
2,8,1.795003e6,-1.062558662922673,-0.8693272921435614,TIME_LIMIT,399782,0,0,10,4
2,8,1.795229e6,-1.062558662922673,-0.8693272921435614,TIME_LIMIT,399802,0,0,15,16
2,8,1.795445e6,-1.0625538665089715,-0.8693272921435614,TIME_LIMIT,399839,0,0,17,9
2,8,1.795669e6,-1.0625538665089715,-0.8693272921435614,TIME_LIMIT,399865,0,0,19,14
2,8,1.795895e6,-1.0625499354587205,-0.8693272921435614,TIME_LIMIT,399898,0,0,9,7
2,8,1.795959e6,-1.0625499354587205,-0.8693272921435614,TIME_LIMIT,399916,0,0,13,11
2,8,1.796057e6,-1.062545561716339,-0.8693272921435614,TIME_LIMIT,399938,0,0,9,9
2,8,1.796214e6,-1.062545561716339,-0.8693272921435614,TIME_LIMIT,399956,0,0,11,12
2,8,1.796439e6,-1.0625420122696894,-0.8693272921435614,TIME_LIMIT,399984,0,0,16,5
2,8,1.796535e6,-1.0625420122696894,-0.8693272921435614,TIME_LIMIT,400004,0,0,11,11
2,8,1.79668e6,-1.0625413180370227,-0.8693272921435614,TIME_LIMIT,400035,0,0,2,2
2,8,1.796833e6,-1.0625413180370227,-0.8693272921435614,TIME_LIMIT,400061,0,0,16,27
2,8,1.797061e6,-1.062539528682431,-0.8693272921435614,TIME_LIMIT,400103,0,0,14,13
2,8,1.797218e6,-1.062539528682431,-0.8693272921435614,TIME_LIMIT,400131,0,0,7,16
2,8,1.797388e6,-1.062537774326618,-0.8693272921435614,TIME_LIMIT,400160,0,0,10,6
2,8,1.797448e6,-1.062537774326618,-0.8693272921435614,TIME_LIMIT,400180,0,0,15,18
2,8,1.79766e6,-1.0625357781997373,-0.8693272921435614,TIME_LIMIT,400210,0,0,14,4
2,8,1.797818e6,-1.0625357781997373,-0.8693272921435614,TIME_LIMIT,400230,0,0,14,13
2,8,1.797894e6,-1.0625301035412689,-0.8693272921435614,TIME_LIMIT,400260,0,0,14,6
2,8,1.797964e6,-1.0625301035412689,-0.8693272921435614,TIME_LIMIT,400281,0,0,7,4
2,8,1.798012e6,-1.0625267088837353,-0.8693272921435614,TIME_LIMIT,400301,0,0,12,8
2,8,1.798106e6,-1.0625267088837353,-0.8693272921435614,TIME_LIMIT,400323,0,0,12,10
2,8,1.798176e6,-1.0625157294917793,-0.8693272921435614,TIME_LIMIT,400341,0,0,13,9
2,8,1.798298e6,-1.0625157294917793,-0.8693272921435614,TIME_LIMIT,400365,0,0,15,12
2,8,1.798451e6,-1.062514790425959,-0.8693272921435614,TIME_LIMIT,400400,0,0,18,10
2,8,1.798673e6,-1.062514790425959,-0.8693272921435614,TIME_LIMIT,400420,0,0,19,24
2,8,1.798859e6,-1.0625138603916433,-0.8693272921435614,TIME_LIMIT,400459,0,0,15,13
2,8,1.798967e6,-1.0625138603916433,-0.8693272921435614,TIME_LIMIT,400479,0,0,15,13
2,8,1.79904e6,-1.0625116231680205,-0.8693272921435614,TIME_LIMIT,400511,0,0,9,5
2,8,1.799156e6,-1.0625116231680205,-0.8693272921435614,TIME_LIMIT,400533,0,0,13,10
2,8,1.799362e6,-1.0625094952917653,-0.8693272921435614,TIME_LIMIT,400568,0,0,18,11
2,8,1.799583e6,-1.0625094952917653,-0.8693272921435614,TIME_LIMIT,400587,0,0,12,12
2,8,1.799628e6,-1.062508888999976,-0.8693272921435614,TIME_LIMIT,400608,0,0,6,7
2,8,1.799693e6,-1.062508888999976,-0.8693272921435614,TIME_LIMIT,400630,0,0,13,16
2,8,1.799805e6,-1.0624924915942913,-0.8693272921435614,TIME_LIMIT,400656,0,0,10,8
2,8,1.799879e6,-1.0624924915942913,-0.8693272921435614,TIME_LIMIT,400673,0,0,13,18
2,8,1.800048e6,-1.0624843596449915,-0.8693272921435614,TIME_LIMIT,400709,0,0,10,7
2,8,1.800091e6,-1.0624843596449915,-0.8693272921435614,TIME_LIMIT,400724,0,0,7,5
2,8,1.800125e6,-1.0624808828893713,-0.8693272921435614,TIME_LIMIT,400738,0,0,5,1
2,8,1.800301e6,-1.0624808828893713,-0.8693272921435614,TIME_LIMIT,400762,0,0,22,21
2,8,1.800412e6,-1.062480127426829,-0.8693272921435614,TIME_LIMIT,400797,0,0,15,11
2,8,1.800528e6,-1.062480127426829,-0.8693272921435614,TIME_LIMIT,400818,0,0,15,8
2,8,1.800594e6,-1.0624745003414406,-0.8693272921435614,TIME_LIMIT,400841,0,0,9,6
2,8,1.80067e6,-1.0624745003414406,-0.8693272921435614,TIME_LIMIT,400865,0,0,17,7
2,8,1.800784e6,-1.0624724985198266,-0.8693272921435614,TIME_LIMIT,400892,0,0,13,6
2,8,1.800824e6,-1.0624724985198266,-0.8693272921435614,TIME_LIMIT,400912,0,0,8,4
2,8,1.800864e6,-1.062467938423421,-0.8693272921435614,TIME_LIMIT,400927,0,0,4,1
2,8,1.800923e6,-1.062467938423421,-0.8693272921435614,TIME_LIMIT,400941,0,0,11,8
2,8,1.801012e6,-1.0624663018654723,-0.8693272921435614,TIME_LIMIT,400968,0,0,11,6
2,8,1.80123e6,-1.0624663018654723,-0.8693272921435614,TIME_LIMIT,400999,0,0,22,34
2,8,1.801459e6,-1.0624449127659876,-0.8693272921435614,TIME_LIMIT,401041,0,0,13,6
2,8,1.801528e6,-1.0624449127659876,-0.8693272921435614,TIME_LIMIT,401057,0,0,10,7
2,8,1.801573e6,-1.0624415509778409,-0.8693272921435614,TIME_LIMIT,401077,0,0,7,2
2,8,1.801682e6,-1.0624415509778409,-0.8693272921435614,TIME_LIMIT,401098,0,0,13,7
2,8,1.801727e6,-1.0624369286671573,-0.8693272921435614,TIME_LIMIT,401123,0,0,9,3
2,8,1.801814e6,-1.0624369286671573,-0.8693272921435614,TIME_LIMIT,401143,0,0,19,12
2,8,1.801996e6,-1.0624353572180616,-0.8693272921435614,TIME_LIMIT,401179,0,0,15,6
2,8,1.802057e6,-1.0624353572180616,-0.8693272921435614,TIME_LIMIT,401194,0,0,10,8
2,8,1.802211e6,-1.0624342059319454,-0.8693272921435614,TIME_LIMIT,401218,0,0,8,4
2,8,1.802357e6,-1.0624342059319454,-0.8693272921435614,TIME_LIMIT,401234,0,0,14,16
2,8,1.802493e6,-1.0624324521536113,-0.8693272921435614,TIME_LIMIT,401268,0,0,15,8
2,8,1.802554e6,-1.0624324521536113,-0.8693272921435614,TIME_LIMIT,401284,0,0,9,1
2,8,1.802713e6,-1.0624096396313951,-0.8693272921435614,TIME_LIMIT,401310,0,0,9,7
2,8,1.802912e6,-1.0624096396313951,-0.8693272921435614,TIME_LIMIT,401336,0,0,13,16
2,8,1.803037e6,-1.062409019643915,-0.8693272921435614,TIME_LIMIT,401371,0,0,10,5
2,8,1.803109e6,-1.062409019643915,-0.8693272921435614,TIME_LIMIT,401393,0,0,10,16
2,8,1.803221e6,-1.0624062405517383,-0.8693272921435614,TIME_LIMIT,401422,0,0,14,4
2,8,1.803305e6,-1.0624062405517383,-0.8693272921435614,TIME_LIMIT,401441,0,0,18,15
2,8,1.803496e6,-1.062395705661413,-0.8693272921435614,TIME_LIMIT,401473,0,0,16,4
2,8,1.803646e6,-1.062395705661413,-0.8693272921435614,TIME_LIMIT,401498,0,0,15,9
2,8,1.80372e6,-1.0623912900492152,-0.8693272921435614,TIME_LIMIT,401522,0,0,15,5
2,8,1.8039e6,-1.0623912900492152,-0.8693272921435614,TIME_LIMIT,401544,0,0,17,24
2,8,1.804097e6,-1.0623911355038216,-0.8693272921435614,TIME_LIMIT,401585,0,0,20,7
2,8,1.804248e6,-1.0623911355038216,-0.8693272921435614,TIME_LIMIT,401608,0,0,21,22
2,8,1.80447e6,-1.0623725871346688,-0.8693272921435614,TIME_LIMIT,401640,0,0,17,7
2,8,1.804584e6,-1.0623725871346688,-0.8693272921435614,TIME_LIMIT,401656,0,0,13,10
2,8,1.804746e6,-1.0623716083032109,-0.8693272921435614,TIME_LIMIT,401694,0,0,8,9
2,8,1.804818e6,-1.0623716083032109,-0.8693272921435614,TIME_LIMIT,401716,0,0,16,12
2,8,1.804909e6,-1.0623656596099704,-0.8693272921435614,TIME_LIMIT,401748,0,0,18,10
2,8,1.805132e6,-1.0623656596099704,-0.8693272921435614,TIME_LIMIT,401782,0,0,24,8
2,8,1.805185e6,-1.0623576581802472,-0.8693272921435614,TIME_LIMIT,401799,0,0,14,6
2,8,1.805247e6,-1.0623576581802472,-0.8693272921435614,TIME_LIMIT,401814,0,0,9,8
2,8,1.805311e6,-1.062357140317228,-0.8693272921435614,TIME_LIMIT,401836,0,0,5,6
2,8,1.80553e6,-1.062357140317228,-0.8693272921435614,TIME_LIMIT,401859,0,0,12,11
2,8,1.805592e6,-1.0623482711196865,-0.8693272921435614,TIME_LIMIT,401883,0,0,8,6
2,8,1.805705e6,-1.0623482711196865,-0.8693272921435614,TIME_LIMIT,401901,0,0,10,7
2,8,1.805821e6,-1.0623435164278558,-0.8693272921435614,TIME_LIMIT,401930,0,0,6,3
2,8,1.805888e6,-1.0623435164278558,-0.8693272921435614,TIME_LIMIT,401945,0,0,13,11
2,8,1.805957e6,-1.0623337295156345,-0.8693272921435614,TIME_LIMIT,401971,0,0,11,2
2,8,1.806033e6,-1.0623337295156345,-0.8693272921435614,TIME_LIMIT,401990,0,0,11,11
2,8,1.806246e6,-1.0623323315654605,-0.8693272921435614,TIME_LIMIT,402021,0,0,10,10
2,8,1.806433e6,-1.0623323315654605,-0.8693272921435614,TIME_LIMIT,402047,0,0,18,18
2,8,1.806542e6,-1.0623254731279643,-0.8693272921435614,TIME_LIMIT,402077,0,0,14,8
2,8,1.806637e6,-1.0623254731279643,-0.8693272921435614,TIME_LIMIT,402099,0,0,14,9
2,8,1.806727e6,-1.0623235506370414,-0.8693272921435614,TIME_LIMIT,402122,0,0,13,11
2,8,1.806904e6,-1.0623235506370414,-0.8693272921435614,TIME_LIMIT,402145,0,0,13,9
2,8,1.807132e6,-1.062315711821471,-0.8693272921435614,TIME_LIMIT,402176,0,0,14,7
2,8,1.807199e6,-1.062315711821471,-0.8693272921435614,TIME_LIMIT,402194,0,0,13,9
2,8,1.807298e6,-1.0623148677486536,-0.8693272921435614,TIME_LIMIT,402220,0,0,14,6
2,8,1.807384e6,-1.0623148677486536,-0.8693272921435614,TIME_LIMIT,402236,0,0,16,8
2,8,1.807432e6,-1.0623135074233736,-0.8693272921435614,TIME_LIMIT,402265,0,0,15,2
2,8,1.807544e6,-1.0623135074233736,-0.8693272921435614,TIME_LIMIT,402282,0,0,15,17
2,8,1.807765e6,-1.0623051973695017,-0.8693272921435614,TIME_LIMIT,402314,0,0,17,9
2,8,1.807907e6,-1.0623051973695017,-0.8693272921435614,TIME_LIMIT,402342,0,0,11,10
2,8,1.807993e6,-1.0623051944285704,-0.8693272921435614,TIME_LIMIT,402358,0,0,14,12
2,8,1.808055e6,-1.0623051944285704,-0.8693272921435614,TIME_LIMIT,402377,0,0,11,8
2,8,1.808105e6,-1.0623024183039282,-0.8693272921435614,TIME_LIMIT,402399,0,0,9,6
2,8,1.808245e6,-1.0623024183039282,-0.8693272921435614,TIME_LIMIT,402413,0,0,21,26
2,8,1.808424e6,-1.0623003657343693,-0.8693272921435614,TIME_LIMIT,402451,0,0,16,8
2,8,1.808456e6,-1.0623003657343693,-0.8693272921435614,TIME_LIMIT,402466,0,0,6,11
2,8,1.808497e6,-1.0622941332697002,-0.8693272921435614,TIME_LIMIT,402478,0,0,2,1
2,8,1.808718e6,-1.0622941332697002,-0.8693272921435614,TIME_LIMIT,402504,0,0,23,8
2,8,1.808895e6,-1.0622938566817879,-0.8693272921435614,TIME_LIMIT,402535,0,0,15,9
2,8,1.808952e6,-1.0622938566817879,-0.8693272921435614,TIME_LIMIT,402550,0,0,9,8
2,8,1.808996e6,-1.0622910171029019,-0.8693272921435614,TIME_LIMIT,402571,0,0,8,3
2,8,1.809088e6,-1.0622910171029019,-0.8693272921435614,TIME_LIMIT,402593,0,0,21,27
2,8,1.809278e6,-1.0622883601708382,-0.8693272921435614,TIME_LIMIT,402621,0,0,11,9
2,8,1.809424e6,-1.0622883601708382,-0.8693272921435614,TIME_LIMIT,402638,0,0,19,9
2,8,1.809491e6,-1.0622742243923584,-0.8693272921435614,TIME_LIMIT,402665,0,0,12,4
2,8,1.809696e6,-1.0622742243923584,-0.8693272921435614,TIME_LIMIT,402694,0,0,15,16
2,8,1.809739e6,-1.0622650200004844,-0.8693272921435614,TIME_LIMIT,402713,0,0,12,13
2,8,1.809966e6,-1.0622650200004844,-0.8693272921435614,TIME_LIMIT,402728,0,0,13,20
2,8,1.810142e6,-1.0622585015219086,-0.8693272921435614,TIME_LIMIT,402762,0,0,9,14
2,8,1.810335e6,-1.0622585015219086,-0.8693272921435614,TIME_LIMIT,402786,0,0,14,15
2,8,1.81047e6,-1.0622543645652085,-0.8693272921435614,TIME_LIMIT,402815,0,0,11,5
2,8,1.810568e6,-1.0622543645652085,-0.8693272921435614,TIME_LIMIT,402838,0,0,22,11
2,8,1.810706e6,-1.0622523630381893,-0.8693272921435614,TIME_LIMIT,402866,0,0,13,8
2,8,1.810863e6,-1.0622523630381893,-0.8693272921435614,TIME_LIMIT,402894,0,0,19,12
2,8,1.811013e6,-1.0622490141595824,-0.8693272921435614,TIME_LIMIT,402917,0,0,18,17
2,8,1.811116e6,-1.0622490141595824,-0.8693272921435614,TIME_LIMIT,402938,0,0,15,6
2,8,1.811177e6,-1.0622475852906637,-0.8693272921435614,TIME_LIMIT,402955,0,0,8,7
2,8,1.811259e6,-1.0622475852906637,-0.8693272921435614,TIME_LIMIT,402979,0,0,14,8
2,8,1.811352e6,-1.0622442792419717,-0.8693272921435614,TIME_LIMIT,403003,0,0,15,4
2,8,1.811387e6,-1.0622442792419717,-0.8693272921435614,TIME_LIMIT,403017,0,0,10,4
2,8,1.811416e6,-1.062242316550268,-0.8693272921435614,TIME_LIMIT,403034,0,0,8,5
2,8,1.811538e6,-1.062242316550268,-0.8693272921435614,TIME_LIMIT,403059,0,0,12,10
2,8,1.811754e6,-1.0622377281694972,-0.8693272921435614,TIME_LIMIT,403086,0,0,13,5
2,8,1.811826e6,-1.0622377281694972,-0.8693272921435614,TIME_LIMIT,403108,0,0,6,10
2,8,1.811856e6,-1.0622344754172697,-0.8693272921435614,TIME_LIMIT,403129,0,0,11,2
2,8,1.811961e6,-1.0622344754172697,-0.8693272921435614,TIME_LIMIT,403149,0,0,15,15
2,8,1.812074e6,-1.0622319584847815,-0.8693272921435614,TIME_LIMIT,403180,0,0,16,9
2,8,1.81223e6,-1.0622319584847815,-0.8693272921435614,TIME_LIMIT,403202,0,0,11,12
2,8,1.812302e6,-1.0622293347773784,-0.8693272921435614,TIME_LIMIT,403222,0,0,12,6
2,8,1.812418e6,-1.0622293347773784,-0.8693272921435614,TIME_LIMIT,403247,0,0,16,16
2,8,1.812534e6,-1.0622247115132928,-0.8693272921435614,TIME_LIMIT,403269,0,0,9,12
2,8,1.81267e6,-1.0622247115132928,-0.8693272921435614,TIME_LIMIT,403287,0,0,10,10
2,8,1.81275e6,-1.062214975791059,-0.8693272921435614,TIME_LIMIT,403308,0,0,9,4
2,8,1.812793e6,-1.062214975791059,-0.8693272921435614,TIME_LIMIT,403329,0,0,10,2
2,8,1.812826e6,-1.0622134098800766,-0.8693272921435614,TIME_LIMIT,403341,0,0,10,7
2,8,1.81293e6,-1.0622134098800766,-0.8693272921435614,TIME_LIMIT,403360,0,0,13,5
2,8,1.812983e6,-1.062211473297113,-0.8693272921435614,TIME_LIMIT,403383,0,0,12,4
2,8,1.813114e6,-1.062211473297113,-0.8693272921435614,TIME_LIMIT,403405,0,0,14,19
2,8,1.813335e6,-1.0622056638908886,-0.8693272921435614,TIME_LIMIT,403442,0,0,8,8
2,8,1.813522e6,-1.0622056638908886,-0.8693272921435614,TIME_LIMIT,403469,0,0,20,20
2,8,1.813631e6,-1.0621916310799615,-0.8693272921435614,TIME_LIMIT,403499,0,0,14,5
2,8,1.813707e6,-1.0621916310799615,-0.8693272921435614,TIME_LIMIT,403518,0,0,10,17
2,8,1.813768e6,-1.0621876576541647,-0.8693272921435614,TIME_LIMIT,403541,0,0,9,5
2,8,1.813891e6,-1.0621876576541647,-0.8693272921435614,TIME_LIMIT,403564,0,0,15,14
2,8,1.814009e6,-1.0621872759452016,-0.8693272921435614,TIME_LIMIT,403593,0,0,11,6
2,8,1.814074e6,-1.0621872759452016,-0.8693272921435614,TIME_LIMIT,403617,0,0,14,7
2,8,1.81417e6,-1.062183467840844,-0.8693272921435614,TIME_LIMIT,403635,0,0,9,7
2,8,1.814239e6,-1.062183467840844,-0.8693272921435614,TIME_LIMIT,403654,0,0,22,9
2,8,1.814326e6,-1.062174680531475,-0.8693272921435614,TIME_LIMIT,403684,0,0,15,4
2,8,1.814401e6,-1.062174680531475,-0.8693272921435614,TIME_LIMIT,403709,0,0,17,11
2,8,1.814587e6,-1.062166322278288,-0.8693272921435614,TIME_LIMIT,403733,0,0,12,10
2,8,1.814724e6,-1.062166322278288,-0.8693272921435614,TIME_LIMIT,403750,0,0,11,33
2,8,1.814947e6,-1.0621662868803816,-0.8693272921435614,TIME_LIMIT,403780,0,0,5,7
2,8,1.81516e6,-1.0621662868803816,-0.8693272921435614,TIME_LIMIT,403804,0,0,17,16
2,8,1.815383e6,-1.0621659920017557,-0.8693272921435614,TIME_LIMIT,403840,0,0,12,12
2,8,1.815515e6,-1.0621659920017557,-0.8693272921435614,TIME_LIMIT,403859,0,0,18,17
2,8,1.81569e6,-1.0621496978044127,-0.8693272921435614,TIME_LIMIT,403900,0,0,23,5
2,8,1.815764e6,-1.0621496978044127,-0.8693272921435614,TIME_LIMIT,403921,0,0,22,14
2,8,1.815854e6,-1.0621495482894765,-0.8693272921435614,TIME_LIMIT,403951,0,0,13,3
2,8,1.81596e6,-1.0621495482894765,-0.8693272921435614,TIME_LIMIT,403986,0,0,16,17
2,8,1.816029e6,-1.0621482621353906,-0.8693272921435614,TIME_LIMIT,404009,0,0,8,4
2,8,1.816101e6,-1.0621482621353906,-0.8693272921435614,TIME_LIMIT,404028,0,0,15,21
2,8,1.816212e6,-1.0621467354779044,-0.8693272921435614,TIME_LIMIT,404058,0,0,4,2
2,8,1.81643e6,-1.0621467354779044,-0.8693272921435614,TIME_LIMIT,404084,0,0,19,23
2,8,1.816609e6,-1.0621440623634235,-0.8693272921435614,TIME_LIMIT,404115,0,0,13,6
2,8,1.816699e6,-1.0621440623634235,-0.8693272921435614,TIME_LIMIT,404143,0,0,17,13
2,8,1.816768e6,-1.0621387961051247,-0.8693272921435614,TIME_LIMIT,404169,0,0,13,8
2,8,1.816794e6,-1.0621387961051247,-0.8693272921435614,TIME_LIMIT,404184,0,0,11,4
2,8,1.816868e6,-1.0621361081014908,-0.8693272921435614,TIME_LIMIT,404211,0,0,10,6
2,8,1.817093e6,-1.0621361081014908,-0.8693272921435614,TIME_LIMIT,404235,0,0,26,27
2,8,1.817317e6,-1.062133710499087,-0.8693272921435614,TIME_LIMIT,404268,0,0,14,14
2,8,1.817489e6,-1.062133710499087,-0.8693272921435614,TIME_LIMIT,404290,0,0,25,23
2,8,1.817713e6,-1.062133656007834,-0.8693272921435614,TIME_LIMIT,404325,0,0,19,9
2,8,1.817791e6,-1.062133656007834,-0.8693272921435614,TIME_LIMIT,404351,0,0,14,11
2,8,1.817838e6,-1.0621308410359291,-0.8693272921435614,TIME_LIMIT,404368,0,0,10,9
2,8,1.817912e6,-1.0621308410359291,-0.8693272921435614,TIME_LIMIT,404389,0,0,22,18
2,8,1.818012e6,-1.0621301419560418,-0.8693272921435614,TIME_LIMIT,404420,0,0,14,8
2,8,1.818076e6,-1.0621301419560418,-0.8693272921435614,TIME_LIMIT,404437,0,0,14,8
2,8,1.81813e6,-1.0621238508013306,-0.8693272921435614,TIME_LIMIT,404462,0,0,6,7
2,8,1.818304e6,-1.0621238508013306,-0.8693272921435614,TIME_LIMIT,404486,0,0,19,11
2,8,1.818392e6,-1.062109551201714,-0.8693272921435614,TIME_LIMIT,404524,0,0,14,5
2,8,1.818518e6,-1.062109551201714,-0.8693272921435614,TIME_LIMIT,404548,0,0,17,21
2,8,1.818726e6,-1.0621058054705164,-0.8693272921435614,TIME_LIMIT,404583,0,0,20,9
2,8,1.818842e6,-1.0621058054705164,-0.8693272921435614,TIME_LIMIT,404607,0,0,12,14
2,8,1.81893e6,-1.0621035629998357,-0.8693272921435614,TIME_LIMIT,404636,0,0,15,2
2,8,1.819154e6,-1.0621035629998357,-0.8693272921435614,TIME_LIMIT,404662,0,0,14,10
2,8,1.819282e6,-1.0621021949749023,-0.8693272921435614,TIME_LIMIT,404682,0,0,14,8
2,8,1.819416e6,-1.0621021949749023,-0.8693272921435614,TIME_LIMIT,404705,0,0,14,18
2,8,1.819543e6,-1.062099627263679,-0.8693272921435614,TIME_LIMIT,404729,0,0,16,3
2,8,1.819721e6,-1.062099627263679,-0.8693272921435614,TIME_LIMIT,404755,0,0,21,30
2,8,1.819905e6,-1.0620988136446048,-0.8693272921435614,TIME_LIMIT,404791,0,0,16,10
2,8,1.820118e6,-1.0620988136446048,-0.8693272921435614,TIME_LIMIT,404809,0,0,19,18
2,8,1.820281e6,-1.0620967499454634,-0.8693272921435614,TIME_LIMIT,404843,0,0,15,5
2,8,1.820349e6,-1.0620967499454634,-0.8693272921435614,TIME_LIMIT,404865,0,0,13,13
2,8,1.820387e6,-1.0620909469064173,-0.8693272921435614,TIME_LIMIT,404887,0,0,6,4
2,8,1.820477e6,-1.0620909469064173,-0.8693272921435614,TIME_LIMIT,404915,0,0,14,8
2,8,1.820603e6,-1.0620903522167073,-0.8693272921435614,TIME_LIMIT,404934,0,0,11,8
2,8,1.820695e6,-1.0620903522167073,-0.8693272921435614,TIME_LIMIT,404957,0,0,16,9
2,8,1.820751e6,-1.062075938819322,-0.8693272921435614,TIME_LIMIT,404982,0,0,6,7
2,8,1.820871e6,-1.062075938819322,-0.8693272921435614,TIME_LIMIT,405007,0,0,24,7
2,8,1.821017e6,-1.0620723619779047,-0.8693272921435614,TIME_LIMIT,405040,0,0,14,6
2,8,1.82124e6,-1.0620723619779047,-0.8693272921435614,TIME_LIMIT,405073,0,0,19,14
2,8,1.821367e6,-1.0620664782299125,-0.8693272921435614,TIME_LIMIT,405101,0,0,14,4
2,8,1.821541e6,-1.0620664782299125,-0.8693272921435614,TIME_LIMIT,405127,0,0,21,15
2,8,1.821754e6,-1.0620651493832016,-0.8693272921435614,TIME_LIMIT,405159,0,0,13,8
2,8,1.8218e6,-1.0620651493832016,-0.8693272921435614,TIME_LIMIT,405177,0,0,13,8
2,8,1.822014e6,-1.0620636777567252,-0.8693272921435614,TIME_LIMIT,405208,0,0,11,7
2,8,1.822094e6,-1.0620636777567252,-0.8693272921435614,TIME_LIMIT,405222,0,0,9,6
2,8,1.82216e6,-1.062060164095969,-0.8693272921435614,TIME_LIMIT,405246,0,0,12,3
2,8,1.822195e6,-1.062060164095969,-0.8693272921435614,TIME_LIMIT,405258,0,0,9,5
2,8,1.822219e6,-1.0620582968142602,-0.8693272921435614,TIME_LIMIT,405276,0,0,8,6
2,8,1.822359e6,-1.0620582968142602,-0.8693272921435614,TIME_LIMIT,405300,0,0,17,9
2,8,1.822418e6,-1.062053496193348,-0.8693272921435614,TIME_LIMIT,405319,0,0,9,2
2,8,1.822625e6,-1.062053496193348,-0.8693272921435614,TIME_LIMIT,405341,0,0,14,21
2,8,1.822809e6,-1.062048380941742,-0.8693272921435614,TIME_LIMIT,405376,0,0,17,6
2,8,1.822999e6,-1.062048380941742,-0.8693272921435614,TIME_LIMIT,405400,0,0,17,13
2,8,1.823213e6,-1.0620340895459313,-0.8693272921435614,TIME_LIMIT,405437,0,0,17,10
2,8,1.823274e6,-1.0620340895459313,-0.8693272921435614,TIME_LIMIT,405451,0,0,8,11
2,8,1.823327e6,-1.062030618563403,-0.8693272921435614,TIME_LIMIT,405475,0,0,8,6
2,8,1.823536e6,-1.062030618563403,-0.8693272921435614,TIME_LIMIT,405503,0,0,23,20
2,8,1.823684e6,-1.0620057631982724,-0.8693272921435614,TIME_LIMIT,405534,0,0,13,7
2,8,1.823772e6,-1.0620057631982724,-0.8693272921435614,TIME_LIMIT,405556,0,0,19,10
2,8,1.82388e6,-1.062005516466477,-0.8693272921435614,TIME_LIMIT,405582,0,0,12,9
2,8,1.823943e6,-1.062005516466477,-0.8693272921435614,TIME_LIMIT,405604,0,0,11,8
2,8,1.824054e6,-1.0619988586827598,-0.8693272921435614,TIME_LIMIT,405632,0,0,6,7
2,8,1.824146e6,-1.0619988586827598,-0.8693272921435614,TIME_LIMIT,405655,0,0,11,20
2,8,1.824254e6,-1.0619942428811846,-0.8693272921435614,TIME_LIMIT,405683,0,0,4,3
2,8,1.824302e6,-1.0619942428811846,-0.8693272921435614,TIME_LIMIT,405702,0,0,11,7
2,8,1.824375e6,-1.0619915454430235,-0.8693272921435614,TIME_LIMIT,405722,0,0,4,3
2,8,1.824538e6,-1.0619915454430235,-0.8693272921435614,TIME_LIMIT,405749,0,0,25,23
2,8,1.824751e6,-1.0619865330643814,-0.8693272921435614,TIME_LIMIT,405786,0,0,17,10
2,8,1.824838e6,-1.0619865330643814,-0.8693272921435614,TIME_LIMIT,405803,0,0,14,14
2,8,1.824898e6,-1.0619848759439292,-0.8693272921435614,TIME_LIMIT,405830,0,0,9,4
2,8,1.825022e6,-1.0619848759439292,-0.8693272921435614,TIME_LIMIT,405855,0,0,23,18
2,8,1.825161e6,-1.061984296340092,-0.8693272921435614,TIME_LIMIT,405890,0,0,11,4
2,8,1.825318e6,-1.061984296340092,-0.8693272921435614,TIME_LIMIT,405917,0,0,18,13
2,8,1.825409e6,-1.0619782753480513,-0.8693272921435614,TIME_LIMIT,405945,0,0,12,4
2,8,1.825618e6,-1.0619782753480513,-0.8693272921435614,TIME_LIMIT,405968,0,0,20,24
2,8,1.825833e6,-1.0619720614574972,-0.8693272921435614,TIME_LIMIT,406007,0,0,12,12
2,8,1.825936e6,-1.0619720614574972,-0.8693272921435614,TIME_LIMIT,406030,0,0,14,12
2,8,1.826069e6,-1.0619697910618342,-0.8693272921435614,TIME_LIMIT,406062,0,0,11,7
2,8,1.826197e6,-1.0619697910618342,-0.8693272921435614,TIME_LIMIT,406085,0,0,11,7
2,8,1.826257e6,-1.061965346510509,-0.8693272921435614,TIME_LIMIT,406110,0,0,13,3
2,8,1.826471e6,-1.061965346510509,-0.8693272921435614,TIME_LIMIT,406136,0,0,18,23
2,8,1.826624e6,-1.0619644682712392,-0.8693272921435614,TIME_LIMIT,406172,0,0,16,10
2,8,1.826834e6,-1.0619644682712392,-0.8693272921435614,TIME_LIMIT,406198,0,0,19,16
2,8,1.826926e6,-1.0619575023022212,-0.8693272921435614,TIME_LIMIT,406230,0,0,11,7
2,8,1.827064e6,-1.0619575023022212,-0.8693272921435614,TIME_LIMIT,406253,0,0,18,12
2,8,1.827161e6,-1.0619556037642317,-0.8693272921435614,TIME_LIMIT,406275,0,0,16,9
2,8,1.827247e6,-1.0619556037642317,-0.8693272921435614,TIME_LIMIT,406301,0,0,16,8
2,8,1.827362e6,-1.0619520306419008,-0.8693272921435614,TIME_LIMIT,406326,0,0,10,5
2,8,1.827444e6,-1.0619520306419008,-0.8693272921435614,TIME_LIMIT,406346,0,0,18,11
2,8,1.827595e6,-1.0619441947441899,-0.8693272921435614,TIME_LIMIT,406381,0,0,17,4
2,8,1.827757e6,-1.0619441947441899,-0.8693272921435614,TIME_LIMIT,406408,0,0,20,22
2,8,1.827968e6,-1.0619436714973154,-0.8693272921435614,TIME_LIMIT,406442,0,0,11,15
2,8,1.828121e6,-1.0619436714973154,-0.8693272921435614,TIME_LIMIT,406467,0,0,21,7
2,8,1.828217e6,-1.0619390665570032,-0.8693272921435614,TIME_LIMIT,406492,0,0,12,2
2,8,1.828299e6,-1.0619390665570032,-0.8693272921435614,TIME_LIMIT,406507,0,0,14,8
2,8,1.828339e6,-1.0619380850335585,-0.8693272921435614,TIME_LIMIT,406531,0,0,7,2
2,8,1.828405e6,-1.0619380850335585,-0.8693272921435614,TIME_LIMIT,406551,0,0,15,9
2,8,1.828444e6,-1.061934070160454,-0.8693272921435614,TIME_LIMIT,406574,0,0,8,4
2,8,1.828541e6,-1.061934070160454,-0.8693272921435614,TIME_LIMIT,406590,0,0,11,13
2,8,1.828684e6,-1.0619223172198424,-0.8693272921435614,TIME_LIMIT,406619,0,0,11,5
2,8,1.828836e6,-1.0619223172198424,-0.8693272921435614,TIME_LIMIT,406646,0,0,25,10
2,8,1.828936e6,-1.061918039816369,-0.8693272921435614,TIME_LIMIT,406680,0,0,16,10
2,8,1.829142e6,-1.061918039816369,-0.8693272921435614,TIME_LIMIT,406703,0,0,19,18
2,8,1.829256e6,-1.0619145401434489,-0.8693272921435614,TIME_LIMIT,406730,0,0,13,5
2,8,1.829436e6,-1.0619145401434489,-0.8693272921435614,TIME_LIMIT,406764,0,0,27,16
2,8,1.829649e6,-1.0619140022958933,-0.8693272921435614,TIME_LIMIT,406793,0,0,15,5
2,8,1.829679e6,-1.0619140022958933,-0.8693272921435614,TIME_LIMIT,406804,0,0,6,8
2,8,1.829771e6,-1.061913111268579,-0.8693272921435614,TIME_LIMIT,406825,0,0,9,0
2,8,1.829972e6,-1.061913111268579,-0.8693272921435614,TIME_LIMIT,406849,0,0,20,24
2,8,1.830078e6,-1.0619113545429093,-0.8693272921435614,TIME_LIMIT,406882,0,0,12,14
2,8,1.830115e6,-1.0619113545429093,-0.8693272921435614,TIME_LIMIT,406899,0,0,14,8
2,8,1.830155e6,-1.061911345269223,-0.8693272921435614,TIME_LIMIT,406919,0,0,7,2
2,8,1.830219e6,-1.061911345269223,-0.8693272921435614,TIME_LIMIT,406934,0,0,18,9
2,8,1.830346e6,-1.061902359871398,-0.8693272921435614,TIME_LIMIT,406968,0,0,14,10
2,8,1.830393e6,-1.061902359871398,-0.8693272921435614,TIME_LIMIT,406986,0,0,13,8
2,8,1.830436e6,-1.061901310581012,-0.8693272921435614,TIME_LIMIT,407007,0,0,6,5
2,8,1.83048e6,-1.061901310581012,-0.8693272921435614,TIME_LIMIT,407022,0,0,14,6
2,8,1.830543e6,-1.0618986974993592,-0.8693272921435614,TIME_LIMIT,407048,0,0,9,5
2,8,1.830598e6,-1.0618986974993592,-0.8693272921435614,TIME_LIMIT,407060,0,0,9,5
2,8,1.830646e6,-1.0618971609488144,-0.8693272921435614,TIME_LIMIT,407081,0,0,9,3
2,8,1.830725e6,-1.0618971609488144,-0.8693272921435614,TIME_LIMIT,407104,0,0,21,13
2,8,1.830792e6,-1.0618931808219265,-0.8693272921435614,TIME_LIMIT,407130,0,0,8,2
2,8,1.830872e6,-1.0618931808219265,-0.8693272921435614,TIME_LIMIT,407153,0,0,14,3
2,8,1.830961e6,-1.0618843785751428,-0.8693272921435614,TIME_LIMIT,407171,0,0,9,6
2,8,1.831061e6,-1.0618843785751428,-0.8693272921435614,TIME_LIMIT,407187,0,0,14,7
2,8,1.831152e6,-1.0618724663377297,-0.8693272921435614,TIME_LIMIT,407212,0,0,9,2
2,8,1.83119e6,-1.0618724663377297,-0.8693272921435614,TIME_LIMIT,407229,0,0,11,5
2,8,1.831254e6,-1.0618707919776507,-0.8693272921435614,TIME_LIMIT,407250,0,0,6,4
2,8,1.831467e6,-1.0618707919776507,-0.8693272921435614,TIME_LIMIT,407275,0,0,19,18
2,8,1.831666e6,-1.0618659157167292,-0.8693272921435614,TIME_LIMIT,407299,0,0,16,8
2,8,1.831803e6,-1.0618659157167292,-0.8693272921435614,TIME_LIMIT,407316,0,0,19,14
2,8,1.831865e6,-1.061860095538015,-0.8693272921435614,TIME_LIMIT,407344,0,0,11,7
2,8,1.831934e6,-1.061860095538015,-0.8693272921435614,TIME_LIMIT,407363,0,0,10,10
2,8,1.832027e6,-1.0618595740197876,-0.8693272921435614,TIME_LIMIT,407395,0,0,8,7
2,8,1.832196e6,-1.0618595740197876,-0.8693272921435614,TIME_LIMIT,407416,0,0,12,26
2,8,1.832422e6,-1.0618561938401534,-0.8693272921435614,TIME_LIMIT,407457,0,0,18,6
2,8,1.832545e6,-1.0618561938401534,-0.8693272921435614,TIME_LIMIT,407472,0,0,12,8
2,8,1.832646e6,-1.0618433600021113,-0.8693272921435614,TIME_LIMIT,407507,0,0,14,8
2,8,1.832689e6,-1.0618433600021113,-0.8693272921435614,TIME_LIMIT,407521,0,0,9,9
2,8,1.832819e6,-1.06184309128406,-0.8693272921435614,TIME_LIMIT,407549,0,0,11,4
2,8,1.832882e6,-1.06184309128406,-0.8693272921435614,TIME_LIMIT,407564,0,0,11,13
2,8,1.832907e6,-1.0618421964268152,-0.8693272921435614,TIME_LIMIT,407583,0,0,7,4
2,8,1.833e6,-1.0618421964268152,-0.8693272921435614,TIME_LIMIT,407607,0,0,19,12
2,8,1.833146e6,-1.061833840658136,-0.8693272921435614,TIME_LIMIT,407644,0,0,19,7
2,8,1.833185e6,-1.061833840658136,-0.8693272921435614,TIME_LIMIT,407661,0,0,12,6
2,8,1.833218e6,-1.061831794625458,-0.8693272921435614,TIME_LIMIT,407674,0,0,7,4
2,8,1.833262e6,-1.061831794625458,-0.8693272921435614,TIME_LIMIT,407694,0,0,14,14
2,8,1.833313e6,-1.061828364913104,-0.8693272921435614,TIME_LIMIT,407719,0,0,14,6
2,8,1.833384e6,-1.061828364913104,-0.8693272921435614,TIME_LIMIT,407741,0,0,17,10
2,8,1.83345e6,-1.0618180950029716,-0.8693272921435614,TIME_LIMIT,407763,0,0,9,3
2,8,1.833567e6,-1.0618180950029716,-0.8693272921435614,TIME_LIMIT,407785,0,0,11,5
2,8,1.833652e6,-1.061816517043947,-0.8693272921435614,TIME_LIMIT,407808,0,0,17,5
2,8,1.833733e6,-1.061816517043947,-0.8693272921435614,TIME_LIMIT,407827,0,0,17,7
2,8,1.8338e6,-1.0618144360859687,-0.8693272921435614,TIME_LIMIT,407855,0,0,13,4
2,8,1.833873e6,-1.0618144360859687,-0.8693272921435614,TIME_LIMIT,407879,0,0,12,9
2,8,1.833931e6,-1.0618140364793323,-0.8693272921435614,TIME_LIMIT,407901,0,0,7,5
2,8,1.834063e6,-1.0618140364793323,-0.8693272921435614,TIME_LIMIT,407925,0,0,7,20
2,8,1.834274e6,-1.0618041321323837,-0.8693272921435614,TIME_LIMIT,407956,0,0,13,13
2,8,1.834478e6,-1.0618041321323837,-0.8693272921435614,TIME_LIMIT,407976,0,0,12,18
2,8,1.83469e6,-1.0617921037233136,-0.8693272921435614,TIME_LIMIT,408010,0,0,19,10
2,8,1.834821e6,-1.0617921037233136,-0.8693272921435614,TIME_LIMIT,408035,0,0,8,11
2,8,1.835007e6,-1.06178875203299,-0.8693272921435614,TIME_LIMIT,408064,0,0,5,6
2,8,1.835193e6,-1.06178875203299,-0.8693272921435614,TIME_LIMIT,408091,0,0,23,26
2,8,1.835406e6,-1.0617792909633947,-0.8693272921435614,TIME_LIMIT,408127,0,0,19,4
2,8,1.835611e6,-1.0617792909633947,-0.8693272921435614,TIME_LIMIT,408163,0,0,16,15
2,8,1.835823e6,-1.0617789327520537,-0.8693272921435614,TIME_LIMIT,408182,0,0,7,8
2,8,1.835885e6,-1.0617789327520537,-0.8693272921435614,TIME_LIMIT,408199,0,0,13,10
2,8,1.835914e6,-1.061778873671292,-0.8693272921435614,TIME_LIMIT,408219,0,0,8,2
2,8,1.835959e6,-1.061778873671292,-0.8693272921435614,TIME_LIMIT,408236,0,0,10,15
2,8,1.83606e6,-1.0617695953703126,-0.8693272921435614,TIME_LIMIT,408266,0,0,16,11
2,8,1.836262e6,-1.0617695953703126,-0.8693272921435614,TIME_LIMIT,408296,0,0,27,15
2,8,1.836411e6,-1.0617590590210522,-0.8693272921435614,TIME_LIMIT,408333,0,0,16,6
2,8,1.83649e6,-1.0617590590210522,-0.8693272921435614,TIME_LIMIT,408354,0,0,13,5
2,8,1.836551e6,-1.0617586690038041,-0.8693272921435614,TIME_LIMIT,408377,0,0,9,6
2,8,1.836655e6,-1.0617586690038041,-0.8693272921435614,TIME_LIMIT,408399,0,0,22,6
2,8,1.836795e6,-1.061758537543309,-0.8693272921435614,TIME_LIMIT,408433,0,0,14,5
2,8,1.836912e6,-1.061758537543309,-0.8693272921435614,TIME_LIMIT,408447,0,0,12,10
2,8,1.837118e6,-1.0617571751700272,-0.8693272921435614,TIME_LIMIT,408480,0,0,9,7
2,8,1.837232e6,-1.0617571751700272,-0.8693272921435614,TIME_LIMIT,408504,0,0,16,15
2,8,1.837295e6,-1.061753589526134,-0.8693272921435614,TIME_LIMIT,408532,0,0,8,5
2,8,1.837437e6,-1.061753589526134,-0.8693272921435614,TIME_LIMIT,408564,0,0,12,11
2,8,1.837562e6,-1.0617492086036555,-0.8693272921435614,TIME_LIMIT,408579,0,0,14,8
2,8,1.837595e6,-1.0617492086036555,-0.8693272921435614,TIME_LIMIT,408592,0,0,6,1
2,8,1.837616e6,-1.0617479903185028,-0.8693272921435614,TIME_LIMIT,408606,0,0,3,2
2,8,1.837692e6,-1.0617479903185028,-0.8693272921435614,TIME_LIMIT,408633,0,0,16,5
2,8,1.837747e6,-1.0617329532907855,-0.8693272921435614,TIME_LIMIT,408657,0,0,14,7
2,8,1.837838e6,-1.0617329532907855,-0.8693272921435614,TIME_LIMIT,408677,0,0,16,7
2,8,1.837964e6,-1.061723828030419,-0.8693272921435614,TIME_LIMIT,408711,0,0,14,7
2,8,1.838011e6,-1.061723828030419,-0.8693272921435614,TIME_LIMIT,408728,0,0,10,10
2,8,1.838052e6,-1.061721396521968,-0.8693272921435614,TIME_LIMIT,408749,0,0,5,4
2,8,1.838238e6,-1.061721396521968,-0.8693272921435614,TIME_LIMIT,408774,0,0,22,11
2,8,1.838388e6,-1.0617192755066034,-0.8693272921435614,TIME_LIMIT,408808,0,0,13,7
2,8,1.838568e6,-1.0617192755066034,-0.8693272921435614,TIME_LIMIT,408840,0,0,25,11
2,8,1.838756e6,-1.0617129616328025,-0.8693272921435614,TIME_LIMIT,408874,0,0,9,13
2,8,1.838835e6,-1.0617129616328025,-0.8693272921435614,TIME_LIMIT,408892,0,0,10,6
2,8,1.838934e6,-1.0617106094662825,-0.8693272921435614,TIME_LIMIT,408917,0,0,8,4
2,8,1.839079e6,-1.0617106094662825,-0.8693272921435614,TIME_LIMIT,408936,0,0,14,14
2,8,1.839289e6,-1.0617058445649847,-0.8693272921435614,TIME_LIMIT,408972,0,0,8,10
2,8,1.839338e6,-1.0617058445649847,-0.8693272921435614,TIME_LIMIT,408992,0,0,17,7
2,8,1.83939e6,-1.061704994052931,-0.8693272921435614,TIME_LIMIT,409009,0,0,10,4
2,8,1.839595e6,-1.061704994052931,-0.8693272921435614,TIME_LIMIT,409036,0,0,12,22
2,8,1.839805e6,-1.0616946202878372,-0.8693272921435614,TIME_LIMIT,409067,0,0,13,5
2,8,1.839871e6,-1.0616946202878372,-0.8693272921435614,TIME_LIMIT,409090,0,0,19,14
2,8,1.839923e6,-1.061687443757124,-0.8693272921435614,TIME_LIMIT,409118,0,0,13,8
2,8,1.840131e6,-1.061687443757124,-0.8693272921435614,TIME_LIMIT,409133,0,0,12,34
2,8,1.84034e6,-1.0616862583147273,-0.8693272921435614,TIME_LIMIT,409166,0,0,13,3
2,8,1.840456e6,-1.0616862583147273,-0.8693272921435614,TIME_LIMIT,409189,0,0,19,31
2,8,1.840559e6,-1.061684458908744,-0.8693272921435614,TIME_LIMIT,409223,0,0,12,8
2,8,1.840603e6,-1.061684458908744,-0.8693272921435614,TIME_LIMIT,409240,0,0,14,13
2,8,1.840696e6,-1.0616786976280435,-0.8693272921435614,TIME_LIMIT,409271,0,0,6,5
2,8,1.840727e6,-1.0616786976280435,-0.8693272921435614,TIME_LIMIT,409284,0,0,5,6
2,8,1.840764e6,-1.0616765720064307,-0.8693272921435614,TIME_LIMIT,409302,0,0,7,4
2,8,1.84088e6,-1.0616765720064307,-0.8693272921435614,TIME_LIMIT,409327,0,0,12,25
2,8,1.841005e6,-1.0616687209690912,-0.8693272921435614,TIME_LIMIT,409357,0,0,9,6
2,8,1.841145e6,-1.0616687209690912,-0.8693272921435614,TIME_LIMIT,409381,0,0,22,22
2,8,1.841308e6,-1.061654279387576,-0.8693272921435614,TIME_LIMIT,409413,0,0,13,7
2,8,1.841343e6,-1.061654279387576,-0.8693272921435614,TIME_LIMIT,409422,0,0,7,8
2,8,1.841372e6,-1.0616484998869629,-0.8693272921435614,TIME_LIMIT,409437,0,0,6,1
2,8,1.841485e6,-1.0616484998869629,-0.8693272921435614,TIME_LIMIT,409463,0,0,16,14
2,8,1.841656e6,-1.0616396032350344,-0.8693272921435614,TIME_LIMIT,409495,0,0,7,5
2,8,1.841725e6,-1.0616396032350344,-0.8693272921435614,TIME_LIMIT,409515,0,0,13,11
2,8,1.841831e6,-1.061636579703877,-0.8693272921435614,TIME_LIMIT,409544,0,0,14,13
2,8,1.842041e6,-1.061636579703877,-0.8693272921435614,TIME_LIMIT,409563,0,0,20,14
2,8,1.842245e6,-1.0616333246890486,-0.8693272921435614,TIME_LIMIT,409594,0,0,14,6
2,8,1.842364e6,-1.0616333246890486,-0.8693272921435614,TIME_LIMIT,409630,0,0,19,19
2,8,1.842457e6,-1.0616263245151907,-0.8693272921435614,TIME_LIMIT,409657,0,0,12,13
2,8,1.842589e6,-1.0616263245151907,-0.8693272921435614,TIME_LIMIT,409682,0,0,17,20
2,8,1.842725e6,-1.0616197045929672,-0.8693272921435614,TIME_LIMIT,409714,0,0,15,9
2,8,1.842884e6,-1.0616197045929672,-0.8693272921435614,TIME_LIMIT,409737,0,0,21,19
2,8,1.842999e6,-1.0616131427822753,-0.8693272921435614,TIME_LIMIT,409772,0,0,15,10
2,8,1.843051e6,-1.0616131427822753,-0.8693272921435614,TIME_LIMIT,409789,0,0,8,8
2,8,1.843078e6,-1.0616099329804873,-0.8693272921435614,TIME_LIMIT,409806,0,0,5,4
2,8,1.843175e6,-1.0616099329804873,-0.8693272921435614,TIME_LIMIT,409833,0,0,22,10
2,8,1.843218e6,-1.0616038831147094,-0.8693272921435614,TIME_LIMIT,409858,0,0,7,5
2,8,1.843291e6,-1.0616038831147094,-0.8693272921435614,TIME_LIMIT,409879,0,0,13,4
2,8,1.843359e6,-1.0615987211888633,-0.8693272921435614,TIME_LIMIT,409900,0,0,4,4
2,8,1.843445e6,-1.0615987211888633,-0.8693272921435614,TIME_LIMIT,409919,0,0,10,9
2,8,1.843514e6,-1.0615961945386794,-0.8693272921435614,TIME_LIMIT,409943,0,0,8,6
2,8,1.843633e6,-1.0615961945386794,-0.8693272921435614,TIME_LIMIT,409971,0,0,16,17
2,8,1.843717e6,-1.061595582376673,-0.8693272921435614,TIME_LIMIT,410003,0,0,16,6
2,8,1.843827e6,-1.061595582376673,-0.8693272921435614,TIME_LIMIT,410023,0,0,14,20
2,8,1.843986e6,-1.0615830940675122,-0.8693272921435614,TIME_LIMIT,410060,0,0,18,5
2,8,1.844112e6,-1.0615830940675122,-0.8693272921435614,TIME_LIMIT,410083,0,0,19,16
2,8,1.844183e6,-1.0615784620875395,-0.8693272921435614,TIME_LIMIT,410109,0,0,11,6
2,8,1.844281e6,-1.0615784620875395,-0.8693272921435614,TIME_LIMIT,410132,0,0,19,16
2,8,1.844349e6,-1.0615777604085659,-0.8693272921435614,TIME_LIMIT,410161,0,0,13,7
2,8,1.844507e6,-1.0615777604085659,-0.8693272921435614,TIME_LIMIT,410181,0,0,3,6
2,8,1.844543e6,-1.061576581125594,-0.8693272921435614,TIME_LIMIT,410197,0,0,6,4
2,8,1.844648e6,-1.061576581125594,-0.8693272921435614,TIME_LIMIT,410221,0,0,19,22
2,8,1.844763e6,-1.061570338787266,-0.8693272921435614,TIME_LIMIT,410251,0,0,15,7
2,8,1.844832e6,-1.061570338787266,-0.8693272921435614,TIME_LIMIT,410271,0,0,21,18
2,8,1.844996e6,-1.061568171637636,-0.8693272921435614,TIME_LIMIT,410307,0,0,19,7
2,8,1.845158e6,-1.061568171637636,-0.8693272921435614,TIME_LIMIT,410330,0,0,16,14
2,8,1.845277e6,-1.0615646930250753,-0.8693272921435614,TIME_LIMIT,410362,0,0,9,6
2,8,1.845382e6,-1.0615646930250753,-0.8693272921435614,TIME_LIMIT,410392,0,0,15,5
2,8,1.845541e6,-1.0615612880965466,-0.8693272921435614,TIME_LIMIT,410410,0,0,15,10
2,8,1.845747e6,-1.0615612880965466,-0.8693272921435614,TIME_LIMIT,410426,0,0,17,26
2,8,1.845952e6,-1.061559461655395,-0.8693272921435614,TIME_LIMIT,410460,0,0,19,6
2,8,1.846057e6,-1.061559461655395,-0.8693272921435614,TIME_LIMIT,410483,0,0,17,14
2,8,1.846182e6,-1.0615593996467192,-0.8693272921435614,TIME_LIMIT,410517,0,0,16,4
2,8,1.846396e6,-1.0615593996467192,-0.8693272921435614,TIME_LIMIT,410535,0,0,21,12
2,8,1.846565e6,-1.061547519947072,-0.8693272921435614,TIME_LIMIT,410573,0,0,21,7
2,8,1.846729e6,-1.061547519947072,-0.8693272921435614,TIME_LIMIT,410599,0,0,22,18
2,8,1.846936e6,-1.0615410361657616,-0.8693272921435614,TIME_LIMIT,410635,0,0,14,11
2,8,1.846973e6,-1.0615410361657616,-0.8693272921435614,TIME_LIMIT,410650,0,0,8,15
2,8,1.847045e6,-1.0615352058977614,-0.8693272921435614,TIME_LIMIT,410674,0,0,9,7
2,8,1.847253e6,-1.0615352058977614,-0.8693272921435614,TIME_LIMIT,410689,0,0,20,29
2,8,1.847468e6,-1.0615250773379672,-0.8693272921435614,TIME_LIMIT,410725,0,0,16,16
2,8,1.847553e6,-1.0615250773379672,-0.8693272921435614,TIME_LIMIT,410748,0,0,16,13
2,8,1.847649e6,-1.0615093243674938,-0.8693272921435614,TIME_LIMIT,410778,0,0,15,6
2,8,1.847858e6,-1.0615093243674938,-0.8693272921435614,TIME_LIMIT,410804,0,0,19,15
2,8,1.847992e6,-1.0615065702670556,-0.8693272921435614,TIME_LIMIT,410836,0,0,19,4
2,8,1.848096e6,-1.0615065702670556,-0.8693272921435614,TIME_LIMIT,410867,0,0,8,16
2,8,1.84814e6,-1.0615045023168195,-0.8693272921435614,TIME_LIMIT,410889,0,0,6,7
2,8,1.848341e6,-1.0615045023168195,-0.8693272921435614,TIME_LIMIT,410910,0,0,17,19
2,8,1.84849e6,-1.0615039627826466,-0.8693272921435614,TIME_LIMIT,410945,0,0,14,12
2,8,1.848652e6,-1.0615039627826466,-0.8693272921435614,TIME_LIMIT,410970,0,0,19,8
2,8,1.848795e6,-1.061502144090238,-0.8693272921435614,TIME_LIMIT,411001,0,0,14,8
2,8,1.848838e6,-1.061502144090238,-0.8693272921435614,TIME_LIMIT,411019,0,0,7,5
2,8,1.848876e6,-1.0614952379384248,-0.8693272921435614,TIME_LIMIT,411039,0,0,5,7
2,8,1.848956e6,-1.0614952379384248,-0.8693272921435614,TIME_LIMIT,411061,0,0,13,12
2,8,1.849084e6,-1.0614882411698479,-0.8693272921435614,TIME_LIMIT,411090,0,0,16,6
2,8,1.849261e6,-1.0614882411698479,-0.8693272921435614,TIME_LIMIT,411113,0,0,17,23
2,8,1.849476e6,-1.061487729874123,-0.8693272921435614,TIME_LIMIT,411150,0,0,22,12
2,8,1.849635e6,-1.061487729874123,-0.8693272921435614,TIME_LIMIT,411175,0,0,15,9
2,8,1.849724e6,-1.0614827037782442,-0.8693272921435614,TIME_LIMIT,411209,0,0,10,8
2,8,1.849902e6,-1.0614827037782442,-0.8693272921435614,TIME_LIMIT,411232,0,0,15,16
2,8,1.849976e6,-1.0614791087914934,-0.8693272921435614,TIME_LIMIT,411259,0,0,10,8
2,8,1.850046e6,-1.0614791087914934,-0.8693272921435614,TIME_LIMIT,411280,0,0,16,16
2,8,1.850192e6,-1.0614760693277647,-0.8693272921435614,TIME_LIMIT,411313,0,0,8,8
2,8,1.850398e6,-1.0614760693277647,-0.8693272921435614,TIME_LIMIT,411331,0,0,10,12
2,8,1.850566e6,-1.0614676874969828,-0.8693272921435614,TIME_LIMIT,411360,0,0,7,6
2,8,1.850632e6,-1.0614676874969828,-0.8693272921435614,TIME_LIMIT,411375,0,0,5,6
2,8,1.850713e6,-1.0614646260931373,-0.8693272921435614,TIME_LIMIT,411400,0,0,7,4
2,8,1.850824e6,-1.0614646260931373,-0.8693272921435614,TIME_LIMIT,411421,0,0,18,11
2,8,1.85089e6,-1.0614626531142766,-0.8693272921435614,TIME_LIMIT,411446,0,0,13,5
2,8,1.851015e6,-1.0614626531142766,-0.8693272921435614,TIME_LIMIT,411469,0,0,15,11
2,8,1.851121e6,-1.0614617415730185,-0.8693272921435614,TIME_LIMIT,411501,0,0,15,8
2,8,1.851225e6,-1.0614617415730185,-0.8693272921435614,TIME_LIMIT,411529,0,0,20,24
2,8,1.851423e6,-1.0614522977106893,-0.8693272921435614,TIME_LIMIT,411561,0,0,11,10
2,8,1.851542e6,-1.0614522977106893,-0.8693272921435614,TIME_LIMIT,411584,0,0,15,13
2,8,1.851744e6,-1.0614457173870884,-0.8693272921435614,TIME_LIMIT,411611,0,0,11,9
2,8,1.851929e6,-1.0614457173870884,-0.8693272921435614,TIME_LIMIT,411639,0,0,11,13
2,8,1.851965e6,-1.0614442758670104,-0.8693272921435614,TIME_LIMIT,411660,0,0,8,2
2,8,1.852049e6,-1.0614442758670104,-0.8693272921435614,TIME_LIMIT,411680,0,0,18,10
2,8,1.852136e6,-1.0614340717760014,-0.8693272921435614,TIME_LIMIT,411711,0,0,16,5
2,8,1.852209e6,-1.0614340717760014,-0.8693272921435614,TIME_LIMIT,411726,0,0,16,14
2,8,1.852294e6,-1.0614273942343853,-0.8693272921435614,TIME_LIMIT,411757,0,0,16,5
2,8,1.852445e6,-1.0614273942343853,-0.8693272921435614,TIME_LIMIT,411784,0,0,17,12
2,8,1.852543e6,-1.0614272517925156,-0.8693272921435614,TIME_LIMIT,411811,0,0,9,7
2,8,1.852579e6,-1.0614272517925156,-0.8693272921435614,TIME_LIMIT,411824,0,0,6,7
2,8,1.852615e6,-1.0614266381853121,-0.8693272921435614,TIME_LIMIT,411840,0,0,4,5
2,8,1.852705e6,-1.0614266381853121,-0.8693272921435614,TIME_LIMIT,411863,0,0,14,14
2,8,1.852806e6,-1.0614100942873888,-0.8693272921435614,TIME_LIMIT,411895,0,0,3,6
2,8,1.852927e6,-1.0614100942873888,-0.8693272921435614,TIME_LIMIT,411914,0,0,9,18
2,8,1.853047e6,-1.0614044186974136,-0.8693272921435614,TIME_LIMIT,411945,0,0,15,9
2,8,1.85318e6,-1.0614044186974136,-0.8693272921435614,TIME_LIMIT,411966,0,0,20,12
2,8,1.853353e6,-1.0614014708241164,-0.8693272921435614,TIME_LIMIT,411995,0,0,13,10
2,8,1.853516e6,-1.0614014708241164,-0.8693272921435614,TIME_LIMIT,412028,0,0,26,18
2,8,1.853675e6,-1.0614002033180854,-0.8693272921435614,TIME_LIMIT,412065,0,0,19,5
2,8,1.853884e6,-1.0614002033180854,-0.8693272921435614,TIME_LIMIT,412092,0,0,27,19
2,8,1.854087e6,-1.061399685420407,-0.8693272921435614,TIME_LIMIT,412137,0,0,21,10
2,8,1.854163e6,-1.061399685420407,-0.8693272921435614,TIME_LIMIT,412153,0,0,13,13
2,8,1.854254e6,-1.0613971142908687,-0.8693272921435614,TIME_LIMIT,412180,0,0,10,6
2,8,1.854359e6,-1.0613971142908687,-0.8693272921435614,TIME_LIMIT,412203,0,0,9,5
2,8,1.854543e6,-1.0613967747763233,-0.8693272921435614,TIME_LIMIT,412237,0,0,16,9
2,8,1.854608e6,-1.0613967747763233,-0.8693272921435614,TIME_LIMIT,412263,0,0,16,6
2,8,1.854651e6,-1.0613951783010438,-0.8693272921435614,TIME_LIMIT,412276,0,0,9,6
2,8,1.854717e6,-1.0613951783010438,-0.8693272921435614,TIME_LIMIT,412297,0,0,7,9
2,8,1.854922e6,-1.0613885546448394,-0.8693272921435614,TIME_LIMIT,412325,0,0,11,4
2,8,1.855126e6,-1.0613885546448394,-0.8693272921435614,TIME_LIMIT,412343,0,0,19,26
2,8,1.855328e6,-1.0613842898543386,-0.8693272921435614,TIME_LIMIT,412375,0,0,13,4
2,8,1.855539e6,-1.0613842898543386,-0.8693272921435614,TIME_LIMIT,412397,0,0,13,10
2,8,1.855589e6,-1.0613831146031787,-0.8693272921435614,TIME_LIMIT,412417,0,0,8,9
2,8,1.855722e6,-1.0613831146031787,-0.8693272921435614,TIME_LIMIT,412438,0,0,14,14
2,8,1.855838e6,-1.0613697179358659,-0.8693272921435614,TIME_LIMIT,412468,0,0,16,7
2,8,1.856045e6,-1.0613697179358659,-0.8693272921435614,TIME_LIMIT,412492,0,0,17,22
2,8,1.856254e6,-1.0613678580594668,-0.8693272921435614,TIME_LIMIT,412524,0,0,23,16
2,8,1.856382e6,-1.0613678580594668,-0.8693272921435614,TIME_LIMIT,412544,0,0,10,14
2,8,1.856486e6,-1.0613555262810255,-0.8693272921435614,TIME_LIMIT,412570,0,0,13,6
2,8,1.856604e6,-1.0613555262810255,-0.8693272921435614,TIME_LIMIT,412592,0,0,15,5
2,8,1.856713e6,-1.0613551501564826,-0.8693272921435614,TIME_LIMIT,412618,0,0,11,7
2,8,1.856776e6,-1.0613551501564826,-0.8693272921435614,TIME_LIMIT,412637,0,0,16,7
2,8,1.856849e6,-1.0613545858372597,-0.8693272921435614,TIME_LIMIT,412660,0,0,10,4
2,8,1.856966e6,-1.0613545858372597,-0.8693272921435614,TIME_LIMIT,412683,0,0,25,44
2,8,1.857133e6,-1.0613539285795184,-0.8693272921435614,TIME_LIMIT,412728,0,0,22,16
2,8,1.857248e6,-1.0613539285795184,-0.8693272921435614,TIME_LIMIT,412746,0,0,20,11
2,8,1.857446e6,-1.0613504010299004,-0.8693272921435614,TIME_LIMIT,412779,0,0,14,8
2,8,1.857554e6,-1.0613504010299004,-0.8693272921435614,TIME_LIMIT,412797,0,0,18,10
2,8,1.857666e6,-1.061349101670645,-0.8693272921435614,TIME_LIMIT,412828,0,0,11,9
2,8,1.857775e6,-1.061349101670645,-0.8693272921435614,TIME_LIMIT,412851,0,0,20,14
2,8,1.857944e6,-1.0613476711051057,-0.8693272921435614,TIME_LIMIT,412883,0,0,11,8
2,8,1.858149e6,-1.0613476711051057,-0.8693272921435614,TIME_LIMIT,412906,0,0,21,31
2,8,1.858358e6,-1.0613422311808067,-0.8693272921435614,TIME_LIMIT,412949,0,0,20,14
2,8,1.85845e6,-1.0613422311808067,-0.8693272921435614,TIME_LIMIT,412969,0,0,21,19
2,8,1.858522e6,-1.0613396272370896,-0.8693272921435614,TIME_LIMIT,412999,0,0,13,6
2,8,1.858624e6,-1.0613396272370896,-0.8693272921435614,TIME_LIMIT,413023,0,0,16,9
2,8,1.858701e6,-1.0613230402012848,-0.8693272921435614,TIME_LIMIT,413050,0,0,11,7
2,8,1.858772e6,-1.0613230402012848,-0.8693272921435614,TIME_LIMIT,413076,0,0,13,6
2,8,1.858823e6,-1.0613199939371545,-0.8693272921435614,TIME_LIMIT,413095,0,0,12,10
2,8,1.858923e6,-1.0613199939371545,-0.8693272921435614,TIME_LIMIT,413114,0,0,13,10
2,8,1.859018e6,-1.061315039101134,-0.8693272921435614,TIME_LIMIT,413138,0,0,10,6
2,8,1.859118e6,-1.061315039101134,-0.8693272921435614,TIME_LIMIT,413159,0,0,13,9
2,8,1.859223e6,-1.0613077762252123,-0.8693272921435614,TIME_LIMIT,413186,0,0,14,3
2,8,1.859411e6,-1.0613077762252123,-0.8693272921435614,TIME_LIMIT,413213,0,0,8,9
2,8,1.859619e6,-1.0613026666028997,-0.8693272921435614,TIME_LIMIT,413245,0,0,8,12
2,8,1.859753e6,-1.0613026666028997,-0.8693272921435614,TIME_LIMIT,413270,0,0,25,14
2,8,1.859943e6,-1.061292108867014,-0.8693272921435614,TIME_LIMIT,413306,0,0,14,10
2,8,1.860013e6,-1.061292108867014,-0.8693272921435614,TIME_LIMIT,413329,0,0,8,8
2,8,1.860079e6,-1.0612838115446643,-0.8693272921435614,TIME_LIMIT,413348,0,0,11,4
2,8,1.860191e6,-1.0612838115446643,-0.8693272921435614,TIME_LIMIT,413369,0,0,22,17
2,8,1.86033e6,-1.0612830613041033,-0.8693272921435614,TIME_LIMIT,413403,0,0,16,6
2,8,1.860388e6,-1.0612830613041033,-0.8693272921435614,TIME_LIMIT,413424,0,0,10,6
2,8,1.860415e6,-1.061281174568749,-0.8693272921435614,TIME_LIMIT,413443,0,0,9,6
2,8,1.860489e6,-1.061281174568749,-0.8693272921435614,TIME_LIMIT,413462,0,0,15,8
2,8,1.86061e6,-1.0612769814576843,-0.8693272921435614,TIME_LIMIT,413492,0,0,15,10
2,8,1.860819e6,-1.0612769814576843,-0.8693272921435614,TIME_LIMIT,413513,0,0,15,16
2,8,1.860939e6,-1.061264672137613,-0.8693272921435614,TIME_LIMIT,413548,0,0,12,6
2,8,1.861026e6,-1.061264672137613,-0.8693272921435614,TIME_LIMIT,413573,0,0,19,13
2,8,1.861138e6,-1.0612630875621492,-0.8693272921435614,TIME_LIMIT,413601,0,0,7,4
2,8,1.861255e6,-1.0612630875621492,-0.8693272921435614,TIME_LIMIT,413626,0,0,19,18
2,8,1.861464e6,-1.0612570877037046,-0.8693272921435614,TIME_LIMIT,413656,0,0,12,7
2,8,1.86151e6,-1.0612570877037046,-0.8693272921435614,TIME_LIMIT,413674,0,0,10,23
2,8,1.861622e6,-1.061254494336179,-0.8693272921435614,TIME_LIMIT,413698,0,0,5,2
2,8,1.861745e6,-1.061254494336179,-0.8693272921435614,TIME_LIMIT,413722,0,0,14,17
2,8,1.861813e6,-1.0612471577054552,-0.8693272921435614,TIME_LIMIT,413746,0,0,3,2
2,8,1.861854e6,-1.0612471577054552,-0.8693272921435614,TIME_LIMIT,413763,0,0,8,4
2,8,1.86188e6,-1.0612471365377347,-0.8693272921435614,TIME_LIMIT,413776,0,0,7,3
2,8,1.862006e6,-1.0612471365377347,-0.8693272921435614,TIME_LIMIT,413797,0,0,14,13
2,8,1.862105e6,-1.061244169211963,-0.8693272921435614,TIME_LIMIT,413826,0,0,12,4
2,8,1.862221e6,-1.061244169211963,-0.8693272921435614,TIME_LIMIT,413851,0,0,17,17
2,8,1.862314e6,-1.0612414496222806,-0.8693272921435614,TIME_LIMIT,413885,0,0,15,7
2,8,1.86243e6,-1.0612414496222806,-0.8693272921435614,TIME_LIMIT,413906,0,0,13,15
2,8,1.862633e6,-1.0612318131072587,-0.8693272921435614,TIME_LIMIT,413938,0,0,14,7
2,8,1.862675e6,-1.0612318131072587,-0.8693272921435614,TIME_LIMIT,413959,0,0,15,12
2,8,1.86279e6,-1.0612298028832239,-0.8693272921435614,TIME_LIMIT,413983,0,0,3,5
2,8,1.862955e6,-1.0612298028832239,-0.8693272921435614,TIME_LIMIT,414007,0,0,15,16
2,8,1.863106e6,-1.0612192104948448,-0.8693272921435614,TIME_LIMIT,414035,0,0,16,5
2,8,1.863189e6,-1.0612192104948448,-0.8693272921435614,TIME_LIMIT,414058,0,0,24,16
2,8,1.863331e6,-1.0612143636892795,-0.8693272921435614,TIME_LIMIT,414098,0,0,12,9
2,8,1.863491e6,-1.0612143636892795,-0.8693272921435614,TIME_LIMIT,414124,0,0,16,8
2,8,1.863608e6,-1.061198146351733,-0.8693272921435614,TIME_LIMIT,414155,0,0,15,8
2,8,1.863679e6,-1.061198146351733,-0.8693272921435614,TIME_LIMIT,414182,0,0,16,8
2,8,1.863751e6,-1.0611925071183401,-0.8693272921435614,TIME_LIMIT,414204,0,0,6,5
2,8,1.863858e6,-1.0611925071183401,-0.8693272921435614,TIME_LIMIT,414222,0,0,13,8
2,8,1.863954e6,-1.0611823343644835,-0.8693272921435614,TIME_LIMIT,414244,0,0,9,5
2,8,1.86403e6,-1.0611823343644835,-0.8693272921435614,TIME_LIMIT,414261,0,0,11,8
2,8,1.864064e6,-1.0611815546427565,-0.8693272921435614,TIME_LIMIT,414279,0,0,8,2
2,8,1.864129e6,-1.0611815546427565,-0.8693272921435614,TIME_LIMIT,414299,0,0,16,9
2,8,1.864246e6,-1.061175184218016,-0.8693272921435614,TIME_LIMIT,414330,0,0,14,6
2,8,1.86436e6,-1.061175184218016,-0.8693272921435614,TIME_LIMIT,414349,0,0,16,16
2,8,1.864488e6,-1.0611551009932714,-0.8693272921435614,TIME_LIMIT,414379,0,0,14,10
2,8,1.86467e6,-1.0611551009932714,-0.8693272921435614,TIME_LIMIT,414405,0,0,17,16
2,8,1.864845e6,-1.0611496445620645,-0.8693272921435614,TIME_LIMIT,414438,0,0,13,11
2,8,1.86501e6,-1.0611496445620645,-0.8693272921435614,TIME_LIMIT,414457,0,0,17,12
2,8,1.865155e6,-1.0611494730840514,-0.8693272921435614,TIME_LIMIT,414487,0,0,13,7
2,8,1.865252e6,-1.0611494730840514,-0.8693272921435614,TIME_LIMIT,414511,0,0,17,14
2,8,1.865428e6,-1.0611459202080007,-0.8693272921435614,TIME_LIMIT,414543,0,0,15,8
2,8,1.865633e6,-1.0611459202080007,-0.8693272921435614,TIME_LIMIT,414573,0,0,14,20
2,8,1.865837e6,-1.0611453833604276,-0.8693272921435614,TIME_LIMIT,414608,0,0,17,17
2,8,1.86592e6,-1.0611453833604276,-0.8693272921435614,TIME_LIMIT,414628,0,0,14,3
2,8,1.865954e6,-1.0611405414370083,-0.8693272921435614,TIME_LIMIT,414648,0,0,7,2
2,8,1.866066e6,-1.0611405414370083,-0.8693272921435614,TIME_LIMIT,414670,0,0,13,9
2,8,1.866168e6,-1.0611361522343463,-0.8693272921435614,TIME_LIMIT,414699,0,0,12,7
2,8,1.866298e6,-1.0611361522343463,-0.8693272921435614,TIME_LIMIT,414727,0,0,19,12
2,8,1.86651e6,-1.0611334416501617,-0.8693272921435614,TIME_LIMIT,414755,0,0,15,16
2,8,1.866719e6,-1.0611334416501617,-0.8693272921435614,TIME_LIMIT,414781,0,0,15,11
2,8,1.866933e6,-1.061132227713833,-0.8693272921435614,TIME_LIMIT,414817,0,0,20,4
2,8,1.867084e6,-1.061132227713833,-0.8693272921435614,TIME_LIMIT,414843,0,0,15,10
2,8,1.867193e6,-1.0611308194183007,-0.8693272921435614,TIME_LIMIT,414863,0,0,9,4
2,8,1.867401e6,-1.0611308194183007,-0.8693272921435614,TIME_LIMIT,414886,0,0,19,13
2,8,1.867593e6,-1.0611272319290406,-0.8693272921435614,TIME_LIMIT,414918,0,0,14,8
2,8,1.867642e6,-1.0611272319290406,-0.8693272921435614,TIME_LIMIT,414934,0,0,12,5
2,8,1.867683e6,-1.0611176980172994,-0.8693272921435614,TIME_LIMIT,414954,0,0,9,1
2,8,1.867752e6,-1.0611176980172994,-0.8693272921435614,TIME_LIMIT,414972,0,0,16,10
2,8,1.8678e6,-1.0611126050382786,-0.8693272921435614,TIME_LIMIT,414999,0,0,11,6
2,8,1.867941e6,-1.0611126050382786,-0.8693272921435614,TIME_LIMIT,415025,0,0,19,22
2,8,1.868148e6,-1.061106056534247,-0.8693272921435614,TIME_LIMIT,415057,0,0,15,10
2,8,1.868194e6,-1.061106056534247,-0.8693272921435614,TIME_LIMIT,415077,0,0,13,1
2,8,1.868247e6,-1.061103312767802,-0.8693272921435614,TIME_LIMIT,415095,0,0,13,5
2,8,1.868306e6,-1.061103312767802,-0.8693272921435614,TIME_LIMIT,415115,0,0,10,9
2,8,1.868348e6,-1.0611031391997834,-0.8693272921435614,TIME_LIMIT,415132,0,0,6,2
2,8,1.868441e6,-1.0611031391997834,-0.8693272921435614,TIME_LIMIT,415154,0,0,20,24
2,8,1.86865e6,-1.0610973681224096,-0.8693272921435614,TIME_LIMIT,415183,0,0,10,8
2,8,1.868709e6,-1.0610973681224096,-0.8693272921435614,TIME_LIMIT,415205,0,0,12,9
2,8,1.868736e6,-1.0610942925754094,-0.8693272921435614,TIME_LIMIT,415225,0,0,3,5
2,8,1.86885e6,-1.0610942925754094,-0.8693272921435614,TIME_LIMIT,415245,0,0,19,20
2,8,1.86896e6,-1.0610913354929037,-0.8693272921435614,TIME_LIMIT,415276,0,0,10,5
2,8,1.86907e6,-1.0610913354929037,-0.8693272921435614,TIME_LIMIT,415302,0,0,20,14
2,8,1.86914e6,-1.0610875171668033,-0.8693272921435614,TIME_LIMIT,415332,0,0,12,5
2,8,1.869337e6,-1.0610875171668033,-0.8693272921435614,TIME_LIMIT,415358,0,0,7,22
2,8,1.869403e6,-1.0610844930638277,-0.8693272921435614,TIME_LIMIT,415383,0,0,7,6
2,8,1.869508e6,-1.0610844930638277,-0.8693272921435614,TIME_LIMIT,415398,0,0,12,9
2,8,1.869587e6,-1.0610810842417335,-0.8693272921435614,TIME_LIMIT,415421,0,0,10,4
2,8,1.869654e6,-1.0610810842417335,-0.8693272921435614,TIME_LIMIT,415443,0,0,14,7
2,8,1.869731e6,-1.0610747652572259,-0.8693272921435614,TIME_LIMIT,415462,0,0,12,6
2,8,1.869791e6,-1.0610747652572259,-0.8693272921435614,TIME_LIMIT,415478,0,0,14,6
2,8,1.869844e6,-1.0610741030438788,-0.8693272921435614,TIME_LIMIT,415501,0,0,6,5
2,8,1.869908e6,-1.0610741030438788,-0.8693272921435614,TIME_LIMIT,415522,0,0,11,8
2,8,1.870021e6,-1.061069579053203,-0.8693272921435614,TIME_LIMIT,415548,0,0,6,10
2,8,1.870163e6,-1.061069579053203,-0.8693272921435614,TIME_LIMIT,415573,0,0,18,9
2,8,1.870297e6,-1.0610597676912863,-0.8693272921435614,TIME_LIMIT,415606,0,0,11,10
2,8,1.870357e6,-1.0610597676912863,-0.8693272921435614,TIME_LIMIT,415624,0,0,15,16
2,8,1.870549e6,-1.0610594825519422,-0.8693272921435614,TIME_LIMIT,415664,0,0,23,6
2,8,1.870757e6,-1.0610594825519422,-0.8693272921435614,TIME_LIMIT,415680,0,0,14,13
2,8,1.870873e6,-1.0610576916075727,-0.8693272921435614,TIME_LIMIT,415704,0,0,14,9
2,8,1.870984e6,-1.0610576916075727,-0.8693272921435614,TIME_LIMIT,415730,0,0,22,24
2,8,1.871192e6,-1.0610538322156917,-0.8693272921435614,TIME_LIMIT,415764,0,0,18,12
2,8,1.871264e6,-1.0610538322156917,-0.8693272921435614,TIME_LIMIT,415787,0,0,16,5
2,8,1.871303e6,-1.0610516330830995,-0.8693272921435614,TIME_LIMIT,415801,0,0,8,8
2,8,1.871455e6,-1.0610516330830995,-0.8693272921435614,TIME_LIMIT,415826,0,0,17,13
2,8,1.871567e6,-1.0610367535234257,-0.8693272921435614,TIME_LIMIT,415859,0,0,9,10
2,8,1.871623e6,-1.0610367535234257,-0.8693272921435614,TIME_LIMIT,415876,0,0,11,10
2,8,1.871811e6,-1.0610304181399823,-0.8693272921435614,TIME_LIMIT,415910,0,0,15,14
2,8,1.87195e6,-1.0610304181399823,-0.8693272921435614,TIME_LIMIT,415934,0,0,21,9
2,8,1.872145e6,-1.061028434895337,-0.8693272921435614,TIME_LIMIT,415965,0,0,13,11
2,8,1.872225e6,-1.061028434895337,-0.8693272921435614,TIME_LIMIT,415989,0,0,13,13
2,8,1.872318e6,-1.0610201933154686,-0.8693272921435614,TIME_LIMIT,416015,0,0,11,8
2,8,1.872526e6,-1.0610201933154686,-0.8693272921435614,TIME_LIMIT,416035,0,0,8,17
2,8,1.872624e6,-1.061016597200273,-0.8693272921435614,TIME_LIMIT,416062,0,0,7,5
2,8,1.872702e6,-1.061016597200273,-0.8693272921435614,TIME_LIMIT,416081,0,0,10,12
2,8,1.872756e6,-1.0610159392432732,-0.8693272921435614,TIME_LIMIT,416104,0,0,3,3
2,8,1.872916e6,-1.0610159392432732,-0.8693272921435614,TIME_LIMIT,416127,0,0,17,10
2,8,1.872992e6,-1.0610135176429933,-0.8693272921435614,TIME_LIMIT,416154,0,0,14,6
2,8,1.873193e6,-1.0610135176429933,-0.8693272921435614,TIME_LIMIT,416171,0,0,15,22
2,8,1.873401e6,-1.0610104994833356,-0.8693272921435614,TIME_LIMIT,416206,0,0,12,9
2,8,1.873473e6,-1.0610104994833356,-0.8693272921435614,TIME_LIMIT,416224,0,0,11,14
2,8,1.873618e6,-1.0610072620461457,-0.8693272921435614,TIME_LIMIT,416254,0,0,17,7
2,8,1.873712e6,-1.0610072620461457,-0.8693272921435614,TIME_LIMIT,416275,0,0,13,13
2,8,1.873833e6,-1.0610020904776838,-0.8693272921435614,TIME_LIMIT,416302,0,0,13,5
2,8,1.87399e6,-1.0610020904776838,-0.8693272921435614,TIME_LIMIT,416328,0,0,18,12
2,8,1.874128e6,-1.0609980068638727,-0.8693272921435614,TIME_LIMIT,416356,0,0,11,9
2,8,1.874167e6,-1.0609980068638727,-0.8693272921435614,TIME_LIMIT,416371,0,0,12,8
2,8,1.874221e6,-1.0609967699762515,-0.8693272921435614,TIME_LIMIT,416395,0,0,8,9
2,8,1.874359e6,-1.0609967699762515,-0.8693272921435614,TIME_LIMIT,416416,0,0,17,13
2,8,1.874538e6,-1.0609911040102054,-0.8693272921435614,TIME_LIMIT,416452,0,0,15,11
2,8,1.874604e6,-1.0609911040102054,-0.8693272921435614,TIME_LIMIT,416464,0,0,6,7
2,8,1.874697e6,-1.0609885771030236,-0.8693272921435614,TIME_LIMIT,416490,0,0,10,5
2,8,1.874866e6,-1.0609885771030236,-0.8693272921435614,TIME_LIMIT,416515,0,0,14,16
2,8,1.875072e6,-1.0609850469678628,-0.8693272921435614,TIME_LIMIT,416553,0,0,22,7
2,8,1.875228e6,-1.0609850469678628,-0.8693272921435614,TIME_LIMIT,416574,0,0,11,12
2,8,1.875358e6,-1.0609819785926624,-0.8693272921435614,TIME_LIMIT,416601,0,0,11,5
2,8,1.875569e6,-1.0609819785926624,-0.8693272921435614,TIME_LIMIT,416623,0,0,20,11
2,8,1.87574e6,-1.060980967328725,-0.8693272921435614,TIME_LIMIT,416662,0,0,17,6
2,8,1.875955e6,-1.060980967328725,-0.8693272921435614,TIME_LIMIT,416681,0,0,15,18
2,8,1.876157e6,-1.060980335715743,-0.8693272921435614,TIME_LIMIT,416712,0,0,15,6
2,8,1.876246e6,-1.060980335715743,-0.8693272921435614,TIME_LIMIT,416732,0,0,13,10
2,8,1.876351e6,-1.060978951663117,-0.8693272921435614,TIME_LIMIT,416762,0,0,11,11
2,8,1.876488e6,-1.060978951663117,-0.8693272921435614,TIME_LIMIT,416784,0,0,10,20
2,8,1.876629e6,-1.060978093718497,-0.8693272921435614,TIME_LIMIT,416815,0,0,9,6
2,8,1.876724e6,-1.060978093718497,-0.8693272921435614,TIME_LIMIT,416833,0,0,12,6
2,8,1.876773e6,-1.0609737370113899,-0.8693272921435614,TIME_LIMIT,416846,0,0,9,9
2,8,1.876941e6,-1.0609737370113899,-0.8693272921435614,TIME_LIMIT,416876,0,0,5,11
2,8,1.87706e6,-1.0609676013676184,-0.8693272921435614,TIME_LIMIT,416899,0,0,9,16
2,8,1.877201e6,-1.0609676013676184,-0.8693272921435614,TIME_LIMIT,416925,0,0,19,10
2,8,1.877385e6,-1.0609552539745208,-0.8693272921435614,TIME_LIMIT,416948,0,0,17,11
2,8,1.877591e6,-1.0609552539745208,-0.8693272921435614,TIME_LIMIT,416973,0,0,21,21
2,8,1.877787e6,-1.0609511078880387,-0.8693272921435614,TIME_LIMIT,417011,0,0,18,9
2,8,1.877975e6,-1.0609511078880387,-0.8693272921435614,TIME_LIMIT,417037,0,0,15,21
2,8,1.878053e6,-1.0609500616910141,-0.8693272921435614,TIME_LIMIT,417070,0,0,11,6
2,8,1.878192e6,-1.0609500616910141,-0.8693272921435614,TIME_LIMIT,417091,0,0,8,16
2,8,1.87831e6,-1.060948111498878,-0.8693272921435614,TIME_LIMIT,417123,0,0,17,5
2,8,1.878341e6,-1.060948111498878,-0.8693272921435614,TIME_LIMIT,417136,0,0,7,0
2,8,1.878357e6,-1.0609455619240868,-0.8693272921435614,TIME_LIMIT,417144,0,0,2,1
2,8,1.87848e6,-1.0609455619240868,-0.8693272921435614,TIME_LIMIT,417174,0,0,21,9
2,8,1.878621e6,-1.060942964732965,-0.8693272921435614,TIME_LIMIT,417203,0,0,20,7
2,8,1.878682e6,-1.060942964732965,-0.8693272921435614,TIME_LIMIT,417220,0,0,11,8
2,8,1.87887e6,-1.06093839436517,-0.8693272921435614,TIME_LIMIT,417252,0,0,12,9
2,8,1.878968e6,-1.06093839436517,-0.8693272921435614,TIME_LIMIT,417278,0,0,13,13
2,8,1.879058e6,-1.06093628012264,-0.8693272921435614,TIME_LIMIT,417305,0,0,3,4
2,8,1.87913e6,-1.06093628012264,-0.8693272921435614,TIME_LIMIT,417316,0,0,12,17
2,8,1.879231e6,-1.0609242918277995,-0.8693272921435614,TIME_LIMIT,417346,0,0,10,7
2,8,1.879281e6,-1.0609242918277995,-0.8693272921435614,TIME_LIMIT,417365,0,0,9,6
2,8,1.879359e6,-1.0609140692529926,-0.8693272921435614,TIME_LIMIT,417392,0,0,9,3
2,8,1.879423e6,-1.0609140692529926,-0.8693272921435614,TIME_LIMIT,417412,0,0,16,12
2,8,1.87956e6,-1.060912818344128,-0.8693272921435614,TIME_LIMIT,417436,0,0,10,6
2,8,1.879779e6,-1.060912818344128,-0.8693272921435614,TIME_LIMIT,417460,0,0,9,17
2,8,1.879893e6,-1.0609056650756565,-0.8693272921435614,TIME_LIMIT,417486,0,0,11,13
2,8,1.879966e6,-1.0609056650756565,-0.8693272921435614,TIME_LIMIT,417509,0,0,11,12
2,8,1.88015e6,-1.0609049842485347,-0.8693272921435614,TIME_LIMIT,417530,0,0,14,11
2,8,1.880228e6,-1.0609049842485347,-0.8693272921435614,TIME_LIMIT,417551,0,0,9,11
2,8,1.880264e6,-1.0609023521096805,-0.8693272921435614,TIME_LIMIT,417568,0,0,7,2
2,8,1.880331e6,-1.0609023521096805,-0.8693272921435614,TIME_LIMIT,417587,0,0,7,5
2,8,1.880364e6,-1.0608997734898278,-0.8693272921435614,TIME_LIMIT,417606,0,0,9,5
2,8,1.880426e6,-1.0608997734898278,-0.8693272921435614,TIME_LIMIT,417632,0,0,18,11
2,8,1.880476e6,-1.0608953805129246,-0.8693272921435614,TIME_LIMIT,417652,0,0,6,3
2,8,1.880679e6,-1.0608953805129246,-0.8693272921435614,TIME_LIMIT,417671,0,0,20,13
2,8,1.880888e6,-1.0608941522971804,-0.8693272921435614,TIME_LIMIT,417704,0,0,15,12
2,8,1.881006e6,-1.0608941522971804,-0.8693272921435614,TIME_LIMIT,417730,0,0,22,20
2,8,1.881169e6,-1.0608924568901663,-0.8693272921435614,TIME_LIMIT,417761,0,0,12,9
2,8,1.881223e6,-1.0608924568901663,-0.8693272921435614,TIME_LIMIT,417778,0,0,11,4
2,8,1.881263e6,-1.0608915361522406,-0.8693272921435614,TIME_LIMIT,417792,0,0,8,2
2,8,1.881312e6,-1.0608915361522406,-0.8693272921435614,TIME_LIMIT,417812,0,0,14,14
2,8,1.881384e6,-1.0608845718693622,-0.8693272921435614,TIME_LIMIT,417841,0,0,16,5
2,8,1.881434e6,-1.0608845718693622,-0.8693272921435614,TIME_LIMIT,417858,0,0,7,13
2,8,1.881479e6,-1.0608811885564293,-0.8693272921435614,TIME_LIMIT,417877,0,0,7,3
2,8,1.8816e6,-1.0608811885564293,-0.8693272921435614,TIME_LIMIT,417908,0,0,22,20
2,8,1.881776e6,-1.0608801774146208,-0.8693272921435614,TIME_LIMIT,417941,0,0,17,7
2,8,1.881831e6,-1.0608801774146208,-0.8693272921435614,TIME_LIMIT,417955,0,0,8,8
2,8,1.881853e6,-1.0608706008295052,-0.8693272921435614,TIME_LIMIT,417972,0,0,3,1
2,8,1.882017e6,-1.0608706008295052,-0.8693272921435614,TIME_LIMIT,417997,0,0,17,11
2,8,1.882226e6,-1.06086165718648,-0.8693272921435614,TIME_LIMIT,418018,0,0,13,5
2,8,1.882277e6,-1.06086165718648,-0.8693272921435614,TIME_LIMIT,418044,0,0,18,5
2,8,1.882475e6,-1.060859333125649,-0.8693272921435614,TIME_LIMIT,418074,0,0,11,13
2,8,1.882571e6,-1.060859333125649,-0.8693272921435614,TIME_LIMIT,418091,0,0,9,11
2,8,1.882648e6,-1.0608579462144045,-0.8693272921435614,TIME_LIMIT,418113,0,0,10,5
2,8,1.88286e6,-1.0608579462144045,-0.8693272921435614,TIME_LIMIT,418136,0,0,13,14
2,8,1.883073e6,-1.0608539710814866,-0.8693272921435614,TIME_LIMIT,418170,0,0,17,9
2,8,1.883272e6,-1.0608539710814866,-0.8693272921435614,TIME_LIMIT,418194,0,0,10,11
2,8,1.883392e6,-1.060853553348705,-0.8693272921435614,TIME_LIMIT,418222,0,0,11,14
2,8,1.883592e6,-1.060853553348705,-0.8693272921435614,TIME_LIMIT,418246,0,0,18,22
2,8,1.883743e6,-1.0608516687233474,-0.8693272921435614,TIME_LIMIT,418279,0,0,14,6
2,8,1.883867e6,-1.0608516687233474,-0.8693272921435614,TIME_LIMIT,418303,0,0,6,12
2,8,1.883944e6,-1.0608493375894057,-0.8693272921435614,TIME_LIMIT,418330,0,0,9,4
2,8,1.884147e6,-1.0608493375894057,-0.8693272921435614,TIME_LIMIT,418355,0,0,20,25
2,8,1.884354e6,-1.0608482033706568,-0.8693272921435614,TIME_LIMIT,418389,0,0,18,7
2,8,1.884427e6,-1.0608482033706568,-0.8693272921435614,TIME_LIMIT,418410,0,0,20,8
2,8,1.884496e6,-1.060838963086801,-0.8693272921435614,TIME_LIMIT,418440,0,0,12,5
2,8,1.884608e6,-1.060838963086801,-0.8693272921435614,TIME_LIMIT,418459,0,0,17,19
2,8,1.88469e6,-1.0608385536766431,-0.8693272921435614,TIME_LIMIT,418488,0,0,12,6
2,8,1.884774e6,-1.0608385536766431,-0.8693272921435614,TIME_LIMIT,418510,0,0,11,5
2,8,1.884883e6,-1.060834486802006,-0.8693272921435614,TIME_LIMIT,418530,0,0,10,3
2,8,1.885089e6,-1.060834486802006,-0.8693272921435614,TIME_LIMIT,418554,0,0,17,24
2,8,1.885291e6,-1.0608258707515112,-0.8693272921435614,TIME_LIMIT,418583,0,0,15,13
2,8,1.885486e6,-1.0608258707515112,-0.8693272921435614,TIME_LIMIT,418607,0,0,24,26
2,8,1.885671e6,-1.06082196585343,-0.8693272921435614,TIME_LIMIT,418644,0,0,11,10
2,8,1.885763e6,-1.06082196585343,-0.8693272921435614,TIME_LIMIT,418661,0,0,8,4
2,8,1.885814e6,-1.0608154276733228,-0.8693272921435614,TIME_LIMIT,418683,0,0,10,6
2,8,1.886001e6,-1.0608154276733228,-0.8693272921435614,TIME_LIMIT,418715,0,0,22,29
2,8,1.886192e6,-1.0608081242604106,-0.8693272921435614,TIME_LIMIT,418755,0,0,14,12
2,8,1.886264e6,-1.0608081242604106,-0.8693272921435614,TIME_LIMIT,418773,0,0,6,14
2,8,1.886429e6,-1.0608070385553579,-0.8693272921435614,TIME_LIMIT,418803,0,0,11,8
2,8,1.886635e6,-1.0608070385553579,-0.8693272921435614,TIME_LIMIT,418825,0,0,15,26
2,8,1.886831e6,-1.060806422430764,-0.8693272921435614,TIME_LIMIT,418857,0,0,17,9
2,8,1.887038e6,-1.060806422430764,-0.8693272921435614,TIME_LIMIT,418883,0,0,21,15
2,8,1.88724e6,-1.0608015427573965,-0.8693272921435614,TIME_LIMIT,418917,0,0,16,15
2,8,1.887295e6,-1.0608015427573965,-0.8693272921435614,TIME_LIMIT,418938,0,0,19,4
2,8,1.88749e6,-1.060798405806988,-0.8693272921435614,TIME_LIMIT,418974,0,0,14,11
2,8,1.88769e6,-1.060798405806988,-0.8693272921435614,TIME_LIMIT,418995,0,0,16,32
2,8,1.887895e6,-1.0607962124293404,-0.8693272921435614,TIME_LIMIT,419031,0,0,9,11
2,8,1.888001e6,-1.0607962124293404,-0.8693272921435614,TIME_LIMIT,419056,0,0,16,9
2,8,1.888072e6,-1.0607923386209195,-0.8693272921435614,TIME_LIMIT,419073,0,0,9,16
2,8,1.888156e6,-1.0607923386209195,-0.8693272921435614,TIME_LIMIT,419100,0,0,18,14
2,8,1.888339e6,-1.060788175385525,-0.8693272921435614,TIME_LIMIT,419135,0,0,5,6
2,8,1.888499e6,-1.060788175385525,-0.8693272921435614,TIME_LIMIT,419158,0,0,11,9
2,8,1.888568e6,-1.0607856586822897,-0.8693272921435614,TIME_LIMIT,419175,0,0,9,6
2,8,1.888661e6,-1.0607856586822897,-0.8693272921435614,TIME_LIMIT,419192,0,0,16,31
2,8,1.888792e6,-1.060782378609339,-0.8693272921435614,TIME_LIMIT,419226,0,0,16,9
2,8,1.888907e6,-1.060782378609339,-0.8693272921435614,TIME_LIMIT,419252,0,0,15,14
2,8,1.888998e6,-1.0607796924092487,-0.8693272921435614,TIME_LIMIT,419286,0,0,14,2
2,8,1.889138e6,-1.0607796924092487,-0.8693272921435614,TIME_LIMIT,419304,0,0,18,12
2,8,1.889271e6,-1.060778598241897,-0.8693272921435614,TIME_LIMIT,419336,0,0,12,1
2,8,1.889393e6,-1.060778598241897,-0.8693272921435614,TIME_LIMIT,419362,0,0,26,23
2,8,1.889607e6,-1.060778447519099,-0.8693272921435614,TIME_LIMIT,419399,0,0,15,7
2,8,1.889692e6,-1.060778447519099,-0.8693272921435614,TIME_LIMIT,419419,0,0,11,16
2,8,1.889742e6,-1.0607770906462595,-0.8693272921435614,TIME_LIMIT,419443,0,0,11,14
2,8,1.889949e6,-1.0607770906462595,-0.8693272921435614,TIME_LIMIT,419466,0,0,19,9
2,8,1.890128e6,-1.0607739151276654,-0.8693272921435614,TIME_LIMIT,419497,0,0,6,3
2,8,1.890204e6,-1.0607739151276654,-0.8693272921435614,TIME_LIMIT,419514,0,0,17,11
2,8,1.89029e6,-1.0607729490698983,-0.8693272921435614,TIME_LIMIT,419534,0,0,13,1
2,8,1.890459e6,-1.0607729490698983,-0.8693272921435614,TIME_LIMIT,419559,0,0,20,15
2,8,1.89057e6,-1.0607723739670032,-0.8693272921435614,TIME_LIMIT,419586,0,0,11,12
2,8,1.890611e6,-1.0607723739670032,-0.8693272921435614,TIME_LIMIT,419607,0,0,10,7
2,8,1.890692e6,-1.0607585539738804,-0.8693272921435614,TIME_LIMIT,419636,0,0,8,7
2,8,1.89079e6,-1.0607585539738804,-0.8693272921435614,TIME_LIMIT,419657,0,0,20,15
2,8,1.890878e6,-1.0607483584799142,-0.8693272921435614,TIME_LIMIT,419689,0,0,14,5
2,8,1.89108e6,-1.0607483584799142,-0.8693272921435614,TIME_LIMIT,419716,0,0,19,16
2,8,1.891264e6,-1.0607477116655717,-0.8693272921435614,TIME_LIMIT,419750,0,0,14,12
2,8,1.891468e6,-1.0607477116655717,-0.8693272921435614,TIME_LIMIT,419772,0,0,20,11
2,8,1.891512e6,-1.0607429087001488,-0.8693272921435614,TIME_LIMIT,419795,0,0,5,1
2,8,1.891678e6,-1.0607429087001488,-0.8693272921435614,TIME_LIMIT,419816,0,0,13,18
2,8,1.89188e6,-1.060738038364029,-0.8693272921435614,TIME_LIMIT,419848,0,0,14,4
2,8,1.892094e6,-1.060738038364029,-0.8693272921435614,TIME_LIMIT,419873,0,0,15,17
2,8,1.892206e6,-1.0607377976046874,-0.8693272921435614,TIME_LIMIT,419898,0,0,12,7
2,8,1.892278e6,-1.0607377976046874,-0.8693272921435614,TIME_LIMIT,419915,0,0,11,9
2,8,1.892349e6,-1.060736079342044,-0.8693272921435614,TIME_LIMIT,419934,0,0,13,4
2,8,1.892557e6,-1.060736079342044,-0.8693272921435614,TIME_LIMIT,419957,0,0,6,16
2,8,1.892761e6,-1.0607345943703264,-0.8693272921435614,TIME_LIMIT,419996,0,0,18,8
2,8,1.892919e6,-1.0607345943703264,-0.8693272921435614,TIME_LIMIT,420018,0,0,15,18
2,8,1.893085e6,-1.0607258585330102,-0.8693272921435614,TIME_LIMIT,420053,0,0,16,14
2,8,1.893251e6,-1.0607258585330102,-0.8693272921435614,TIME_LIMIT,420072,0,0,22,14
2,8,1.893377e6,-1.0607247385389214,-0.8693272921435614,TIME_LIMIT,420111,0,0,21,7
2,8,1.893528e6,-1.0607247385389214,-0.8693272921435614,TIME_LIMIT,420128,0,0,10,29
2,8,1.89373e6,-1.0607212346934487,-0.8693272921435614,TIME_LIMIT,420155,0,0,9,11
2,8,1.893824e6,-1.0607212346934487,-0.8693272921435614,TIME_LIMIT,420173,0,0,12,10
2,8,1.893929e6,-1.060714125298076,-0.8693272921435614,TIME_LIMIT,420202,0,0,11,5
2,8,1.894058e6,-1.060714125298076,-0.8693272921435614,TIME_LIMIT,420224,0,0,5,10
2,8,1.894153e6,-1.0607059542908381,-0.8693272921435614,TIME_LIMIT,420247,0,0,7,11
2,8,1.894312e6,-1.0607059542908381,-0.8693272921435614,TIME_LIMIT,420276,0,0,21,15
2,8,1.894523e6,-1.0607058782412067,-0.8693272921435614,TIME_LIMIT,420313,0,0,19,15
2,8,1.89463e6,-1.0607058782412067,-0.8693272921435614,TIME_LIMIT,420340,0,0,20,9
2,8,1.894754e6,-1.0607024378906862,-0.8693272921435614,TIME_LIMIT,420375,0,0,17,9
2,8,1.894811e6,-1.0607024378906862,-0.8693272921435614,TIME_LIMIT,420397,0,0,15,7
2,8,1.89486e6,-1.0606927719523898,-0.8693272921435614,TIME_LIMIT,420419,0,0,4,3
2,8,1.894953e6,-1.0606927719523898,-0.8693272921435614,TIME_LIMIT,420444,0,0,12,19
2,8,1.895146e6,-1.0606886918505107,-0.8693272921435614,TIME_LIMIT,420477,0,0,14,7
2,8,1.895328e6,-1.0606886918505107,-0.8693272921435614,TIME_LIMIT,420507,0,0,18,11
2,8,1.895392e6,-1.0606843990992514,-0.8693272921435614,TIME_LIMIT,420526,0,0,13,7
2,8,1.895497e6,-1.0606843990992514,-0.8693272921435614,TIME_LIMIT,420548,0,0,13,7
2,8,1.895586e6,-1.0606807918292893,-0.8693272921435614,TIME_LIMIT,420580,0,0,17,6
2,8,1.895727e6,-1.0606807918292893,-0.8693272921435614,TIME_LIMIT,420612,0,0,22,6
2,8,1.895908e6,-1.0606751454532355,-0.8693272921435614,TIME_LIMIT,420632,0,0,14,8
2,8,1.896114e6,-1.0606751454532355,-0.8693272921435614,TIME_LIMIT,420657,0,0,17,39
2,8,1.896315e6,-1.0606714895692535,-0.8693272921435614,TIME_LIMIT,420698,0,0,11,6
2,8,1.896378e6,-1.0606714895692535,-0.8693272921435614,TIME_LIMIT,420722,0,0,16,21
2,8,1.896563e6,-1.0606710186766886,-0.8693272921435614,TIME_LIMIT,420758,0,0,20,10
2,8,1.896638e6,-1.0606710186766886,-0.8693272921435614,TIME_LIMIT,420779,0,0,12,8
2,8,1.896735e6,-1.0606689833857268,-0.8693272921435614,TIME_LIMIT,420808,0,0,3,6
2,8,1.896865e6,-1.0606689833857268,-0.8693272921435614,TIME_LIMIT,420828,0,0,13,4
2,8,1.897073e6,-1.0606645390008103,-0.8693272921435614,TIME_LIMIT,420858,0,0,7,3
2,8,1.897113e6,-1.0606645390008103,-0.8693272921435614,TIME_LIMIT,420877,0,0,15,5
2,8,1.89719e6,-1.0606583519976671,-0.8693272921435614,TIME_LIMIT,420900,0,0,5,3
2,8,1.897236e6,-1.0606583519976671,-0.8693272921435614,TIME_LIMIT,420918,0,0,16,7
2,8,1.897448e6,-1.0606563719647828,-0.8693272921435614,TIME_LIMIT,420954,0,0,12,6
2,8,1.897483e6,-1.0606563719647828,-0.8693272921435614,TIME_LIMIT,420969,0,0,4,3
2,8,1.897512e6,-1.0606552468297246,-0.8693272921435614,TIME_LIMIT,420983,0,0,6,3
2,8,1.897557e6,-1.0606552468297246,-0.8693272921435614,TIME_LIMIT,421001,0,0,17,9
2,8,1.897602e6,-1.0606512838883355,-0.8693272921435614,TIME_LIMIT,421022,0,0,10,6
2,8,1.897708e6,-1.0606512838883355,-0.8693272921435614,TIME_LIMIT,421050,0,0,21,7
2,8,1.897784e6,-1.0606512164350617,-0.8693272921435614,TIME_LIMIT,421074,0,0,11,9
2,8,1.897941e6,-1.0606512164350617,-0.8693272921435614,TIME_LIMIT,421093,0,0,14,17
2,8,1.89798e6,-1.0606451950146794,-0.8693272921435614,TIME_LIMIT,421116,0,0,7,5
2,8,1.898103e6,-1.0606451950146794,-0.8693272921435614,TIME_LIMIT,421137,0,0,15,23
2,8,1.898192e6,-1.0606387598274551,-0.8693272921435614,TIME_LIMIT,421161,0,0,8,6
2,8,1.898304e6,-1.0606387598274551,-0.8693272921435614,TIME_LIMIT,421182,0,0,8,5
2,8,1.898474e6,-1.060633238135104,-0.8693272921435614,TIME_LIMIT,421214,0,0,12,6
2,8,1.898525e6,-1.060633238135104,-0.8693272921435614,TIME_LIMIT,421231,0,0,10,2
2,8,1.898569e6,-1.060621126800479,-0.8693272921435614,TIME_LIMIT,421246,0,0,4,4
2,8,1.898644e6,-1.060621126800479,-0.8693272921435614,TIME_LIMIT,421271,0,0,7,21
2,8,1.898684e6,-1.0605996490046619,-0.8693272921435614,TIME_LIMIT,421292,0,0,7,5
2,8,1.898724e6,-1.0605996490046619,-0.8693272921435614,TIME_LIMIT,421305,0,0,11,5
2,8,1.898749e6,-1.0605996435094847,-0.8693272921435614,TIME_LIMIT,421327,0,0,10,3
2,8,1.898863e6,-1.0605996435094847,-0.8693272921435614,TIME_LIMIT,421344,0,0,14,13
2,8,1.89898e6,-1.0605940833915706,-0.8693272921435614,TIME_LIMIT,421372,0,0,13,7
2,8,1.899017e6,-1.0605940833915706,-0.8693272921435614,TIME_LIMIT,421382,0,0,4,3
2,8,1.899039e6,-1.0605834743046243,-0.8693272921435614,TIME_LIMIT,421394,0,0,3,1
2,8,1.899178e6,-1.0605834743046243,-0.8693272921435614,TIME_LIMIT,421415,0,0,16,10
2,8,1.899244e6,-1.0605804752045065,-0.8693272921435614,TIME_LIMIT,421442,0,0,7,2
2,8,1.899407e6,-1.0605804752045065,-0.8693272921435614,TIME_LIMIT,421464,0,0,14,12
2,8,1.899497e6,-1.0605677852409472,-0.8693272921435614,TIME_LIMIT,421485,0,0,8,2
2,8,1.899603e6,-1.0605677852409472,-0.8693272921435614,TIME_LIMIT,421509,0,0,17,8
2,8,1.89969e6,-1.060565369842152,-0.8693272921435614,TIME_LIMIT,421535,0,0,13,8
2,8,1.899891e6,-1.060565369842152,-0.8693272921435614,TIME_LIMIT,421558,0,0,19,26
2,8,1.900002e6,-1.0605601049849258,-0.8693272921435614,TIME_LIMIT,421594,0,0,19,14
2,8,1.900101e6,-1.0605601049849258,-0.8693272921435614,TIME_LIMIT,421616,0,0,6,11
2,8,1.900236e6,-1.0605595655347864,-0.8693272921435614,TIME_LIMIT,421643,0,0,12,7
2,8,1.900366e6,-1.0605595655347864,-0.8693272921435614,TIME_LIMIT,421660,0,0,12,15
2,8,1.900428e6,-1.0605593930598132,-0.8693272921435614,TIME_LIMIT,421688,0,0,9,9
2,8,1.900632e6,-1.0605593930598132,-0.8693272921435614,TIME_LIMIT,421716,0,0,11,25
2,8,1.900792e6,-1.0605538350474155,-0.8693272921435614,TIME_LIMIT,421758,0,0,19,13
2,8,1.900854e6,-1.0605538350474155,-0.8693272921435614,TIME_LIMIT,421776,0,0,11,6
2,8,1.900917e6,-1.0605439196097701,-0.8693272921435614,TIME_LIMIT,421798,0,0,10,6
2,8,1.901076e6,-1.0605439196097701,-0.8693272921435614,TIME_LIMIT,421825,0,0,17,28
2,8,1.901221e6,-1.0605396927182342,-0.8693272921435614,TIME_LIMIT,421857,0,0,16,11
2,8,1.901304e6,-1.0605396927182342,-0.8693272921435614,TIME_LIMIT,421879,0,0,13,8
2,8,1.901395e6,-1.0605321408156736,-0.8693272921435614,TIME_LIMIT,421904,0,0,13,9
2,8,1.901467e6,-1.0605321408156736,-0.8693272921435614,TIME_LIMIT,421922,0,0,12,9
2,8,1.901559e6,-1.0604948840966846,-0.8693272921435614,TIME_LIMIT,421947,0,0,8,3
2,8,1.901672e6,-1.0604948840966846,-0.8693272921435614,TIME_LIMIT,421969,0,0,17,13
2,8,1.901739e6,-1.0604896894077454,-0.8693272921435614,TIME_LIMIT,421996,0,0,10,4
2,8,1.901849e6,-1.0604896894077454,-0.8693272921435614,TIME_LIMIT,422020,0,0,10,18
2,8,1.902054e6,-1.0604874700186975,-0.8693272921435614,TIME_LIMIT,422049,0,0,7,3
2,8,1.902252e6,-1.0604874700186975,-0.8693272921435614,TIME_LIMIT,422077,0,0,10,8
2,8,1.902307e6,-1.060475822088462,-0.8693272921435614,TIME_LIMIT,422105,0,0,5,5
2,8,1.902365e6,-1.060475822088462,-0.8693272921435614,TIME_LIMIT,422119,0,0,5,10
2,8,1.902407e6,-1.060473905405063,-0.8693272921435614,TIME_LIMIT,422132,0,0,3,3
2,8,1.902504e6,-1.060473905405063,-0.8693272921435614,TIME_LIMIT,422157,0,0,10,20
2,8,1.902644e6,-1.0604723318220246,-0.8693272921435614,TIME_LIMIT,422184,0,0,18,15
2,8,1.902765e6,-1.0604723318220246,-0.8693272921435614,TIME_LIMIT,422205,0,0,14,23
2,8,1.902885e6,-1.060466766487201,-0.8693272921435614,TIME_LIMIT,422237,0,0,5,8
2,8,1.903002e6,-1.060466766487201,-0.8693272921435614,TIME_LIMIT,422263,0,0,12,12
2,8,1.90321e6,-1.0604618665879766,-0.8693272921435614,TIME_LIMIT,422299,0,0,18,10
2,8,1.903349e6,-1.0604618665879766,-0.8693272921435614,TIME_LIMIT,422321,0,0,14,18
2,8,1.903469e6,-1.0604606380064512,-0.8693272921435614,TIME_LIMIT,422355,0,0,12,10
2,8,1.903593e6,-1.0604606380064512,-0.8693272921435614,TIME_LIMIT,422369,0,0,11,6
2,8,1.903631e6,-1.0604600464139933,-0.8693272921435614,TIME_LIMIT,422394,0,0,11,4
2,8,1.903695e6,-1.0604600464139933,-0.8693272921435614,TIME_LIMIT,422411,0,0,8,7
2,8,1.903795e6,-1.0604595055539208,-0.8693272921435614,TIME_LIMIT,422438,0,0,11,5
2,8,1.903933e6,-1.0604595055539208,-0.8693272921435614,TIME_LIMIT,422456,0,0,18,14
2,8,1.904053e6,-1.060456163373463,-0.8693272921435614,TIME_LIMIT,422489,0,0,15,12
2,8,1.904166e6,-1.060456163373463,-0.8693272921435614,TIME_LIMIT,422504,0,0,6,13
2,8,1.904249e6,-1.0604549485776924,-0.8693272921435614,TIME_LIMIT,422532,0,0,12,5
2,8,1.904288e6,-1.0604549485776924,-0.8693272921435614,TIME_LIMIT,422549,0,0,5,2
2,8,1.904318e6,-1.0604485492006022,-0.8693272921435614,TIME_LIMIT,422559,0,0,1,2
2,8,1.904525e6,-1.0604485492006022,-0.8693272921435614,TIME_LIMIT,422582,0,0,17,18
2,8,1.904727e6,-1.060445458468069,-0.8693272921435614,TIME_LIMIT,422615,0,0,19,10
2,8,1.904779e6,-1.060445458468069,-0.8693272921435614,TIME_LIMIT,422628,0,0,11,4
2,8,1.904809e6,-1.0604381375944514,-0.8693272921435614,TIME_LIMIT,422648,0,0,7,0
2,8,1.905011e6,-1.0604381375944514,-0.8693272921435614,TIME_LIMIT,422666,0,0,17,38
2,8,1.905217e6,-1.0604298609444567,-0.8693272921435614,TIME_LIMIT,422704,0,0,16,15
2,8,1.905424e6,-1.0604298609444567,-0.8693272921435614,TIME_LIMIT,422729,0,0,19,11
2,8,1.905624e6,-1.060429373331759,-0.8693272921435614,TIME_LIMIT,422759,0,0,11,4
2,8,1.905745e6,-1.060429373331759,-0.8693272921435614,TIME_LIMIT,422776,0,0,18,11
2,8,1.905888e6,-1.0604241462259478,-0.8693272921435614,TIME_LIMIT,422810,0,0,15,7
2,8,1.905959e6,-1.0604241462259478,-0.8693272921435614,TIME_LIMIT,422831,0,0,14,16
2,8,1.906077e6,-1.0604233821773779,-0.8693272921435614,TIME_LIMIT,422864,0,0,10,5
2,8,1.906256e6,-1.0604233821773779,-0.8693272921435614,TIME_LIMIT,422891,0,0,22,19
2,8,1.906407e6,-1.0604233117957462,-0.8693272921435614,TIME_LIMIT,422923,0,0,16,8
2,8,1.906441e6,-1.0604233117957462,-0.8693272921435614,TIME_LIMIT,422940,0,0,10,7
2,8,1.906478e6,-1.0604226359605353,-0.8693272921435614,TIME_LIMIT,422962,0,0,8,1
2,8,1.906609e6,-1.0604226359605353,-0.8693272921435614,TIME_LIMIT,422985,0,0,17,18
2,8,1.906719e6,-1.0604185562339454,-0.8693272921435614,TIME_LIMIT,423021,0,0,12,7
2,8,1.906927e6,-1.0604185562339454,-0.8693272921435614,TIME_LIMIT,423046,0,0,12,16
2,8,1.907135e6,-1.060410757193814,-0.8693272921435614,TIME_LIMIT,423082,0,0,20,8
2,8,1.907214e6,-1.060410757193814,-0.8693272921435614,TIME_LIMIT,423102,0,0,7,4
2,8,1.907295e6,-1.0604083545246863,-0.8693272921435614,TIME_LIMIT,423128,0,0,9,10
2,8,1.907345e6,-1.0604083545246863,-0.8693272921435614,TIME_LIMIT,423149,0,0,13,7
2,8,1.907424e6,-1.060402909075456,-0.8693272921435614,TIME_LIMIT,423177,0,0,13,3
2,8,1.907624e6,-1.060402909075456,-0.8693272921435614,TIME_LIMIT,423198,0,0,19,16
2,8,1.907832e6,-1.060400565730583,-0.8693272921435614,TIME_LIMIT,423234,0,0,15,11
2,8,1.908028e6,-1.060400565730583,-0.8693272921435614,TIME_LIMIT,423256,0,0,15,4
2,8,1.90809e6,-1.060390145324761,-0.8693272921435614,TIME_LIMIT,423277,0,0,13,6
2,8,1.908232e6,-1.060390145324761,-0.8693272921435614,TIME_LIMIT,423301,0,0,12,8
2,8,1.908343e6,-1.060386255347478,-0.8693272921435614,TIME_LIMIT,423333,0,0,13,9
2,8,1.908544e6,-1.060386255347478,-0.8693272921435614,TIME_LIMIT,423363,0,0,17,23
2,8,1.908669e6,-1.0603820627214346,-0.8693272921435614,TIME_LIMIT,423399,0,0,16,12
2,8,1.908869e6,-1.0603820627214346,-0.8693272921435614,TIME_LIMIT,423416,0,0,17,21
2,8,1.909075e6,-1.0603738210734184,-0.8693272921435614,TIME_LIMIT,423451,0,0,12,8
2,8,1.909223e6,-1.0603738210734184,-0.8693272921435614,TIME_LIMIT,423484,0,0,18,8
2,8,1.909433e6,-1.0603700308716495,-0.8693272921435614,TIME_LIMIT,423505,0,0,19,14
2,8,1.909638e6,-1.0603700308716495,-0.8693272921435614,TIME_LIMIT,423522,0,0,14,23
2,8,1.909719e6,-1.060370019716083,-0.8693272921435614,TIME_LIMIT,423548,0,0,7,7
2,8,1.909772e6,-1.060370019716083,-0.8693272921435614,TIME_LIMIT,423565,0,0,8,4
2,8,1.909817e6,-1.0603691950356477,-0.8693272921435614,TIME_LIMIT,423583,0,0,5,5
2,8,1.909876e6,-1.0603691950356477,-0.8693272921435614,TIME_LIMIT,423596,0,0,11,4
2,8,1.909908e6,-1.0603648125287997,-0.8693272921435614,TIME_LIMIT,423618,0,0,8,7
2,8,1.910048e6,-1.0603648125287997,-0.8693272921435614,TIME_LIMIT,423638,0,0,22,14
2,8,1.910226e6,-1.0603577893232439,-0.8693272921435614,TIME_LIMIT,423677,0,0,19,10
2,8,1.910409e6,-1.0603577893232439,-0.8693272921435614,TIME_LIMIT,423709,0,0,30,19
2,8,1.910614e6,-1.0603478809526026,-0.8693272921435614,TIME_LIMIT,423747,0,0,16,9
2,8,1.91077e6,-1.0603478809526026,-0.8693272921435614,TIME_LIMIT,423772,0,0,18,6
2,8,1.910949e6,-1.0603474133517587,-0.8693272921435614,TIME_LIMIT,423800,0,0,18,6
2,8,1.91114e6,-1.0603474133517587,-0.8693272921435614,TIME_LIMIT,423825,0,0,16,13
2,8,1.911222e6,-1.0603421574232752,-0.8693272921435614,TIME_LIMIT,423849,0,0,5,5
2,8,1.911332e6,-1.0603421574232752,-0.8693272921435614,TIME_LIMIT,423867,0,0,15,8
2,8,1.911419e6,-1.0603315017135104,-0.8693272921435614,TIME_LIMIT,423891,0,0,6,10
2,8,1.911504e6,-1.0603315017135104,-0.8693272921435614,TIME_LIMIT,423917,0,0,12,13
2,8,1.911544e6,-1.0603267325955863,-0.8693272921435614,TIME_LIMIT,423934,0,0,10,9
2,8,1.911615e6,-1.0603267325955863,-0.8693272921435614,TIME_LIMIT,423950,0,0,13,16
2,8,1.911773e6,-1.0603244897908926,-0.8693272921435614,TIME_LIMIT,423977,0,0,11,11
2,8,1.911856e6,-1.0603244897908926,-0.8693272921435614,TIME_LIMIT,423999,0,0,10,11
2,8,1.911934e6,-1.0603204755849935,-0.8693272921435614,TIME_LIMIT,424016,0,0,15,11
2,8,1.911976e6,-1.0603204755849935,-0.8693272921435614,TIME_LIMIT,424034,0,0,11,6
2,8,1.912034e6,-1.0603195645212997,-0.8693272921435614,TIME_LIMIT,424059,0,0,9,2
2,8,1.912224e6,-1.0603195645212997,-0.8693272921435614,TIME_LIMIT,424088,0,0,21,13
2,8,1.912425e6,-1.0603157623212929,-0.8693272921435614,TIME_LIMIT,424125,0,0,17,8
2,8,1.91247e6,-1.0603157623212929,-0.8693272921435614,TIME_LIMIT,424141,0,0,14,14
2,8,1.912667e6,-1.0603118019191713,-0.8693272921435614,TIME_LIMIT,424178,0,0,10,9
2,8,1.91287e6,-1.0603118019191713,-0.8693272921435614,TIME_LIMIT,424205,0,0,17,14
2,8,1.912938e6,-1.060305029863298,-0.8693272921435614,TIME_LIMIT,424231,0,0,15,13
2,8,1.913037e6,-1.060305029863298,-0.8693272921435614,TIME_LIMIT,424257,0,0,16,13
2,8,1.913121e6,-1.060299596935395,-0.8693272921435614,TIME_LIMIT,424283,0,0,9,4
2,8,1.913328e6,-1.060299596935395,-0.8693272921435614,TIME_LIMIT,424307,0,0,15,9
2,8,1.913441e6,-1.0602947897252804,-0.8693272921435614,TIME_LIMIT,424327,0,0,14,12
2,8,1.91353e6,-1.0602947897252804,-0.8693272921435614,TIME_LIMIT,424350,0,0,18,22
2,8,1.913736e6,-1.0602882857236915,-0.8693272921435614,TIME_LIMIT,424380,0,0,12,9
2,8,1.913891e6,-1.0602882857236915,-0.8693272921435614,TIME_LIMIT,424403,0,0,23,26
2,8,1.914085e6,-1.0602864053168017,-0.8693272921435614,TIME_LIMIT,424435,0,0,16,7
2,8,1.914291e6,-1.0602864053168017,-0.8693272921435614,TIME_LIMIT,424456,0,0,22,20
2,8,1.914352e6,-1.060284445112809,-0.8693272921435614,TIME_LIMIT,424493,0,0,20,6
2,8,1.914397e6,-1.060284445112809,-0.8693272921435614,TIME_LIMIT,424513,0,0,11,7
2,8,1.914447e6,-1.0602700109990018,-0.8693272921435614,TIME_LIMIT,424537,0,0,9,2
2,8,1.914618e6,-1.0602700109990018,-0.8693272921435614,TIME_LIMIT,424568,0,0,16,23
2,8,1.91476e6,-1.0602662271980094,-0.8693272921435614,TIME_LIMIT,424603,0,0,5,6
2,8,1.914794e6,-1.0602662271980094,-0.8693272921435614,TIME_LIMIT,424620,0,0,6,2
2,8,1.914813e6,-1.0602604789475543,-0.8693272921435614,TIME_LIMIT,424625,0,0,1,2
2,8,1.915009e6,-1.0602604789475543,-0.8693272921435614,TIME_LIMIT,424652,0,0,23,16
2,8,1.915207e6,-1.0602487933508133,-0.8693272921435614,TIME_LIMIT,424686,0,0,17,4
2,8,1.915292e6,-1.0602487933508133,-0.8693272921435614,TIME_LIMIT,424707,0,0,13,9
2,8,1.915422e6,-1.0602474314357893,-0.8693272921435614,TIME_LIMIT,424739,0,0,13,6
2,8,1.915625e6,-1.0602474314357893,-0.8693272921435614,TIME_LIMIT,424755,0,0,18,17
2,8,1.915826e6,-1.0602363152150729,-0.8693272921435614,TIME_LIMIT,424789,0,0,15,8
2,8,1.915867e6,-1.0602363152150729,-0.8693272921435614,TIME_LIMIT,424810,0,0,13,6
2,8,1.915957e6,-1.0602318409031208,-0.8693272921435614,TIME_LIMIT,424825,0,0,10,4
2,8,1.916067e6,-1.0602318409031208,-0.8693272921435614,TIME_LIMIT,424845,0,0,5,10
2,8,1.916106e6,-1.0602289456624825,-0.8693272921435614,TIME_LIMIT,424864,0,0,3,7
2,8,1.916311e6,-1.0602289456624825,-0.8693272921435614,TIME_LIMIT,424888,0,0,20,21
2,8,1.916465e6,-1.0602286656104891,-0.8693272921435614,TIME_LIMIT,424924,0,0,19,10
2,8,1.91664e6,-1.0602286656104891,-0.8693272921435614,TIME_LIMIT,424944,0,0,12,16
2,8,1.916702e6,-1.0602282206472133,-0.8693272921435614,TIME_LIMIT,424968,0,0,10,4
2,8,1.916822e6,-1.0602282206472133,-0.8693272921435614,TIME_LIMIT,424997,0,0,18,11
2,8,1.916862e6,-1.0602272735525133,-0.8693272921435614,TIME_LIMIT,425016,0,0,12,1
2,8,1.916949e6,-1.0602272735525133,-0.8693272921435614,TIME_LIMIT,425035,0,0,9,13
2,8,1.917149e6,-1.060226031524106,-0.8693272921435614,TIME_LIMIT,425068,0,0,13,10
2,8,1.917319e6,-1.060226031524106,-0.8693272921435614,TIME_LIMIT,425095,0,0,11,17
2,8,1.917449e6,-1.0602134907037555,-0.8693272921435614,TIME_LIMIT,425131,0,0,8,9
2,8,1.9176e6,-1.0602134907037555,-0.8693272921435614,TIME_LIMIT,425149,0,0,23,19
2,8,1.917794e6,-1.0602091623528538,-0.8693272921435614,TIME_LIMIT,425180,0,0,13,6
2,8,1.917829e6,-1.0602091623528538,-0.8693272921435614,TIME_LIMIT,425194,0,0,5,2
2,8,1.917849e6,-1.0602061301869914,-0.8693272921435614,TIME_LIMIT,425200,0,0,1,1
2,8,1.91804e6,-1.0602061301869914,-0.8693272921435614,TIME_LIMIT,425227,0,0,20,12
2,8,1.9182e6,-1.0601913010449404,-0.8693272921435614,TIME_LIMIT,425255,0,0,18,6
2,8,1.918286e6,-1.0601913010449404,-0.8693272921435614,TIME_LIMIT,425276,0,0,19,10
2,8,1.918388e6,-1.0601896112457831,-0.8693272921435614,TIME_LIMIT,425304,0,0,14,5
2,8,1.918464e6,-1.0601896112457831,-0.8693272921435614,TIME_LIMIT,425319,0,0,12,8
2,8,1.918577e6,-1.0601880584532628,-0.8693272921435614,TIME_LIMIT,425351,0,0,15,6
2,8,1.918632e6,-1.0601880584532628,-0.8693272921435614,TIME_LIMIT,425372,0,0,9,6
2,8,1.918656e6,-1.0601867892129033,-0.8693272921435614,TIME_LIMIT,425379,0,0,4,5
2,8,1.918797e6,-1.0601867892129033,-0.8693272921435614,TIME_LIMIT,425406,0,0,17,18
2,8,1.91897e6,-1.0601828628054253,-0.8693272921435614,TIME_LIMIT,425447,0,0,12,7
2,8,1.919037e6,-1.0601828628054253,-0.8693272921435614,TIME_LIMIT,425468,0,0,16,13
2,8,1.919107e6,-1.060175505705986,-0.8693272921435614,TIME_LIMIT,425494,0,0,12,5
2,8,1.919206e6,-1.060175505705986,-0.8693272921435614,TIME_LIMIT,425515,0,0,21,11
2,8,1.919412e6,-1.0601658106067027,-0.8693272921435614,TIME_LIMIT,425549,0,0,16,12
2,8,1.919604e6,-1.0601658106067027,-0.8693272921435614,TIME_LIMIT,425574,0,0,10,12
2,8,1.919652e6,-1.060160912793491,-0.8693272921435614,TIME_LIMIT,425589,0,0,13,9
2,8,1.919741e6,-1.060160912793491,-0.8693272921435614,TIME_LIMIT,425609,0,0,8,12
2,8,1.919781e6,-1.0601515041075436,-0.8693272921435614,TIME_LIMIT,425626,0,0,5,2
2,8,1.919841e6,-1.0601515041075436,-0.8693272921435614,TIME_LIMIT,425648,0,0,18,10
2,8,1.920045e6,-1.0601486818752477,-0.8693272921435614,TIME_LIMIT,425680,0,0,13,11
2,8,1.920181e6,-1.0601486818752477,-0.8693272921435614,TIME_LIMIT,425704,0,0,15,11
2,8,1.920255e6,-1.0601435297482538,-0.8693272921435614,TIME_LIMIT,425733,0,0,13,6
2,8,1.920392e6,-1.0601435297482538,-0.8693272921435614,TIME_LIMIT,425756,0,0,3,5
2,8,1.920476e6,-1.0601415548133248,-0.8693272921435614,TIME_LIMIT,425779,0,0,1,6
2,8,1.920511e6,-1.0601415548133248,-0.8693272921435614,TIME_LIMIT,425795,0,0,16,6
2,8,1.920606e6,-1.0601410840558154,-0.8693272921435614,TIME_LIMIT,425823,0,0,11,8
2,8,1.920753e6,-1.0601410840558154,-0.8693272921435614,TIME_LIMIT,425845,0,0,10,17
2,8,1.920878e6,-1.0601378250112883,-0.8693272921435614,TIME_LIMIT,425874,0,0,16,11
2,8,1.920959e6,-1.0601378250112883,-0.8693272921435614,TIME_LIMIT,425899,0,0,9,3
2,8,1.920982e6,-1.0601360859343028,-0.8693272921435614,TIME_LIMIT,425907,0,0,4,3
2,8,1.921053e6,-1.0601360859343028,-0.8693272921435614,TIME_LIMIT,425923,0,0,15,12
2,8,1.921115e6,-1.0601306182299255,-0.8693272921435614,TIME_LIMIT,425947,0,0,9,3
2,8,1.921247e6,-1.0601306182299255,-0.8693272921435614,TIME_LIMIT,425966,0,0,16,15
2,8,1.921303e6,-1.0601298936011871,-0.8693272921435614,TIME_LIMIT,425989,0,0,9,9
2,8,1.921497e6,-1.0601298936011871,-0.8693272921435614,TIME_LIMIT,426022,0,0,19,16
2,8,1.921686e6,-1.0601232170196044,-0.8693272921435614,TIME_LIMIT,426050,0,0,14,10
2,8,1.921779e6,-1.0601232170196044,-0.8693272921435614,TIME_LIMIT,426068,0,0,15,13
2,8,1.92184e6,-1.060118439615019,-0.8693272921435614,TIME_LIMIT,426091,0,0,9,6
2,8,1.922007e6,-1.060118439615019,-0.8693272921435614,TIME_LIMIT,426114,0,0,7,20
2,8,1.922079e6,-1.060108285712096,-0.8693272921435614,TIME_LIMIT,426147,0,0,14,7
2,8,1.922222e6,-1.060108285712096,-0.8693272921435614,TIME_LIMIT,426171,0,0,11,13
2,8,1.922396e6,-1.0601078876756374,-0.8693272921435614,TIME_LIMIT,426204,0,0,11,12
2,8,1.92253e6,-1.0601078876756374,-0.8693272921435614,TIME_LIMIT,426226,0,0,13,12
2,8,1.922577e6,-1.0601062096362481,-0.8693272921435614,TIME_LIMIT,426244,0,0,14,5
2,8,1.922644e6,-1.0601062096362481,-0.8693272921435614,TIME_LIMIT,426256,0,0,11,10
2,8,1.922803e6,-1.060105967280809,-0.8693272921435614,TIME_LIMIT,426290,0,0,10,8
2,8,1.922893e6,-1.060105967280809,-0.8693272921435614,TIME_LIMIT,426311,0,0,15,13
2,8,1.923102e6,-1.0601010993066415,-0.8693272921435614,TIME_LIMIT,426341,0,0,18,7
2,8,1.923168e6,-1.0601010993066415,-0.8693272921435614,TIME_LIMIT,426359,0,0,17,6
2,8,1.92321e6,-1.0600975475594714,-0.8693272921435614,TIME_LIMIT,426374,0,0,7,5
2,8,1.923278e6,-1.0600975475594714,-0.8693272921435614,TIME_LIMIT,426392,0,0,10,5
2,8,1.923312e6,-1.060088834884599,-0.8693272921435614,TIME_LIMIT,426416,0,0,5,1
2,8,1.923425e6,-1.060088834884599,-0.8693272921435614,TIME_LIMIT,426437,0,0,19,12
2,8,1.923514e6,-1.0600848942298051,-0.8693272921435614,TIME_LIMIT,426466,0,0,12,3
2,8,1.923621e6,-1.0600848942298051,-0.8693272921435614,TIME_LIMIT,426483,0,0,14,6
2,8,1.923748e6,-1.0600738702898322,-0.8693272921435614,TIME_LIMIT,426512,0,0,14,8
2,8,1.923888e6,-1.0600738702898322,-0.8693272921435614,TIME_LIMIT,426538,0,0,21,12
2,8,1.923996e6,-1.0600698723009563,-0.8693272921435614,TIME_LIMIT,426567,0,0,8,8
2,8,1.924071e6,-1.0600698723009563,-0.8693272921435614,TIME_LIMIT,426588,0,0,7,9
2,8,1.92422e6,-1.0600695574023826,-0.8693272921435614,TIME_LIMIT,426622,0,0,15,10
2,8,1.924398e6,-1.0600695574023826,-0.8693272921435614,TIME_LIMIT,426654,0,0,20,10
2,8,1.924554e6,-1.0600689044744795,-0.8693272921435614,TIME_LIMIT,426678,0,0,18,16
2,8,1.924659e6,-1.0600689044744795,-0.8693272921435614,TIME_LIMIT,426705,0,0,26,19
2,8,1.924864e6,-1.0600665296007659,-0.8693272921435614,TIME_LIMIT,426740,0,0,15,10
2,8,1.925026e6,-1.0600665296007659,-0.8693272921435614,TIME_LIMIT,426766,0,0,19,31
2,8,1.925221e6,-1.060065769614794,-0.8693272921435614,TIME_LIMIT,426799,0,0,19,8
2,8,1.925306e6,-1.060065769614794,-0.8693272921435614,TIME_LIMIT,426819,0,0,15,13
2,8,1.925423e6,-1.0600577629585188,-0.8693272921435614,TIME_LIMIT,426851,0,0,7,6
2,8,1.925505e6,-1.0600577629585188,-0.8693272921435614,TIME_LIMIT,426873,0,0,21,14
2,8,1.925702e6,-1.0600571862632822,-0.8693272921435614,TIME_LIMIT,426908,0,0,6,5
2,8,1.92585e6,-1.0600571862632822,-0.8693272921435614,TIME_LIMIT,426928,0,0,16,13
2,8,1.926025e6,-1.0600429847789083,-0.8693272921435614,TIME_LIMIT,426960,0,0,16,5
2,8,1.926205e6,-1.0600429847789083,-0.8693272921435614,TIME_LIMIT,426984,0,0,16,17
2,8,1.926339e6,-1.0600338338219224,-0.8693272921435614,TIME_LIMIT,427010,0,0,7,3
2,8,1.926387e6,-1.0600338338219224,-0.8693272921435614,TIME_LIMIT,427026,0,0,11,15
2,8,1.926545e6,-1.0600301420510452,-0.8693272921435614,TIME_LIMIT,427060,0,0,12,14
2,8,1.926615e6,-1.0600301420510452,-0.8693272921435614,TIME_LIMIT,427077,0,0,13,7
2,8,1.926647e6,-1.0600282810369903,-0.8693272921435614,TIME_LIMIT,427100,0,0,10,3
2,8,1.926853e6,-1.0600282810369903,-0.8693272921435614,TIME_LIMIT,427128,0,0,8,16
2,8,1.927064e6,-1.0600259077153764,-0.8693272921435614,TIME_LIMIT,427154,0,0,13,7
2,8,1.92715e6,-1.0600259077153764,-0.8693272921435614,TIME_LIMIT,427170,0,0,12,10
2,8,1.927257e6,-1.0600250536521743,-0.8693272921435614,TIME_LIMIT,427195,0,0,9,7
2,8,1.927368e6,-1.0600250536521743,-0.8693272921435614,TIME_LIMIT,427222,0,0,15,10
2,8,1.927446e6,-1.0600231809090421,-0.8693272921435614,TIME_LIMIT,427246,0,0,7,8
2,8,1.927613e6,-1.0600231809090421,-0.8693272921435614,TIME_LIMIT,427269,0,0,17,12
2,8,1.92775e6,-1.0600226529833927,-0.8693272921435614,TIME_LIMIT,427295,0,0,15,7
2,8,1.927849e6,-1.0600226529833927,-0.8693272921435614,TIME_LIMIT,427318,0,0,18,21
2,8,1.927986e6,-1.0600201100049704,-0.8693272921435614,TIME_LIMIT,427348,0,0,11,8
2,8,1.928185e6,-1.0600201100049704,-0.8693272921435614,TIME_LIMIT,427370,0,0,20,12
2,8,1.92839e6,-1.0600193493410268,-0.8693272921435614,TIME_LIMIT,427404,0,0,17,6
2,8,1.928595e6,-1.0600193493410268,-0.8693272921435614,TIME_LIMIT,427426,0,0,15,25
2,8,1.928721e6,-1.0600122889664612,-0.8693272921435614,TIME_LIMIT,427461,0,0,16,8
2,8,1.928761e6,-1.0600122889664612,-0.8693272921435614,TIME_LIMIT,427479,0,0,10,9
2,8,1.92883e6,-1.060005510461513,-0.8693272921435614,TIME_LIMIT,427500,0,0,8,6
2,8,1.928941e6,-1.060005510461513,-0.8693272921435614,TIME_LIMIT,427522,0,0,17,14
2,8,1.929028e6,-1.0599990312045968,-0.8693272921435614,TIME_LIMIT,427540,0,0,10,5
2,8,1.929204e6,-1.0599990312045968,-0.8693272921435614,TIME_LIMIT,427570,0,0,19,18
2,8,1.929368e6,-1.0599918833019184,-0.8693272921435614,TIME_LIMIT,427601,0,0,12,6
2,8,1.929431e6,-1.0599918833019184,-0.8693272921435614,TIME_LIMIT,427625,0,0,16,15
2,8,1.929465e6,-1.0599739046305308,-0.8693272921435614,TIME_LIMIT,427647,0,0,7,6
2,8,1.929676e6,-1.0599739046305308,-0.8693272921435614,TIME_LIMIT,427667,0,0,17,32
2,8,1.929885e6,-1.0599636466924327,-0.8693272921435614,TIME_LIMIT,427704,0,0,12,14
2,8,1.929989e6,-1.0599636466924327,-0.8693272921435614,TIME_LIMIT,427729,0,0,13,26
2,8,1.930195e6,-1.059958142583501,-0.8693272921435614,TIME_LIMIT,427758,0,0,12,13
2,8,1.930303e6,-1.059958142583501,-0.8693272921435614,TIME_LIMIT,427778,0,0,18,18
2,8,1.93044e6,-1.0599542774761765,-0.8693272921435614,TIME_LIMIT,427812,0,0,14,10
2,8,1.930635e6,-1.0599542774761765,-0.8693272921435614,TIME_LIMIT,427835,0,0,12,18
2,8,1.930756e6,-1.0599532691693005,-0.8693272921435614,TIME_LIMIT,427870,0,0,6,5
2,8,1.930816e6,-1.0599532691693005,-0.8693272921435614,TIME_LIMIT,427889,0,0,15,8
2,8,1.930861e6,-1.059950914055284,-0.8693272921435614,TIME_LIMIT,427912,0,0,8,6
2,8,1.930979e6,-1.059950914055284,-0.8693272921435614,TIME_LIMIT,427937,0,0,8,13
2,8,1.931111e6,-1.0599501912829785,-0.8693272921435614,TIME_LIMIT,427960,0,0,12,5
2,8,1.931206e6,-1.0599501912829785,-0.8693272921435614,TIME_LIMIT,427984,0,0,20,5
2,8,1.931315e6,-1.0599501505059132,-0.8693272921435614,TIME_LIMIT,428009,0,0,9,8
2,8,1.931508e6,-1.0599501505059132,-0.8693272921435614,TIME_LIMIT,428027,0,0,14,22
2,8,1.931715e6,-1.0599435084763051,-0.8693272921435614,TIME_LIMIT,428061,0,0,16,8
2,8,1.931829e6,-1.0599435084763051,-0.8693272921435614,TIME_LIMIT,428079,0,0,15,10
2,8,1.93193e6,-1.0599415666246068,-0.8693272921435614,TIME_LIMIT,428111,0,0,8,4
2,8,1.932087e6,-1.0599415666246068,-0.8693272921435614,TIME_LIMIT,428131,0,0,14,9
2,8,1.932183e6,-1.0599407066093283,-0.8693272921435614,TIME_LIMIT,428160,0,0,13,6
2,8,1.93238e6,-1.0599407066093283,-0.8693272921435614,TIME_LIMIT,428185,0,0,13,7
2,8,1.932451e6,-1.0599360289836408,-0.8693272921435614,TIME_LIMIT,428214,0,0,7,3
2,8,1.932496e6,-1.0599360289836408,-0.8693272921435614,TIME_LIMIT,428233,0,0,10,3
2,8,1.932539e6,-1.059934099477616,-0.8693272921435614,TIME_LIMIT,428252,0,0,8,6
2,8,1.932623e6,-1.059934099477616,-0.8693272921435614,TIME_LIMIT,428268,0,0,11,3
2,8,1.932675e6,-1.059930631477845,-0.8693272921435614,TIME_LIMIT,428288,0,0,8,6
2,8,1.932879e6,-1.059930631477845,-0.8693272921435614,TIME_LIMIT,428311,0,0,8,33
2,8,1.933038e6,-1.059919378749299,-0.8693272921435614,TIME_LIMIT,428345,0,0,15,13
2,8,1.933248e6,-1.059919378749299,-0.8693272921435614,TIME_LIMIT,428371,0,0,30,20
2,8,1.933446e6,-1.0599077461636712,-0.8693272921435614,TIME_LIMIT,428404,0,0,15,7
2,8,1.933619e6,-1.0599077461636712,-0.8693272921435614,TIME_LIMIT,428429,0,0,24,14
2,8,1.933818e6,-1.0599069449429273,-0.8693272921435614,TIME_LIMIT,428473,0,0,18,11
2,8,1.933984e6,-1.0599069449429273,-0.8693272921435614,TIME_LIMIT,428494,0,0,26,46
2,8,1.934183e6,-1.0599039742287495,-0.8693272921435614,TIME_LIMIT,428533,0,0,16,11
2,8,1.934388e6,-1.0599039742287495,-0.8693272921435614,TIME_LIMIT,428561,0,0,26,12
2,8,1.934586e6,-1.0599031288161394,-0.8693272921435614,TIME_LIMIT,428593,0,0,13,8
2,8,1.934724e6,-1.0599031288161394,-0.8693272921435614,TIME_LIMIT,428613,0,0,20,14
2,8,1.934892e6,-1.0598958286488138,-0.8693272921435614,TIME_LIMIT,428646,0,0,14,7
2,8,1.934979e6,-1.0598958286488138,-0.8693272921435614,TIME_LIMIT,428671,0,0,15,10
2,8,1.935038e6,-1.0598882007312485,-0.8693272921435614,TIME_LIMIT,428686,0,0,7,10
2,8,1.935117e6,-1.0598882007312485,-0.8693272921435614,TIME_LIMIT,428710,0,0,12,7
2,8,1.935214e6,-1.0598756060031946,-0.8693272921435614,TIME_LIMIT,428733,0,0,13,10
2,8,1.935329e6,-1.0598756060031946,-0.8693272921435614,TIME_LIMIT,428752,0,0,11,7
2,8,1.935374e6,-1.0598728994030195,-0.8693272921435614,TIME_LIMIT,428771,0,0,7,5
2,8,1.935553e6,-1.0598728994030195,-0.8693272921435614,TIME_LIMIT,428798,0,0,21,25
2,8,1.935743e6,-1.0598720615020398,-0.8693272921435614,TIME_LIMIT,428824,0,0,16,11
2,8,1.935815e6,-1.0598720615020398,-0.8693272921435614,TIME_LIMIT,428842,0,0,9,12
2,8,1.935926e6,-1.0598675304910725,-0.8693272921435614,TIME_LIMIT,428874,0,0,8,8
2,8,1.93609e6,-1.0598675304910725,-0.8693272921435614,TIME_LIMIT,428899,0,0,9,13
2,8,1.936279e6,-1.0598581922804111,-0.8693272921435614,TIME_LIMIT,428934,0,0,16,6
2,8,1.936473e6,-1.0598581922804111,-0.8693272921435614,TIME_LIMIT,428964,0,0,20,18
2,8,1.936623e6,-1.0598560731690299,-0.8693272921435614,TIME_LIMIT,428988,0,0,18,12
2,8,1.936818e6,-1.0598560731690299,-0.8693272921435614,TIME_LIMIT,429010,0,0,18,10
2,8,1.936934e6,-1.059853737903719,-0.8693272921435614,TIME_LIMIT,429034,0,0,12,8
2,8,1.937078e6,-1.059853737903719,-0.8693272921435614,TIME_LIMIT,429059,0,0,20,23
2,8,1.937282e6,-1.0598451285369361,-0.8693272921435614,TIME_LIMIT,429089,0,0,11,9
2,8,1.93748e6,-1.0598451285369361,-0.8693272921435614,TIME_LIMIT,429119,0,0,22,19
2,8,1.937654e6,-1.0598446796823717,-0.8693272921435614,TIME_LIMIT,429154,0,0,14,14
2,8,1.937714e6,-1.0598446796823717,-0.8693272921435614,TIME_LIMIT,429166,0,0,11,4
2,8,1.937776e6,-1.0598442606423735,-0.8693272921435614,TIME_LIMIT,429191,0,0,12,7
2,8,1.937857e6,-1.0598442606423735,-0.8693272921435614,TIME_LIMIT,429212,0,0,13,11
2,8,1.937976e6,-1.0598327361320221,-0.8693272921435614,TIME_LIMIT,429244,0,0,11,9
2,8,1.938176e6,-1.0598327361320221,-0.8693272921435614,TIME_LIMIT,429263,0,0,16,31
2,8,1.938382e6,-1.0598325577191907,-0.8693272921435614,TIME_LIMIT,429294,0,0,5,12
2,8,1.938454e6,-1.0598325577191907,-0.8693272921435614,TIME_LIMIT,429317,0,0,15,13
2,8,1.938605e6,-1.0598229541791127,-0.8693272921435614,TIME_LIMIT,429354,0,0,14,6
2,8,1.93866e6,-1.0598229541791127,-0.8693272921435614,TIME_LIMIT,429369,0,0,11,5
2,8,1.9387e6,-1.0598180280493747,-0.8693272921435614,TIME_LIMIT,429391,0,0,6,2
2,8,1.938896e6,-1.0598180280493747,-0.8693272921435614,TIME_LIMIT,429418,0,0,17,13
2,8,1.939105e6,-1.0597967941285833,-0.8693272921435614,TIME_LIMIT,429453,0,0,19,11
2,8,1.939312e6,-1.0597967941285833,-0.8693272921435614,TIME_LIMIT,429470,0,0,11,10
2,8,1.939496e6,-1.0597967196261808,-0.8693272921435614,TIME_LIMIT,429509,0,0,18,9
2,8,1.939564e6,-1.0597967196261808,-0.8693272921435614,TIME_LIMIT,429526,0,0,11,0
2,8,1.939611e6,-1.0597948959343544,-0.8693272921435614,TIME_LIMIT,429550,0,0,9,3
2,8,1.93969e6,-1.0597948959343544,-0.8693272921435614,TIME_LIMIT,429567,0,0,11,5
2,8,1.939761e6,-1.0597922613467705,-0.8693272921435614,TIME_LIMIT,429587,0,0,5,4
2,8,1.93995e6,-1.0597922613467705,-0.8693272921435614,TIME_LIMIT,429613,0,0,14,18
2,8,1.940043e6,-1.0597835625586174,-0.8693272921435614,TIME_LIMIT,429641,0,0,16,12
2,8,1.9402e6,-1.0597835625586174,-0.8693272921435614,TIME_LIMIT,429663,0,0,12,8
2,8,1.940302e6,-1.0597806997193095,-0.8693272921435614,TIME_LIMIT,429690,0,0,12,5
2,8,1.940425e6,-1.0597806997193095,-0.8693272921435614,TIME_LIMIT,429708,0,0,18,6
2,8,1.94056e6,-1.059780393776757,-0.8693272921435614,TIME_LIMIT,429737,0,0,10,3
2,8,1.940732e6,-1.059780393776757,-0.8693272921435614,TIME_LIMIT,429763,0,0,22,26
2,8,1.940882e6,-1.0597730674849488,-0.8693272921435614,TIME_LIMIT,429788,0,0,9,2
2,8,1.941006e6,-1.0597730674849488,-0.8693272921435614,TIME_LIMIT,429813,0,0,23,21
2,8,1.941211e6,-1.0597717766920685,-0.8693272921435614,TIME_LIMIT,429850,0,0,17,6
2,8,1.941255e6,-1.0597717766920685,-0.8693272921435614,TIME_LIMIT,429866,0,0,9,5
2,8,1.941292e6,-1.0597702907450652,-0.8693272921435614,TIME_LIMIT,429878,0,0,7,7
2,8,1.941425e6,-1.0597702907450652,-0.8693272921435614,TIME_LIMIT,429899,0,0,10,22
2,8,1.941517e6,-1.059769105335063,-0.8693272921435614,TIME_LIMIT,429927,0,0,10,6
2,8,1.941681e6,-1.059769105335063,-0.8693272921435614,TIME_LIMIT,429953,0,0,6,15
2,8,1.941745e6,-1.0597580484034554,-0.8693272921435614,TIME_LIMIT,429979,0,0,12,2
2,8,1.941818e6,-1.0597580484034554,-0.8693272921435614,TIME_LIMIT,429995,0,0,3,9
2,8,1.941837e6,-1.0597529606128988,-0.8693272921435614,TIME_LIMIT,430004,0,0,2,1
2,8,1.941934e6,-1.0597529606128988,-0.8693272921435614,TIME_LIMIT,430026,0,0,15,11
2,8,1.942055e6,-1.0597516854254452,-0.8693272921435614,TIME_LIMIT,430056,0,0,10,8
2,8,1.942177e6,-1.0597516854254452,-0.8693272921435614,TIME_LIMIT,430079,0,0,14,16
2,8,1.942257e6,-1.0597509156012614,-0.8693272921435614,TIME_LIMIT,430107,0,0,10,5
2,8,1.942465e6,-1.0597509156012614,-0.8693272921435614,TIME_LIMIT,430131,0,0,23,13
2,8,1.942638e6,-1.059750738987737,-0.8693272921435614,TIME_LIMIT,430168,0,0,14,11
2,8,1.94276e6,-1.059750738987737,-0.8693272921435614,TIME_LIMIT,430191,0,0,19,14
2,8,1.942968e6,-1.0597476124036789,-0.8693272921435614,TIME_LIMIT,430221,0,0,10,6
2,8,1.943131e6,-1.0597476124036789,-0.8693272921435614,TIME_LIMIT,430251,0,0,17,9
2,8,1.943249e6,-1.0597309838583135,-0.8693272921435614,TIME_LIMIT,430277,0,0,13,10
2,8,1.943334e6,-1.0597309838583135,-0.8693272921435614,TIME_LIMIT,430296,0,0,17,18
2,8,1.943418e6,-1.0597293605534925,-0.8693272921435614,TIME_LIMIT,430326,0,0,12,5
2,8,1.943551e6,-1.0597293605534925,-0.8693272921435614,TIME_LIMIT,430350,0,0,14,17
2,8,1.943756e6,-1.059724930262802,-0.8693272921435614,TIME_LIMIT,430375,0,0,9,8
2,8,1.943829e6,-1.059724930262802,-0.8693272921435614,TIME_LIMIT,430392,0,0,7,10
2,8,1.94394e6,-1.0597242524086807,-0.8693272921435614,TIME_LIMIT,430418,0,0,12,7
2,8,1.944009e6,-1.0597242524086807,-0.8693272921435614,TIME_LIMIT,430442,0,0,16,20
2,8,1.944084e6,-1.0597192336434507,-0.8693272921435614,TIME_LIMIT,430470,0,0,12,8
2,8,1.944172e6,-1.0597192336434507,-0.8693272921435614,TIME_LIMIT,430490,0,0,5,12
2,8,1.944221e6,-1.059714450224377,-0.8693272921435614,TIME_LIMIT,430512,0,0,5,2
2,8,1.944373e6,-1.059714450224377,-0.8693272921435614,TIME_LIMIT,430538,0,0,18,9
2,8,1.944493e6,-1.059714163706679,-0.8693272921435614,TIME_LIMIT,430571,0,0,15,9
2,8,1.944567e6,-1.059714163706679,-0.8693272921435614,TIME_LIMIT,430590,0,0,16,5
2,8,1.944624e6,-1.059712590911249,-0.8693272921435614,TIME_LIMIT,430613,0,0,11,4
2,8,1.944732e6,-1.059712590911249,-0.8693272921435614,TIME_LIMIT,430637,0,0,13,21
2,8,1.944912e6,-1.0597116860247728,-0.8693272921435614,TIME_LIMIT,430673,0,0,12,12
2,8,1.945121e6,-1.0597116860247728,-0.8693272921435614,TIME_LIMIT,430695,0,0,12,20
2,8,1.945231e6,-1.0597066551113354,-0.8693272921435614,TIME_LIMIT,430736,0,0,13,7
2,8,1.945397e6,-1.0597066551113354,-0.8693272921435614,TIME_LIMIT,430764,0,0,18,17
2,8,1.945485e6,-1.0597058167040916,-0.8693272921435614,TIME_LIMIT,430791,0,0,13,14
2,8,1.945599e6,-1.0597058167040916,-0.8693272921435614,TIME_LIMIT,430818,0,0,13,14
2,8,1.945744e6,-1.0597032096057817,-0.8693272921435614,TIME_LIMIT,430847,0,0,3,5
2,8,1.945954e6,-1.0597032096057817,-0.8693272921435614,TIME_LIMIT,430874,0,0,17,15
2,8,1.946064e6,-1.0597016714407144,-0.8693272921435614,TIME_LIMIT,430906,0,0,16,14
2,8,1.946174e6,-1.0597016714407144,-0.8693272921435614,TIME_LIMIT,430924,0,0,12,11
2,8,1.94624e6,-1.059698464271242,-0.8693272921435614,TIME_LIMIT,430949,0,0,10,6
2,8,1.946291e6,-1.059698464271242,-0.8693272921435614,TIME_LIMIT,430964,0,0,14,19
2,8,1.946396e6,-1.0596967482939474,-0.8693272921435614,TIME_LIMIT,430990,0,0,7,8
2,8,1.946455e6,-1.0596967482939474,-0.8693272921435614,TIME_LIMIT,431005,0,0,11,14
2,8,1.946515e6,-1.0596936825477798,-0.8693272921435614,TIME_LIMIT,431030,0,0,9,7
2,8,1.946602e6,-1.0596936825477798,-0.8693272921435614,TIME_LIMIT,431052,0,0,14,14
2,8,1.946675e6,-1.0596897097636169,-0.8693272921435614,TIME_LIMIT,431082,0,0,13,8
2,8,1.946733e6,-1.0596897097636169,-0.8693272921435614,TIME_LIMIT,431097,0,0,10,4
2,8,1.946784e6,-1.0596862598333965,-0.8693272921435614,TIME_LIMIT,431119,0,0,8,4
2,8,1.946852e6,-1.0596862598333965,-0.8693272921435614,TIME_LIMIT,431145,0,0,22,20
2,8,1.946905e6,-1.0596800153261978,-0.8693272921435614,TIME_LIMIT,431168,0,0,12,5
2,8,1.947037e6,-1.0596800153261978,-0.8693272921435614,TIME_LIMIT,431192,0,0,23,10
2,8,1.947199e6,-1.059664897608918,-0.8693272921435614,TIME_LIMIT,431228,0,0,17,7
2,8,1.947342e6,-1.059664897608918,-0.8693272921435614,TIME_LIMIT,431249,0,0,25,10
2,8,1.947445e6,-1.0596620781289432,-0.8693272921435614,TIME_LIMIT,431277,0,0,15,0
2,8,1.94765e6,-1.0596620781289432,-0.8693272921435614,TIME_LIMIT,431297,0,0,18,28
2,8,1.947858e6,-1.059660520589249,-0.8693272921435614,TIME_LIMIT,431329,0,0,14,17
2,8,1.947904e6,-1.059660520589249,-0.8693272921435614,TIME_LIMIT,431343,0,0,9,5
2,8,1.947947e6,-1.0596563777595676,-0.8693272921435614,TIME_LIMIT,431367,0,0,7,4
2,8,1.948053e6,-1.0596563777595676,-0.8693272921435614,TIME_LIMIT,431389,0,0,21,12
2,8,1.948147e6,-1.0596468351084134,-0.8693272921435614,TIME_LIMIT,431418,0,0,11,6
2,8,1.948287e6,-1.0596468351084134,-0.8693272921435614,TIME_LIMIT,431444,0,0,6,11
2,8,1.94843e6,-1.0596437438326463,-0.8693272921435614,TIME_LIMIT,431474,0,0,13,6
2,8,1.948539e6,-1.0596437438326463,-0.8693272921435614,TIME_LIMIT,431503,0,0,16,21
2,8,1.94873e6,-1.0596366421438503,-0.8693272921435614,TIME_LIMIT,431527,0,0,17,12
2,8,1.94881e6,-1.0596366421438503,-0.8693272921435614,TIME_LIMIT,431548,0,0,16,12
2,8,1.948867e6,-1.0596272601682657,-0.8693272921435614,TIME_LIMIT,431575,0,0,13,8
2,8,1.948946e6,-1.0596272601682657,-0.8693272921435614,TIME_LIMIT,431598,0,0,14,9
2,8,1.949068e6,-1.0596218360873757,-0.8693272921435614,TIME_LIMIT,431631,0,0,6,5
2,8,1.949135e6,-1.0596218360873757,-0.8693272921435614,TIME_LIMIT,431649,0,0,10,7
2,8,1.949174e6,-1.0596204874623465,-0.8693272921435614,TIME_LIMIT,431670,0,0,11,5
2,8,1.949274e6,-1.0596204874623465,-0.8693272921435614,TIME_LIMIT,431691,0,0,18,14
2,8,1.949392e6,-1.059612037597165,-0.8693272921435614,TIME_LIMIT,431722,0,0,18,9
2,8,1.949586e6,-1.059612037597165,-0.8693272921435614,TIME_LIMIT,431745,0,0,18,24
2,8,1.949793e6,-1.0596100274702975,-0.8693272921435614,TIME_LIMIT,431778,0,0,10,7
2,8,1.949831e6,-1.0596100274702975,-0.8693272921435614,TIME_LIMIT,431790,0,0,5,6
2,8,1.949909e6,-1.059609437559339,-0.8693272921435614,TIME_LIMIT,431819,0,0,10,5
2,8,1.949982e6,-1.059609437559339,-0.8693272921435614,TIME_LIMIT,431838,0,0,13,11
2,8,1.950034e6,-1.0596016299998139,-0.8693272921435614,TIME_LIMIT,431866,0,0,10,4
2,8,1.950236e6,-1.0596016299998139,-0.8693272921435614,TIME_LIMIT,431888,0,0,16,10
2,8,1.950319e6,-1.0596005981609957,-0.8693272921435614,TIME_LIMIT,431916,0,0,14,6
2,8,1.950497e6,-1.0596005981609957,-0.8693272921435614,TIME_LIMIT,431936,0,0,8,23
2,8,1.950674e6,-1.0595972507304119,-0.8693272921435614,TIME_LIMIT,431975,0,0,16,12
2,8,1.950872e6,-1.0595972507304119,-0.8693272921435614,TIME_LIMIT,432001,0,0,18,15
2,8,1.951043e6,-1.0595968414843133,-0.8693272921435614,TIME_LIMIT,432034,0,0,8,4
2,8,1.951242e6,-1.0595968414843133,-0.8693272921435614,TIME_LIMIT,432058,0,0,18,16
2,8,1.951433e6,-1.059584662686149,-0.8693272921435614,TIME_LIMIT,432093,0,0,16,4
2,8,1.951627e6,-1.059584662686149,-0.8693272921435614,TIME_LIMIT,432111,0,0,20,32
2,8,1.951832e6,-1.0595589498022528,-0.8693272921435614,TIME_LIMIT,432143,0,0,17,10
2,8,1.951976e6,-1.0595589498022528,-0.8693272921435614,TIME_LIMIT,432167,0,0,17,10
2,8,1.952044e6,-1.0595570555599338,-0.8693272921435614,TIME_LIMIT,432193,0,0,15,6
2,8,1.952251e6,-1.0595570555599338,-0.8693272921435614,TIME_LIMIT,432217,0,0,18,12
2,8,1.952366e6,-1.0595526648330202,-0.8693272921435614,TIME_LIMIT,432248,0,0,7,9
2,8,1.952532e6,-1.0595526648330202,-0.8693272921435614,TIME_LIMIT,432273,0,0,16,18
2,8,1.952695e6,-1.059534340668807,-0.8693272921435614,TIME_LIMIT,432302,0,0,8,7
2,8,1.952834e6,-1.059534340668807,-0.8693272921435614,TIME_LIMIT,432330,0,0,19,16
2,8,1.952962e6,-1.0595331268781272,-0.8693272921435614,TIME_LIMIT,432362,0,0,13,13
2,8,1.953056e6,-1.0595331268781272,-0.8693272921435614,TIME_LIMIT,432387,0,0,22,10
2,8,1.953134e6,-1.0595325964382711,-0.8693272921435614,TIME_LIMIT,432413,0,0,9,4
2,8,1.953209e6,-1.0595325964382711,-0.8693272921435614,TIME_LIMIT,432433,0,0,14,13
2,8,1.953258e6,-1.059529097117352,-0.8693272921435614,TIME_LIMIT,432459,0,0,10,3
2,8,1.953355e6,-1.059529097117352,-0.8693272921435614,TIME_LIMIT,432478,0,0,9,9
2,8,1.953489e6,-1.0595068409330408,-0.8693272921435614,TIME_LIMIT,432509,0,0,16,6
2,8,1.953709e6,-1.0595068409330408,-0.8693272921435614,TIME_LIMIT,432528,0,0,15,21
2,8,1.953909e6,-1.059506444966222,-0.8693272921435614,TIME_LIMIT,432561,0,0,15,8
2,8,1.954027e6,-1.059506444966222,-0.8693272921435614,TIME_LIMIT,432582,0,0,9,14
2,8,1.95413e6,-1.059501444106572,-0.8693272921435614,TIME_LIMIT,432612,0,0,11,7
2,8,1.954197e6,-1.059501444106572,-0.8693272921435614,TIME_LIMIT,432627,0,0,15,12
2,8,1.954284e6,-1.0594987833239193,-0.8693272921435614,TIME_LIMIT,432651,0,0,8,4
2,8,1.95435e6,-1.0594987833239193,-0.8693272921435614,TIME_LIMIT,432670,0,0,9,8
2,8,1.95438e6,-1.0594815444105994,-0.8693272921435614,TIME_LIMIT,432688,0,0,10,2
2,8,1.954473e6,-1.0594815444105994,-0.8693272921435614,TIME_LIMIT,432713,0,0,17,11
2,8,1.95454e6,-1.059478604797996,-0.8693272921435614,TIME_LIMIT,432742,0,0,11,7
2,8,1.954616e6,-1.059478604797996,-0.8693272921435614,TIME_LIMIT,432760,0,0,13,6
2,8,1.954697e6,-1.0594719691571715,-0.8693272921435614,TIME_LIMIT,432783,0,0,11,3
2,8,1.954899e6,-1.0594719691571715,-0.8693272921435614,TIME_LIMIT,432802,0,0,17,20
2,8,1.955099e6,-1.0594690660048165,-0.8693272921435614,TIME_LIMIT,432841,0,0,17,9
2,8,1.955296e6,-1.0594690660048165,-0.8693272921435614,TIME_LIMIT,432869,0,0,21,23
2,8,1.955478e6,-1.0594618942372969,-0.8693272921435614,TIME_LIMIT,432905,0,0,21,9
2,8,1.955528e6,-1.0594618942372969,-0.8693272921435614,TIME_LIMIT,432918,0,0,6,6
2,8,1.95556e6,-1.0594598048405357,-0.8693272921435614,TIME_LIMIT,432931,0,0,6,3
2,8,1.955661e6,-1.0594598048405357,-0.8693272921435614,TIME_LIMIT,432944,0,0,9,15
2,8,1.955756e6,-1.0594564403687312,-0.8693272921435614,TIME_LIMIT,432973,0,0,7,4
2,8,1.955818e6,-1.0594564403687312,-0.8693272921435614,TIME_LIMIT,432990,0,0,13,1
2,8,1.95601e6,-1.059446550937647,-0.8693272921435614,TIME_LIMIT,433020,0,0,13,10
2,8,1.956105e6,-1.059446550937647,-0.8693272921435614,TIME_LIMIT,433037,0,0,16,9
2,8,1.956251e6,-1.0594439040073356,-0.8693272921435614,TIME_LIMIT,433069,0,0,16,6
2,8,1.956401e6,-1.0594439040073356,-0.8693272921435614,TIME_LIMIT,433094,0,0,18,15
2,8,1.956493e6,-1.0594423366913488,-0.8693272921435614,TIME_LIMIT,433126,0,0,15,3
2,8,1.956668e6,-1.0594423366913488,-0.8693272921435614,TIME_LIMIT,433146,0,0,9,14
2,8,1.956792e6,-1.0594348294428706,-0.8693272921435614,TIME_LIMIT,433173,0,0,14,9
2,8,1.956857e6,-1.0594348294428706,-0.8693272921435614,TIME_LIMIT,433192,0,0,8,16
2,8,1.956941e6,-1.0594319685907003,-0.8693272921435614,TIME_LIMIT,433220,0,0,12,6
2,8,1.957149e6,-1.0594319685907003,-0.8693272921435614,TIME_LIMIT,433242,0,0,17,21
2,8,1.957353e6,-1.0594275247237248,-0.8693272921435614,TIME_LIMIT,433279,0,0,17,7
2,8,1.957428e6,-1.0594275247237248,-0.8693272921435614,TIME_LIMIT,433300,0,0,17,21
2,8,1.957583e6,-1.0594265229014825,-0.8693272921435614,TIME_LIMIT,433335,0,0,15,7
2,8,1.957622e6,-1.0594265229014825,-0.8693272921435614,TIME_LIMIT,433353,0,0,18,6
2,8,1.95767e6,-1.0594252378733076,-0.8693272921435614,TIME_LIMIT,433375,0,0,9,7
2,8,1.95772e6,-1.0594252378733076,-0.8693272921435614,TIME_LIMIT,433396,0,0,17,14
2,8,1.957803e6,-1.0594211490419119,-0.8693272921435614,TIME_LIMIT,433427,0,0,18,13
2,8,1.957913e6,-1.0594211490419119,-0.8693272921435614,TIME_LIMIT,433446,0,0,13,6
2,8,1.958071e6,-1.0594190035253186,-0.8693272921435614,TIME_LIMIT,433474,0,0,10,1
2,8,1.958138e6,-1.0594190035253186,-0.8693272921435614,TIME_LIMIT,433492,0,0,16,10
2,8,1.958186e6,-1.0594175547240017,-0.8693272921435614,TIME_LIMIT,433511,0,0,7,5
2,8,1.958256e6,-1.0594175547240017,-0.8693272921435614,TIME_LIMIT,433532,0,0,14,13
2,8,1.958455e6,-1.0594147351016017,-0.8693272921435614,TIME_LIMIT,433560,0,0,11,7
2,8,1.958561e6,-1.0594147351016017,-0.8693272921435614,TIME_LIMIT,433583,0,0,5,10
2,8,1.958615e6,-1.0594098151739761,-0.8693272921435614,TIME_LIMIT,433603,0,0,8,5
2,8,1.958787e6,-1.0594098151739761,-0.8693272921435614,TIME_LIMIT,433628,0,0,15,16
2,8,1.958853e6,-1.0594076856632197,-0.8693272921435614,TIME_LIMIT,433653,0,0,13,2
2,8,1.958919e6,-1.0594076856632197,-0.8693272921435614,TIME_LIMIT,433676,0,0,11,7
2,8,1.958964e6,-1.0594021956107582,-0.8693272921435614,TIME_LIMIT,433700,0,0,9,5
2,8,1.959147e6,-1.0594021956107582,-0.8693272921435614,TIME_LIMIT,433729,0,0,11,22
2,8,1.959264e6,-1.0593997710559424,-0.8693272921435614,TIME_LIMIT,433757,0,0,9,3
2,8,1.959368e6,-1.0593997710559424,-0.8693272921435614,TIME_LIMIT,433772,0,0,13,17
2,8,1.95943e6,-1.0593993638590256,-0.8693272921435614,TIME_LIMIT,433798,0,0,8,6
2,8,1.959482e6,-1.0593993638590256,-0.8693272921435614,TIME_LIMIT,433813,0,0,8,4
2,8,1.959525e6,-1.0593968696717346,-0.8693272921435614,TIME_LIMIT,433831,0,0,5,4
2,8,1.959683e6,-1.0593968696717346,-0.8693272921435614,TIME_LIMIT,433859,0,0,11,15
2,8,1.959856e6,-1.0593908452863494,-0.8693272921435614,TIME_LIMIT,433895,0,0,12,15
2,8,1.959978e6,-1.0593908452863494,-0.8693272921435614,TIME_LIMIT,433914,0,0,18,4
2,8,1.960155e6,-1.0593881956698876,-0.8693272921435614,TIME_LIMIT,433940,0,0,17,20
2,8,1.96033e6,-1.0593881956698876,-0.8693272921435614,TIME_LIMIT,433970,0,0,16,6
2,8,1.960385e6,-1.0593854439079928,-0.8693272921435614,TIME_LIMIT,433989,0,0,6,6
2,8,1.960465e6,-1.0593854439079928,-0.8693272921435614,TIME_LIMIT,434005,0,0,6,19
2,8,1.960594e6,-1.0593775104013603,-0.8693272921435614,TIME_LIMIT,434031,0,0,14,9
2,8,1.960713e6,-1.0593775104013603,-0.8693272921435614,TIME_LIMIT,434045,0,0,16,17
2,8,1.960773e6,-1.0593645775193603,-0.8693272921435614,TIME_LIMIT,434071,0,0,14,3
2,8,1.960845e6,-1.0593645775193603,-0.8693272921435614,TIME_LIMIT,434099,0,0,18,4
2,8,1.960896e6,-1.0593616140705426,-0.8693272921435614,TIME_LIMIT,434117,0,0,15,7
2,8,1.960936e6,-1.0593616140705426,-0.8693272921435614,TIME_LIMIT,434132,0,0,11,9
2,8,1.960982e6,-1.0593563989128696,-0.8693272921435614,TIME_LIMIT,434149,0,0,5,4
2,8,1.96118e6,-1.0593563989128696,-0.8693272921435614,TIME_LIMIT,434177,0,0,20,32
2,8,1.961377e6,-1.0593557453241496,-0.8693272921435614,TIME_LIMIT,434218,0,0,25,8
2,8,1.961592e6,-1.0593557453241496,-0.8693272921435614,TIME_LIMIT,434246,0,0,11,16
2,8,1.961799e6,-1.0593534249289427,-0.8693272921435614,TIME_LIMIT,434281,0,0,17,9
2,8,1.961937e6,-1.0593534249289427,-0.8693272921435614,TIME_LIMIT,434305,0,0,18,10
2,8,1.961975e6,-1.0593464245458541,-0.8693272921435614,TIME_LIMIT,434329,0,0,9,2
2,8,1.962171e6,-1.0593464245458541,-0.8693272921435614,TIME_LIMIT,434351,0,0,12,17
2,8,1.96226e6,-1.05934267153132,-0.8693272921435614,TIME_LIMIT,434384,0,0,17,5
2,8,1.962459e6,-1.05934267153132,-0.8693272921435614,TIME_LIMIT,434412,0,0,10,10
2,8,1.962582e6,-1.0593399753869281,-0.8693272921435614,TIME_LIMIT,434442,0,0,14,11
2,8,1.962787e6,-1.0593399753869281,-0.8693272921435614,TIME_LIMIT,434465,0,0,19,16
2,8,1.962879e6,-1.0593264997267542,-0.8693272921435614,TIME_LIMIT,434495,0,0,15,9
2,8,1.962956e6,-1.0593264997267542,-0.8693272921435614,TIME_LIMIT,434514,0,0,9,7
2,8,1.963012e6,-1.059325588987487,-0.8693272921435614,TIME_LIMIT,434531,0,0,3,4
2,8,1.963127e6,-1.059325588987487,-0.8693272921435614,TIME_LIMIT,434552,0,0,14,9
2,8,1.963212e6,-1.0593165151886041,-0.8693272921435614,TIME_LIMIT,434571,0,0,12,4
2,8,1.963308e6,-1.0593165151886041,-0.8693272921435614,TIME_LIMIT,434594,0,0,9,23
2,8,1.963404e6,-1.059315879936418,-0.8693272921435614,TIME_LIMIT,434624,0,0,10,14
2,8,1.963441e6,-1.059315879936418,-0.8693272921435614,TIME_LIMIT,434637,0,0,12,5
2,8,1.963492e6,-1.0593148157519954,-0.8693272921435614,TIME_LIMIT,434662,0,0,9,6
2,8,1.963595e6,-1.0593148157519954,-0.8693272921435614,TIME_LIMIT,434685,0,0,19,21
2,8,1.963737e6,-1.0593137179921603,-0.8693272921435614,TIME_LIMIT,434721,0,0,14,8
2,8,1.963814e6,-1.0593137179921603,-0.8693272921435614,TIME_LIMIT,434743,0,0,11,8
2,8,1.963957e6,-1.0593045394738587,-0.8693272921435614,TIME_LIMIT,434775,0,0,3,6
2,8,1.964049e6,-1.0593045394738587,-0.8693272921435614,TIME_LIMIT,434795,0,0,14,12
2,8,1.964159e6,-1.059302335052361,-0.8693272921435614,TIME_LIMIT,434825,0,0,10,6
2,8,1.96427e6,-1.059302335052361,-0.8693272921435614,TIME_LIMIT,434844,0,0,14,14
2,8,1.96443e6,-1.059299194426985,-0.8693272921435614,TIME_LIMIT,434872,0,0,9,9
2,8,1.964572e6,-1.059299194426985,-0.8693272921435614,TIME_LIMIT,434894,0,0,17,20
2,8,1.964788e6,-1.0592987269104963,-0.8693272921435614,TIME_LIMIT,434923,0,0,15,18
2,8,1.964876e6,-1.0592987269104963,-0.8693272921435614,TIME_LIMIT,434946,0,0,17,11
2,8,1.964984e6,-1.0592969523825473,-0.8693272921435614,TIME_LIMIT,434978,0,0,12,8
2,8,1.965063e6,-1.0592969523825473,-0.8693272921435614,TIME_LIMIT,434993,0,0,22,19
2,8,1.965156e6,-1.0592954745020604,-0.8693272921435614,TIME_LIMIT,435030,0,0,15,5
2,8,1.965198e6,-1.0592954745020604,-0.8693272921435614,TIME_LIMIT,435045,0,0,13,7
2,8,1.9653e6,-1.0592939108824975,-0.8693272921435614,TIME_LIMIT,435074,0,0,10,8
2,8,1.965441e6,-1.0592939108824975,-0.8693272921435614,TIME_LIMIT,435095,0,0,14,23
2,8,1.965593e6,-1.0592835184395528,-0.8693272921435614,TIME_LIMIT,435128,0,0,14,8
2,8,1.965751e6,-1.0592835184395528,-0.8693272921435614,TIME_LIMIT,435154,0,0,15,23
2,8,1.965912e6,-1.05927993478846,-0.8693272921435614,TIME_LIMIT,435190,0,0,15,7
2,8,1.966052e6,-1.05927993478846,-0.8693272921435614,TIME_LIMIT,435215,0,0,17,18
2,8,1.966256e6,-1.0592767397433378,-0.8693272921435614,TIME_LIMIT,435248,0,0,18,8
2,8,1.966455e6,-1.0592767397433378,-0.8693272921435614,TIME_LIMIT,435272,0,0,20,18
2,8,1.966664e6,-1.0592680378464405,-0.8693272921435614,TIME_LIMIT,435310,0,0,19,15
2,8,1.966794e6,-1.0592680378464405,-0.8693272921435614,TIME_LIMIT,435333,0,0,16,18
2,8,1.967001e6,-1.059257195087064,-0.8693272921435614,TIME_LIMIT,435367,0,0,6,4
2,8,1.967099e6,-1.059257195087064,-0.8693272921435614,TIME_LIMIT,435389,0,0,19,11
2,8,1.967237e6,-1.0592497397581981,-0.8693272921435614,TIME_LIMIT,435418,0,0,12,6
2,8,1.967376e6,-1.0592497397581981,-0.8693272921435614,TIME_LIMIT,435455,0,0,18,23
2,8,1.967423e6,-1.0592484135797426,-0.8693272921435614,TIME_LIMIT,435477,0,0,7,6
2,8,1.96749e6,-1.0592484135797426,-0.8693272921435614,TIME_LIMIT,435491,0,0,18,11
2,8,1.967565e6,-1.0592446072739548,-0.8693272921435614,TIME_LIMIT,435521,0,0,11,4
2,8,1.967665e6,-1.0592446072739548,-0.8693272921435614,TIME_LIMIT,435547,0,0,16,10
2,8,1.967782e6,-1.0592435872869173,-0.8693272921435614,TIME_LIMIT,435563,0,0,11,7
2,8,1.967955e6,-1.0592435872869173,-0.8693272921435614,TIME_LIMIT,435588,0,0,28,24
2,8,1.96812e6,-1.0592397908947655,-0.8693272921435614,TIME_LIMIT,435627,0,0,14,4
2,8,1.968259e6,-1.0592397908947655,-0.8693272921435614,TIME_LIMIT,435647,0,0,13,6
2,8,1.968347e6,-1.0592397084045715,-0.8693272921435614,TIME_LIMIT,435664,0,0,13,11
2,8,1.968432e6,-1.0592397084045715,-0.8693272921435614,TIME_LIMIT,435683,0,0,7,6
2,8,1.968495e6,-1.0592354123913168,-0.8693272921435614,TIME_LIMIT,435704,0,0,5,3
2,8,1.968689e6,-1.0592354123913168,-0.8693272921435614,TIME_LIMIT,435722,0,0,18,10
2,8,1.968861e6,-1.0592341103130298,-0.8693272921435614,TIME_LIMIT,435752,0,0,10,5
2,8,1.969054e6,-1.0592341103130298,-0.8693272921435614,TIME_LIMIT,435774,0,0,20,24
2,8,1.969196e6,-1.059233725611181,-0.8693272921435614,TIME_LIMIT,435811,0,0,6,12
2,8,1.969311e6,-1.059233725611181,-0.8693272921435614,TIME_LIMIT,435835,0,0,19,11
2,8,1.969399e6,-1.0592325751983724,-0.8693272921435614,TIME_LIMIT,435866,0,0,9,5
2,8,1.969583e6,-1.0592325751983724,-0.8693272921435614,TIME_LIMIT,435892,0,0,18,17
2,8,1.969761e6,-1.0592238050729317,-0.8693272921435614,TIME_LIMIT,435917,0,0,17,13
2,8,1.969971e6,-1.0592238050729317,-0.8693272921435614,TIME_LIMIT,435948,0,0,22,15
2,8,1.970164e6,-1.0592058155638477,-0.8693272921435614,TIME_LIMIT,435983,0,0,10,10
2,8,1.970365e6,-1.0592058155638477,-0.8693272921435614,TIME_LIMIT,436009,0,0,19,14
2,8,1.970527e6,-1.0591983232158872,-0.8693272921435614,TIME_LIMIT,436049,0,0,11,7
2,8,1.970698e6,-1.0591983232158872,-0.8693272921435614,TIME_LIMIT,436072,0,0,20,11
2,8,1.970857e6,-1.0591921046302526,-0.8693272921435614,TIME_LIMIT,436107,0,0,15,10
2,8,1.970932e6,-1.0591921046302526,-0.8693272921435614,TIME_LIMIT,436128,0,0,15,12
2,8,1.970976e6,-1.0591890451396155,-0.8693272921435614,TIME_LIMIT,436146,0,0,8,4
2,8,1.97105e6,-1.0591890451396155,-0.8693272921435614,TIME_LIMIT,436162,0,0,15,10
2,8,1.971152e6,-1.0591796448893769,-0.8693272921435614,TIME_LIMIT,436182,0,0,13,9
2,8,1.971238e6,-1.0591796448893769,-0.8693272921435614,TIME_LIMIT,436202,0,0,4,9
2,8,1.97134e6,-1.0591776420234515,-0.8693272921435614,TIME_LIMIT,436221,0,0,10,4
2,8,1.97151e6,-1.0591776420234515,-0.8693272921435614,TIME_LIMIT,436244,0,0,14,11
2,8,1.971575e6,-1.0591764776504635,-0.8693272921435614,TIME_LIMIT,436267,0,0,6,5
2,8,1.971775e6,-1.0591764776504635,-0.8693272921435614,TIME_LIMIT,436292,0,0,17,10
2,8,1.971922e6,-1.0591729922448445,-0.8693272921435614,TIME_LIMIT,436312,0,0,13,8
2,8,1.97201e6,-1.0591729922448445,-0.8693272921435614,TIME_LIMIT,436319,0,0,9,7
2,8,1.97207e6,-1.059171694698549,-0.8693272921435614,TIME_LIMIT,436342,0,0,7,0
2,8,1.972265e6,-1.059171694698549,-0.8693272921435614,TIME_LIMIT,436361,0,0,12,12
2,8,1.97239e6,-1.0591697631428922,-0.8693272921435614,TIME_LIMIT,436386,0,0,7,7
2,8,1.972548e6,-1.0591697631428922,-0.8693272921435614,TIME_LIMIT,436409,0,0,18,9
2,8,1.972712e6,-1.059167630458424,-0.8693272921435614,TIME_LIMIT,436446,0,0,16,7
2,8,1.972803e6,-1.059167630458424,-0.8693272921435614,TIME_LIMIT,436471,0,0,12,10
2,8,1.972852e6,-1.0591643650992304,-0.8693272921435614,TIME_LIMIT,436488,0,0,7,2
2,8,1.973054e6,-1.0591643650992304,-0.8693272921435614,TIME_LIMIT,436506,0,0,13,23
2,8,1.973249e6,-1.0591638418233917,-0.8693272921435614,TIME_LIMIT,436546,0,0,12,5
2,8,1.973347e6,-1.0591638418233917,-0.8693272921435614,TIME_LIMIT,436571,0,0,16,3
2,8,1.973445e6,-1.0591615827906546,-0.8693272921435614,TIME_LIMIT,436594,0,0,18,5
2,8,1.973516e6,-1.0591615827906546,-0.8693272921435614,TIME_LIMIT,436613,0,0,18,22
2,8,1.973662e6,-1.0591556745216495,-0.8693272921435614,TIME_LIMIT,436644,0,0,15,7
2,8,1.973847e6,-1.0591556745216495,-0.8693272921435614,TIME_LIMIT,436673,0,0,20,6
2,8,1.973998e6,-1.0591552805871656,-0.8693272921435614,TIME_LIMIT,436695,0,0,19,13
2,8,1.974093e6,-1.0591552805871656,-0.8693272921435614,TIME_LIMIT,436715,0,0,13,13
2,8,1.974168e6,-1.0591483562144566,-0.8693272921435614,TIME_LIMIT,436741,0,0,13,5
2,8,1.974233e6,-1.0591483562144566,-0.8693272921435614,TIME_LIMIT,436761,0,0,11,5
2,8,1.974262e6,-1.0591456763899754,-0.8693272921435614,TIME_LIMIT,436767,0,0,8,4
2,8,1.97434e6,-1.0591456763899754,-0.8693272921435614,TIME_LIMIT,436782,0,0,7,10
2,8,1.974473e6,-1.0591421023704517,-0.8693272921435614,TIME_LIMIT,436811,0,0,9,4
2,8,1.974679e6,-1.0591421023704517,-0.8693272921435614,TIME_LIMIT,436839,0,0,23,21
2,8,1.974838e6,-1.0591362969526117,-0.8693272921435614,TIME_LIMIT,436869,0,0,12,9
2,8,1.974984e6,-1.0591362969526117,-0.8693272921435614,TIME_LIMIT,436894,0,0,18,14
2,8,1.975139e6,-1.059134367576875,-0.8693272921435614,TIME_LIMIT,436924,0,0,16,6
2,8,1.975281e6,-1.059134367576875,-0.8693272921435614,TIME_LIMIT,436948,0,0,9,17
2,8,1.975403e6,-1.0591334316948637,-0.8693272921435614,TIME_LIMIT,436977,0,0,11,4
2,8,1.975506e6,-1.0591334316948637,-0.8693272921435614,TIME_LIMIT,436999,0,0,11,6
2,8,1.975562e6,-1.0591236544550942,-0.8693272921435614,TIME_LIMIT,437027,0,0,14,4
2,8,1.975638e6,-1.0591236544550942,-0.8693272921435614,TIME_LIMIT,437046,0,0,13,11
2,8,1.975695e6,-1.0591197609779468,-0.8693272921435614,TIME_LIMIT,437072,0,0,10,7
2,8,1.975756e6,-1.0591197609779468,-0.8693272921435614,TIME_LIMIT,437097,0,0,16,11
2,8,1.975921e6,-1.059118194617485,-0.8693272921435614,TIME_LIMIT,437125,0,0,15,6
2,8,1.976039e6,-1.059118194617485,-0.8693272921435614,TIME_LIMIT,437149,0,0,19,17
2,8,1.976205e6,-1.059112127278877,-0.8693272921435614,TIME_LIMIT,437184,0,0,15,5
2,8,1.976408e6,-1.059112127278877,-0.8693272921435614,TIME_LIMIT,437204,0,0,11,8
2,8,1.976609e6,-1.0591070111228613,-0.8693272921435614,TIME_LIMIT,437237,0,0,17,9
2,8,1.976783e6,-1.0591070111228613,-0.8693272921435614,TIME_LIMIT,437262,0,0,20,24
2,8,1.976889e6,-1.0591053310759608,-0.8693272921435614,TIME_LIMIT,437295,0,0,17,2
2,8,1.97696e6,-1.0591053310759608,-0.8693272921435614,TIME_LIMIT,437312,0,0,17,7
2,8,1.977038e6,-1.0590987567416636,-0.8693272921435614,TIME_LIMIT,437337,0,0,8,4
2,8,1.977127e6,-1.0590987567416636,-0.8693272921435614,TIME_LIMIT,437355,0,0,5,10
2,8,1.977183e6,-1.0590953300639034,-0.8693272921435614,TIME_LIMIT,437376,0,0,6,4
2,8,1.977384e6,-1.0590953300639034,-0.8693272921435614,TIME_LIMIT,437399,0,0,17,25
2,8,1.977532e6,-1.0590933069506754,-0.8693272921435614,TIME_LIMIT,437439,0,0,17,12
2,8,1.977679e6,-1.0590933069506754,-0.8693272921435614,TIME_LIMIT,437462,0,0,8,5
2,8,1.977741e6,-1.0590747943846206,-0.8693272921435614,TIME_LIMIT,437488,0,0,12,3
2,8,1.97782e6,-1.0590747943846206,-0.8693272921435614,TIME_LIMIT,437509,0,0,18,12
2,8,1.977974e6,-1.059069614827677,-0.8693272921435614,TIME_LIMIT,437540,0,0,14,4
2,8,1.978031e6,-1.059069614827677,-0.8693272921435614,TIME_LIMIT,437555,0,0,13,15
2,8,1.978086e6,-1.0590689812344172,-0.8693272921435614,TIME_LIMIT,437582,0,0,13,6
2,8,1.978203e6,-1.0590689812344172,-0.8693272921435614,TIME_LIMIT,437604,0,0,17,12
2,8,1.978324e6,-1.0590688197919778,-0.8693272921435614,TIME_LIMIT,437640,0,0,5,8
2,8,1.978404e6,-1.0590688197919778,-0.8693272921435614,TIME_LIMIT,437655,0,0,12,13
2,8,1.978547e6,-1.0590669543772095,-0.8693272921435614,TIME_LIMIT,437686,0,0,12,4
2,8,1.97864e6,-1.0590669543772095,-0.8693272921435614,TIME_LIMIT,437708,0,0,15,12
2,8,1.978707e6,-1.0590656559076868,-0.8693272921435614,TIME_LIMIT,437736,0,0,13,5
2,8,1.978909e6,-1.0590656559076868,-0.8693272921435614,TIME_LIMIT,437757,0,0,14,12
2,8,1.9791e6,-1.0590646787032787,-0.8693272921435614,TIME_LIMIT,437792,0,0,13,12
2,8,1.97915e6,-1.0590646787032787,-0.8693272921435614,TIME_LIMIT,437810,0,0,13,5
2,8,1.979189e6,-1.0590620187928366,-0.8693272921435614,TIME_LIMIT,437830,0,0,6,4
2,8,1.979386e6,-1.0590620187928366,-0.8693272921435614,TIME_LIMIT,437853,0,0,17,9
2,8,1.979506e6,-1.059060735087788,-0.8693272921435614,TIME_LIMIT,437880,0,0,14,10
2,8,1.97971e6,-1.059060735087788,-0.8693272921435614,TIME_LIMIT,437914,0,0,17,30
2,8,1.979852e6,-1.059059246238934,-0.8693272921435614,TIME_LIMIT,437949,0,0,18,12
2,8,1.979965e6,-1.059059246238934,-0.8693272921435614,TIME_LIMIT,437970,0,0,16,18
2,8,1.98014e6,-1.0590592212219683,-0.8693272921435614,TIME_LIMIT,438001,0,0,13,13
2,8,1.980181e6,-1.0590592212219683,-0.8693272921435614,TIME_LIMIT,438019,0,0,13,13
2,8,1.980226e6,-1.059052008959469,-0.8693272921435614,TIME_LIMIT,438047,0,0,14,6
2,8,1.980322e6,-1.059052008959469,-0.8693272921435614,TIME_LIMIT,438064,0,0,12,16
2,8,1.980403e6,-1.0590516518172621,-0.8693272921435614,TIME_LIMIT,438080,0,0,7,8
2,8,1.980608e6,-1.0590516518172621,-0.8693272921435614,TIME_LIMIT,438104,0,0,21,20
2,8,1.980807e6,-1.0590509384190998,-0.8693272921435614,TIME_LIMIT,438136,0,0,16,12
2,8,1.980914e6,-1.0590509384190998,-0.8693272921435614,TIME_LIMIT,438153,0,0,22,22
2,8,1.980972e6,-1.0590477565885394,-0.8693272921435614,TIME_LIMIT,438182,0,0,12,3
2,8,1.981099e6,-1.0590477565885394,-0.8693272921435614,TIME_LIMIT,438206,0,0,10,18
2,8,1.981243e6,-1.059047535134589,-0.8693272921435614,TIME_LIMIT,438235,0,0,15,6
2,8,1.981448e6,-1.059047535134589,-0.8693272921435614,TIME_LIMIT,438260,0,0,21,26
2,8,1.981651e6,-1.0590447825525637,-0.8693272921435614,TIME_LIMIT,438299,0,0,21,10
2,8,1.981692e6,-1.0590447825525637,-0.8693272921435614,TIME_LIMIT,438316,0,0,10,8
2,8,1.98178e6,-1.0590388561449342,-0.8693272921435614,TIME_LIMIT,438345,0,0,8,4
2,8,1.981868e6,-1.0590388561449342,-0.8693272921435614,TIME_LIMIT,438378,0,0,20,6
2,8,1.982019e6,-1.0590363513280274,-0.8693272921435614,TIME_LIMIT,438397,0,0,11,14
2,8,1.982106e6,-1.0590363513280274,-0.8693272921435614,TIME_LIMIT,438418,0,0,14,8
2,8,1.982202e6,-1.0590349361472735,-0.8693272921435614,TIME_LIMIT,438444,0,0,14,5
2,8,1.982362e6,-1.0590349361472735,-0.8693272921435614,TIME_LIMIT,438467,0,0,10,8
2,8,1.982405e6,-1.0590311469858158,-0.8693272921435614,TIME_LIMIT,438482,0,0,10,3
2,8,1.982608e6,-1.0590311469858158,-0.8693272921435614,TIME_LIMIT,438505,0,0,18,13
2,8,1.982823e6,-1.0590278910196005,-0.8693272921435614,TIME_LIMIT,438538,0,0,16,10
2,8,1.982965e6,-1.0590278910196005,-0.8693272921435614,TIME_LIMIT,438560,0,0,15,9
2,8,1.983026e6,-1.0590161350969856,-0.8693272921435614,TIME_LIMIT,438586,0,0,13,5
2,8,1.983228e6,-1.0590161350969856,-0.8693272921435614,TIME_LIMIT,438612,0,0,24,22
2,8,1.983409e6,-1.0590153376816671,-0.8693272921435614,TIME_LIMIT,438647,0,0,11,14
2,8,1.983608e6,-1.0590153376816671,-0.8693272921435614,TIME_LIMIT,438676,0,0,6,13
2,8,1.983742e6,-1.0590005540808303,-0.8693272921435614,TIME_LIMIT,438707,0,0,15,12
2,8,1.983857e6,-1.0590005540808303,-0.8693272921435614,TIME_LIMIT,438734,0,0,14,14
2,8,1.983922e6,-1.058991024628725,-0.8693272921435614,TIME_LIMIT,438767,0,0,17,6
2,8,1.98404e6,-1.058991024628725,-0.8693272921435614,TIME_LIMIT,438790,0,0,16,17
2,8,1.984182e6,-1.0589824257560991,-0.8693272921435614,TIME_LIMIT,438826,0,0,13,15
2,8,1.984294e6,-1.0589824257560991,-0.8693272921435614,TIME_LIMIT,438847,0,0,8,8
2,8,1.984335e6,-1.0589812189176935,-0.8693272921435614,TIME_LIMIT,438866,0,0,9,5
2,8,1.984533e6,-1.0589812189176935,-0.8693272921435614,TIME_LIMIT,438892,0,0,9,26
2,8,1.984691e6,-1.0589800581392208,-0.8693272921435614,TIME_LIMIT,438924,0,0,15,10
2,8,1.984886e6,-1.0589800581392208,-0.8693272921435614,TIME_LIMIT,438950,0,0,14,12
2,8,1.984974e6,-1.058978756318918,-0.8693272921435614,TIME_LIMIT,438980,0,0,16,8
2,8,1.985065e6,-1.058978756318918,-0.8693272921435614,TIME_LIMIT,439000,0,0,10,14
2,8,1.985179e6,-1.0589764958097563,-0.8693272921435614,TIME_LIMIT,439027,0,0,13,7
2,8,1.985251e6,-1.0589764958097563,-0.8693272921435614,TIME_LIMIT,439050,0,0,14,7
2,8,1.985295e6,-1.0589715782159126,-0.8693272921435614,TIME_LIMIT,439067,0,0,7,4
2,8,1.985436e6,-1.0589715782159126,-0.8693272921435614,TIME_LIMIT,439088,0,0,11,13
2,8,1.985529e6,-1.058969301649049,-0.8693272921435614,TIME_LIMIT,439119,0,0,15,5
2,8,1.98568e6,-1.058969301649049,-0.8693272921435614,TIME_LIMIT,439145,0,0,19,12
2,8,1.985786e6,-1.0589687062522792,-0.8693272921435614,TIME_LIMIT,439177,0,0,18,4
2,8,1.985873e6,-1.0589687062522792,-0.8693272921435614,TIME_LIMIT,439197,0,0,17,15
2,8,1.986018e6,-1.0589666588462283,-0.8693272921435614,TIME_LIMIT,439224,0,0,10,1
2,8,1.986108e6,-1.0589666588462283,-0.8693272921435614,TIME_LIMIT,439242,0,0,13,7
2,8,1.986179e6,-1.058962015098487,-0.8693272921435614,TIME_LIMIT,439265,0,0,8,5
2,8,1.986269e6,-1.058962015098487,-0.8693272921435614,TIME_LIMIT,439282,0,0,14,14
2,8,1.986409e6,-1.058959965181471,-0.8693272921435614,TIME_LIMIT,439316,0,0,16,6
2,8,1.98644e6,-1.058959965181471,-0.8693272921435614,TIME_LIMIT,439327,0,0,6,5
2,8,1.98646e6,-1.0589595182748655,-0.8693272921435614,TIME_LIMIT,439339,0,0,4,1
2,8,1.986656e6,-1.0589595182748655,-0.8693272921435614,TIME_LIMIT,439361,0,0,15,23
2,8,1.986862e6,-1.0589568976705317,-0.8693272921435614,TIME_LIMIT,439395,0,0,18,12
2,8,1.986951e6,-1.0589568976705317,-0.8693272921435614,TIME_LIMIT,439412,0,0,13,8
2,8,1.987041e6,-1.0589559789244456,-0.8693272921435614,TIME_LIMIT,439439,0,0,12,7
2,8,1.987126e6,-1.0589559789244456,-0.8693272921435614,TIME_LIMIT,439458,0,0,15,13
2,8,1.987219e6,-1.0589537917722947,-0.8693272921435614,TIME_LIMIT,439479,0,0,9,9
2,8,1.987258e6,-1.0589537917722947,-0.8693272921435614,TIME_LIMIT,439490,0,0,10,7
2,8,1.987304e6,-1.058952998467113,-0.8693272921435614,TIME_LIMIT,439511,0,0,9,4
2,8,1.987412e6,-1.058952998467113,-0.8693272921435614,TIME_LIMIT,439535,0,0,15,9
2,8,1.987444e6,-1.058948799714491,-0.8693272921435614,TIME_LIMIT,439552,0,0,7,3
2,8,1.987491e6,-1.058948799714491,-0.8693272921435614,TIME_LIMIT,439570,0,0,12,10
2,8,1.987567e6,-1.0589450655180128,-0.8693272921435614,TIME_LIMIT,439599,0,0,9,6
2,8,1.987744e6,-1.0589450655180128,-0.8693272921435614,TIME_LIMIT,439621,0,0,10,6
2,8,1.987793e6,-1.0589410761082079,-0.8693272921435614,TIME_LIMIT,439639,0,0,12,2
2,8,1.987978e6,-1.0589410761082079,-0.8693272921435614,TIME_LIMIT,439665,0,0,21,13
2,8,1.988064e6,-1.0589375838441526,-0.8693272921435614,TIME_LIMIT,439692,0,0,11,4
2,8,1.988263e6,-1.0589375838441526,-0.8693272921435614,TIME_LIMIT,439709,0,0,21,21
2,8,1.988397e6,-1.0589298063904264,-0.8693272921435614,TIME_LIMIT,439749,0,0,19,8
2,8,1.988507e6,-1.0589298063904264,-0.8693272921435614,TIME_LIMIT,439770,0,0,20,9
2,8,1.988608e6,-1.058926040670448,-0.8693272921435614,TIME_LIMIT,439795,0,0,5,2
2,8,1.988707e6,-1.058926040670448,-0.8693272921435614,TIME_LIMIT,439814,0,0,9,4
2,8,1.988783e6,-1.0588924636441686,-0.8693272921435614,TIME_LIMIT,439843,0,0,10,5
2,8,1.988979e6,-1.0588924636441686,-0.8693272921435614,TIME_LIMIT,439866,0,0,12,16
2,8,1.989079e6,-1.058890420118641,-0.8693272921435614,TIME_LIMIT,439895,0,0,16,6
2,8,1.989144e6,-1.058890420118641,-0.8693272921435614,TIME_LIMIT,439913,0,0,15,9
2,8,1.989224e6,-1.0588896030048724,-0.8693272921435614,TIME_LIMIT,439944,0,0,15,4
2,8,1.98934e6,-1.0588896030048724,-0.8693272921435614,TIME_LIMIT,439967,0,0,20,28
2,8,1.989541e6,-1.0588873250661979,-0.8693272921435614,TIME_LIMIT,439999,0,0,10,9
2,8,1.989656e6,-1.0588873250661979,-0.8693272921435614,TIME_LIMIT,440022,0,0,18,10
2,8,1.989727e6,-1.0588828342894319,-0.8693272921435614,TIME_LIMIT,440044,0,0,15,6
2,8,1.989776e6,-1.0588828342894319,-0.8693272921435614,TIME_LIMIT,440064,0,0,17,4
2,8,1.989861e6,-1.0588801569140411,-0.8693272921435614,TIME_LIMIT,440086,0,0,9,5
2,8,1.989934e6,-1.0588801569140411,-0.8693272921435614,TIME_LIMIT,440107,0,0,15,13
2,8,1.989997e6,-1.0588793987133571,-0.8693272921435614,TIME_LIMIT,440141,0,0,15,8
2,8,1.990041e6,-1.0588793987133571,-0.8693272921435614,TIME_LIMIT,440157,0,0,14,6
2,8,1.990114e6,-1.058879337313685,-0.8693272921435614,TIME_LIMIT,440183,0,0,11,2
2,8,1.990266e6,-1.058879337313685,-0.8693272921435614,TIME_LIMIT,440206,0,0,19,9
2,8,1.990348e6,-1.0588728370737144,-0.8693272921435614,TIME_LIMIT,440228,0,0,12,3
2,8,1.990558e6,-1.0588728370737144,-0.8693272921435614,TIME_LIMIT,440249,0,0,11,12
2,8,1.990628e6,-1.0588716023683342,-0.8693272921435614,TIME_LIMIT,440273,0,0,6,3
2,8,1.990748e6,-1.0588716023683342,-0.8693272921435614,TIME_LIMIT,440293,0,0,15,16
2,8,1.990831e6,-1.0588695767691336,-0.8693272921435614,TIME_LIMIT,440318,0,0,9,6
2,8,1.990892e6,-1.0588695767691336,-0.8693272921435614,TIME_LIMIT,440340,0,0,16,8
2,8,1.990941e6,-1.0588686185058291,-0.8693272921435614,TIME_LIMIT,440365,0,0,8,9
2,8,1.990989e6,-1.0588686185058291,-0.8693272921435614,TIME_LIMIT,440386,0,0,11,5
2,8,1.991032e6,-1.0588618308999573,-0.8693272921435614,TIME_LIMIT,440406,0,0,9,4
2,8,1.991127e6,-1.0588618308999573,-0.8693272921435614,TIME_LIMIT,440425,0,0,12,19
2,8,1.991211e6,-1.0588542660999276,-0.8693272921435614,TIME_LIMIT,440449,0,0,10,5
2,8,1.991347e6,-1.0588542660999276,-0.8693272921435614,TIME_LIMIT,440469,0,0,15,14
2,8,1.991549e6,-1.0588518558190532,-0.8693272921435614,TIME_LIMIT,440504,0,0,10,9
2,8,1.991579e6,-1.0588518558190532,-0.8693272921435614,TIME_LIMIT,440520,0,0,9,5
2,8,1.991619e6,-1.0588504032911032,-0.8693272921435614,TIME_LIMIT,440537,0,0,5,3
2,8,1.991746e6,-1.0588504032911032,-0.8693272921435614,TIME_LIMIT,440559,0,0,17,20
2,8,1.991862e6,-1.0588493149448233,-0.8693272921435614,TIME_LIMIT,440591,0,0,14,8
2,8,1.9919e6,-1.0588493149448233,-0.8693272921435614,TIME_LIMIT,440608,0,0,11,2
2,8,1.991941e6,-1.0588438620700766,-0.8693272921435614,TIME_LIMIT,440618,0,0,6,7
2,8,1.992016e6,-1.0588438620700766,-0.8693272921435614,TIME_LIMIT,440635,0,0,18,23
2,8,1.992142e6,-1.0588434510223297,-0.8693272921435614,TIME_LIMIT,440666,0,0,16,6
2,8,1.992255e6,-1.0588434510223297,-0.8693272921435614,TIME_LIMIT,440680,0,0,13,14
2,8,1.992361e6,-1.0588408381872498,-0.8693272921435614,TIME_LIMIT,440713,0,0,15,8
2,8,1.992527e6,-1.0588408381872498,-0.8693272921435614,TIME_LIMIT,440737,0,0,21,12
2,8,1.992619e6,-1.058840367677751,-0.8693272921435614,TIME_LIMIT,440772,0,0,8,3
2,8,1.992755e6,-1.058840367677751,-0.8693272921435614,TIME_LIMIT,440794,0,0,16,23
2,8,1.992949e6,-1.0588387679473374,-0.8693272921435614,TIME_LIMIT,440826,0,0,15,9
2,8,1.99308e6,-1.0588387679473374,-0.8693272921435614,TIME_LIMIT,440853,0,0,7,10
2,8,1.993146e6,-1.0588113080393378,-0.8693272921435614,TIME_LIMIT,440884,0,0,16,8
2,8,1.993212e6,-1.0588113080393378,-0.8693272921435614,TIME_LIMIT,440901,0,0,13,15
2,8,1.993259e6,-1.0588092851516155,-0.8693272921435614,TIME_LIMIT,440926,0,0,3,6
2,8,1.993356e6,-1.0588092851516155,-0.8693272921435614,TIME_LIMIT,440953,0,0,15,18
2,8,1.993565e6,-1.058808271117364,-0.8693272921435614,TIME_LIMIT,440974,0,0,14,8
2,8,1.99373e6,-1.058808271117364,-0.8693272921435614,TIME_LIMIT,440999,0,0,22,33
2,8,1.993927e6,-1.0588043508769145,-0.8693272921435614,TIME_LIMIT,441039,0,0,20,12
2,8,1.99399e6,-1.0588043508769145,-0.8693272921435614,TIME_LIMIT,441062,0,0,13,6
2,8,1.994029e6,-1.0588040591522305,-0.8693272921435614,TIME_LIMIT,441078,0,0,8,5
2,8,1.994128e6,-1.0588040591522305,-0.8693272921435614,TIME_LIMIT,441103,0,0,17,9
2,8,1.994242e6,-1.058795126632846,-0.8693272921435614,TIME_LIMIT,441129,0,0,16,11
2,8,1.994362e6,-1.058795126632846,-0.8693272921435614,TIME_LIMIT,441154,0,0,16,9
2,8,1.994514e6,-1.0587947674330782,-0.8693272921435614,TIME_LIMIT,441185,0,0,6,3
2,8,1.994714e6,-1.0587947674330782,-0.8693272921435614,TIME_LIMIT,441207,0,0,20,8
2,8,1.994916e6,-1.0587763121061078,-0.8693272921435614,TIME_LIMIT,441238,0,0,12,8
2,8,1.994969e6,-1.0587763121061078,-0.8693272921435614,TIME_LIMIT,441256,0,0,10,12
2,8,1.99507e6,-1.058773476300418,-0.8693272921435614,TIME_LIMIT,441284,0,0,16,6
2,8,1.995137e6,-1.058773476300418,-0.8693272921435614,TIME_LIMIT,441303,0,0,14,10
2,8,1.995188e6,-1.0587707612445612,-0.8693272921435614,TIME_LIMIT,441326,0,0,9,5
2,8,1.99524e6,-1.0587707612445612,-0.8693272921435614,TIME_LIMIT,441337,0,0,7,11
2,8,1.99531e6,-1.0587672167591955,-0.8693272921435614,TIME_LIMIT,441358,0,0,5,6
2,8,1.995441e6,-1.0587672167591955,-0.8693272921435614,TIME_LIMIT,441382,0,0,18,11
2,8,1.99551e6,-1.0587619362249856,-0.8693272921435614,TIME_LIMIT,441414,0,0,17,5
2,8,1.995702e6,-1.0587619362249856,-0.8693272921435614,TIME_LIMIT,441440,0,0,16,13
2,8,1.995789e6,-1.0587536117739713,-0.8693272921435614,TIME_LIMIT,441467,0,0,13,10
2,8,1.995935e6,-1.0587536117739713,-0.8693272921435614,TIME_LIMIT,441491,0,0,10,10
2,8,1.996058e6,-1.0587491653604986,-0.8693272921435614,TIME_LIMIT,441523,0,0,14,7
2,8,1.996262e6,-1.0587491653604986,-0.8693272921435614,TIME_LIMIT,441548,0,0,18,10
2,8,1.99635e6,-1.0587426521394931,-0.8693272921435614,TIME_LIMIT,441583,0,0,6,7
2,8,1.996413e6,-1.0587426521394931,-0.8693272921435614,TIME_LIMIT,441601,0,0,9,7
2,8,1.996442e6,-1.0587358764654715,-0.8693272921435614,TIME_LIMIT,441618,0,0,4,6
2,8,1.99665e6,-1.0587358764654715,-0.8693272921435614,TIME_LIMIT,441639,0,0,16,3
2,8,1.99669e6,-1.058728160810619,-0.8693272921435614,TIME_LIMIT,441651,0,0,6,3
2,8,1.99678e6,-1.058728160810619,-0.8693272921435614,TIME_LIMIT,441673,0,0,9,3
2,8,1.996843e6,-1.0587265472107257,-0.8693272921435614,TIME_LIMIT,441698,0,0,11,9
2,8,1.996926e6,-1.0587265472107257,-0.8693272921435614,TIME_LIMIT,441720,0,0,12,11
2,8,1.997038e6,-1.05872112745684,-0.8693272921435614,TIME_LIMIT,441754,0,0,15,6
2,8,1.997089e6,-1.05872112745684,-0.8693272921435614,TIME_LIMIT,441768,0,0,15,6
2,8,1.997207e6,-1.058716324101654,-0.8693272921435614,TIME_LIMIT,441801,0,0,12,6
2,8,1.997265e6,-1.058716324101654,-0.8693272921435614,TIME_LIMIT,441818,0,0,16,11
2,8,1.997357e6,-1.0587161089089516,-0.8693272921435614,TIME_LIMIT,441846,0,0,12,3
2,8,1.997563e6,-1.0587161089089516,-0.8693272921435614,TIME_LIMIT,441867,0,0,23,17
2,8,1.99776e6,-1.0586990634106797,-0.8693272921435614,TIME_LIMIT,441904,0,0,16,5
2,8,1.997955e6,-1.0586990634106797,-0.8693272921435614,TIME_LIMIT,441937,0,0,19,39
2,8,1.99816e6,-1.058697801254218,-0.8693272921435614,TIME_LIMIT,441975,0,0,13,12
2,8,1.998223e6,-1.058697801254218,-0.8693272921435614,TIME_LIMIT,441993,0,0,13,10
2,8,1.998321e6,-1.0586973992722184,-0.8693272921435614,TIME_LIMIT,442015,0,0,9,5
2,8,1.998414e6,-1.0586973992722184,-0.8693272921435614,TIME_LIMIT,442033,0,0,11,5
2,8,1.998488e6,-1.0586968829900032,-0.8693272921435614,TIME_LIMIT,442060,0,0,6,4
2,8,1.998572e6,-1.0586968829900032,-0.8693272921435614,TIME_LIMIT,442084,0,0,18,10
2,8,1.998654e6,-1.0586934896885354,-0.8693272921435614,TIME_LIMIT,442111,0,0,14,12
2,8,1.998726e6,-1.0586934896885354,-0.8693272921435614,TIME_LIMIT,442136,0,0,10,8
2,8,1.998809e6,-1.0586845477876485,-0.8693272921435614,TIME_LIMIT,442152,0,0,10,6
2,8,1.998848e6,-1.0586845477876485,-0.8693272921435614,TIME_LIMIT,442165,0,0,9,4
2,8,1.998869e6,-1.0586826249896055,-0.8693272921435614,TIME_LIMIT,442178,0,0,4,1
2,8,1.998962e6,-1.0586826249896055,-0.8693272921435614,TIME_LIMIT,442194,0,0,12,16
2,8,1.999076e6,-1.0586814223916723,-0.8693272921435614,TIME_LIMIT,442224,0,0,10,9
2,8,1.999184e6,-1.0586814223916723,-0.8693272921435614,TIME_LIMIT,442252,0,0,22,18
2,8,1.999291e6,-1.0586789443559934,-0.8693272921435614,TIME_LIMIT,442287,0,0,19,8
2,8,1.999424e6,-1.0586789443559934,-0.8693272921435614,TIME_LIMIT,442312,0,0,6,28
2,8,1.999563e6,-1.0586789435756918,-0.8693272921435614,TIME_LIMIT,442344,0,0,7,10
2,8,1.999676e6,-1.0586789435756918,-0.8693272921435614,TIME_LIMIT,442368,0,0,8,12
2,8,1.999822e6,-1.0586786103523085,-0.8693272921435614,TIME_LIMIT,442398,0,0,16,7
2,8,1.999857e6,-1.0586786103523085,-0.8693272921435614,TIME_LIMIT,442410,0,0,10,4
2,8,1.999881e6,-1.0586758791888893,-0.8693272921435614,TIME_LIMIT,442425,0,0,5,2
2,8,2.000056e6,-1.0586758791888893,-0.8693272921435614,TIME_LIMIT,442449,0,0,19,25
2,8,2.000196e6,-1.0586714307635428,-0.8693272921435614,TIME_LIMIT,442484,0,0,16,7
2,8,2.000261e6,-1.0586714307635428,-0.8693272921435614,TIME_LIMIT,442503,0,0,3,7
2,8,2.00034e6,-1.0586669824349833,-0.8693272921435614,TIME_LIMIT,442527,0,0,12,3
2,8,2.000442e6,-1.0586669824349833,-0.8693272921435614,TIME_LIMIT,442546,0,0,11,5
2,8,2.000483e6,-1.05865707606154,-0.8693272921435614,TIME_LIMIT,442564,0,0,7,4
2,8,2.00068e6,-1.05865707606154,-0.8693272921435614,TIME_LIMIT,442589,0,0,20,9
2,8,2.000749e6,-1.05865518577348,-0.8693272921435614,TIME_LIMIT,442615,0,0,12,8
2,8,2.000842e6,-1.05865518577348,-0.8693272921435614,TIME_LIMIT,442637,0,0,18,5
2,8,2.000976e6,-1.0586542153456298,-0.8693272921435614,TIME_LIMIT,442667,0,0,10,6
2,8,2.001035e6,-1.0586542153456298,-0.8693272921435614,TIME_LIMIT,442683,0,0,13,2
2,8,2.001062e6,-1.0586413003019075,-0.8693272921435614,TIME_LIMIT,442698,0,0,7,4
2,8,2.001173e6,-1.0586413003019075,-0.8693272921435614,TIME_LIMIT,442715,0,0,11,10
2,8,2.001351e6,-1.0586197335447456,-0.8693272921435614,TIME_LIMIT,442752,0,0,15,7
2,8,2.001444e6,-1.0586197335447456,-0.8693272921435614,TIME_LIMIT,442775,0,0,18,17
2,8,2.001645e6,-1.0586160014918105,-0.8693272921435614,TIME_LIMIT,442803,0,0,11,13
2,8,2.001845e6,-1.0586160014918105,-0.8693272921435614,TIME_LIMIT,442831,0,0,23,14
2,8,2.001952e6,-1.0586078249901327,-0.8693272921435614,TIME_LIMIT,442861,0,0,11,5
2,8,2.002152e6,-1.0586078249901327,-0.8693272921435614,TIME_LIMIT,442883,0,0,18,19
2,8,2.00233e6,-1.0586004656818058,-0.8693272921435614,TIME_LIMIT,442921,0,0,19,8
2,8,2.0024e6,-1.0586004656818058,-0.8693272921435614,TIME_LIMIT,442938,0,0,12,10
2,8,2.00246e6,-1.0585980858436221,-0.8693272921435614,TIME_LIMIT,442965,0,0,11,5
2,8,2.002535e6,-1.0585980858436221,-0.8693272921435614,TIME_LIMIT,442980,0,0,11,4
2,8,2.002586e6,-1.0585933105375411,-0.8693272921435614,TIME_LIMIT,443000,0,0,7,3
2,8,2.002758e6,-1.0585933105375411,-0.8693272921435614,TIME_LIMIT,443028,0,0,12,18
2,8,2.002936e6,-1.0585927158933766,-0.8693272921435614,TIME_LIMIT,443060,0,0,13,7
2,8,2.003032e6,-1.0585927158933766,-0.8693272921435614,TIME_LIMIT,443090,0,0,15,16
2,8,2.003116e6,-1.0585921136526375,-0.8693272921435614,TIME_LIMIT,443117,0,0,11,11
2,8,2.003232e6,-1.0585921136526375,-0.8693272921435614,TIME_LIMIT,443139,0,0,11,8
2,8,2.003331e6,-1.0585839742564815,-0.8693272921435614,TIME_LIMIT,443164,0,0,11,2
2,8,2.003531e6,-1.0585839742564815,-0.8693272921435614,TIME_LIMIT,443195,0,0,28,30
2,8,2.003672e6,-1.0585812829944043,-0.8693272921435614,TIME_LIMIT,443234,0,0,18,9
2,8,2.003805e6,-1.0585812829944043,-0.8693272921435614,TIME_LIMIT,443260,0,0,16,12
2,8,2.003895e6,-1.0585811845802642,-0.8693272921435614,TIME_LIMIT,443289,0,0,16,6
2,8,2.004035e6,-1.0585811845802642,-0.8693272921435614,TIME_LIMIT,443310,0,0,15,9
2,8,2.004201e6,-1.0585749311650368,-0.8693272921435614,TIME_LIMIT,443337,0,0,9,2
2,8,2.004305e6,-1.0585749311650368,-0.8693272921435614,TIME_LIMIT,443361,0,0,13,19
2,8,2.004454e6,-1.0585703626926293,-0.8693272921435614,TIME_LIMIT,443395,0,0,10,9
2,8,2.004558e6,-1.0585703626926293,-0.8693272921435614,TIME_LIMIT,443427,0,0,14,25
2,8,2.0046e6,-1.0585695116155291,-0.8693272921435614,TIME_LIMIT,443446,0,0,7,5
2,8,2.004664e6,-1.0585695116155291,-0.8693272921435614,TIME_LIMIT,443470,0,0,15,12
2,8,2.004747e6,-1.058564582991122,-0.8693272921435614,TIME_LIMIT,443493,0,0,10,7
2,8,2.004954e6,-1.058564582991122,-0.8693272921435614,TIME_LIMIT,443512,0,0,24,24
2,8,2.005152e6,-1.0585593466748517,-0.8693272921435614,TIME_LIMIT,443550,0,0,17,10
2,8,2.005213e6,-1.0585593466748517,-0.8693272921435614,TIME_LIMIT,443571,0,0,20,6
2,8,2.005311e6,-1.0585433792720425,-0.8693272921435614,TIME_LIMIT,443603,0,0,11,11
2,8,2.005502e6,-1.0585433792720425,-0.8693272921435614,TIME_LIMIT,443619,0,0,18,19
2,8,2.005702e6,-1.058543002632771,-0.8693272921435614,TIME_LIMIT,443653,0,0,13,11
2,8,2.005791e6,-1.058543002632771,-0.8693272921435614,TIME_LIMIT,443679,0,0,12,7
2,8,2.005855e6,-1.0585388742706177,-0.8693272921435614,TIME_LIMIT,443697,0,0,11,7
2,8,2.005949e6,-1.0585388742706177,-0.8693272921435614,TIME_LIMIT,443719,0,0,21,8
2,8,2.005998e6,-1.058535730654178,-0.8693272921435614,TIME_LIMIT,443746,0,0,10,3
2,8,2.006148e6,-1.058535730654178,-0.8693272921435614,TIME_LIMIT,443763,0,0,12,12
2,8,2.006299e6,-1.058534519825317,-0.8693272921435614,TIME_LIMIT,443790,0,0,10,3
2,8,2.006388e6,-1.058534519825317,-0.8693272921435614,TIME_LIMIT,443815,0,0,7,16
2,8,2.006588e6,-1.05853299624549,-0.8693272921435614,TIME_LIMIT,443843,0,0,16,9
2,8,2.006789e6,-1.05853299624549,-0.8693272921435614,TIME_LIMIT,443860,0,0,18,26
2,8,2.006993e6,-1.0585319745703863,-0.8693272921435614,TIME_LIMIT,443893,0,0,12,9
2,8,2.007057e6,-1.0585319745703863,-0.8693272921435614,TIME_LIMIT,443913,0,0,14,12
2,8,2.007096e6,-1.058527372131006,-0.8693272921435614,TIME_LIMIT,443933,0,0,8,3
2,8,2.007152e6,-1.058527372131006,-0.8693272921435614,TIME_LIMIT,443952,0,0,8,7
2,8,2.007189e6,-1.0585189381689317,-0.8693272921435614,TIME_LIMIT,443965,0,0,8,4
2,8,2.007312e6,-1.0585189381689317,-0.8693272921435614,TIME_LIMIT,443985,0,0,17,11
2,8,2.007465e6,-1.05850664897667,-0.8693272921435614,TIME_LIMIT,444014,0,0,10,3
2,8,2.00763e6,-1.05850664897667,-0.8693272921435614,TIME_LIMIT,444037,0,0,21,16
2,8,2.007816e6,-1.058506183964148,-0.8693272921435614,TIME_LIMIT,444076,0,0,11,12
2,8,2.008016e6,-1.058506183964148,-0.8693272921435614,TIME_LIMIT,444100,0,0,21,11
2,8,2.008224e6,-1.0584924831143443,-0.8693272921435614,TIME_LIMIT,444128,0,0,10,10
2,8,2.008295e6,-1.0584924831143443,-0.8693272921435614,TIME_LIMIT,444151,0,0,17,31
2,8,2.008363e6,-1.0584910745795617,-0.8693272921435614,TIME_LIMIT,444173,0,0,11,7
2,8,2.008512e6,-1.0584910745795617,-0.8693272921435614,TIME_LIMIT,444200,0,0,13,20
2,8,2.008713e6,-1.0584874895800036,-0.8693272921435614,TIME_LIMIT,444234,0,0,14,9
2,8,2.0088e6,-1.0584874895800036,-0.8693272921435614,TIME_LIMIT,444253,0,0,12,11
2,8,2.009009e6,-1.0584785723638794,-0.8693272921435614,TIME_LIMIT,444282,0,0,10,7
2,8,2.00918e6,-1.0584785723638794,-0.8693272921435614,TIME_LIMIT,444304,0,0,20,9
2,8,2.009271e6,-1.0584769624818866,-0.8693272921435614,TIME_LIMIT,444331,0,0,11,6
2,8,2.009344e6,-1.0584769624818866,-0.8693272921435614,TIME_LIMIT,444356,0,0,14,10
2,8,2.009389e6,-1.058470636426821,-0.8693272921435614,TIME_LIMIT,444375,0,0,7,6
2,8,2.009564e6,-1.058470636426821,-0.8693272921435614,TIME_LIMIT,444400,0,0,20,12
2,8,2.009667e6,-1.0584626989550014,-0.8693272921435614,TIME_LIMIT,444431,0,0,14,8
2,8,2.009801e6,-1.0584626989550014,-0.8693272921435614,TIME_LIMIT,444460,0,0,22,17
2,8,2.009964e6,-1.05845994344743,-0.8693272921435614,TIME_LIMIT,444486,0,0,13,12
2,8,2.010089e6,-1.05845994344743,-0.8693272921435614,TIME_LIMIT,444510,0,0,11,14
2,8,2.010131e6,-1.0584548301666503,-0.8693272921435614,TIME_LIMIT,444531,0,0,9,3
2,8,2.010254e6,-1.0584548301666503,-0.8693272921435614,TIME_LIMIT,444556,0,0,13,15
2,8,2.0103e6,-1.058453544675181,-0.8693272921435614,TIME_LIMIT,444579,0,0,7,4
2,8,2.010365e6,-1.058453544675181,-0.8693272921435614,TIME_LIMIT,444597,0,0,15,6
2,8,2.010464e6,-1.0584513806783518,-0.8693272921435614,TIME_LIMIT,444623,0,0,12,3
2,8,2.010519e6,-1.0584513806783518,-0.8693272921435614,TIME_LIMIT,444647,0,0,16,13
2,8,2.010682e6,-1.058445719966441,-0.8693272921435614,TIME_LIMIT,444680,0,0,16,10
2,8,2.010728e6,-1.058445719966441,-0.8693272921435614,TIME_LIMIT,444693,0,0,10,11
2,8,2.010794e6,-1.0584402753587732,-0.8693272921435614,TIME_LIMIT,444714,0,0,7,3
2,8,2.010904e6,-1.0584402753587732,-0.8693272921435614,TIME_LIMIT,444732,0,0,14,12
2,8,2.010968e6,-1.0584388788485977,-0.8693272921435614,TIME_LIMIT,444757,0,0,9,5
2,8,2.011163e6,-1.0584388788485977,-0.8693272921435614,TIME_LIMIT,444791,0,0,9,6
2,8,2.011269e6,-1.0584334615693007,-0.8693272921435614,TIME_LIMIT,444815,0,0,20,14
2,8,2.011348e6,-1.0584334615693007,-0.8693272921435614,TIME_LIMIT,444832,0,0,17,18
2,8,2.011475e6,-1.0584296802647755,-0.8693272921435614,TIME_LIMIT,444861,0,0,9,9
2,8,2.01164e6,-1.0584296802647755,-0.8693272921435614,TIME_LIMIT,444884,0,0,28,15
2,8,2.011847e6,-1.0584275767369689,-0.8693272921435614,TIME_LIMIT,444919,0,0,16,11
2,8,2.011891e6,-1.0584275767369689,-0.8693272921435614,TIME_LIMIT,444934,0,0,10,11
2,8,2.01196e6,-1.0584243621153642,-0.8693272921435614,TIME_LIMIT,444961,0,0,15,1
2,8,2.012037e6,-1.0584243621153642,-0.8693272921435614,TIME_LIMIT,444977,0,0,12,9
2,8,2.012093e6,-1.058424294192032,-0.8693272921435614,TIME_LIMIT,444998,0,0,8,4
2,8,2.012194e6,-1.058424294192032,-0.8693272921435614,TIME_LIMIT,445016,0,0,11,11
2,8,2.012245e6,-1.0584211328387183,-0.8693272921435614,TIME_LIMIT,445040,0,0,12,4
2,8,2.012461e6,-1.0584211328387183,-0.8693272921435614,TIME_LIMIT,445064,0,0,21,19
2,8,2.012673e6,-1.0584038983505812,-0.8693272921435614,TIME_LIMIT,445095,0,0,14,13
2,8,2.012748e6,-1.0584038983505812,-0.8693272921435614,TIME_LIMIT,445121,0,0,18,7
2,8,2.012897e6,-1.0584025943786939,-0.8693272921435614,TIME_LIMIT,445154,0,0,11,17
2,8,2.012939e6,-1.0584025943786939,-0.8693272921435614,TIME_LIMIT,445173,0,0,10,8
2,8,2.013119e6,-1.0584012025739051,-0.8693272921435614,TIME_LIMIT,445197,0,0,6,2
2,8,2.013316e6,-1.0584012025739051,-0.8693272921435614,TIME_LIMIT,445220,0,0,17,15
2,8,2.013401e6,-1.058397311915936,-0.8693272921435614,TIME_LIMIT,445252,0,0,16,3
2,8,2.013606e6,-1.058397311915936,-0.8693272921435614,TIME_LIMIT,445270,0,0,15,20
2,8,2.013806e6,-1.0583951173077606,-0.8693272921435614,TIME_LIMIT,445301,0,0,14,5
2,8,2.013884e6,-1.0583951173077606,-0.8693272921435614,TIME_LIMIT,445317,0,0,13,10
2,8,2.014032e6,-1.0583906890894759,-0.8693272921435614,TIME_LIMIT,445344,0,0,10,8
2,8,2.014231e6,-1.0583906890894759,-0.8693272921435614,TIME_LIMIT,445369,0,0,19,23
2,8,2.014321e6,-1.0583801394265686,-0.8693272921435614,TIME_LIMIT,445405,0,0,15,6
2,8,2.014406e6,-1.0583801394265686,-0.8693272921435614,TIME_LIMIT,445426,0,0,11,12
2,8,2.014525e6,-1.058369419368336,-0.8693272921435614,TIME_LIMIT,445460,0,0,9,7
2,8,2.014726e6,-1.058369419368336,-0.8693272921435614,TIME_LIMIT,445489,0,0,20,12
2,8,2.014916e6,-1.0583559743933297,-0.8693272921435614,TIME_LIMIT,445514,0,0,16,7
2,8,2.015066e6,-1.0583559743933297,-0.8693272921435614,TIME_LIMIT,445547,0,0,24,8
2,8,2.015228e6,-1.058346032962544,-0.8693272921435614,TIME_LIMIT,445574,0,0,16,19
2,8,2.01544e6,-1.058346032962544,-0.8693272921435614,TIME_LIMIT,445600,0,0,15,16
2,8,2.01555e6,-1.0583375594448432,-0.8693272921435614,TIME_LIMIT,445634,0,0,11,6
2,8,2.015622e6,-1.0583375594448432,-0.8693272921435614,TIME_LIMIT,445655,0,0,14,9
2,8,2.015761e6,-1.0583334035609822,-0.8693272921435614,TIME_LIMIT,445688,0,0,15,13
2,8,2.015885e6,-1.0583334035609822,-0.8693272921435614,TIME_LIMIT,445713,0,0,17,12
2,8,2.016008e6,-1.0583268726180357,-0.8693272921435614,TIME_LIMIT,445748,0,0,6,8
2,8,2.016203e6,-1.0583268726180357,-0.8693272921435614,TIME_LIMIT,445774,0,0,18,16
2,8,2.016408e6,-1.0583148412226118,-0.8693272921435614,TIME_LIMIT,445813,0,0,20,8
2,8,2.016543e6,-1.0583148412226118,-0.8693272921435614,TIME_LIMIT,445841,0,0,19,12
2,8,2.016648e6,-1.058301588936198,-0.8693272921435614,TIME_LIMIT,445869,0,0,12,7
2,8,2.016848e6,-1.058301588936198,-0.8693272921435614,TIME_LIMIT,445896,0,0,14,10
2,8,2.016975e6,-1.058296275994954,-0.8693272921435614,TIME_LIMIT,445933,0,0,18,14
2,8,2.017174e6,-1.058296275994954,-0.8693272921435614,TIME_LIMIT,445959,0,0,7,6
2,8,2.017292e6,-1.0582956882020542,-0.8693272921435614,TIME_LIMIT,445981,0,0,5,5
2,8,2.017442e6,-1.0582956882020542,-0.8693272921435614,TIME_LIMIT,446011,0,0,5,24
2,8,2.01756e6,-1.0582892395521455,-0.8693272921435614,TIME_LIMIT,446035,0,0,6,5
2,8,2.017637e6,-1.0582892395521455,-0.8693272921435614,TIME_LIMIT,446057,0,0,13,7
2,8,2.017693e6,-1.0582875639841531,-0.8693272921435614,TIME_LIMIT,446080,0,0,8,2
2,8,2.017805e6,-1.0582875639841531,-0.8693272921435614,TIME_LIMIT,446105,0,0,18,11
2,8,2.017925e6,-1.0582868226891753,-0.8693272921435614,TIME_LIMIT,446134,0,0,11,8
2,8,2.018119e6,-1.0582868226891753,-0.8693272921435614,TIME_LIMIT,446157,0,0,10,17
2,8,2.018324e6,-1.0582842176650844,-0.8693272921435614,TIME_LIMIT,446192,0,0,20,13
2,8,2.018433e6,-1.0582842176650844,-0.8693272921435614,TIME_LIMIT,446215,0,0,10,11
2,8,2.018596e6,-1.058270739448139,-0.8693272921435614,TIME_LIMIT,446242,0,0,8,10
2,8,2.018671e6,-1.058270739448139,-0.8693272921435614,TIME_LIMIT,446262,0,0,18,4
2,8,2.018763e6,-1.0582632387421123,-0.8693272921435614,TIME_LIMIT,446290,0,0,12,3
2,8,2.01882e6,-1.0582632387421123,-0.8693272921435614,TIME_LIMIT,446310,0,0,14,14
2,8,2.018916e6,-1.0582582300684082,-0.8693272921435614,TIME_LIMIT,446343,0,0,14,11
2,8,2.019115e6,-1.0582582300684082,-0.8693272921435614,TIME_LIMIT,446363,0,0,17,7
2,8,2.019183e6,-1.05825303277977,-0.8693272921435614,TIME_LIMIT,446388,0,0,14,4
2,8,2.019247e6,-1.05825303277977,-0.8693272921435614,TIME_LIMIT,446401,0,0,10,6
2,8,2.019283e6,-1.058251998189688,-0.8693272921435614,TIME_LIMIT,446425,0,0,10,3
2,8,2.019487e6,-1.058251998189688,-0.8693272921435614,TIME_LIMIT,446447,0,0,15,21
2,8,2.019687e6,-1.0582496723150119,-0.8693272921435614,TIME_LIMIT,446489,0,0,19,11
2,8,2.019743e6,-1.0582496723150119,-0.8693272921435614,TIME_LIMIT,446507,0,0,19,10
2,8,2.019813e6,-1.0582450137377544,-0.8693272921435614,TIME_LIMIT,446531,0,0,11,7
2,8,2.019882e6,-1.0582450137377544,-0.8693272921435614,TIME_LIMIT,446555,0,0,10,16
2,8,2.020003e6,-1.0582448399600817,-0.8693272921435614,TIME_LIMIT,446585,0,0,15,8
2,8,2.020072e6,-1.0582448399600817,-0.8693272921435614,TIME_LIMIT,446603,0,0,13,14
2,8,2.020267e6,-1.0582377274781363,-0.8693272921435614,TIME_LIMIT,446635,0,0,16,8
2,8,2.02037e6,-1.0582377274781363,-0.8693272921435614,TIME_LIMIT,446664,0,0,19,26
2,8,2.020477e6,-1.0582281788698666,-0.8693272921435614,TIME_LIMIT,446687,0,0,16,6
2,8,2.02058e6,-1.0582281788698666,-0.8693272921435614,TIME_LIMIT,446709,0,0,14,13
2,8,2.020666e6,-1.058227891655355,-0.8693272921435614,TIME_LIMIT,446738,0,0,13,7
2,8,2.020816e6,-1.058227891655355,-0.8693272921435614,TIME_LIMIT,446765,0,0,17,10
2,8,2.020874e6,-1.0582201153348967,-0.8693272921435614,TIME_LIMIT,446781,0,0,11,8
2,8,2.021081e6,-1.0582201153348967,-0.8693272921435614,TIME_LIMIT,446805,0,0,18,24
2,8,2.021124e6,-1.058219845381685,-0.8693272921435614,TIME_LIMIT,446826,0,0,10,4
2,8,2.021195e6,-1.058219845381685,-0.8693272921435614,TIME_LIMIT,446847,0,0,9,4
2,8,2.021234e6,-1.0582174623841671,-0.8693272921435614,TIME_LIMIT,446868,0,0,6,9
2,8,2.0214e6,-1.0582174623841671,-0.8693272921435614,TIME_LIMIT,446890,0,0,19,19
2,8,2.021531e6,-1.0582172389742386,-0.8693272921435614,TIME_LIMIT,446930,0,0,19,14
2,8,2.021604e6,-1.0582172389742386,-0.8693272921435614,TIME_LIMIT,446950,0,0,14,9
2,8,2.0217e6,-1.0582168230506903,-0.8693272921435614,TIME_LIMIT,446979,0,0,13,8
2,8,2.021796e6,-1.0582168230506903,-0.8693272921435614,TIME_LIMIT,446995,0,0,12,17
2,8,2.021952e6,-1.0582028048195973,-0.8693272921435614,TIME_LIMIT,447021,0,0,9,4
2,8,2.022026e6,-1.0582028048195973,-0.8693272921435614,TIME_LIMIT,447041,0,0,22,23
2,8,2.022217e6,-1.0582001741569464,-0.8693272921435614,TIME_LIMIT,447081,0,0,20,9
2,8,2.02241e6,-1.0582001741569464,-0.8693272921435614,TIME_LIMIT,447109,0,0,23,23
2,8,2.022615e6,-1.058191203389451,-0.8693272921435614,TIME_LIMIT,447140,0,0,11,5
2,8,2.022711e6,-1.058191203389451,-0.8693272921435614,TIME_LIMIT,447158,0,0,14,17
2,8,2.022814e6,-1.0581870932180484,-0.8693272921435614,TIME_LIMIT,447188,0,0,17,3
2,8,2.022853e6,-1.0581870932180484,-0.8693272921435614,TIME_LIMIT,447204,0,0,11,10
2,8,2.022935e6,-1.0581782233593033,-0.8693272921435614,TIME_LIMIT,447227,0,0,6,8
2,8,2.02303e6,-1.0581782233593033,-0.8693272921435614,TIME_LIMIT,447247,0,0,16,14
2,8,2.023215e6,-1.0581767455587614,-0.8693272921435614,TIME_LIMIT,447272,0,0,14,7
2,8,2.023255e6,-1.0581767455587614,-0.8693272921435614,TIME_LIMIT,447291,0,0,11,7
2,8,2.023301e6,-1.058158994878544,-0.8693272921435614,TIME_LIMIT,447311,0,0,6,2
2,8,2.023445e6,-1.058158994878544,-0.8693272921435614,TIME_LIMIT,447340,0,0,17,13
2,8,2.02355e6,-1.058156599433399,-0.8693272921435614,TIME_LIMIT,447365,0,0,15,7
2,8,2.023602e6,-1.058156599433399,-0.8693272921435614,TIME_LIMIT,447386,0,0,13,4
2,8,2.023688e6,-1.058152001327396,-0.8693272921435614,TIME_LIMIT,447411,0,0,4,4
2,8,2.023797e6,-1.058152001327396,-0.8693272921435614,TIME_LIMIT,447438,0,0,13,10
2,8,2.023954e6,-1.0581519562702468,-0.8693272921435614,TIME_LIMIT,447459,0,0,13,11
2,8,2.024148e6,-1.0581519562702468,-0.8693272921435614,TIME_LIMIT,447483,0,0,18,17
2,8,2.024309e6,-1.058146768365355,-0.8693272921435614,TIME_LIMIT,447519,0,0,16,8
2,8,2.02451e6,-1.058146768365355,-0.8693272921435614,TIME_LIMIT,447545,0,0,28,21
2,8,2.024668e6,-1.0581381382304342,-0.8693272921435614,TIME_LIMIT,447583,0,0,23,8
2,8,2.024777e6,-1.0581381382304342,-0.8693272921435614,TIME_LIMIT,447602,0,0,15,16
2,8,2.024851e6,-1.058133054782753,-0.8693272921435614,TIME_LIMIT,447626,0,0,9,5
2,8,2.024913e6,-1.058133054782753,-0.8693272921435614,TIME_LIMIT,447644,0,0,17,23
2,8,2.025017e6,-1.0581308574178494,-0.8693272921435614,TIME_LIMIT,447684,0,0,11,6
2,8,2.02512e6,-1.0581308574178494,-0.8693272921435614,TIME_LIMIT,447704,0,0,12,7
2,8,2.025212e6,-1.0581257031382139,-0.8693272921435614,TIME_LIMIT,447733,0,0,12,7
2,8,2.025337e6,-1.0581257031382139,-0.8693272921435614,TIME_LIMIT,447750,0,0,10,16
2,8,2.025381e6,-1.05811643070332,-0.8693272921435614,TIME_LIMIT,447770,0,0,9,5
2,8,2.025582e6,-1.05811643070332,-0.8693272921435614,TIME_LIMIT,447799,0,0,31,27
2,8,2.025782e6,-1.0581162482347337,-0.8693272921435614,TIME_LIMIT,447841,0,0,20,24
2,8,2.025905e6,-1.0581162482347337,-0.8693272921435614,TIME_LIMIT,447862,0,0,14,9
2,8,2.025973e6,-1.058111187889387,-0.8693272921435614,TIME_LIMIT,447888,0,0,11,3
2,8,2.026031e6,-1.058111187889387,-0.8693272921435614,TIME_LIMIT,447906,0,0,14,6
2,8,2.026059e6,-1.058109199434214,-0.8693272921435614,TIME_LIMIT,447925,0,0,9,9
2,8,2.026119e6,-1.058109199434214,-0.8693272921435614,TIME_LIMIT,447947,0,0,13,8
2,8,2.026175e6,-1.05810421067682,-0.8693272921435614,TIME_LIMIT,447964,0,0,10,6
2,8,2.026301e6,-1.05810421067682,-0.8693272921435614,TIME_LIMIT,447982,0,0,20,9
2,8,2.026409e6,-1.0580986962001093,-0.8693272921435614,TIME_LIMIT,448014,0,0,7,5
2,8,2.026613e6,-1.0580986962001093,-0.8693272921435614,TIME_LIMIT,448038,0,0,18,11
2,8,2.026726e6,-1.0580972174189385,-0.8693272921435614,TIME_LIMIT,448065,0,0,14,12
2,8,2.02693e6,-1.0580972174189385,-0.8693272921435614,TIME_LIMIT,448084,0,0,18,27
2,8,2.02713e6,-1.058095812586528,-0.8693272921435614,TIME_LIMIT,448118,0,0,15,12
2,8,2.027286e6,-1.058095812586528,-0.8693272921435614,TIME_LIMIT,448141,0,0,15,8
2,8,2.027446e6,-1.058075864964168,-0.8693272921435614,TIME_LIMIT,448165,0,0,16,8
2,8,2.027591e6,-1.058075864964168,-0.8693272921435614,TIME_LIMIT,448191,0,0,16,17
2,8,2.027724e6,-1.0580728148471374,-0.8693272921435614,TIME_LIMIT,448222,0,0,10,8
2,8,2.027806e6,-1.0580728148471374,-0.8693272921435614,TIME_LIMIT,448244,0,0,15,9
2,8,2.028022e6,-1.0580700254763054,-0.8693272921435614,TIME_LIMIT,448275,0,0,16,12
2,8,2.028229e6,-1.0580700254763054,-0.8693272921435614,TIME_LIMIT,448298,0,0,10,8
2,8,2.028359e6,-1.0580663376048438,-0.8693272921435614,TIME_LIMIT,448319,0,0,12,4
2,8,2.028565e6,-1.0580663376048438,-0.8693272921435614,TIME_LIMIT,448350,0,0,23,15
2,8,2.028688e6,-1.0580585651766201,-0.8693272921435614,TIME_LIMIT,448369,0,0,18,14
2,8,2.02879e6,-1.0580585651766201,-0.8693272921435614,TIME_LIMIT,448386,0,0,14,14
2,8,2.028945e6,-1.0580560550433329,-0.8693272921435614,TIME_LIMIT,448424,0,0,17,6
2,8,2.029104e6,-1.0580560550433329,-0.8693272921435614,TIME_LIMIT,448449,0,0,16,10
2,8,2.029189e6,-1.0580498668399023,-0.8693272921435614,TIME_LIMIT,448479,0,0,14,8
2,8,2.029341e6,-1.0580498668399023,-0.8693272921435614,TIME_LIMIT,448500,0,0,15,11
2,8,2.029541e6,-1.0580353265287052,-0.8693272921435614,TIME_LIMIT,448526,0,0,12,5
2,8,2.029644e6,-1.0580353265287052,-0.8693272921435614,TIME_LIMIT,448550,0,0,17,10
2,8,2.029786e6,-1.058033382690737,-0.8693272921435614,TIME_LIMIT,448577,0,0,15,6
2,8,2.029859e6,-1.058033382690737,-0.8693272921435614,TIME_LIMIT,448597,0,0,19,18
2,8,2.029902e6,-1.058031282275321,-0.8693272921435614,TIME_LIMIT,448618,0,0,11,2
2,8,2.029966e6,-1.058031282275321,-0.8693272921435614,TIME_LIMIT,448638,0,0,15,12
2,8,2.030008e6,-1.0580109995643698,-0.8693272921435614,TIME_LIMIT,448657,0,0,9,2
2,8,2.030087e6,-1.0580109995643698,-0.8693272921435614,TIME_LIMIT,448673,0,0,11,7
2,8,2.030119e6,-1.0580103234716973,-0.8693272921435614,TIME_LIMIT,448691,0,0,3,4
2,8,2.030175e6,-1.0580103234716973,-0.8693272921435614,TIME_LIMIT,448711,0,0,10,3
2,8,2.030233e6,-1.0580099985402525,-0.8693272921435614,TIME_LIMIT,448735,0,0,15,2
2,8,2.030401e6,-1.0580099985402525,-0.8693272921435614,TIME_LIMIT,448759,0,0,19,18
2,8,2.030536e6,-1.0580060298901812,-0.8693272921435614,TIME_LIMIT,448793,0,0,19,3
2,8,2.030613e6,-1.0580060298901812,-0.8693272921435614,TIME_LIMIT,448814,0,0,15,13
2,8,2.030706e6,-1.0580027289871579,-0.8693272921435614,TIME_LIMIT,448844,0,0,12,5
2,8,2.03075e6,-1.0580027289871579,-0.8693272921435614,TIME_LIMIT,448863,0,0,13,11
2,8,2.030812e6,-1.0580005603885716,-0.8693272921435614,TIME_LIMIT,448888,0,0,12,3
2,8,2.030863e6,-1.0580005603885716,-0.8693272921435614,TIME_LIMIT,448907,0,0,11,6
2,8,2.030906e6,-1.0580002358914316,-0.8693272921435614,TIME_LIMIT,448925,0,0,7,7
2,8,2.031011e6,-1.0580002358914316,-0.8693272921435614,TIME_LIMIT,448945,0,0,10,6
2,8,2.031058e6,-1.0579872568426207,-0.8693272921435614,TIME_LIMIT,448963,0,0,8,5
2,8,2.031151e6,-1.0579872568426207,-0.8693272921435614,TIME_LIMIT,448982,0,0,15,22
2,8,2.031235e6,-1.057985835598069,-0.8693272921435614,TIME_LIMIT,449016,0,0,15,8
2,8,2.031281e6,-1.057985835598069,-0.8693272921435614,TIME_LIMIT,449028,0,0,15,7
2,8,2.031404e6,-1.057976883068967,-0.8693272921435614,TIME_LIMIT,449059,0,0,5,5
2,8,2.031544e6,-1.057976883068967,-0.8693272921435614,TIME_LIMIT,449089,0,0,19,14
2,8,2.031734e6,-1.057968841800204,-0.8693272921435614,TIME_LIMIT,449115,0,0,16,6
2,8,2.03188e6,-1.057968841800204,-0.8693272921435614,TIME_LIMIT,449137,0,0,15,5
2,8,2.031936e6,-1.0579673061149668,-0.8693272921435614,TIME_LIMIT,449154,0,0,10,3
2,8,2.031983e6,-1.0579673061149668,-0.8693272921435614,TIME_LIMIT,449172,0,0,11,7
2,8,2.032041e6,-1.0579657120120678,-0.8693272921435614,TIME_LIMIT,449192,0,0,9,3
2,8,2.032213e6,-1.0579657120120678,-0.8693272921435614,TIME_LIMIT,449216,0,0,17,10
2,8,2.032332e6,-1.0579635652020798,-0.8693272921435614,TIME_LIMIT,449252,0,0,14,8
2,8,2.032389e6,-1.0579635652020798,-0.8693272921435614,TIME_LIMIT,449269,0,0,9,6
2,8,2.032507e6,-1.0579594291436356,-0.8693272921435614,TIME_LIMIT,449302,0,0,15,3
2,8,2.032555e6,-1.0579594291436356,-0.8693272921435614,TIME_LIMIT,449317,0,0,13,3
2,8,2.032611e6,-1.057956787771752,-0.8693272921435614,TIME_LIMIT,449337,0,0,10,3
2,8,2.033314e6,-1.057956787771752,-0.8693272921435614,TIME_LIMIT,449356,0,0,17,29
2,8,2.03352e6,-1.0579537319740588,-0.8693272921435614,TIME_LIMIT,449386,0,0,11,14
2,8,2.03357e6,-1.0579537319740588,-0.8693272921435614,TIME_LIMIT,449405,0,0,13,11
2,8,2.033676e6,-1.057946389174493,-0.8693272921435614,TIME_LIMIT,449433,0,0,12,3
2,8,2.033783e6,-1.057946389174493,-0.8693272921435614,TIME_LIMIT,449449,0,0,13,5
2,8,2.033819e6,-1.0579433095503346,-0.8693272921435614,TIME_LIMIT,449471,0,0,12,3
2,8,2.033901e6,-1.0579433095503346,-0.8693272921435614,TIME_LIMIT,449494,0,0,21,28
2,8,2.034088e6,-1.0579408604495613,-0.8693272921435614,TIME_LIMIT,449531,0,0,21,7
2,8,2.034153e6,-1.0579408604495613,-0.8693272921435614,TIME_LIMIT,449554,0,0,12,13
2,8,2.034209e6,-1.0579327198195592,-0.8693272921435614,TIME_LIMIT,449568,0,0,11,5
2,8,2.034393e6,-1.0579327198195592,-0.8693272921435614,TIME_LIMIT,449595,0,0,19,27
2,8,2.034546e6,-1.0579295599796978,-0.8693272921435614,TIME_LIMIT,449631,0,0,19,8
2,8,2.034616e6,-1.0579295599796978,-0.8693272921435614,TIME_LIMIT,449648,0,0,10,5
2,8,2.034748e6,-1.0579295280854701,-0.8693272921435614,TIME_LIMIT,449665,0,0,10,8
2,8,2.034842e6,-1.0579295280854701,-0.8693272921435614,TIME_LIMIT,449684,0,0,8,8
2,8,2.034962e6,-1.057923221144875,-0.8693272921435614,TIME_LIMIT,449718,0,0,15,8
2,8,2.035077e6,-1.057923221144875,-0.8693272921435614,TIME_LIMIT,449744,0,0,10,6
2,8,2.0352e6,-1.0579215733749447,-0.8693272921435614,TIME_LIMIT,449776,0,0,6,11
2,8,2.035386e6,-1.0579215733749447,-0.8693272921435614,TIME_LIMIT,449801,0,0,15,17
2,8,2.035609e6,-1.0579212602839392,-0.8693272921435614,TIME_LIMIT,449834,0,0,13,9
2,8,2.035744e6,-1.0579212602839392,-0.8693272921435614,TIME_LIMIT,449857,0,0,17,4
2,8,2.035787e6,-1.057910884386903,-0.8693272921435614,TIME_LIMIT,449872,0,0,8,7
2,8,2.035859e6,-1.057910884386903,-0.8693272921435614,TIME_LIMIT,449893,0,0,20,7
2,8,2.035999e6,-1.0579036143204628,-0.8693272921435614,TIME_LIMIT,449928,0,0,15,6
2,8,2.036075e6,-1.0579036143204628,-0.8693272921435614,TIME_LIMIT,449947,0,0,12,11
2,8,2.036147e6,-1.057902718112362,-0.8693272921435614,TIME_LIMIT,449973,0,0,10,9
2,8,2.036283e6,-1.057902718112362,-0.8693272921435614,TIME_LIMIT,449996,0,0,15,19
2,8,2.036402e6,-1.0578993875686211,-0.8693272921435614,TIME_LIMIT,450026,0,0,10,8
2,8,2.036446e6,-1.0578993875686211,-0.8693272921435614,TIME_LIMIT,450045,0,0,9,6
2,8,2.036484e6,-1.0578975515860494,-0.8693272921435614,TIME_LIMIT,450058,0,0,7,3
2,8,2.036575e6,-1.0578975515860494,-0.8693272921435614,TIME_LIMIT,450084,0,0,19,4
2,8,2.036671e6,-1.057893856228143,-0.8693272921435614,TIME_LIMIT,450117,0,0,14,7
2,8,2.036876e6,-1.057893856228143,-0.8693272921435614,TIME_LIMIT,450143,0,0,18,22
2,8,2.037037e6,-1.0578887066457625,-0.8693272921435614,TIME_LIMIT,450170,0,0,20,16
2,8,2.037104e6,-1.0578887066457625,-0.8693272921435614,TIME_LIMIT,450190,0,0,12,20
2,8,2.037229e6,-1.0578772073115297,-0.8693272921435614,TIME_LIMIT,450222,0,0,13,9
2,8,2.03731e6,-1.0578772073115297,-0.8693272921435614,TIME_LIMIT,450245,0,0,10,14
2,8,2.037386e6,-1.0578671478433086,-0.8693272921435614,TIME_LIMIT,450272,0,0,11,5
2,8,2.037465e6,-1.0578671478433086,-0.8693272921435614,TIME_LIMIT,450289,0,0,18,17
2,8,2.037572e6,-1.0578661666569529,-0.8693272921435614,TIME_LIMIT,450324,0,0,18,10
2,8,2.037784e6,-1.0578661666569529,-0.8693272921435614,TIME_LIMIT,450351,0,0,18,12
2,8,2.037923e6,-1.0578635028364693,-0.8693272921435614,TIME_LIMIT,450387,0,0,19,5
2,8,2.038125e6,-1.0578635028364693,-0.8693272921435614,TIME_LIMIT,450414,0,0,20,14
2,8,2.038303e6,-1.0578583795548173,-0.8693272921435614,TIME_LIMIT,450449,0,0,16,8
2,8,2.038413e6,-1.0578583795548173,-0.8693272921435614,TIME_LIMIT,450473,0,0,5,14
2,8,2.038489e6,-1.057855214941696,-0.8693272921435614,TIME_LIMIT,450495,0,0,7,5
2,8,2.038652e6,-1.057855214941696,-0.8693272921435614,TIME_LIMIT,450517,0,0,11,9
2,8,2.038705e6,-1.0578537109560135,-0.8693272921435614,TIME_LIMIT,450539,0,0,7,1
2,8,2.038928e6,-1.0578537109560135,-0.8693272921435614,TIME_LIMIT,450566,0,0,10,12
2,8,2.039098e6,-1.0578523993235296,-0.8693272921435614,TIME_LIMIT,450600,0,0,19,15
2,8,2.039314e6,-1.0578523993235296,-0.8693272921435614,TIME_LIMIT,450619,0,0,18,29
2,8,2.039507e6,-1.0578517015255966,-0.8693272921435614,TIME_LIMIT,450662,0,0,16,11
2,8,2.039687e6,-1.0578517015255966,-0.8693272921435614,TIME_LIMIT,450683,0,0,13,14
2,8,2.039899e6,-1.0578505925708694,-0.8693272921435614,TIME_LIMIT,450712,0,0,15,8
2,8,2.03998e6,-1.0578505925708694,-0.8693272921435614,TIME_LIMIT,450735,0,0,19,14
2,8,2.040162e6,-1.0578496935977189,-0.8693272921435614,TIME_LIMIT,450766,0,0,11,14
2,8,2.040292e6,-1.0578496935977189,-0.8693272921435614,TIME_LIMIT,450787,0,0,10,26
2,8,2.040509e6,-1.0578455244234717,-0.8693272921435614,TIME_LIMIT,450816,0,0,15,3
2,8,2.040725e6,-1.0578455244234717,-0.8693272921435614,TIME_LIMIT,450844,0,0,22,26
2,8,2.040942e6,-1.0578376534894463,-0.8693272921435614,TIME_LIMIT,450886,0,0,17,10
2,8,2.041151e6,-1.0578376534894463,-0.8693272921435614,TIME_LIMIT,450914,0,0,21,15
2,8,2.041368e6,-1.0578355156293346,-0.8693272921435614,TIME_LIMIT,450950,0,0,16,7
2,8,2.041446e6,-1.0578355156293346,-0.8693272921435614,TIME_LIMIT,450968,0,0,16,24
2,8,2.041668e6,-1.057834672916023,-0.8693272921435614,TIME_LIMIT,450998,0,0,10,9
2,8,2.041888e6,-1.057834672916023,-0.8693272921435614,TIME_LIMIT,451018,0,0,16,24
2,8,2.04203e6,-1.0578317091270435,-0.8693272921435614,TIME_LIMIT,451049,0,0,15,7
2,8,2.042097e6,-1.0578317091270435,-0.8693272921435614,TIME_LIMIT,451067,0,0,20,9
2,8,2.042182e6,-1.0578303379351057,-0.8693272921435614,TIME_LIMIT,451102,0,0,16,7
2,8,2.042235e6,-1.0578303379351057,-0.8693272921435614,TIME_LIMIT,451116,0,0,11,3
2,8,2.042417e6,-1.0578252005831201,-0.8693272921435614,TIME_LIMIT,451143,0,0,10,3
2,8,2.042529e6,-1.0578252005831201,-0.8693272921435614,TIME_LIMIT,451163,0,0,15,6
2,8,2.042699e6,-1.0578241315003278,-0.8693272921435614,TIME_LIMIT,451197,0,0,16,7
2,8,2.042808e6,-1.0578241315003278,-0.8693272921435614,TIME_LIMIT,451220,0,0,13,10
2,8,2.042864e6,-1.0578234281172778,-0.8693272921435614,TIME_LIMIT,451243,0,0,10,10
2,8,2.043041e6,-1.0578234281172778,-0.8693272921435614,TIME_LIMIT,451272,0,0,18,17
2,8,2.043258e6,-1.0578194604660336,-0.8693272921435614,TIME_LIMIT,451303,0,0,16,6
2,8,2.043376e6,-1.0578194604660336,-0.8693272921435614,TIME_LIMIT,451326,0,0,14,9
2,8,2.043458e6,-1.0578112946140747,-0.8693272921435614,TIME_LIMIT,451353,0,0,11,4
2,8,2.043643e6,-1.0578112946140747,-0.8693272921435614,TIME_LIMIT,451379,0,0,14,5
2,8,2.043843e6,-1.0578109298949698,-0.8693272921435614,TIME_LIMIT,451400,0,0,9,6
2,8,2.043986e6,-1.0578109298949698,-0.8693272921435614,TIME_LIMIT,451423,0,0,23,18
2,8,2.044202e6,-1.0578098129516056,-0.8693272921435614,TIME_LIMIT,451456,0,0,17,10
2,8,2.044272e6,-1.0578098129516056,-0.8693272921435614,TIME_LIMIT,451475,0,0,6,12
2,8,2.044357e6,-1.0578054344858447,-0.8693272921435614,TIME_LIMIT,451499,0,0,8,2
2,8,2.044488e6,-1.0578054344858447,-0.8693272921435614,TIME_LIMIT,451528,0,0,23,17
2,8,2.044709e6,-1.0577947953211855,-0.8693272921435614,TIME_LIMIT,451564,0,0,18,8
2,8,2.044829e6,-1.0577947953211855,-0.8693272921435614,TIME_LIMIT,451589,0,0,15,11
2,8,2.045004e6,-1.0577832359212658,-0.8693272921435614,TIME_LIMIT,451625,0,0,11,4
2,8,2.045048e6,-1.0577832359212658,-0.8693272921435614,TIME_LIMIT,451637,0,0,8,10
2,8,2.045136e6,-1.057779747286999,-0.8693272921435614,TIME_LIMIT,451658,0,0,6,5
2,8,2.045355e6,-1.057779747286999,-0.8693272921435614,TIME_LIMIT,451683,0,0,26,38
2,8,2.045579e6,-1.0577714084408887,-0.8693272921435614,TIME_LIMIT,451724,0,0,22,16
2,8,2.045647e6,-1.0577714084408887,-0.8693272921435614,TIME_LIMIT,451737,0,0,13,22
2,8,2.045735e6,-1.0577686195895555,-0.8693272921435614,TIME_LIMIT,451764,0,0,7,4
2,8,2.045866e6,-1.0577686195895555,-0.8693272921435614,TIME_LIMIT,451777,0,0,6,14
2,8,2.045945e6,-1.0577677949408484,-0.8693272921435614,TIME_LIMIT,451805,0,0,12,7
2,8,2.046075e6,-1.0577677949408484,-0.8693272921435614,TIME_LIMIT,451827,0,0,19,19
2,8,2.046267e6,-1.0577671523691197,-0.8693272921435614,TIME_LIMIT,451863,0,0,14,9
2,8,2.04648e6,-1.0577671523691197,-0.8693272921435614,TIME_LIMIT,451886,0,0,7,17
2,8,2.046618e6,-1.0577649137517149,-0.8693272921435614,TIME_LIMIT,451924,0,0,18,8
2,8,2.04684e6,-1.0577649137517149,-0.8693272921435614,TIME_LIMIT,451942,0,0,19,29
2,8,2.046983e6,-1.057764878375389,-0.8693272921435614,TIME_LIMIT,451975,0,0,13,9
2,8,2.047053e6,-1.057764878375389,-0.8693272921435614,TIME_LIMIT,451993,0,0,12,8
2,8,2.047128e6,-1.057764424977547,-0.8693272921435614,TIME_LIMIT,452020,0,0,9,8
2,8,2.04733e6,-1.057764424977547,-0.8693272921435614,TIME_LIMIT,452044,0,0,21,19
2,8,2.047549e6,-1.0577624859710615,-0.8693272921435614,TIME_LIMIT,452078,0,0,14,7
2,8,2.047677e6,-1.0577624859710615,-0.8693272921435614,TIME_LIMIT,452094,0,0,12,15
2,8,2.047808e6,-1.057760624552388,-0.8693272921435614,TIME_LIMIT,452128,0,0,13,6
2,8,2.0479e6,-1.057760624552388,-0.8693272921435614,TIME_LIMIT,452150,0,0,7,7
2,8,2.04795e6,-1.0577593922527018,-0.8693272921435614,TIME_LIMIT,452164,0,0,8,1
2,8,2.047996e6,-1.0577593922527018,-0.8693272921435614,TIME_LIMIT,452181,0,0,6,6
2,8,2.048021e6,-1.057757201717823,-0.8693272921435614,TIME_LIMIT,452195,0,0,5,2
2,8,2.048231e6,-1.057757201717823,-0.8693272921435614,TIME_LIMIT,452214,0,0,16,19
2,8,2.04844e6,-1.0577477028983462,-0.8693272921435614,TIME_LIMIT,452249,0,0,17,9
2,8,2.048569e6,-1.0577477028983462,-0.8693272921435614,TIME_LIMIT,452272,0,0,15,33
2,8,2.04877e6,-1.0577467502771114,-0.8693272921435614,TIME_LIMIT,452301,0,0,20,8
2,8,2.048854e6,-1.0577467502771114,-0.8693272921435614,TIME_LIMIT,452315,0,0,12,12
2,8,2.048973e6,-1.057743988182175,-0.8693272921435614,TIME_LIMIT,452338,0,0,9,7
2,8,2.04906e6,-1.057743988182175,-0.8693272921435614,TIME_LIMIT,452365,0,0,22,15
2,8,2.049171e6,-1.0577394383141145,-0.8693272921435614,TIME_LIMIT,452383,0,0,11,7
2,8,2.049384e6,-1.0577394383141145,-0.8693272921435614,TIME_LIMIT,452409,0,0,17,15
2,8,2.049601e6,-1.0577336542851017,-0.8693272921435614,TIME_LIMIT,452440,0,0,15,5
2,8,2.049688e6,-1.0577336542851017,-0.8693272921435614,TIME_LIMIT,452461,0,0,19,6
2,8,2.049754e6,-1.0577313839238278,-0.8693272921435614,TIME_LIMIT,452484,0,0,10,3
2,8,2.049888e6,-1.0577313839238278,-0.8693272921435614,TIME_LIMIT,452506,0,0,8,8
2,8,2.049977e6,-1.0577273342851448,-0.8693272921435614,TIME_LIMIT,452525,0,0,4,3
2,8,2.050078e6,-1.0577273342851448,-0.8693272921435614,TIME_LIMIT,452549,0,0,5,19
2,8,2.050292e6,-1.057720718016852,-0.8693272921435614,TIME_LIMIT,452585,0,0,16,13
2,8,2.050419e6,-1.057720718016852,-0.8693272921435614,TIME_LIMIT,452603,0,0,15,20
2,8,2.050492e6,-1.0577197158372067,-0.8693272921435614,TIME_LIMIT,452627,0,0,8,3
2,8,2.050562e6,-1.0577197158372067,-0.8693272921435614,TIME_LIMIT,452645,0,0,15,13
2,8,2.050754e6,-1.0577188441778738,-0.8693272921435614,TIME_LIMIT,452679,0,0,13,9
2,8,2.050825e6,-1.0577188441778738,-0.8693272921435614,TIME_LIMIT,452698,0,0,16,18
2,8,2.050937e6,-1.0577175473013165,-0.8693272921435614,TIME_LIMIT,452727,0,0,14,3
2,8,2.051154e6,-1.0577175473013165,-0.8693272921435614,TIME_LIMIT,452753,0,0,24,17
2,8,2.051368e6,-1.0577091947491466,-0.8693272921435614,TIME_LIMIT,452789,0,0,19,6
2,8,2.05144e6,-1.0577091947491466,-0.8693272921435614,TIME_LIMIT,452804,0,0,11,10
2,8,2.05152e6,-1.0576984222396597,-0.8693272921435614,TIME_LIMIT,452833,0,0,12,4
2,8,2.051632e6,-1.0576984222396597,-0.8693272921435614,TIME_LIMIT,452860,0,0,10,15
2,8,2.051849e6,-1.0576969264893434,-0.8693272921435614,TIME_LIMIT,452892,0,0,10,12
2,8,2.051995e6,-1.0576969264893434,-0.8693272921435614,TIME_LIMIT,452916,0,0,12,10
2,8,2.052083e6,-1.057696862209827,-0.8693272921435614,TIME_LIMIT,452942,0,0,13,12
2,8,2.052309e6,-1.057696862209827,-0.8693272921435614,TIME_LIMIT,452970,0,0,16,21
2,8,2.05253e6,-1.0576936721399952,-0.8693272921435614,TIME_LIMIT,453011,0,0,21,14
2,8,2.052735e6,-1.0576936721399952,-0.8693272921435614,TIME_LIMIT,453035,0,0,16,21
2,8,2.052887e6,-1.057692084389787,-0.8693272921435614,TIME_LIMIT,453064,0,0,13,7
2,8,2.053028e6,-1.057692084389787,-0.8693272921435614,TIME_LIMIT,453084,0,0,12,9
2,8,2.053099e6,-1.0576901260981233,-0.8693272921435614,TIME_LIMIT,453108,0,0,11,5
2,8,2.053318e6,-1.0576901260981233,-0.8693272921435614,TIME_LIMIT,453128,0,0,22,21
2,8,2.05349e6,-1.057678611992425,-0.8693272921435614,TIME_LIMIT,453165,0,0,7,8
2,8,2.053538e6,-1.057678611992425,-0.8693272921435614,TIME_LIMIT,453188,0,0,12,6
2,8,2.053642e6,-1.0576723137325228,-0.8693272921435614,TIME_LIMIT,453206,0,0,11,6
2,8,2.053718e6,-1.0576723137325228,-0.8693272921435614,TIME_LIMIT,453228,0,0,17,17
2,8,2.053807e6,-1.0576701899585947,-0.8693272921435614,TIME_LIMIT,453258,0,0,19,7
2,8,2.053909e6,-1.0576701899585947,-0.8693272921435614,TIME_LIMIT,453280,0,0,20,23
2,8,2.054081e6,-1.0576595944931935,-0.8693272921435614,TIME_LIMIT,453315,0,0,12,14
2,8,2.054207e6,-1.0576595944931935,-0.8693272921435614,TIME_LIMIT,453330,0,0,14,6
2,8,2.054278e6,-1.057654467650825,-0.8693272921435614,TIME_LIMIT,453352,0,0,7,6
2,8,2.054326e6,-1.057654467650825,-0.8693272921435614,TIME_LIMIT,453366,0,0,10,12
2,8,2.054471e6,-1.057652594898093,-0.8693272921435614,TIME_LIMIT,453395,0,0,13,6
2,8,2.054529e6,-1.057652594898093,-0.8693272921435614,TIME_LIMIT,453417,0,0,10,14
2,8,2.054753e6,-1.0576521143566116,-0.8693272921435614,TIME_LIMIT,453450,0,0,10,9
2,8,2.054774e6,-1.0576521143566116,-0.8693272921435614,TIME_LIMIT,453460,0,0,5,1
2,8,2.054801e6,-1.0576482913013159,-0.8693272921435614,TIME_LIMIT,453467,0,0,3,3
2,8,2.055027e6,-1.0576482913013159,-0.8693272921435614,TIME_LIMIT,453487,0,0,15,14
2,8,2.055255e6,-1.0576457915257247,-0.8693272921435614,TIME_LIMIT,453524,0,0,17,5
2,8,2.05548e6,-1.0576457915257247,-0.8693272921435614,TIME_LIMIT,453548,0,0,18,7
2,8,2.055576e6,-1.0576376247761794,-0.8693272921435614,TIME_LIMIT,453573,0,0,11,7
2,8,2.055795e6,-1.0576376247761794,-0.8693272921435614,TIME_LIMIT,453592,0,0,17,23
2,8,2.056008e6,-1.0576308095059899,-0.8693272921435614,TIME_LIMIT,453624,0,0,13,10
2,8,2.056096e6,-1.0576308095059899,-0.8693272921435614,TIME_LIMIT,453645,0,0,15,9
2,8,2.05618e6,-1.0576235023934055,-0.8693272921435614,TIME_LIMIT,453672,0,0,13,8
2,8,2.056272e6,-1.0576235023934055,-0.8693272921435614,TIME_LIMIT,453685,0,0,11,7
2,8,2.056324e6,-1.0576162795701975,-0.8693272921435614,TIME_LIMIT,453709,0,0,13,4
2,8,2.056457e6,-1.0576162795701975,-0.8693272921435614,TIME_LIMIT,453727,0,0,9,8
2,8,2.056507e6,-1.0576155402755316,-0.8693272921435614,TIME_LIMIT,453748,0,0,15,4
2,8,2.05661e6,-1.0576155402755316,-0.8693272921435614,TIME_LIMIT,453767,0,0,13,18
2,8,2.056695e6,-1.0576154676550376,-0.8693272921435614,TIME_LIMIT,453785,0,0,12,9
2,8,2.05688e6,-1.0576154676550376,-0.8693272921435614,TIME_LIMIT,453808,0,0,17,15
2,8,2.057013e6,-1.0576123684066951,-0.8693272921435614,TIME_LIMIT,453836,0,0,10,7
2,8,2.057128e6,-1.0576123684066951,-0.8693272921435614,TIME_LIMIT,453864,0,0,19,20
2,8,2.057245e6,-1.0576011832518608,-0.8693272921435614,TIME_LIMIT,453893,0,0,6,3
2,8,2.0573e6,-1.0576011832518608,-0.8693272921435614,TIME_LIMIT,453912,0,0,15,9
2,8,2.057341e6,-1.0575946177690008,-0.8693272921435614,TIME_LIMIT,453930,0,0,8,1
2,8,2.057556e6,-1.0575946177690008,-0.8693272921435614,TIME_LIMIT,453955,0,0,22,21
2,8,2.057757e6,-1.057593841606825,-0.8693272921435614,TIME_LIMIT,454000,0,0,23,7
2,8,2.057853e6,-1.057593841606825,-0.8693272921435614,TIME_LIMIT,454019,0,0,15,7
2,8,2.057963e6,-1.0575804381551328,-0.8693272921435614,TIME_LIMIT,454045,0,0,8,9
2,8,2.05818e6,-1.0575804381551328,-0.8693272921435614,TIME_LIMIT,454068,0,0,20,18
2,8,2.058398e6,-1.057574387840295,-0.8693272921435614,TIME_LIMIT,454106,0,0,18,17
2,8,2.058614e6,-1.057574387840295,-0.8693272921435614,TIME_LIMIT,454129,0,0,20,10
2,8,2.058783e6,-1.0575735142326237,-0.8693272921435614,TIME_LIMIT,454159,0,0,6,5
2,8,2.058999e6,-1.0575735142326237,-0.8693272921435614,TIME_LIMIT,454183,0,0,25,20
2,8,2.059148e6,-1.0575647022632877,-0.8693272921435614,TIME_LIMIT,454214,0,0,12,11
2,8,2.059328e6,-1.0575647022632877,-0.8693272921435614,TIME_LIMIT,454240,0,0,9,11
2,8,2.05948e6,-1.0575593912118009,-0.8693272921435614,TIME_LIMIT,454276,0,0,15,3
2,8,2.059634e6,-1.0575593912118009,-0.8693272921435614,TIME_LIMIT,454299,0,0,21,21
2,8,2.059786e6,-1.0575589298159718,-0.8693272921435614,TIME_LIMIT,454326,0,0,21,8
2,8,2.059893e6,-1.0575589298159718,-0.8693272921435614,TIME_LIMIT,454346,0,0,9,10
2,8,2.059933e6,-1.057557147718844,-0.8693272921435614,TIME_LIMIT,454365,0,0,4,2
2,8,2.059973e6,-1.057557147718844,-0.8693272921435614,TIME_LIMIT,454380,0,0,10,7
2,8,2.060008e6,-1.0575534382954208,-0.8693272921435614,TIME_LIMIT,454395,0,0,3,3
2,8,2.060206e6,-1.0575534382954208,-0.8693272921435614,TIME_LIMIT,454420,0,0,19,13
2,8,2.060332e6,-1.057547172839231,-0.8693272921435614,TIME_LIMIT,454455,0,0,15,8
2,8,2.06055e6,-1.057547172839231,-0.8693272921435614,TIME_LIMIT,454481,0,0,16,17
2,8,2.060758e6,-1.0575418012464672,-0.8693272921435614,TIME_LIMIT,454511,0,0,11,7
2,8,2.060894e6,-1.0575418012464672,-0.8693272921435614,TIME_LIMIT,454536,0,0,16,4
2,8,2.060979e6,-1.0575399105166943,-0.8693272921435614,TIME_LIMIT,454555,0,0,12,7
2,8,2.061084e6,-1.0575399105166943,-0.8693272921435614,TIME_LIMIT,454577,0,0,7,11
2,8,2.061237e6,-1.0575310679994008,-0.8693272921435614,TIME_LIMIT,454599,0,0,7,9
2,8,2.061269e6,-1.0575310679994008,-0.8693272921435614,TIME_LIMIT,454611,0,0,8,2
2,8,2.061287e6,-1.0575226298927882,-0.8693272921435614,TIME_LIMIT,454622,0,0,3,4
2,8,2.061411e6,-1.0575226298927882,-0.8693272921435614,TIME_LIMIT,454646,0,0,20,12
2,8,2.061618e6,-1.057522283764665,-0.8693272921435614,TIME_LIMIT,454678,0,0,12,4
2,8,2.06183e6,-1.057522283764665,-0.8693272921435614,TIME_LIMIT,454705,0,0,23,25
2,8,2.062043e6,-1.0575181108356277,-0.8693272921435614,TIME_LIMIT,454741,0,0,16,13
2,8,2.062217e6,-1.0575181108356277,-0.8693272921435614,TIME_LIMIT,454763,0,0,13,7
2,8,2.062433e6,-1.0575093081226208,-0.8693272921435614,TIME_LIMIT,454787,0,0,5,4
2,8,2.062636e6,-1.0575093081226208,-0.8693272921435614,TIME_LIMIT,454810,0,0,12,8
2,8,2.06271e6,-1.0574946662601334,-0.8693272921435614,TIME_LIMIT,454829,0,0,3,3
2,8,2.062924e6,-1.0574946662601334,-0.8693272921435614,TIME_LIMIT,454852,0,0,14,31
2,8,2.063137e6,-1.0574879196396934,-0.8693272921435614,TIME_LIMIT,454887,0,0,20,9
2,8,2.063222e6,-1.0574879196396934,-0.8693272921435614,TIME_LIMIT,454908,0,0,13,3
2,8,2.063288e6,-1.05748185283354,-0.8693272921435614,TIME_LIMIT,454927,0,0,7,5
2,8,2.063423e6,-1.05748185283354,-0.8693272921435614,TIME_LIMIT,454955,0,0,16,9
2,8,2.06356e6,-1.057469068136116,-0.8693272921435614,TIME_LIMIT,454979,0,0,12,9
2,8,2.063775e6,-1.057469068136116,-0.8693272921435614,TIME_LIMIT,455005,0,0,26,34
2,8,2.063984e6,-1.057465862729129,-0.8693272921435614,TIME_LIMIT,455043,0,0,13,10
2,8,2.064047e6,-1.057465862729129,-0.8693272921435614,TIME_LIMIT,455061,0,0,8,10
2,8,2.064106e6,-1.0574620179540366,-0.8693272921435614,TIME_LIMIT,455083,0,0,8,1
2,8,2.064261e6,-1.0574620179540366,-0.8693272921435614,TIME_LIMIT,455106,0,0,4,7
2,8,2.064416e6,-1.0574601586712802,-0.8693272921435614,TIME_LIMIT,455136,0,0,14,13
2,8,2.064476e6,-1.0574601586712802,-0.8693272921435614,TIME_LIMIT,455152,0,0,11,14
2,8,2.064548e6,-1.057457434023947,-0.8693272921435614,TIME_LIMIT,455175,0,0,12,2
2,8,2.064654e6,-1.057457434023947,-0.8693272921435614,TIME_LIMIT,455194,0,0,19,9
2,8,2.064706e6,-1.0574534175759225,-0.8693272921435614,TIME_LIMIT,455217,0,0,8,4
2,8,2.064782e6,-1.0574534175759225,-0.8693272921435614,TIME_LIMIT,455235,0,0,13,9
2,8,2.064834e6,-1.0574527632813697,-0.8693272921435614,TIME_LIMIT,455257,0,0,6,6
2,8,2.064958e6,-1.0574527632813697,-0.8693272921435614,TIME_LIMIT,455278,0,0,14,13
2,8,2.065069e6,-1.057449752197975,-0.8693272921435614,TIME_LIMIT,455308,0,0,11,9
2,8,2.065121e6,-1.057449752197975,-0.8693272921435614,TIME_LIMIT,455329,0,0,8,3
2,8,2.065202e6,-1.0574485949858958,-0.8693272921435614,TIME_LIMIT,455346,0,0,12,1
2,8,2.065251e6,-1.0574485949858958,-0.8693272921435614,TIME_LIMIT,455365,0,0,10,6
2,8,2.065286e6,-1.0574481436585565,-0.8693272921435614,TIME_LIMIT,455386,0,0,4,6
2,8,2.065465e6,-1.0574481436585565,-0.8693272921435614,TIME_LIMIT,455414,0,0,17,15
2,8,2.06562e6,-1.057446284751235,-0.8693272921435614,TIME_LIMIT,455442,0,0,16,17
2,8,2.065829e6,-1.057446284751235,-0.8693272921435614,TIME_LIMIT,455461,0,0,10,17
2,8,2.066042e6,-1.0574457184799553,-0.8693272921435614,TIME_LIMIT,455491,0,0,15,7
2,8,2.066191e6,-1.0574457184799553,-0.8693272921435614,TIME_LIMIT,455512,0,0,17,9
2,8,2.066405e6,-1.0574420458221176,-0.8693272921435614,TIME_LIMIT,455542,0,0,15,2
2,8,2.066537e6,-1.0574420458221176,-0.8693272921435614,TIME_LIMIT,455568,0,0,17,11
2,8,2.066686e6,-1.05742962294808,-0.8693272921435614,TIME_LIMIT,455591,0,0,18,10
2,8,2.066779e6,-1.05742962294808,-0.8693272921435614,TIME_LIMIT,455611,0,0,8,8
2,8,2.066899e6,-1.0574222432124876,-0.8693272921435614,TIME_LIMIT,455645,0,0,16,7
2,8,2.06704e6,-1.0574222432124876,-0.8693272921435614,TIME_LIMIT,455668,0,0,18,30
2,8,2.067254e6,-1.0574089067928154,-0.8693272921435614,TIME_LIMIT,455699,0,0,12,5
2,8,2.067422e6,-1.0574089067928154,-0.8693272921435614,TIME_LIMIT,455718,0,0,19,12
2,8,2.067536e6,-1.0574028240038635,-0.8693272921435614,TIME_LIMIT,455748,0,0,11,7
2,8,2.067745e6,-1.0574028240038635,-0.8693272921435614,TIME_LIMIT,455771,0,0,12,16
2,8,2.067816e6,-1.057398157435803,-0.8693272921435614,TIME_LIMIT,455795,0,0,8,3
2,8,2.06796e6,-1.057398157435803,-0.8693272921435614,TIME_LIMIT,455817,0,0,14,15
2,8,2.068032e6,-1.0573978442260537,-0.8693272921435614,TIME_LIMIT,455842,0,0,11,4
2,8,2.068068e6,-1.0573978442260537,-0.8693272921435614,TIME_LIMIT,455857,0,0,6,2
2,8,2.068104e6,-1.0573919582291427,-0.8693272921435614,TIME_LIMIT,455868,0,0,7,2
2,8,2.068205e6,-1.0573919582291427,-0.8693272921435614,TIME_LIMIT,455892,0,0,14,9
2,8,2.068257e6,-1.057385246426553,-0.8693272921435614,TIME_LIMIT,455917,0,0,10,6
2,8,2.068457e6,-1.057385246426553,-0.8693272921435614,TIME_LIMIT,455935,0,0,12,20
2,8,2.068495e6,-1.0573831597902488,-0.8693272921435614,TIME_LIMIT,455957,0,0,10,5
2,8,2.068615e6,-1.0573831597902488,-0.8693272921435614,TIME_LIMIT,455980,0,0,14,8
2,8,2.068637e6,-1.0573793353885104,-0.8693272921435614,TIME_LIMIT,455993,0,0,3,3
2,8,2.068708e6,-1.0573793353885104,-0.8693272921435614,TIME_LIMIT,456013,0,0,16,9
2,8,2.068808e6,-1.0573742878358652,-0.8693272921435614,TIME_LIMIT,456044,0,0,11,9
2,8,2.069018e6,-1.0573742878358652,-0.8693272921435614,TIME_LIMIT,456066,0,0,16,3
2,8,2.069157e6,-1.0573726561672014,-0.8693272921435614,TIME_LIMIT,456088,0,0,10,8
2,8,2.069358e6,-1.0573726561672014,-0.8693272921435614,TIME_LIMIT,456113,0,0,16,13
2,8,2.069443e6,-1.0573685510929574,-0.8693272921435614,TIME_LIMIT,456139,0,0,8,6
2,8,2.069529e6,-1.0573685510929574,-0.8693272921435614,TIME_LIMIT,456163,0,0,13,6
2,8,2.069618e6,-1.0573570414410458,-0.8693272921435614,TIME_LIMIT,456185,0,0,17,10
2,8,2.06971e6,-1.0573570414410458,-0.8693272921435614,TIME_LIMIT,456206,0,0,20,7
2,8,2.06979e6,-1.0573539432522454,-0.8693272921435614,TIME_LIMIT,456228,0,0,9,3
2,8,2.070002e6,-1.0573539432522454,-0.8693272921435614,TIME_LIMIT,456250,0,0,18,22
2,8,2.070161e6,-1.0573530250313126,-0.8693272921435614,TIME_LIMIT,456279,0,0,15,8
2,8,2.070245e6,-1.0573530250313126,-0.8693272921435614,TIME_LIMIT,456296,0,0,4,4
2,8,2.070276e6,-1.0573491498465564,-0.8693272921435614,TIME_LIMIT,456310,0,0,2,1
2,8,2.070341e6,-1.0573491498465564,-0.8693272921435614,TIME_LIMIT,456332,0,0,12,12
2,8,2.070419e6,-1.057348356237352,-0.8693272921435614,TIME_LIMIT,456357,0,0,11,4
2,8,2.070625e6,-1.057348356237352,-0.8693272921435614,TIME_LIMIT,456384,0,0,18,16
2,8,2.070743e6,-1.0573381254132426,-0.8693272921435614,TIME_LIMIT,456417,0,0,6,7
2,8,2.07094e6,-1.0573381254132426,-0.8693272921435614,TIME_LIMIT,456443,0,0,22,28
2,8,2.07113e6,-1.0573313417218064,-0.8693272921435614,TIME_LIMIT,456477,0,0,19,6
2,8,2.071346e6,-1.0573313417218064,-0.8693272921435614,TIME_LIMIT,456506,0,0,22,16
2,8,2.071456e6,-1.0573207868405023,-0.8693272921435614,TIME_LIMIT,456527,0,0,17,9
2,8,2.071538e6,-1.0573207868405023,-0.8693272921435614,TIME_LIMIT,456548,0,0,7,10
2,8,2.071637e6,-1.0573174748368235,-0.8693272921435614,TIME_LIMIT,456572,0,0,11,2
2,8,2.071722e6,-1.0573174748368235,-0.8693272921435614,TIME_LIMIT,456596,0,0,13,9
2,8,2.071807e6,-1.057316844684173,-0.8693272921435614,TIME_LIMIT,456626,0,0,8,17
2,8,2.071905e6,-1.057316844684173,-0.8693272921435614,TIME_LIMIT,456643,0,0,4,4
2,8,2.071953e6,-1.0573060681847908,-0.8693272921435614,TIME_LIMIT,456663,0,0,3,4
2,8,2.072046e6,-1.0573060681847908,-0.8693272921435614,TIME_LIMIT,456685,0,0,22,12
2,8,2.07212e6,-1.0573000563800052,-0.8693272921435614,TIME_LIMIT,456715,0,0,14,3
2,8,2.07233e6,-1.0573000563800052,-0.8693272921435614,TIME_LIMIT,456735,0,0,21,30
2,8,2.072545e6,-1.0572960575774564,-0.8693272921435614,TIME_LIMIT,456776,0,0,17,13
2,8,2.072596e6,-1.0572960575774564,-0.8693272921435614,TIME_LIMIT,456792,0,0,10,7
2,8,2.07267e6,-1.0572950120661808,-0.8693272921435614,TIME_LIMIT,456817,0,0,13,5
2,8,2.072777e6,-1.0572950120661808,-0.8693272921435614,TIME_LIMIT,456835,0,0,12,20
2,8,2.072856e6,-1.057290026999906,-0.8693272921435614,TIME_LIMIT,456860,0,0,10,6
2,8,2.073065e6,-1.057290026999906,-0.8693272921435614,TIME_LIMIT,456882,0,0,21,19
2,8,2.073279e6,-1.0572895095206767,-0.8693272921435614,TIME_LIMIT,456923,0,0,19,7
2,8,2.073496e6,-1.0572895095206767,-0.8693272921435614,TIME_LIMIT,456947,0,0,23,17
2,8,2.073624e6,-1.0572891852964257,-0.8693272921435614,TIME_LIMIT,456988,0,0,18,9
2,8,2.073821e6,-1.0572891852964257,-0.8693272921435614,TIME_LIMIT,457015,0,0,15,19
2,8,2.074033e6,-1.0572871204755616,-0.8693272921435614,TIME_LIMIT,457055,0,0,19,6
2,8,2.074114e6,-1.0572871204755616,-0.8693272921435614,TIME_LIMIT,457076,0,0,17,9
2,8,2.074186e6,-1.0572832749097871,-0.8693272921435614,TIME_LIMIT,457096,0,0,4,1
2,8,2.07421e6,-1.0572832749097871,-0.8693272921435614,TIME_LIMIT,457111,0,0,10,1
2,8,2.074252e6,-1.0572775807576402,-0.8693272921435614,TIME_LIMIT,457122,0,0,5,5
2,8,2.074384e6,-1.0572775807576402,-0.8693272921435614,TIME_LIMIT,457145,0,0,21,16
2,8,2.074531e6,-1.0572646355082826,-0.8693272921435614,TIME_LIMIT,457176,0,0,6,9
2,8,2.074595e6,-1.0572646355082826,-0.8693272921435614,TIME_LIMIT,457193,0,0,13,11
2,8,2.074747e6,-1.0572619992799432,-0.8693272921435614,TIME_LIMIT,457228,0,0,12,9
2,8,2.074819e6,-1.0572619992799432,-0.8693272921435614,TIME_LIMIT,457253,0,0,16,3
2,8,2.074878e6,-1.0572583911454951,-0.8693272921435614,TIME_LIMIT,457281,0,0,11,6
2,8,2.075055e6,-1.0572583911454951,-0.8693272921435614,TIME_LIMIT,457304,0,0,13,14
2,8,2.075119e6,-1.0572524547565108,-0.8693272921435614,TIME_LIMIT,457332,0,0,15,2
2,8,2.075337e6,-1.0572524547565108,-0.8693272921435614,TIME_LIMIT,457359,0,0,9,10
2,8,2.075552e6,-1.05724957186903,-0.8693272921435614,TIME_LIMIT,457392,0,0,15,11
2,8,2.075596e6,-1.05724957186903,-0.8693272921435614,TIME_LIMIT,457405,0,0,7,3
2,8,2.07564e6,-1.057244189815586,-0.8693272921435614,TIME_LIMIT,457425,0,0,10,2
2,8,2.075853e6,-1.057244189815586,-0.8693272921435614,TIME_LIMIT,457452,0,0,18,31
2,8,2.076007e6,-1.0572415629772334,-0.8693272921435614,TIME_LIMIT,457480,0,0,16,7
2,8,2.076085e6,-1.0572415629772334,-0.8693272921435614,TIME_LIMIT,457502,0,0,11,9
2,8,2.076205e6,-1.0572341692870653,-0.8693272921435614,TIME_LIMIT,457518,0,0,9,8
2,8,2.076361e6,-1.0572341692870653,-0.8693272921435614,TIME_LIMIT,457550,0,0,9,16
2,8,2.076438e6,-1.0572323274279736,-0.8693272921435614,TIME_LIMIT,457576,0,0,10,8
2,8,2.076553e6,-1.0572323274279736,-0.8693272921435614,TIME_LIMIT,457602,0,0,17,29
2,8,2.076709e6,-1.0572314356940513,-0.8693272921435614,TIME_LIMIT,457634,0,0,13,10
2,8,2.076855e6,-1.0572314356940513,-0.8693272921435614,TIME_LIMIT,457658,0,0,17,12
2,8,2.07699e6,-1.057226721961921,-0.8693272921435614,TIME_LIMIT,457690,0,0,4,4
2,8,2.077072e6,-1.057226721961921,-0.8693272921435614,TIME_LIMIT,457709,0,0,13,10
2,8,2.077095e6,-1.0572234030006809,-0.8693272921435614,TIME_LIMIT,457728,0,0,8,1
2,8,2.077301e6,-1.0572234030006809,-0.8693272921435614,TIME_LIMIT,457751,0,0,22,15
2,8,2.077517e6,-1.057222287242176,-0.8693272921435614,TIME_LIMIT,457788,0,0,17,14
2,8,2.077561e6,-1.057222287242176,-0.8693272921435614,TIME_LIMIT,457806,0,0,12,2
2,8,2.077579e6,-1.0572155360343705,-0.8693272921435614,TIME_LIMIT,457817,0,0,3,1
2,8,2.077796e6,-1.0572155360343705,-0.8693272921435614,TIME_LIMIT,457842,0,0,18,24
2,8,2.078013e6,-1.0572137124955643,-0.8693272921435614,TIME_LIMIT,457871,0,0,22,16
2,8,2.07816e6,-1.0572137124955643,-0.8693272921435614,TIME_LIMIT,457888,0,0,14,11
2,8,2.078276e6,-1.057204414262824,-0.8693272921435614,TIME_LIMIT,457921,0,0,12,5
2,8,2.078351e6,-1.057204414262824,-0.8693272921435614,TIME_LIMIT,457936,0,0,13,11
2,8,2.078439e6,-1.0571970165455618,-0.8693272921435614,TIME_LIMIT,457960,0,0,12,6
2,8,2.078652e6,-1.0571970165455618,-0.8693272921435614,TIME_LIMIT,457982,0,0,8,11
2,8,2.078753e6,-1.0571957287070404,-0.8693272921435614,TIME_LIMIT,458004,0,0,17,10
2,8,2.078847e6,-1.0571957287070404,-0.8693272921435614,TIME_LIMIT,458025,0,0,16,20
2,8,2.078946e6,-1.0571807980350822,-0.8693272921435614,TIME_LIMIT,458052,0,0,14,5
2,8,2.079068e6,-1.0571807980350822,-0.8693272921435614,TIME_LIMIT,458070,0,0,16,7
2,8,2.079147e6,-1.057180261817173,-0.8693272921435614,TIME_LIMIT,458100,0,0,8,8
2,8,2.079216e6,-1.057180261817173,-0.8693272921435614,TIME_LIMIT,458119,0,0,17,14
2,8,2.079375e6,-1.05717480817601,-0.8693272921435614,TIME_LIMIT,458143,0,0,7,10
2,8,2.079504e6,-1.05717480817601,-0.8693272921435614,TIME_LIMIT,458165,0,0,18,14
2,8,2.079662e6,-1.0571742345333695,-0.8693272921435614,TIME_LIMIT,458202,0,0,17,10
2,8,2.079739e6,-1.0571742345333695,-0.8693272921435614,TIME_LIMIT,458222,0,0,17,7
2,8,2.079798e6,-1.0571708405952496,-0.8693272921435614,TIME_LIMIT,458250,0,0,15,7
2,8,2.079889e6,-1.0571708405952496,-0.8693272921435614,TIME_LIMIT,458270,0,0,8,4
2,8,2.08011e6,-1.057170071398912,-0.8693272921435614,TIME_LIMIT,458291,0,0,8,6
2,8,2.080326e6,-1.057170071398912,-0.8693272921435614,TIME_LIMIT,458317,0,0,22,22
2,8,2.080416e6,-1.0571642605454206,-0.8693272921435614,TIME_LIMIT,458351,0,0,13,12
2,8,2.080628e6,-1.0571642605454206,-0.8693272921435614,TIME_LIMIT,458379,0,0,25,30
2,8,2.080844e6,-1.0571620619184918,-0.8693272921435614,TIME_LIMIT,458404,0,0,12,12
2,8,2.0809e6,-1.0571620619184918,-0.8693272921435614,TIME_LIMIT,458429,0,0,10,9
2,8,2.080984e6,-1.0571543512260575,-0.8693272921435614,TIME_LIMIT,458452,0,0,11,8
2,8,2.081146e6,-1.0571543512260575,-0.8693272921435614,TIME_LIMIT,458475,0,0,15,15
2,8,2.081261e6,-1.05715434044624,-0.8693272921435614,TIME_LIMIT,458506,0,0,13,8
2,8,2.081479e6,-1.05715434044624,-0.8693272921435614,TIME_LIMIT,458531,0,0,20,11
2,8,2.081693e6,-1.057153927681651,-0.8693272921435614,TIME_LIMIT,458566,0,0,9,12
2,8,2.081801e6,-1.057153927681651,-0.8693272921435614,TIME_LIMIT,458584,0,0,13,5
2,8,2.081945e6,-1.0571531545393111,-0.8693272921435614,TIME_LIMIT,458608,0,0,8,5
2,8,2.082155e6,-1.0571531545393111,-0.8693272921435614,TIME_LIMIT,458641,0,0,11,21
2,8,2.082368e6,-1.0571503859097704,-0.8693272921435614,TIME_LIMIT,458676,0,0,14,14
2,8,2.082579e6,-1.0571503859097704,-0.8693272921435614,TIME_LIMIT,458693,0,0,15,9
2,8,2.082714e6,-1.0571403527370584,-0.8693272921435614,TIME_LIMIT,458722,0,0,18,16
2,8,2.082917e6,-1.0571403527370584,-0.8693272921435614,TIME_LIMIT,458741,0,0,13,16
2,8,2.083015e6,-1.057138223315269,-0.8693272921435614,TIME_LIMIT,458770,0,0,11,5
2,8,2.083131e6,-1.057138223315269,-0.8693272921435614,TIME_LIMIT,458792,0,0,8,12
2,8,2.083197e6,-1.0571313019514794,-0.8693272921435614,TIME_LIMIT,458815,0,0,7,3
2,8,2.083408e6,-1.0571313019514794,-0.8693272921435614,TIME_LIMIT,458838,0,0,12,15
2,8,2.083491e6,-1.0571302944451628,-0.8693272921435614,TIME_LIMIT,458861,0,0,1,8
2,8,2.083541e6,-1.0571302944451628,-0.8693272921435614,TIME_LIMIT,458877,0,0,5,2
2,8,2.083558e6,-1.057123577441264,-0.8693272921435614,TIME_LIMIT,458885,0,0,3,4
2,8,2.08361e6,-1.057123577441264,-0.8693272921435614,TIME_LIMIT,458901,0,0,9,2
2,8,2.083631e6,-1.0571185318947856,-0.8693272921435614,TIME_LIMIT,458911,0,0,4,7
2,8,2.083845e6,-1.0571185318947856,-0.8693272921435614,TIME_LIMIT,458926,0,0,13,11
2,8,2.083931e6,-1.0571148234298935,-0.8693272921435614,TIME_LIMIT,458958,0,0,17,2
2,8,2.084112e6,-1.0571148234298935,-0.8693272921435614,TIME_LIMIT,458980,0,0,12,10
2,8,2.08429e6,-1.0571105414626927,-0.8693272921435614,TIME_LIMIT,459015,0,0,19,6
2,8,2.084483e6,-1.0571105414626927,-0.8693272921435614,TIME_LIMIT,459040,0,0,16,20
2,8,2.084584e6,-1.0571064405829294,-0.8693272921435614,TIME_LIMIT,459069,0,0,14,4
2,8,2.084793e6,-1.0571064405829294,-0.8693272921435614,TIME_LIMIT,459089,0,0,11,21
2,8,2.085008e6,-1.0571028522936738,-0.8693272921435614,TIME_LIMIT,459126,0,0,8,1
2,8,2.085224e6,-1.0571028522936738,-0.8693272921435614,TIME_LIMIT,459158,0,0,23,30
2,8,2.08544e6,-1.0570946593128436,-0.8693272921435614,TIME_LIMIT,459197,0,0,16,14
2,8,2.08566e6,-1.0570946593128436,-0.8693272921435614,TIME_LIMIT,459224,0,0,22,36
2,8,2.08588e6,-1.0570942155144338,-0.8693272921435614,TIME_LIMIT,459263,0,0,19,13
2,8,2.086015e6,-1.0570942155144338,-0.8693272921435614,TIME_LIMIT,459285,0,0,13,21
2,8,2.086225e6,-1.0570910048766629,-0.8693272921435614,TIME_LIMIT,459312,0,0,12,5
2,8,2.08627e6,-1.0570910048766629,-0.8693272921435614,TIME_LIMIT,459330,0,0,11,5
2,8,2.086348e6,-1.0570845427113758,-0.8693272921435614,TIME_LIMIT,459353,0,0,10,5
2,8,2.086457e6,-1.0570845427113758,-0.8693272921435614,TIME_LIMIT,459372,0,0,12,3
2,8,2.086525e6,-1.057078653118411,-0.8693272921435614,TIME_LIMIT,459401,0,0,8,5
2,8,2.086568e6,-1.057078653118411,-0.8693272921435614,TIME_LIMIT,459418,0,0,13,8
2,8,2.086648e6,-1.0570739999603358,-0.8693272921435614,TIME_LIMIT,459447,0,0,10,5
2,8,2.086731e6,-1.0570739999603358,-0.8693272921435614,TIME_LIMIT,459473,0,0,15,10
2,8,2.086921e6,-1.0570675706793475,-0.8693272921435614,TIME_LIMIT,459502,0,0,9,7
2,8,2.087029e6,-1.0570675706793475,-0.8693272921435614,TIME_LIMIT,459524,0,0,4,7
2,8,2.087067e6,-1.0570663551462856,-0.8693272921435614,TIME_LIMIT,459544,0,0,5,3
2,8,2.087194e6,-1.0570663551462856,-0.8693272921435614,TIME_LIMIT,459557,0,0,11,8
2,8,2.087257e6,-1.0570661474431347,-0.8693272921435614,TIME_LIMIT,459581,0,0,11,3
2,8,2.087287e6,-1.0570661474431347,-0.8693272921435614,TIME_LIMIT,459596,0,0,11,9
2,8,2.08736e6,-1.0570643145110346,-0.8693272921435614,TIME_LIMIT,459618,0,0,3,1
2,8,2.087571e6,-1.0570643145110346,-0.8693272921435614,TIME_LIMIT,459638,0,0,27,31
2,8,2.087785e6,-1.0570618421978137,-0.8693272921435614,TIME_LIMIT,459671,0,0,15,11
2,8,2.087999e6,-1.0570618421978137,-0.8693272921435614,TIME_LIMIT,459692,0,0,19,17
2,8,2.088107e6,-1.057059040972965,-0.8693272921435614,TIME_LIMIT,459720,0,0,6,4
2,8,2.088237e6,-1.057059040972965,-0.8693272921435614,TIME_LIMIT,459749,0,0,21,18
2,8,2.088332e6,-1.057048405260459,-0.8693272921435614,TIME_LIMIT,459774,0,0,12,5
2,8,2.088519e6,-1.057048405260459,-0.8693272921435614,TIME_LIMIT,459798,0,0,17,13
2,8,2.088657e6,-1.0570359587250988,-0.8693272921435614,TIME_LIMIT,459830,0,0,14,6
2,8,2.088757e6,-1.0570359587250988,-0.8693272921435614,TIME_LIMIT,459852,0,0,19,20
2,8,2.088969e6,-1.0570336295599634,-0.8693272921435614,TIME_LIMIT,459881,0,0,10,9
2,8,2.089187e6,-1.0570336295599634,-0.8693272921435614,TIME_LIMIT,459903,0,0,15,3
2,8,2.089274e6,-1.057024189351384,-0.8693272921435614,TIME_LIMIT,459926,0,0,13,7
2,8,2.089349e6,-1.057024189351384,-0.8693272921435614,TIME_LIMIT,459938,0,0,10,8
2,8,2.0894e6,-1.0570178491466748,-0.8693272921435614,TIME_LIMIT,459960,0,0,8,4
2,8,2.089497e6,-1.0570178491466748,-0.8693272921435614,TIME_LIMIT,459985,0,0,15,8
2,8,2.089718e6,-1.0570147960041227,-0.8693272921435614,TIME_LIMIT,460020,0,0,17,16
2,8,2.089819e6,-1.0570147960041227,-0.8693272921435614,TIME_LIMIT,460042,0,0,22,9
2,8,2.08991e6,-1.0570035428783469,-0.8693272921435614,TIME_LIMIT,460066,0,0,11,3
2,8,2.090063e6,-1.0570035428783469,-0.8693272921435614,TIME_LIMIT,460092,0,0,26,12
2,8,2.090198e6,-1.0570001824038242,-0.8693272921435614,TIME_LIMIT,460128,0,0,20,12
2,8,2.090268e6,-1.0570001824038242,-0.8693272921435614,TIME_LIMIT,460152,0,0,14,10
2,8,2.090299e6,-1.0569843731462094,-0.8693272921435614,TIME_LIMIT,460170,0,0,8,6
2,8,2.090434e6,-1.0569843731462094,-0.8693272921435614,TIME_LIMIT,460191,0,0,10,1
2,8,2.090521e6,-1.0569841114500695,-0.8693272921435614,TIME_LIMIT,460223,0,0,13,7
2,8,2.090618e6,-1.0569841114500695,-0.8693272921435614,TIME_LIMIT,460240,0,0,10,9
2,8,2.09073e6,-1.0569822256912818,-0.8693272921435614,TIME_LIMIT,460258,0,0,9,6
2,8,2.090904e6,-1.0569822256912818,-0.8693272921435614,TIME_LIMIT,460283,0,0,18,22
2,8,2.091011e6,-1.0569800955201327,-0.8693272921435614,TIME_LIMIT,460317,0,0,17,7
2,8,2.091082e6,-1.0569800955201327,-0.8693272921435614,TIME_LIMIT,460334,0,0,11,13
2,8,2.091136e6,-1.056976619940302,-0.8693272921435614,TIME_LIMIT,460352,0,0,9,2
2,8,2.09119e6,-1.056976619940302,-0.8693272921435614,TIME_LIMIT,460363,0,0,6,5
2,8,2.091234e6,-1.0569637552509372,-0.8693272921435614,TIME_LIMIT,460381,0,0,9,0
2,8,2.091264e6,-1.0569637552509372,-0.8693272921435614,TIME_LIMIT,460395,0,0,7,6
2,8,2.091307e6,-1.056960799582856,-0.8693272921435614,TIME_LIMIT,460409,0,0,2,1
2,8,2.091515e6,-1.056960799582856,-0.8693272921435614,TIME_LIMIT,460437,0,0,18,19
2,8,2.09167e6,-1.056960712845851,-0.8693272921435614,TIME_LIMIT,460475,0,0,17,10
2,8,2.091799e6,-1.056960712845851,-0.8693272921435614,TIME_LIMIT,460497,0,0,18,9
2,8,2.092017e6,-1.0569605020835833,-0.8693272921435614,TIME_LIMIT,460536,0,0,19,6
2,8,2.092166e6,-1.0569605020835833,-0.8693272921435614,TIME_LIMIT,460554,0,0,12,16
2,8,2.092283e6,-1.0569590780681488,-0.8693272921435614,TIME_LIMIT,460590,0,0,8,10
2,8,2.092394e6,-1.0569590780681488,-0.8693272921435614,TIME_LIMIT,460611,0,0,11,18
2,8,2.092478e6,-1.0569530095848259,-0.8693272921435614,TIME_LIMIT,460633,0,0,12,3
2,8,2.09257e6,-1.0569530095848259,-0.8693272921435614,TIME_LIMIT,460651,0,0,5,10
2,8,2.092609e6,-1.0569507180738094,-0.8693272921435614,TIME_LIMIT,460669,0,0,8,1
2,8,2.09277e6,-1.0569507180738094,-0.8693272921435614,TIME_LIMIT,460699,0,0,25,17
2,8,2.09288e6,-1.056926622915551,-0.8693272921435614,TIME_LIMIT,460727,0,0,18,4
2,8,2.092958e6,-1.056926622915551,-0.8693272921435614,TIME_LIMIT,460745,0,0,12,5
2,8,2.093083e6,-1.056917518818461,-0.8693272921435614,TIME_LIMIT,460781,0,0,19,12
2,8,2.093304e6,-1.056917518818461,-0.8693272921435614,TIME_LIMIT,460805,0,0,20,20
2,8,2.093501e6,-1.0569106728318098,-0.8693272921435614,TIME_LIMIT,460840,0,0,17,8
2,8,2.093587e6,-1.0569106728318098,-0.8693272921435614,TIME_LIMIT,460863,0,0,20,18
2,8,2.093784e6,-1.0569093973694308,-0.8693272921435614,TIME_LIMIT,460901,0,0,17,12
2,8,2.093893e6,-1.0569093973694308,-0.8693272921435614,TIME_LIMIT,460925,0,0,22,30
2,8,2.094058e6,-1.0569059723534981,-0.8693272921435614,TIME_LIMIT,460962,0,0,11,9
2,8,2.094179e6,-1.0569059723534981,-0.8693272921435614,TIME_LIMIT,460992,0,0,17,12
2,8,2.094223e6,-1.0569049209236592,-0.8693272921435614,TIME_LIMIT,461014,0,0,3,5
2,8,2.094437e6,-1.0569049209236592,-0.8693272921435614,TIME_LIMIT,461038,0,0,15,20
2,8,2.094656e6,-1.0568928228901573,-0.8693272921435614,TIME_LIMIT,461070,0,0,16,15
2,8,2.094853e6,-1.0568928228901573,-0.8693272921435614,TIME_LIMIT,461094,0,0,7,13
2,8,2.095071e6,-1.056886298096676,-0.8693272921435614,TIME_LIMIT,461124,0,0,9,3
2,8,2.095281e6,-1.056886298096676,-0.8693272921435614,TIME_LIMIT,461151,0,0,17,18
2,8,2.095503e6,-1.0568823683457516,-0.8693272921435614,TIME_LIMIT,461180,0,0,13,11
2,8,2.095572e6,-1.0568823683457516,-0.8693272921435614,TIME_LIMIT,461199,0,0,14,12
2,8,2.095672e6,-1.056881371995018,-0.8693272921435614,TIME_LIMIT,461232,0,0,18,11
2,8,2.095814e6,-1.056881371995018,-0.8693272921435614,TIME_LIMIT,461252,0,0,9,7
2,8,2.096032e6,-1.056879877947126,-0.8693272921435614,TIME_LIMIT,461284,0,0,16,14
2,8,2.096173e6,-1.056879877947126,-0.8693272921435614,TIME_LIMIT,461306,0,0,14,13
2,8,2.096244e6,-1.0568726774787942,-0.8693272921435614,TIME_LIMIT,461330,0,0,10,4
2,8,2.096294e6,-1.0568726774787942,-0.8693272921435614,TIME_LIMIT,461343,0,0,10,8
2,8,2.096377e6,-1.056869313563097,-0.8693272921435614,TIME_LIMIT,461368,0,0,12,3
2,8,2.096537e6,-1.056869313563097,-0.8693272921435614,TIME_LIMIT,461396,0,0,19,9
2,8,2.096752e6,-1.0568654743573305,-0.8693272921435614,TIME_LIMIT,461420,0,0,14,10
2,8,2.096808e6,-1.0568654743573305,-0.8693272921435614,TIME_LIMIT,461439,0,0,19,20
2,8,2.097027e6,-1.0568617327530567,-0.8693272921435614,TIME_LIMIT,461469,0,0,13,7
2,8,2.097244e6,-1.0568617327530567,-0.8693272921435614,TIME_LIMIT,461491,0,0,22,20
2,8,2.097462e6,-1.0568593611007353,-0.8693272921435614,TIME_LIMIT,461526,0,0,14,5
2,8,2.097529e6,-1.0568593611007353,-0.8693272921435614,TIME_LIMIT,461546,0,0,15,6
2,8,2.097597e6,-1.0568584918863095,-0.8693272921435614,TIME_LIMIT,461570,0,0,10,4
2,8,2.097718e6,-1.0568584918863095,-0.8693272921435614,TIME_LIMIT,461589,0,0,12,15
2,8,2.097782e6,-1.0568455729616657,-0.8693272921435614,TIME_LIMIT,461609,0,0,10,7
2,8,2.097896e6,-1.0568455729616657,-0.8693272921435614,TIME_LIMIT,461632,0,0,21,13
2,8,2.098115e6,-1.056843582523027,-0.8693272921435614,TIME_LIMIT,461669,0,0,21,10
2,8,2.098261e6,-1.056843582523027,-0.8693272921435614,TIME_LIMIT,461691,0,0,18,23
2,8,2.098365e6,-1.0568401607796085,-0.8693272921435614,TIME_LIMIT,461721,0,0,13,7
2,8,2.098399e6,-1.0568401607796085,-0.8693272921435614,TIME_LIMIT,461734,0,0,8,9
2,8,2.098463e6,-1.0568399296437145,-0.8693272921435614,TIME_LIMIT,461759,0,0,7,4
2,8,2.098564e6,-1.0568399296437145,-0.8693272921435614,TIME_LIMIT,461787,0,0,24,15
2,8,2.098673e6,-1.056837577456857,-0.8693272921435614,TIME_LIMIT,461811,0,0,23,9
2,8,2.098865e6,-1.056837577456857,-0.8693272921435614,TIME_LIMIT,461839,0,0,8,15
2,8,2.099024e6,-1.056823711307438,-0.8693272921435614,TIME_LIMIT,461861,0,0,14,8
2,8,2.099205e6,-1.056823711307438,-0.8693272921435614,TIME_LIMIT,461882,0,0,16,9
2,8,2.099402e6,-1.056823672494444,-0.8693272921435614,TIME_LIMIT,461913,0,0,14,3
2,8,2.099534e6,-1.056823672494444,-0.8693272921435614,TIME_LIMIT,461936,0,0,8,8
2,8,2.099621e6,-1.0568099585704491,-0.8693272921435614,TIME_LIMIT,461954,0,0,13,3
2,8,2.099815e6,-1.0568099585704491,-0.8693272921435614,TIME_LIMIT,461974,0,0,11,17
2,8,2.099972e6,-1.0568046823896449,-0.8693272921435614,TIME_LIMIT,462003,0,0,13,6
2,8,2.100054e6,-1.0568046823896449,-0.8693272921435614,TIME_LIMIT,462019,0,0,11,5
2,8,2.100175e6,-1.0567966873819339,-0.8693272921435614,TIME_LIMIT,462048,0,0,12,8
2,8,2.100359e6,-1.0567966873819339,-0.8693272921435614,TIME_LIMIT,462071,0,0,12,9
2,8,2.100423e6,-1.056773233932597,-0.8693272921435614,TIME_LIMIT,462091,0,0,10,7
2,8,2.100634e6,-1.056773233932597,-0.8693272921435614,TIME_LIMIT,462119,0,0,21,37
2,8,2.100834e6,-1.0567721448766383,-0.8693272921435614,TIME_LIMIT,462158,0,0,19,18
2,8,2.100881e6,-1.0567721448766383,-0.8693272921435614,TIME_LIMIT,462170,0,0,7,4
2,8,2.100904e6,-1.0567692529587986,-0.8693272921435614,TIME_LIMIT,462185,0,0,5,1
2,8,2.101018e6,-1.0567692529587986,-0.8693272921435614,TIME_LIMIT,462209,0,0,25,15
2,8,2.101183e6,-1.0567662986758715,-0.8693272921435614,TIME_LIMIT,462246,0,0,20,6
2,8,2.101402e6,-1.0567662986758715,-0.8693272921435614,TIME_LIMIT,462272,0,0,13,15
2,8,2.101514e6,-1.05675555610252,-0.8693272921435614,TIME_LIMIT,462295,0,0,9,7
2,8,2.101735e6,-1.05675555610252,-0.8693272921435614,TIME_LIMIT,462321,0,0,20,17
2,8,2.101882e6,-1.056747904617898,-0.8693272921435614,TIME_LIMIT,462353,0,0,15,4
2,8,2.102004e6,-1.056747904617898,-0.8693272921435614,TIME_LIMIT,462375,0,0,19,15
2,8,2.102086e6,-1.0567449309307655,-0.8693272921435614,TIME_LIMIT,462407,0,0,15,10
2,8,2.102214e6,-1.0567449309307655,-0.8693272921435614,TIME_LIMIT,462429,0,0,12,17
2,8,2.102433e6,-1.0567407138214082,-0.8693272921435614,TIME_LIMIT,462457,0,0,8,4
2,8,2.102594e6,-1.0567407138214082,-0.8693272921435614,TIME_LIMIT,462483,0,0,15,13
2,8,2.102708e6,-1.0567210673746077,-0.8693272921435614,TIME_LIMIT,462514,0,0,6,8
2,8,2.102778e6,-1.0567210673746077,-0.8693272921435614,TIME_LIMIT,462532,0,0,10,3
2,8,2.102795e6,-1.056720242805703,-0.8693272921435614,TIME_LIMIT,462543,0,0,4,1
2,8,2.10286e6,-1.056720242805703,-0.8693272921435614,TIME_LIMIT,462554,0,0,10,15
2,8,2.10295e6,-1.0567193210528227,-0.8693272921435614,TIME_LIMIT,462576,0,0,11,4
2,8,2.103023e6,-1.0567193210528227,-0.8693272921435614,TIME_LIMIT,462597,0,0,12,9
2,8,2.10311e6,-1.0567177804814196,-0.8693272921435614,TIME_LIMIT,462617,0,0,9,2
2,8,2.103316e6,-1.0567177804814196,-0.8693272921435614,TIME_LIMIT,462635,0,0,17,14
2,8,2.103465e6,-1.0567043078239147,-0.8693272921435614,TIME_LIMIT,462669,0,0,18,6
2,8,2.103592e6,-1.0567043078239147,-0.8693272921435614,TIME_LIMIT,462690,0,0,14,4
2,8,2.103641e6,-1.0567005452218776,-0.8693272921435614,TIME_LIMIT,462710,0,0,5,4
2,8,2.103839e6,-1.0567005452218776,-0.8693272921435614,TIME_LIMIT,462738,0,0,20,7
2,8,2.103888e6,-1.056692732145236,-0.8693272921435614,TIME_LIMIT,462756,0,0,11,5
2,8,2.104009e6,-1.056692732145236,-0.8693272921435614,TIME_LIMIT,462785,0,0,20,20
2,8,2.104221e6,-1.0566891033724075,-0.8693272921435614,TIME_LIMIT,462821,0,0,17,17
2,8,2.10426e6,-1.0566891033724075,-0.8693272921435614,TIME_LIMIT,462835,0,0,8,4
2,8,2.104301e6,-1.0566854614516175,-0.8693272921435614,TIME_LIMIT,462852,0,0,7,3
2,8,2.104503e6,-1.0566854614516175,-0.8693272921435614,TIME_LIMIT,462876,0,0,23,18
2,8,2.104616e6,-1.0566828568933528,-0.8693272921435614,TIME_LIMIT,462903,0,0,10,10
2,8,2.104707e6,-1.0566828568933528,-0.8693272921435614,TIME_LIMIT,462919,0,0,21,7
2,8,2.104927e6,-1.056680968558739,-0.8693272921435614,TIME_LIMIT,462955,0,0,19,7
2,8,2.105083e6,-1.056680968558739,-0.8693272921435614,TIME_LIMIT,462977,0,0,14,10
2,8,2.105156e6,-1.0566768220309357,-0.8693272921435614,TIME_LIMIT,463001,0,0,9,7
2,8,2.105371e6,-1.0566768220309357,-0.8693272921435614,TIME_LIMIT,463021,0,0,20,17
2,8,2.105583e6,-1.0566749011715553,-0.8693272921435614,TIME_LIMIT,463050,0,0,13,10
2,8,2.105699e6,-1.0566749011715553,-0.8693272921435614,TIME_LIMIT,463075,0,0,19,9
2,8,2.105845e6,-1.0566742875322221,-0.8693272921435614,TIME_LIMIT,463106,0,0,11,12
2,8,2.10597e6,-1.0566742875322221,-0.8693272921435614,TIME_LIMIT,463125,0,0,13,5
2,8,2.106056e6,-1.056671748540722,-0.8693272921435614,TIME_LIMIT,463151,0,0,12,7
2,8,2.10627e6,-1.056671748540722,-0.8693272921435614,TIME_LIMIT,463164,0,0,18,14
2,8,2.106398e6,-1.056671349299052,-0.8693272921435614,TIME_LIMIT,463194,0,0,12,5
2,8,2.106551e6,-1.056671349299052,-0.8693272921435614,TIME_LIMIT,463222,0,0,15,16
2,8,2.106666e6,-1.0566710543366407,-0.8693272921435614,TIME_LIMIT,463253,0,0,15,10
2,8,2.106747e6,-1.0566710543366407,-0.8693272921435614,TIME_LIMIT,463274,0,0,10,11
2,8,2.106836e6,-1.0566654616347226,-0.8693272921435614,TIME_LIMIT,463300,0,0,16,6
2,8,2.106973e6,-1.0566654616347226,-0.8693272921435614,TIME_LIMIT,463322,0,0,18,16
2,8,2.107182e6,-1.056664494889108,-0.8693272921435614,TIME_LIMIT,463347,0,0,12,9
2,8,2.107242e6,-1.056664494889108,-0.8693272921435614,TIME_LIMIT,463361,0,0,14,14
2,8,2.107315e6,-1.0566632541534888,-0.8693272921435614,TIME_LIMIT,463389,0,0,8,9
2,8,2.10735e6,-1.0566632541534888,-0.8693272921435614,TIME_LIMIT,463404,0,0,8,8
2,8,2.107397e6,-1.056661970744121,-0.8693272921435614,TIME_LIMIT,463427,0,0,11,3
2,8,2.107449e6,-1.056661970744121,-0.8693272921435614,TIME_LIMIT,463440,0,0,8,7
2,8,2.107568e6,-1.056660160000229,-0.8693272921435614,TIME_LIMIT,463467,0,0,7,8
2,8,2.107611e6,-1.056660160000229,-0.8693272921435614,TIME_LIMIT,463484,0,0,9,6
2,8,2.107643e6,-1.056655244522795,-0.8693272921435614,TIME_LIMIT,463501,0,0,5,3
2,8,2.107719e6,-1.056655244522795,-0.8693272921435614,TIME_LIMIT,463517,0,0,20,15
2,8,2.10786e6,-1.0566522990393705,-0.8693272921435614,TIME_LIMIT,463548,0,0,12,7
2,8,2.107905e6,-1.0566522990393705,-0.8693272921435614,TIME_LIMIT,463562,0,0,8,6
2,8,2.10796e6,-1.0566510862158578,-0.8693272921435614,TIME_LIMIT,463585,0,0,8,4
2,8,2.108177e6,-1.0566510862158578,-0.8693272921435614,TIME_LIMIT,463608,0,0,23,30
2,8,2.10831e6,-1.0566459623002173,-0.8693272921435614,TIME_LIMIT,463639,0,0,15,6
2,8,2.108373e6,-1.0566459623002173,-0.8693272921435614,TIME_LIMIT,463659,0,0,24,23
2,8,2.108585e6,-1.056640258213882,-0.8693272921435614,TIME_LIMIT,463690,0,0,16,4
2,8,2.108724e6,-1.056640258213882,-0.8693272921435614,TIME_LIMIT,463712,0,0,20,5
2,8,2.108785e6,-1.0566396460648804,-0.8693272921435614,TIME_LIMIT,463736,0,0,8,4
2,8,2.108862e6,-1.0566396460648804,-0.8693272921435614,TIME_LIMIT,463760,0,0,11,8
2,8,2.108896e6,-1.0566386536564027,-0.8693272921435614,TIME_LIMIT,463773,0,0,3,3
2,8,2.10911e6,-1.0566386536564027,-0.8693272921435614,TIME_LIMIT,463799,0,0,20,28
2,8,2.109322e6,-1.0566367261377987,-0.8693272921435614,TIME_LIMIT,463834,0,0,18,10
2,8,2.109426e6,-1.0566367261377987,-0.8693272921435614,TIME_LIMIT,463857,0,0,13,18
2,8,2.109514e6,-1.056636329325673,-0.8693272921435614,TIME_LIMIT,463881,0,0,16,7
2,8,2.109587e6,-1.056636329325673,-0.8693272921435614,TIME_LIMIT,463904,0,0,13,13
2,8,2.1097e6,-1.056630242419918,-0.8693272921435614,TIME_LIMIT,463933,0,0,13,4
2,8,2.109787e6,-1.056630242419918,-0.8693272921435614,TIME_LIMIT,463953,0,0,13,13
2,8,2.109873e6,-1.0566289704788636,-0.8693272921435614,TIME_LIMIT,463972,0,0,4,5
2,8,2.110082e6,-1.0566289704788636,-0.8693272921435614,TIME_LIMIT,464003,0,0,14,9
2,8,2.110148e6,-1.0566252313508797,-0.8693272921435614,TIME_LIMIT,464021,0,0,13,5
2,8,2.110357e6,-1.0566252313508797,-0.8693272921435614,TIME_LIMIT,464048,0,0,23,23
2,8,2.110578e6,-1.0566230395785423,-0.8693272921435614,TIME_LIMIT,464084,0,0,19,11
2,8,2.110715e6,-1.0566230395785423,-0.8693272921435614,TIME_LIMIT,464108,0,0,18,15
2,8,2.110852e6,-1.056622678740955,-0.8693272921435614,TIME_LIMIT,464139,0,0,9,7
2,8,2.110919e6,-1.056622678740955,-0.8693272921435614,TIME_LIMIT,464160,0,0,16,13
2,8,2.111032e6,-1.0566221483775542,-0.8693272921435614,TIME_LIMIT,464187,0,0,13,6
2,8,2.111119e6,-1.0566221483775542,-0.8693272921435614,TIME_LIMIT,464206,0,0,16,9
2,8,2.111168e6,-1.0566198032611234,-0.8693272921435614,TIME_LIMIT,464222,0,0,5,1
2,8,2.111253e6,-1.0566198032611234,-0.8693272921435614,TIME_LIMIT,464244,0,0,17,5
2,8,2.111288e6,-1.0566134998516339,-0.8693272921435614,TIME_LIMIT,464263,0,0,9,3
2,8,2.111453e6,-1.0566134998516339,-0.8693272921435614,TIME_LIMIT,464287,0,0,14,17
2,8,2.111663e6,-1.0566123484363328,-0.8693272921435614,TIME_LIMIT,464321,0,0,16,7
2,8,2.111751e6,-1.0566123484363328,-0.8693272921435614,TIME_LIMIT,464347,0,0,16,16
2,8,2.11185e6,-1.0566054062737886,-0.8693272921435614,TIME_LIMIT,464375,0,0,12,8
2,8,2.112072e6,-1.0566054062737886,-0.8693272921435614,TIME_LIMIT,464400,0,0,20,13
2,8,2.112289e6,-1.0566005045894822,-0.8693272921435614,TIME_LIMIT,464432,0,0,14,8
2,8,2.11237e6,-1.0566005045894822,-0.8693272921435614,TIME_LIMIT,464449,0,0,7,9
2,8,2.112452e6,-1.056597464382878,-0.8693272921435614,TIME_LIMIT,464471,0,0,11,3
2,8,2.112669e6,-1.056597464382878,-0.8693272921435614,TIME_LIMIT,464500,0,0,18,21
2,8,2.11289e6,-1.0565925834870356,-0.8693272921435614,TIME_LIMIT,464539,0,0,22,10
2,8,2.113039e6,-1.0565925834870356,-0.8693272921435614,TIME_LIMIT,464564,0,0,6,14
2,8,2.11321e6,-1.0565924413187024,-0.8693272921435614,TIME_LIMIT,464592,0,0,8,7
2,8,2.113294e6,-1.0565924413187024,-0.8693272921435614,TIME_LIMIT,464617,0,0,24,7
2,8,2.113398e6,-1.0565900864354625,-0.8693272921435614,TIME_LIMIT,464645,0,0,13,5
2,8,2.11359e6,-1.0565900864354625,-0.8693272921435614,TIME_LIMIT,464668,0,0,18,13
2,8,2.113665e6,-1.056587200887302,-0.8693272921435614,TIME_LIMIT,464696,0,0,12,3
2,8,2.113749e6,-1.056587200887302,-0.8693272921435614,TIME_LIMIT,464717,0,0,16,25
2,8,2.113875e6,-1.0565807166235235,-0.8693272921435614,TIME_LIMIT,464750,0,0,8,4
2,8,2.113949e6,-1.0565807166235235,-0.8693272921435614,TIME_LIMIT,464776,0,0,12,12
2,8,2.113986e6,-1.0565691295319022,-0.8693272921435614,TIME_LIMIT,464795,0,0,7,6
2,8,2.114108e6,-1.0565691295319022,-0.8693272921435614,TIME_LIMIT,464816,0,0,19,11
2,8,2.114246e6,-1.0565669769258506,-0.8693272921435614,TIME_LIMIT,464842,0,0,12,4
2,8,2.114286e6,-1.0565669769258506,-0.8693272921435614,TIME_LIMIT,464855,0,0,10,9
2,8,2.114356e6,-1.0565534655780415,-0.8693272921435614,TIME_LIMIT,464883,0,0,7,10
2,8,2.11439e6,-1.0565534655780415,-0.8693272921435614,TIME_LIMIT,464898,0,0,12,3
2,8,2.114438e6,-1.0565506892786924,-0.8693272921435614,TIME_LIMIT,464919,0,0,9,1
2,8,2.114572e6,-1.0565506892786924,-0.8693272921435614,TIME_LIMIT,464938,0,0,6,10
2,8,2.114623e6,-1.0565496572776065,-0.8693272921435614,TIME_LIMIT,464962,0,0,8,8
2,8,2.114664e6,-1.0565496572776065,-0.8693272921435614,TIME_LIMIT,464976,0,0,12,15
2,8,2.114775e6,-1.056548981861719,-0.8693272921435614,TIME_LIMIT,465007,0,0,16,4
2,8,2.114806e6,-1.056548981861719,-0.8693272921435614,TIME_LIMIT,465020,0,0,7,1
2,8,2.114834e6,-1.0565485789641156,-0.8693272921435614,TIME_LIMIT,465035,0,0,4,5
2,8,2.114981e6,-1.0565485789641156,-0.8693272921435614,TIME_LIMIT,465058,0,0,16,18
2,8,2.115179e6,-1.0565386743831202,-0.8693272921435614,TIME_LIMIT,465088,0,0,13,13
2,8,2.115283e6,-1.0565386743831202,-0.8693272921435614,TIME_LIMIT,465112,0,0,19,15
2,8,2.115501e6,-1.0565231917413858,-0.8693272921435614,TIME_LIMIT,465149,0,0,17,10
2,8,2.115552e6,-1.0565231917413858,-0.8693272921435614,TIME_LIMIT,465171,0,0,16,12
2,8,2.115695e6,-1.0565226964849788,-0.8693272921435614,TIME_LIMIT,465208,0,0,15,11
2,8,2.115834e6,-1.0565226964849788,-0.8693272921435614,TIME_LIMIT,465226,0,0,14,11
2,8,2.115915e6,-1.056520956706944,-0.8693272921435614,TIME_LIMIT,465253,0,0,11,10
2,8,2.11599e6,-1.056520956706944,-0.8693272921435614,TIME_LIMIT,465270,0,0,14,8
2,8,2.116048e6,-1.0565164551688282,-0.8693272921435614,TIME_LIMIT,465296,0,0,6,2
2,8,2.116206e6,-1.0565164551688282,-0.8693272921435614,TIME_LIMIT,465310,0,0,16,8
2,8,2.11632e6,-1.0565158407783501,-0.8693272921435614,TIME_LIMIT,465342,0,0,15,2
2,8,2.116532e6,-1.0565158407783501,-0.8693272921435614,TIME_LIMIT,465363,0,0,17,15
2,8,2.116652e6,-1.0565144154995603,-0.8693272921435614,TIME_LIMIT,465394,0,0,13,4
2,8,2.116736e6,-1.0565144154995603,-0.8693272921435614,TIME_LIMIT,465410,0,0,16,9
2,8,2.116788e6,-1.0564994746446816,-0.8693272921435614,TIME_LIMIT,465435,0,0,9,7
2,8,2.11701e6,-1.0564994746446816,-0.8693272921435614,TIME_LIMIT,465459,0,0,24,29
2,8,2.117215e6,-1.056493334608674,-0.8693272921435614,TIME_LIMIT,465496,0,0,20,12
2,8,2.11728e6,-1.056493334608674,-0.8693272921435614,TIME_LIMIT,465518,0,0,11,3
2,8,2.117298e6,-1.0564926623131154,-0.8693272921435614,TIME_LIMIT,465527,0,0,5,8
2,8,2.117394e6,-1.0564926623131154,-0.8693272921435614,TIME_LIMIT,465563,0,0,33,15
2,8,2.117616e6,-1.0564893562199398,-0.8693272921435614,TIME_LIMIT,465599,0,0,15,12
2,8,2.117835e6,-1.0564893562199398,-0.8693272921435614,TIME_LIMIT,465618,0,0,20,20
2,8,2.118046e6,-1.0564890244467886,-0.8693272921435614,TIME_LIMIT,465649,0,0,16,10
2,8,2.118156e6,-1.0564890244467886,-0.8693272921435614,TIME_LIMIT,465669,0,0,11,8
2,8,2.118328e6,-1.0564878321144846,-0.8693272921435614,TIME_LIMIT,465705,0,0,10,9
2,8,2.118369e6,-1.0564878321144846,-0.8693272921435614,TIME_LIMIT,465720,0,0,13,11
2,8,2.118435e6,-1.0564843024986312,-0.8693272921435614,TIME_LIMIT,465746,0,0,10,6
2,8,2.118628e6,-1.0564843024986312,-0.8693272921435614,TIME_LIMIT,465767,0,0,15,5
2,8,2.118835e6,-1.056483192616773,-0.8693272921435614,TIME_LIMIT,465799,0,0,11,13
2,8,2.118968e6,-1.056483192616773,-0.8693272921435614,TIME_LIMIT,465816,0,0,13,6
2,8,2.119039e6,-1.056476039410527,-0.8693272921435614,TIME_LIMIT,465835,0,0,9,6
2,8,2.119219e6,-1.056476039410527,-0.8693272921435614,TIME_LIMIT,465863,0,0,23,21
2,8,2.119442e6,-1.0564562768359556,-0.8693272921435614,TIME_LIMIT,465898,0,0,18,7
2,8,2.119656e6,-1.0564562768359556,-0.8693272921435614,TIME_LIMIT,465917,0,0,16,20
2,8,2.119717e6,-1.0564544290513689,-0.8693272921435614,TIME_LIMIT,465941,0,0,11,4
2,8,2.119856e6,-1.0564544290513689,-0.8693272921435614,TIME_LIMIT,465958,0,0,18,9
2,8,2.119968e6,-1.056454350477849,-0.8693272921435614,TIME_LIMIT,465987,0,0,16,3
2,8,2.120134e6,-1.056454350477849,-0.8693272921435614,TIME_LIMIT,466010,0,0,18,33
2,8,2.120361e6,-1.0564485955141585,-0.8693272921435614,TIME_LIMIT,466044,0,0,17,8
2,8,2.120443e6,-1.0564485955141585,-0.8693272921435614,TIME_LIMIT,466065,0,0,15,21
2,8,2.120519e6,-1.0564481623240578,-0.8693272921435614,TIME_LIMIT,466097,0,0,15,5
2,8,2.12058e6,-1.0564481623240578,-0.8693272921435614,TIME_LIMIT,466117,0,0,13,9
2,8,2.12062e6,-1.056446774245885,-0.8693272921435614,TIME_LIMIT,466139,0,0,8,2
2,8,2.120703e6,-1.056446774245885,-0.8693272921435614,TIME_LIMIT,466159,0,0,23,21
2,8,2.120825e6,-1.056441441489317,-0.8693272921435614,TIME_LIMIT,466189,0,0,9,4
2,8,2.120914e6,-1.056441441489317,-0.8693272921435614,TIME_LIMIT,466209,0,0,13,15
2,8,2.121102e6,-1.0564384536123002,-0.8693272921435614,TIME_LIMIT,466246,0,0,18,6
2,8,2.121182e6,-1.0564384536123002,-0.8693272921435614,TIME_LIMIT,466264,0,0,16,13
2,8,2.121382e6,-1.0564314466189937,-0.8693272921435614,TIME_LIMIT,466296,0,0,15,5
2,8,2.1216e6,-1.0564314466189937,-0.8693272921435614,TIME_LIMIT,466314,0,0,14,15
2,8,2.121817e6,-1.0564275364183948,-0.8693272921435614,TIME_LIMIT,466344,0,0,4,2
2,8,2.121925e6,-1.0564275364183948,-0.8693272921435614,TIME_LIMIT,466369,0,0,11,8
2,8,2.122022e6,-1.0564194953423387,-0.8693272921435614,TIME_LIMIT,466390,0,0,17,9
2,8,2.122223e6,-1.0564194953423387,-0.8693272921435614,TIME_LIMIT,466408,0,0,4,10
2,8,2.122266e6,-1.0564178383812708,-0.8693272921435614,TIME_LIMIT,466429,0,0,6,4
2,8,2.122485e6,-1.0564178383812708,-0.8693272921435614,TIME_LIMIT,466454,0,0,17,18
2,8,2.122643e6,-1.0564145854516125,-0.8693272921435614,TIME_LIMIT,466489,0,0,15,8
2,8,2.122865e6,-1.0564145854516125,-0.8693272921435614,TIME_LIMIT,466512,0,0,18,8
2,8,2.123092e6,-1.0564131903082603,-0.8693272921435614,TIME_LIMIT,466543,0,0,19,12
2,8,2.123169e6,-1.0564131903082603,-0.8693272921435614,TIME_LIMIT,466564,0,0,21,11
2,8,2.123249e6,-1.0564128643413964,-0.8693272921435614,TIME_LIMIT,466592,0,0,13,7
2,8,2.123389e6,-1.0564128643413964,-0.8693272921435614,TIME_LIMIT,466618,0,0,20,16
2,8,2.123463e6,-1.056407175154251,-0.8693272921435614,TIME_LIMIT,466646,0,0,8,2
2,8,2.123605e6,-1.056407175154251,-0.8693272921435614,TIME_LIMIT,466673,0,0,17,18
2,8,2.123826e6,-1.0564064358831478,-0.8693272921435614,TIME_LIMIT,466707,0,0,15,6
2,8,2.123948e6,-1.0564064358831478,-0.8693272921435614,TIME_LIMIT,466726,0,0,14,10
2,8,2.124119e6,-1.056400457750382,-0.8693272921435614,TIME_LIMIT,466753,0,0,7,3
2,8,2.124208e6,-1.056400457750382,-0.8693272921435614,TIME_LIMIT,466774,0,0,15,19
2,8,2.124326e6,-1.0563970514273835,-0.8693272921435614,TIME_LIMIT,466801,0,0,10,2
2,8,2.124417e6,-1.0563970514273835,-0.8693272921435614,TIME_LIMIT,466826,0,0,14,11
2,8,2.124539e6,-1.0563960164981037,-0.8693272921435614,TIME_LIMIT,466848,0,0,14,4
2,8,2.124678e6,-1.0563960164981037,-0.8693272921435614,TIME_LIMIT,466875,0,0,22,11
2,8,2.124767e6,-1.056394392048893,-0.8693272921435614,TIME_LIMIT,466896,0,0,16,6
2,8,2.124914e6,-1.056394392048893,-0.8693272921435614,TIME_LIMIT,466916,0,0,14,9
2,8,2.125036e6,-1.056390479120978,-0.8693272921435614,TIME_LIMIT,466946,0,0,14,8
2,8,2.125179e6,-1.056390479120978,-0.8693272921435614,TIME_LIMIT,466971,0,0,12,8
2,8,2.125336e6,-1.056388893071669,-0.8693272921435614,TIME_LIMIT,466995,0,0,16,7
2,8,2.125473e6,-1.056388893071669,-0.8693272921435614,TIME_LIMIT,467016,0,0,20,16
2,8,2.125541e6,-1.0563881002112991,-0.8693272921435614,TIME_LIMIT,467044,0,0,9,8
2,8,2.125718e6,-1.0563881002112991,-0.8693272921435614,TIME_LIMIT,467067,0,0,11,19
2,8,2.125819e6,-1.0563812618869102,-0.8693272921435614,TIME_LIMIT,467099,0,0,18,6
2,8,2.125887e6,-1.0563812618869102,-0.8693272921435614,TIME_LIMIT,467124,0,0,18,6
2,8,2.125982e6,-1.056372100968134,-0.8693272921435614,TIME_LIMIT,467145,0,0,17,6
2,8,2.126074e6,-1.056372100968134,-0.8693272921435614,TIME_LIMIT,467166,0,0,16,7
2,8,2.126151e6,-1.0563674864695314,-0.8693272921435614,TIME_LIMIT,467188,0,0,12,17
2,8,2.126219e6,-1.0563674864695314,-0.8693272921435614,TIME_LIMIT,467201,0,0,10,7
2,8,2.126258e6,-1.0563668867990443,-0.8693272921435614,TIME_LIMIT,467218,0,0,6,1
2,8,2.126317e6,-1.0563668867990443,-0.8693272921435614,TIME_LIMIT,467238,0,0,17,25
2,8,2.126537e6,-1.0563656850242023,-0.8693272921435614,TIME_LIMIT,467269,0,0,17,7
2,8,2.126643e6,-1.0563656850242023,-0.8693272921435614,TIME_LIMIT,467296,0,0,6,6
2,8,2.12669e6,-1.056355186032886,-0.8693272921435614,TIME_LIMIT,467312,0,0,5,6
2,8,2.126775e6,-1.056355186032886,-0.8693272921435614,TIME_LIMIT,467336,0,0,16,16
2,8,2.126845e6,-1.0563520086637002,-0.8693272921435614,TIME_LIMIT,467359,0,0,14,15
2,8,2.126918e6,-1.0563520086637002,-0.8693272921435614,TIME_LIMIT,467377,0,0,6,11
2,8,2.127023e6,-1.0563389052316288,-0.8693272921435614,TIME_LIMIT,467402,0,0,10,8
2,8,2.127238e6,-1.0563389052316288,-0.8693272921435614,TIME_LIMIT,467427,0,0,7,22
2,8,2.127407e6,-1.0563359858555557,-0.8693272921435614,TIME_LIMIT,467459,0,0,14,13
2,8,2.127557e6,-1.0563359858555557,-0.8693272921435614,TIME_LIMIT,467484,0,0,17,16
2,8,2.127694e6,-1.0563321221746154,-0.8693272921435614,TIME_LIMIT,467516,0,0,15,9
2,8,2.127771e6,-1.0563321221746154,-0.8693272921435614,TIME_LIMIT,467541,0,0,15,25
2,8,2.127863e6,-1.0563255981926232,-0.8693272921435614,TIME_LIMIT,467570,0,0,10,4
2,8,2.12798e6,-1.0563255981926232,-0.8693272921435614,TIME_LIMIT,467589,0,0,17,16
2,8,2.128175e6,-1.056323680508748,-0.8693272921435614,TIME_LIMIT,467618,0,0,11,12
2,8,2.128398e6,-1.056323680508748,-0.8693272921435614,TIME_LIMIT,467638,0,0,10,4
2,8,2.128618e6,-1.0563233478094207,-0.8693272921435614,TIME_LIMIT,467661,0,0,18,17
2,8,2.128753e6,-1.0563233478094207,-0.8693272921435614,TIME_LIMIT,467682,0,0,14,27
2,8,2.128916e6,-1.0563217996399197,-0.8693272921435614,TIME_LIMIT,467713,0,0,12,8
2,8,2.1291e6,-1.0563217996399197,-0.8693272921435614,TIME_LIMIT,467735,0,0,21,9
2,8,2.129327e6,-1.0563074517110946,-0.8693272921435614,TIME_LIMIT,467766,0,0,10,7
2,8,2.129454e6,-1.0563074517110946,-0.8693272921435614,TIME_LIMIT,467793,0,0,18,8
2,8,2.129532e6,-1.0563036709994726,-0.8693272921435614,TIME_LIMIT,467813,0,0,9,6
2,8,2.129713e6,-1.0563036709994726,-0.8693272921435614,TIME_LIMIT,467836,0,0,18,23
2,8,2.129924e6,-1.0563023624607963,-0.8693272921435614,TIME_LIMIT,467871,0,0,14,8
2,8,2.129994e6,-1.0563023624607963,-0.8693272921435614,TIME_LIMIT,467891,0,0,14,7
2,8,2.130121e6,-1.0562947478410594,-0.8693272921435614,TIME_LIMIT,467914,0,0,6,6
2,8,2.130271e6,-1.0562947478410594,-0.8693272921435614,TIME_LIMIT,467941,0,0,13,20
2,8,2.130446e6,-1.0562876261138472,-0.8693272921435614,TIME_LIMIT,467979,0,0,17,16
2,8,2.130555e6,-1.0562876261138472,-0.8693272921435614,TIME_LIMIT,468003,0,0,20,11
2,8,2.130662e6,-1.0562812862899538,-0.8693272921435614,TIME_LIMIT,468034,0,0,16,9
2,8,2.130768e6,-1.0562812862899538,-0.8693272921435614,TIME_LIMIT,468050,0,0,12,25
2,8,2.130929e6,-1.0562787196961025,-0.8693272921435614,TIME_LIMIT,468084,0,0,11,10
2,8,2.130982e6,-1.0562787196961025,-0.8693272921435614,TIME_LIMIT,468103,0,0,12,4
2,8,2.131016e6,-1.056278330909378,-0.8693272921435614,TIME_LIMIT,468122,0,0,6,1
2,8,2.131226e6,-1.056278330909378,-0.8693272921435614,TIME_LIMIT,468140,0,0,16,27
2,8,2.131465e6,-1.056273418057799,-0.8693272921435614,TIME_LIMIT,468179,0,0,17,17
2,8,2.131686e6,-1.056273418057799,-0.8693272921435614,TIME_LIMIT,468205,0,0,6,23
2,8,2.131848e6,-1.0562656490501772,-0.8693272921435614,TIME_LIMIT,468239,0,0,11,12
2,8,2.131932e6,-1.0562656490501772,-0.8693272921435614,TIME_LIMIT,468259,0,0,8,4
2,8,2.132022e6,-1.0562634253033845,-0.8693272921435614,TIME_LIMIT,468278,0,0,9,6
2,8,2.13215e6,-1.0562634253033845,-0.8693272921435614,TIME_LIMIT,468300,0,0,17,10
2,8,2.132286e6,-1.0562589961188662,-0.8693272921435614,TIME_LIMIT,468339,0,0,18,17
2,8,2.132421e6,-1.0562589961188662,-0.8693272921435614,TIME_LIMIT,468362,0,0,15,15
2,8,2.132616e6,-1.0562544246745056,-0.8693272921435614,TIME_LIMIT,468389,0,0,11,5
2,8,2.132704e6,-1.0562544246745056,-0.8693272921435614,TIME_LIMIT,468409,0,0,14,9
2,8,2.132755e6,-1.0562506088386467,-0.8693272921435614,TIME_LIMIT,468424,0,0,7,1
2,8,2.132971e6,-1.0562506088386467,-0.8693272921435614,TIME_LIMIT,468450,0,0,21,25
2,8,2.133189e6,-1.0562494477996598,-0.8693272921435614,TIME_LIMIT,468488,0,0,21,5
2,8,2.133265e6,-1.0562494477996598,-0.8693272921435614,TIME_LIMIT,468507,0,0,7,7
2,8,2.133315e6,-1.0562484904018778,-0.8693272921435614,TIME_LIMIT,468525,0,0,10,2
2,8,2.133357e6,-1.0562484904018778,-0.8693272921435614,TIME_LIMIT,468541,0,0,10,6
2,8,2.133412e6,-1.056239823890013,-0.8693272921435614,TIME_LIMIT,468568,0,0,13,5
2,8,2.133598e6,-1.056239823890013,-0.8693272921435614,TIME_LIMIT,468594,0,0,19,19
2,8,2.133817e6,-1.0562373015912674,-0.8693272921435614,TIME_LIMIT,468623,0,0,10,12
2,8,2.133864e6,-1.0562373015912674,-0.8693272921435614,TIME_LIMIT,468646,0,0,18,5
2,8,2.133911e6,-1.0562351117208681,-0.8693272921435614,TIME_LIMIT,468670,0,0,12,6
2,8,2.134127e6,-1.0562351117208681,-0.8693272921435614,TIME_LIMIT,468696,0,0,15,9
2,8,2.134348e6,-1.056229243790107,-0.8693272921435614,TIME_LIMIT,468718,0,0,17,14
2,8,2.134459e6,-1.056229243790107,-0.8693272921435614,TIME_LIMIT,468740,0,0,5,3
2,8,2.134575e6,-1.0562231530540425,-0.8693272921435614,TIME_LIMIT,468760,0,0,4,2
2,8,2.134791e6,-1.0562231530540425,-0.8693272921435614,TIME_LIMIT,468778,0,0,11,17
2,8,2.134987e6,-1.0562202338000901,-0.8693272921435614,TIME_LIMIT,468805,0,0,14,5
2,8,2.135179e6,-1.0562202338000901,-0.8693272921435614,TIME_LIMIT,468827,0,0,20,31
2,8,2.135379e6,-1.0562127556116523,-0.8693272921435614,TIME_LIMIT,468866,0,0,11,8
2,8,2.1356e6,-1.0562127556116523,-0.8693272921435614,TIME_LIMIT,468887,0,0,17,20
2,8,2.135821e6,-1.0562060047034072,-0.8693272921435614,TIME_LIMIT,468922,0,0,22,20
2,8,2.136046e6,-1.0562060047034072,-0.8693272921435614,TIME_LIMIT,468942,0,0,25,39
2,8,2.136264e6,-1.0562008312190019,-0.8693272921435614,TIME_LIMIT,468979,0,0,19,17
2,8,2.136322e6,-1.0562008312190019,-0.8693272921435614,TIME_LIMIT,468997,0,0,12,9
2,8,2.136409e6,-1.0561946616320368,-0.8693272921435614,TIME_LIMIT,469019,0,0,8,7
2,8,2.136604e6,-1.0561946616320368,-0.8693272921435614,TIME_LIMIT,469044,0,0,18,23
2,8,2.136823e6,-1.0561852985191094,-0.8693272921435614,TIME_LIMIT,469076,0,0,11,11
2,8,2.136873e6,-1.0561852985191094,-0.8693272921435614,TIME_LIMIT,469097,0,0,14,11
2,8,2.136928e6,-1.056182764206381,-0.8693272921435614,TIME_LIMIT,469123,0,0,9,4
2,8,2.136969e6,-1.056182764206381,-0.8693272921435614,TIME_LIMIT,469137,0,0,11,6
2,8,2.137001e6,-1.0561824351226572,-0.8693272921435614,TIME_LIMIT,469153,0,0,4,4
2,8,2.137222e6,-1.0561824351226572,-0.8693272921435614,TIME_LIMIT,469175,0,0,15,17
2,8,2.137438e6,-1.0561823312578258,-0.8693272921435614,TIME_LIMIT,469201,0,0,10,8
2,8,2.137656e6,-1.0561823312578258,-0.8693272921435614,TIME_LIMIT,469228,0,0,22,8
2,8,2.137742e6,-1.0561819239106254,-0.8693272921435614,TIME_LIMIT,469250,0,0,14,4
2,8,2.137885e6,-1.0561819239106254,-0.8693272921435614,TIME_LIMIT,469270,0,0,12,4
2,8,2.137957e6,-1.05617612988026,-0.8693272921435614,TIME_LIMIT,469297,0,0,7,3
2,8,2.138039e6,-1.05617612988026,-0.8693272921435614,TIME_LIMIT,469322,0,0,17,11
2,8,2.138182e6,-1.0561730536940748,-0.8693272921435614,TIME_LIMIT,469346,0,0,14,1
2,8,2.138305e6,-1.0561730536940748,-0.8693272921435614,TIME_LIMIT,469369,0,0,15,13
2,8,2.138481e6,-1.0561721696148307,-0.8693272921435614,TIME_LIMIT,469393,0,0,5,6
2,8,2.138528e6,-1.0561721696148307,-0.8693272921435614,TIME_LIMIT,469410,0,0,15,5
2,8,2.138574e6,-1.0561604528910213,-0.8693272921435614,TIME_LIMIT,469432,0,0,7,3
2,8,2.138633e6,-1.0561604528910213,-0.8693272921435614,TIME_LIMIT,469449,0,0,16,10
2,8,2.138727e6,-1.0561493082897413,-0.8693272921435614,TIME_LIMIT,469480,0,0,11,9
2,8,2.13892e6,-1.0561493082897413,-0.8693272921435614,TIME_LIMIT,469504,0,0,13,11
2,8,2.139006e6,-1.0561474121628573,-0.8693272921435614,TIME_LIMIT,469530,0,0,15,10
2,8,2.13909e6,-1.0561474121628573,-0.8693272921435614,TIME_LIMIT,469552,0,0,13,9
2,8,2.139151e6,-1.0561392209925646,-0.8693272921435614,TIME_LIMIT,469574,0,0,9,4
2,8,2.13932e6,-1.0561392209925646,-0.8693272921435614,TIME_LIMIT,469601,0,0,21,15
2,8,2.139537e6,-1.0561369925930526,-0.8693272921435614,TIME_LIMIT,469630,0,0,15,6
2,8,2.139644e6,-1.0561369925930526,-0.8693272921435614,TIME_LIMIT,469648,0,0,9,11
2,8,2.139728e6,-1.0561290884692218,-0.8693272921435614,TIME_LIMIT,469678,0,0,13,4
2,8,2.139867e6,-1.0561290884692218,-0.8693272921435614,TIME_LIMIT,469700,0,0,16,20
2,8,2.14004e6,-1.0561289358036277,-0.8693272921435614,TIME_LIMIT,469734,0,0,13,11
2,8,2.140107e6,-1.0561289358036277,-0.8693272921435614,TIME_LIMIT,469751,0,0,8,5
2,8,2.140144e6,-1.0561278710818471,-0.8693272921435614,TIME_LIMIT,469770,0,0,13,0
2,8,2.140316e6,-1.0561278710818471,-0.8693272921435614,TIME_LIMIT,469801,0,0,27,19
2,8,2.140537e6,-1.0561160121135562,-0.8693272921435614,TIME_LIMIT,469832,0,0,15,19
2,8,2.140633e6,-1.0561160121135562,-0.8693272921435614,TIME_LIMIT,469850,0,0,21,16
2,8,2.140759e6,-1.0561157565512609,-0.8693272921435614,TIME_LIMIT,469879,0,0,12,5
2,8,2.140792e6,-1.0561157565512609,-0.8693272921435614,TIME_LIMIT,469894,0,0,6,4
2,8,2.140815e6,-1.0561140534849154,-0.8693272921435614,TIME_LIMIT,469908,0,0,6,3
2,8,2.140887e6,-1.0561140534849154,-0.8693272921435614,TIME_LIMIT,469927,0,0,13,6
2,8,2.140941e6,-1.056098291983123,-0.8693272921435614,TIME_LIMIT,469958,0,0,12,4
2,8,2.141064e6,-1.056098291983123,-0.8693272921435614,TIME_LIMIT,469980,0,0,20,16
2,8,2.141291e6,-1.0560968145093745,-0.8693272921435614,TIME_LIMIT,470008,0,0,10,9
2,8,2.141343e6,-1.0560968145093745,-0.8693272921435614,TIME_LIMIT,470026,0,0,15,9
2,8,2.141435e6,-1.0560948337379077,-0.8693272921435614,TIME_LIMIT,470054,0,0,15,3
2,8,2.14152e6,-1.0560948337379077,-0.8693272921435614,TIME_LIMIT,470075,0,0,15,6
2,8,2.141635e6,-1.0560837956728326,-0.8693272921435614,TIME_LIMIT,470097,0,0,14,7
2,8,2.141747e6,-1.0560837956728326,-0.8693272921435614,TIME_LIMIT,470128,0,0,16,17
2,8,2.141892e6,-1.056076432952194,-0.8693272921435614,TIME_LIMIT,470155,0,0,12,9
2,8,2.142053e6,-1.056076432952194,-0.8693272921435614,TIME_LIMIT,470180,0,0,15,13
2,8,2.142128e6,-1.0560746142074733,-0.8693272921435614,TIME_LIMIT,470203,0,0,10,5
2,8,2.142337e6,-1.0560746142074733,-0.8693272921435614,TIME_LIMIT,470235,0,0,13,17
2,8,2.142556e6,-1.0560724377583077,-0.8693272921435614,TIME_LIMIT,470277,0,0,16,14
2,8,2.142628e6,-1.0560724377583077,-0.8693272921435614,TIME_LIMIT,470303,0,0,24,12
2,8,2.142696e6,-1.0560658619486345,-0.8693272921435614,TIME_LIMIT,470317,0,0,11,8
2,8,2.142898e6,-1.0560658619486345,-0.8693272921435614,TIME_LIMIT,470339,0,0,7,9
2,8,2.142954e6,-1.0560622645357087,-0.8693272921435614,TIME_LIMIT,470364,0,0,10,6
2,8,2.143023e6,-1.0560622645357087,-0.8693272921435614,TIME_LIMIT,470384,0,0,11,9
2,8,2.143085e6,-1.0560545259156453,-0.8693272921435614,TIME_LIMIT,470401,0,0,14,5
2,8,2.143162e6,-1.0560545259156453,-0.8693272921435614,TIME_LIMIT,470418,0,0,15,15
2,8,2.143306e6,-1.056054346736874,-0.8693272921435614,TIME_LIMIT,470449,0,0,8,10
2,8,2.14339e6,-1.056054346736874,-0.8693272921435614,TIME_LIMIT,470470,0,0,15,19
2,8,2.143612e6,-1.0560539449161288,-0.8693272921435614,TIME_LIMIT,470503,0,0,18,11
2,8,2.143717e6,-1.0560539449161288,-0.8693272921435614,TIME_LIMIT,470526,0,0,11,6
2,8,2.143779e6,-1.0560510524542535,-0.8693272921435614,TIME_LIMIT,470549,0,0,16,5
2,8,2.143847e6,-1.0560510524542535,-0.8693272921435614,TIME_LIMIT,470565,0,0,13,14
2,8,2.144007e6,-1.0560459661405317,-0.8693272921435614,TIME_LIMIT,470600,0,0,15,7
2,8,2.144055e6,-1.0560459661405317,-0.8693272921435614,TIME_LIMIT,470612,0,0,7,3
2,8,2.144147e6,-1.056041829854487,-0.8693272921435614,TIME_LIMIT,470634,0,0,7,5
2,8,2.144345e6,-1.056041829854487,-0.8693272921435614,TIME_LIMIT,470659,0,0,15,16
2,8,2.144457e6,-1.0560368437715484,-0.8693272921435614,TIME_LIMIT,470684,0,0,16,14
2,8,2.144609e6,-1.0560368437715484,-0.8693272921435614,TIME_LIMIT,470710,0,0,22,11
2,8,2.144827e6,-1.056023910682411,-0.8693272921435614,TIME_LIMIT,470746,0,0,20,2
2,8,2.144896e6,-1.056023910682411,-0.8693272921435614,TIME_LIMIT,470766,0,0,10,15
2,8,2.144986e6,-1.0560178885961762,-0.8693272921435614,TIME_LIMIT,470791,0,0,9,2
2,8,2.145018e6,-1.0560178885961762,-0.8693272921435614,TIME_LIMIT,470806,0,0,13,10
2,8,2.145076e6,-1.056016957486206,-0.8693272921435614,TIME_LIMIT,470833,0,0,14,3
2,8,2.145188e6,-1.056016957486206,-0.8693272921435614,TIME_LIMIT,470855,0,0,22,13
2,8,2.145408e6,-1.0559991052677251,-0.8693272921435614,TIME_LIMIT,470890,0,0,16,5
2,8,2.145569e6,-1.0559991052677251,-0.8693272921435614,TIME_LIMIT,470915,0,0,17,13
2,8,2.145649e6,-1.0559975680136628,-0.8693272921435614,TIME_LIMIT,470943,0,0,9,5
2,8,2.14581e6,-1.0559975680136628,-0.8693272921435614,TIME_LIMIT,470971,0,0,18,21
2,8,2.145881e6,-1.0559963881069852,-0.8693272921435614,TIME_LIMIT,470993,0,0,16,9
2,8,2.146019e6,-1.0559963881069852,-0.8693272921435614,TIME_LIMIT,471011,0,0,16,13
2,8,2.14614e6,-1.05599554567149,-0.8693272921435614,TIME_LIMIT,471038,0,0,11,8
2,8,2.146352e6,-1.05599554567149,-0.8693272921435614,TIME_LIMIT,471057,0,0,23,28
2,8,2.146576e6,-1.0559941355154974,-0.8693272921435614,TIME_LIMIT,471094,0,0,16,20
2,8,2.146686e6,-1.0559941355154974,-0.8693272921435614,TIME_LIMIT,471113,0,0,16,8
2,8,2.146739e6,-1.0559768632531588,-0.8693272921435614,TIME_LIMIT,471143,0,0,14,4
2,8,2.146948e6,-1.0559768632531588,-0.8693272921435614,TIME_LIMIT,471166,0,0,17,17
2,8,2.147079e6,-1.0559739113545228,-0.8693272921435614,TIME_LIMIT,471196,0,0,8,10
2,8,2.147171e6,-1.0559739113545228,-0.8693272921435614,TIME_LIMIT,471217,0,0,9,5
2,8,2.147215e6,-1.0559666879593723,-0.8693272921435614,TIME_LIMIT,471228,0,0,7,5
2,8,2.147428e6,-1.0559666879593723,-0.8693272921435614,TIME_LIMIT,471253,0,0,22,28
2,8,2.147536e6,-1.055963076349438,-0.8693272921435614,TIME_LIMIT,471293,0,0,22,6
2,8,2.147589e6,-1.055963076349438,-0.8693272921435614,TIME_LIMIT,471306,0,0,9,4
2,8,2.147667e6,-1.055962791733357,-0.8693272921435614,TIME_LIMIT,471325,0,0,8,3
2,8,2.14772e6,-1.055962791733357,-0.8693272921435614,TIME_LIMIT,471346,0,0,14,9
2,8,2.147771e6,-1.0559585666146294,-0.8693272921435614,TIME_LIMIT,471365,0,0,9,7
2,8,2.14781e6,-1.0559585666146294,-0.8693272921435614,TIME_LIMIT,471382,0,0,7,5
2,8,2.147852e6,-1.0559584179817225,-0.8693272921435614,TIME_LIMIT,471402,0,0,6,5
2,8,2.147895e6,-1.0559584179817225,-0.8693272921435614,TIME_LIMIT,471419,0,0,12,3
2,8,2.147953e6,-1.0559559742249507,-0.8693272921435614,TIME_LIMIT,471441,0,0,7,8
2,8,2.148152e6,-1.0559559742249507,-0.8693272921435614,TIME_LIMIT,471464,0,0,18,16
2,8,2.14838e6,-1.055954548081544,-0.8693272921435614,TIME_LIMIT,471495,0,0,14,11
2,8,2.148531e6,-1.055954548081544,-0.8693272921435614,TIME_LIMIT,471516,0,0,14,17
2,8,2.148609e6,-1.0559512995883718,-0.8693272921435614,TIME_LIMIT,471530,0,0,12,9
2,8,2.148835e6,-1.0559512995883718,-0.8693272921435614,TIME_LIMIT,471557,0,0,24,14
2,8,2.148994e6,-1.055937356090297,-0.8693272921435614,TIME_LIMIT,471587,0,0,15,10
2,8,2.149106e6,-1.055937356090297,-0.8693272921435614,TIME_LIMIT,471609,0,0,19,14
2,8,2.149226e6,-1.0559335393050284,-0.8693272921435614,TIME_LIMIT,471637,0,0,12,7
2,8,2.149325e6,-1.0559335393050284,-0.8693272921435614,TIME_LIMIT,471657,0,0,12,4
2,8,2.149383e6,-1.0559318126026231,-0.8693272921435614,TIME_LIMIT,471683,0,0,11,8
2,8,2.149459e6,-1.0559318126026231,-0.8693272921435614,TIME_LIMIT,471704,0,0,18,11
2,8,2.149594e6,-1.0559228018522047,-0.8693272921435614,TIME_LIMIT,471736,0,0,14,6
2,8,2.149632e6,-1.0559228018522047,-0.8693272921435614,TIME_LIMIT,471746,0,0,7,3
2,8,2.149673e6,-1.0559168050019507,-0.8693272921435614,TIME_LIMIT,471762,0,0,5,2
2,8,2.149725e6,-1.0559168050019507,-0.8693272921435614,TIME_LIMIT,471780,0,0,14,15
2,8,2.149821e6,-1.055915059434117,-0.8693272921435614,TIME_LIMIT,471811,0,0,12,7
2,8,2.149936e6,-1.055915059434117,-0.8693272921435614,TIME_LIMIT,471833,0,0,12,11
2,8,2.15001e6,-1.0559140750830323,-0.8693272921435614,TIME_LIMIT,471861,0,0,12,4
2,8,2.15018e6,-1.0559140750830323,-0.8693272921435614,TIME_LIMIT,471882,0,0,13,6
2,8,2.150262e6,-1.0559107905115117,-0.8693272921435614,TIME_LIMIT,471910,0,0,8,7
2,8,2.150423e6,-1.0559107905115117,-0.8693272921435614,TIME_LIMIT,471935,0,0,13,8
2,8,2.15046e6,-1.0559095788500412,-0.8693272921435614,TIME_LIMIT,471954,0,0,10,5
2,8,2.150518e6,-1.0559095788500412,-0.8693272921435614,TIME_LIMIT,471969,0,0,8,7
2,8,2.150562e6,-1.055908912050056,-0.8693272921435614,TIME_LIMIT,471992,0,0,6,3
2,8,2.150667e6,-1.055908912050056,-0.8693272921435614,TIME_LIMIT,472009,0,0,5,11
2,8,2.150714e6,-1.0559060600303498,-0.8693272921435614,TIME_LIMIT,472027,0,0,6,3
2,8,2.150834e6,-1.0559060600303498,-0.8693272921435614,TIME_LIMIT,472048,0,0,14,14
2,8,2.151001e6,-1.0559056365074029,-0.8693272921435614,TIME_LIMIT,472078,0,0,14,6
2,8,2.151102e6,-1.0559056365074029,-0.8693272921435614,TIME_LIMIT,472101,0,0,13,17
2,8,2.151227e6,-1.0558974779303312,-0.8693272921435614,TIME_LIMIT,472132,0,0,12,12
2,8,2.151446e6,-1.0558974779303312,-0.8693272921435614,TIME_LIMIT,472165,0,0,16,23
2,8,2.151673e6,-1.0558962833447108,-0.8693272921435614,TIME_LIMIT,472206,0,0,10,9
2,8,2.151833e6,-1.0558962833447108,-0.8693272921435614,TIME_LIMIT,472236,0,0,13,29
2,8,2.151976e6,-1.055890535315308,-0.8693272921435614,TIME_LIMIT,472269,0,0,12,12
2,8,2.152013e6,-1.055890535315308,-0.8693272921435614,TIME_LIMIT,472283,0,0,13,4
2,8,2.15204e6,-1.0558885825035764,-0.8693272921435614,TIME_LIMIT,472301,0,0,7,3
2,8,2.152105e6,-1.0558885825035764,-0.8693272921435614,TIME_LIMIT,472314,0,0,7,8
2,8,2.15213e6,-1.0558877101936779,-0.8693272921435614,TIME_LIMIT,472330,0,0,6,3
2,8,2.152319e6,-1.0558877101936779,-0.8693272921435614,TIME_LIMIT,472358,0,0,11,9
2,8,2.152375e6,-1.055885315552398,-0.8693272921435614,TIME_LIMIT,472380,0,0,8,4
2,8,2.15244e6,-1.055885315552398,-0.8693272921435614,TIME_LIMIT,472402,0,0,15,11
2,8,2.152509e6,-1.0558830239335295,-0.8693272921435614,TIME_LIMIT,472430,0,0,10,11
2,8,2.152632e6,-1.0558830239335295,-0.8693272921435614,TIME_LIMIT,472453,0,0,14,22
2,8,2.15277e6,-1.0558825537379501,-0.8693272921435614,TIME_LIMIT,472482,0,0,14,12
2,8,2.15299e6,-1.0558825537379501,-0.8693272921435614,TIME_LIMIT,472503,0,0,17,23
2,8,2.153138e6,-1.0558787858409011,-0.8693272921435614,TIME_LIMIT,472535,0,0,17,13
2,8,2.153297e6,-1.0558787858409011,-0.8693272921435614,TIME_LIMIT,472556,0,0,17,21
2,8,2.153464e6,-1.055878658640066,-0.8693272921435614,TIME_LIMIT,472587,0,0,13,8
2,8,2.153625e6,-1.055878658640066,-0.8693272921435614,TIME_LIMIT,472613,0,0,26,17
2,8,2.153806e6,-1.0558760936596476,-0.8693272921435614,TIME_LIMIT,472649,0,0,17,7
2,8,2.153936e6,-1.0558760936596476,-0.8693272921435614,TIME_LIMIT,472670,0,0,19,17
2,8,2.154032e6,-1.0558687911176037,-0.8693272921435614,TIME_LIMIT,472701,0,0,16,9
2,8,2.154256e6,-1.0558687911176037,-0.8693272921435614,TIME_LIMIT,472729,0,0,18,28
2,8,2.15448e6,-1.055867928962976,-0.8693272921435614,TIME_LIMIT,472769,0,0,22,6
2,8,2.154687e6,-1.055867928962976,-0.8693272921435614,TIME_LIMIT,472791,0,0,16,16
2,8,2.154828e6,-1.0558621520430884,-0.8693272921435614,TIME_LIMIT,472823,0,0,12,8
2,8,2.154919e6,-1.0558621520430884,-0.8693272921435614,TIME_LIMIT,472842,0,0,18,10
2,8,2.155019e6,-1.0558597214170664,-0.8693272921435614,TIME_LIMIT,472867,0,0,5,4
2,8,2.155138e6,-1.0558597214170664,-0.8693272921435614,TIME_LIMIT,472891,0,0,15,13
2,8,2.155222e6,-1.055854151692726,-0.8693272921435614,TIME_LIMIT,472918,0,0,7,3
2,8,2.155262e6,-1.055854151692726,-0.8693272921435614,TIME_LIMIT,472930,0,0,9,7
2,8,2.155329e6,-1.055853577073826,-0.8693272921435614,TIME_LIMIT,472954,0,0,8,6
2,8,2.155537e6,-1.055853577073826,-0.8693272921435614,TIME_LIMIT,472974,0,0,13,12
2,8,2.155629e6,-1.0558484001188428,-0.8693272921435614,TIME_LIMIT,473011,0,0,16,8
2,8,2.155705e6,-1.0558484001188428,-0.8693272921435614,TIME_LIMIT,473029,0,0,11,7
2,8,2.155738e6,-1.0558472733353654,-0.8693272921435614,TIME_LIMIT,473048,0,0,8,8
2,8,2.155961e6,-1.0558472733353654,-0.8693272921435614,TIME_LIMIT,473073,0,0,16,16
2,8,2.156076e6,-1.0558047703404565,-0.8693272921435614,TIME_LIMIT,473109,0,0,15,8
2,8,2.156145e6,-1.0558047703404565,-0.8693272921435614,TIME_LIMIT,473127,0,0,6,16
2,8,2.156238e6,-1.0557977396916858,-0.8693272921435614,TIME_LIMIT,473155,0,0,10,10
2,8,2.156451e6,-1.0557977396916858,-0.8693272921435614,TIME_LIMIT,473184,0,0,19,16
2,8,2.156561e6,-1.0557973567429322,-0.8693272921435614,TIME_LIMIT,473215,0,0,12,9
2,8,2.156678e6,-1.0557973567429322,-0.8693272921435614,TIME_LIMIT,473238,0,0,13,2
2,8,2.15672e6,-1.0557955834233472,-0.8693272921435614,TIME_LIMIT,473257,0,0,5,6
2,8,2.156787e6,-1.0557955834233472,-0.8693272921435614,TIME_LIMIT,473276,0,0,15,17
2,8,2.156893e6,-1.055786648331071,-0.8693272921435614,TIME_LIMIT,473300,0,0,11,4
2,8,2.157079e6,-1.055786648331071,-0.8693272921435614,TIME_LIMIT,473326,0,0,21,9
2,8,2.157168e6,-1.0557863599972963,-0.8693272921435614,TIME_LIMIT,473350,0,0,14,5
2,8,2.157259e6,-1.0557863599972963,-0.8693272921435614,TIME_LIMIT,473366,0,0,8,9
2,8,2.157448e6,-1.0557807053273671,-0.8693272921435614,TIME_LIMIT,473394,0,0,12,12
2,8,2.157669e6,-1.0557807053273671,-0.8693272921435614,TIME_LIMIT,473415,0,0,14,16
2,8,2.157807e6,-1.05578025394877,-0.8693272921435614,TIME_LIMIT,473447,0,0,16,7
2,8,2.158032e6,-1.05578025394877,-0.8693272921435614,TIME_LIMIT,473471,0,0,16,4
2,8,2.158074e6,-1.0557737230793003,-0.8693272921435614,TIME_LIMIT,473488,0,0,12,8
2,8,2.158163e6,-1.0557737230793003,-0.8693272921435614,TIME_LIMIT,473508,0,0,18,13
2,8,2.158334e6,-1.055773552608013,-0.8693272921435614,TIME_LIMIT,473546,0,0,14,3
2,8,2.158508e6,-1.055773552608013,-0.8693272921435614,TIME_LIMIT,473572,0,0,19,16
2,8,2.158586e6,-1.055769785770934,-0.8693272921435614,TIME_LIMIT,473601,0,0,14,4
2,8,2.158799e6,-1.055769785770934,-0.8693272921435614,TIME_LIMIT,473622,0,0,8,14
2,8,2.158888e6,-1.055765485571896,-0.8693272921435614,TIME_LIMIT,473650,0,0,12,8
2,8,2.15907e6,-1.055765485571896,-0.8693272921435614,TIME_LIMIT,473677,0,0,18,8
2,8,2.15918e6,-1.0557637425855961,-0.8693272921435614,TIME_LIMIT,473703,0,0,7,7
2,8,2.159393e6,-1.0557637425855961,-0.8693272921435614,TIME_LIMIT,473723,0,0,18,16
2,8,2.159615e6,-1.055762990294159,-0.8693272921435614,TIME_LIMIT,473762,0,0,14,10
2,8,2.159838e6,-1.055762990294159,-0.8693272921435614,TIME_LIMIT,473789,0,0,20,38
2,8,2.160059e6,-1.0557342334276658,-0.8693272921435614,TIME_LIMIT,473824,0,0,15,14
2,8,2.160129e6,-1.0557342334276658,-0.8693272921435614,TIME_LIMIT,473852,0,0,16,7
2,8,2.160175e6,-1.0557326364073143,-0.8693272921435614,TIME_LIMIT,473874,0,0,14,5
2,8,2.160324e6,-1.0557326364073143,-0.8693272921435614,TIME_LIMIT,473898,0,0,24,25
2,8,2.160463e6,-1.0557292769291062,-0.8693272921435614,TIME_LIMIT,473932,0,0,19,7
2,8,2.160513e6,-1.0557292769291062,-0.8693272921435614,TIME_LIMIT,473953,0,0,14,2
2,8,2.160553e6,-1.055729249060021,-0.8693272921435614,TIME_LIMIT,473968,0,0,8,4
2,8,2.160632e6,-1.055729249060021,-0.8693272921435614,TIME_LIMIT,473985,0,0,11,14
2,8,2.160737e6,-1.055727094874612,-0.8693272921435614,TIME_LIMIT,474015,0,0,6,5
2,8,2.160901e6,-1.055727094874612,-0.8693272921435614,TIME_LIMIT,474038,0,0,14,3
2,8,2.16095e6,-1.0557124537306652,-0.8693272921435614,TIME_LIMIT,474058,0,0,8,5
2,8,2.161004e6,-1.0557124537306652,-0.8693272921435614,TIME_LIMIT,474082,0,0,12,11
2,8,2.161099e6,-1.0557124123620207,-0.8693272921435614,TIME_LIMIT,474110,0,0,11,7
2,8,2.161321e6,-1.0557124123620207,-0.8693272921435614,TIME_LIMIT,474139,0,0,20,19
2,8,2.161543e6,-1.0557097245559754,-0.8693272921435614,TIME_LIMIT,474173,0,0,12,8
2,8,2.16161e6,-1.0557097245559754,-0.8693272921435614,TIME_LIMIT,474193,0,0,13,6
2,8,2.16167e6,-1.0557061393830718,-0.8693272921435614,TIME_LIMIT,474216,0,0,9,7
2,8,2.161727e6,-1.0557061393830718,-0.8693272921435614,TIME_LIMIT,474235,0,0,7,16
2,8,2.161819e6,-1.0557047083106335,-0.8693272921435614,TIME_LIMIT,474254,0,0,10,7
2,8,2.161871e6,-1.0557047083106335,-0.8693272921435614,TIME_LIMIT,474271,0,0,11,7
2,8,2.161948e6,-1.0557027302153326,-0.8693272921435614,TIME_LIMIT,474294,0,0,9,6
2,8,2.162095e6,-1.0557027302153326,-0.8693272921435614,TIME_LIMIT,474321,0,0,24,8
2,8,2.16221e6,-1.0557026218354717,-0.8693272921435614,TIME_LIMIT,474351,0,0,15,8
2,8,2.162276e6,-1.0557026218354717,-0.8693272921435614,TIME_LIMIT,474365,0,0,7,4
2,8,2.162305e6,-1.0556995700371712,-0.8693272921435614,TIME_LIMIT,474382,0,0,6,2
2,8,2.162358e6,-1.0556995700371712,-0.8693272921435614,TIME_LIMIT,474399,0,0,12,8
2,8,2.16241e6,-1.0556909101015273,-0.8693272921435614,TIME_LIMIT,474417,0,0,8,1
2,8,2.162522e6,-1.0556909101015273,-0.8693272921435614,TIME_LIMIT,474442,0,0,19,10
2,8,2.162604e6,-1.055680888163054,-0.8693272921435614,TIME_LIMIT,474464,0,0,9,7
2,8,2.162771e6,-1.055680888163054,-0.8693272921435614,TIME_LIMIT,474488,0,0,22,18
2,8,2.162992e6,-1.055680523538659,-0.8693272921435614,TIME_LIMIT,474525,0,0,13,15
2,8,2.163085e6,-1.055680523538659,-0.8693272921435614,TIME_LIMIT,474543,0,0,10,9
2,8,2.163151e6,-1.0556744723156046,-0.8693272921435614,TIME_LIMIT,474563,0,0,6,4
2,8,2.163285e6,-1.0556744723156046,-0.8693272921435614,TIME_LIMIT,474586,0,0,15,17
2,8,2.163362e6,-1.0556641932657445,-0.8693272921435614,TIME_LIMIT,474616,0,0,13,12
2,8,2.163584e6,-1.0556641932657445,-0.8693272921435614,TIME_LIMIT,474638,0,0,21,9
2,8,2.163775e6,-1.0556431663565906,-0.8693272921435614,TIME_LIMIT,474680,0,0,20,9
2,8,2.163961e6,-1.0556431663565906,-0.8693272921435614,TIME_LIMIT,474704,0,0,15,17
2,8,2.164042e6,-1.0556370787165457,-0.8693272921435614,TIME_LIMIT,474734,0,0,15,2
2,8,2.164136e6,-1.0556370787165457,-0.8693272921435614,TIME_LIMIT,474758,0,0,20,21
2,8,2.164332e6,-1.055634642880876,-0.8693272921435614,TIME_LIMIT,474794,0,0,17,16
2,8,2.164421e6,-1.055634642880876,-0.8693272921435614,TIME_LIMIT,474813,0,0,6,10
2,8,2.164474e6,-1.0556243061691633,-0.8693272921435614,TIME_LIMIT,474835,0,0,14,11
2,8,2.164609e6,-1.0556243061691633,-0.8693272921435614,TIME_LIMIT,474854,0,0,12,10
2,8,2.164634e6,-1.0556242460360328,-0.8693272921435614,TIME_LIMIT,474870,0,0,6,1
2,8,2.164746e6,-1.0556242460360328,-0.8693272921435614,TIME_LIMIT,474890,0,0,19,17
2,8,2.16492e6,-1.0556111572146682,-0.8693272921435614,TIME_LIMIT,474925,0,0,18,8
2,8,2.165098e6,-1.0556111572146682,-0.8693272921435614,TIME_LIMIT,474951,0,0,9,22
2,8,2.165316e6,-1.055606639277475,-0.8693272921435614,TIME_LIMIT,474986,0,0,11,8
2,8,2.165399e6,-1.055606639277475,-0.8693272921435614,TIME_LIMIT,475007,0,0,18,25
2,8,2.16554e6,-1.055604829387462,-0.8693272921435614,TIME_LIMIT,475036,0,0,13,12
2,8,2.165648e6,-1.055604829387462,-0.8693272921435614,TIME_LIMIT,475055,0,0,8,10
2,8,2.1658e6,-1.0556011558241463,-0.8693272921435614,TIME_LIMIT,475082,0,0,10,7
2,8,2.165927e6,-1.0556011558241463,-0.8693272921435614,TIME_LIMIT,475103,0,0,9,11
2,8,2.166006e6,-1.0555960791227896,-0.8693272921435614,TIME_LIMIT,475132,0,0,11,16
2,8,2.166096e6,-1.0555960791227896,-0.8693272921435614,TIME_LIMIT,475156,0,0,10,9
2,8,2.166223e6,-1.055593064477261,-0.8693272921435614,TIME_LIMIT,475187,0,0,13,4
2,8,2.166315e6,-1.055593064477261,-0.8693272921435614,TIME_LIMIT,475209,0,0,17,14
2,8,2.166399e6,-1.0555833007730195,-0.8693272921435614,TIME_LIMIT,475232,0,0,11,16
2,8,2.166587e6,-1.0555833007730195,-0.8693272921435614,TIME_LIMIT,475264,0,0,21,23
2,8,2.166762e6,-1.0555812371848736,-0.8693272921435614,TIME_LIMIT,475299,0,0,5,11
2,8,2.16698e6,-1.0555812371848736,-0.8693272921435614,TIME_LIMIT,475317,0,0,9,18
2,8,2.167124e6,-1.0555809330777932,-0.8693272921435614,TIME_LIMIT,475349,0,0,17,16
2,8,2.167337e6,-1.0555809330777932,-0.8693272921435614,TIME_LIMIT,475373,0,0,24,14
2,8,2.167555e6,-1.0555791557663445,-0.8693272921435614,TIME_LIMIT,475408,0,0,17,5
2,8,2.167694e6,-1.0555791557663445,-0.8693272921435614,TIME_LIMIT,475435,0,0,26,9
2,8,2.167913e6,-1.0555729965161067,-0.8693272921435614,TIME_LIMIT,475463,0,0,9,5
2,8,2.168045e6,-1.0555729965161067,-0.8693272921435614,TIME_LIMIT,475485,0,0,8,13
2,8,2.168084e6,-1.055566714355591,-0.8693272921435614,TIME_LIMIT,475507,0,0,10,6
2,8,2.16827e6,-1.055566714355591,-0.8693272921435614,TIME_LIMIT,475526,0,0,16,5
2,8,2.168308e6,-1.0555662673194175,-0.8693272921435614,TIME_LIMIT,475548,0,0,8,2
2,8,2.168529e6,-1.0555662673194175,-0.8693272921435614,TIME_LIMIT,475572,0,0,16,15
2,8,2.168715e6,-1.0555646729786905,-0.8693272921435614,TIME_LIMIT,475593,0,0,13,10
2,8,2.168937e6,-1.0555646729786905,-0.8693272921435614,TIME_LIMIT,475618,0,0,17,13
2,8,2.169076e6,-1.0555617906668475,-0.8693272921435614,TIME_LIMIT,475651,0,0,18,10
2,8,2.169282e6,-1.0555617906668475,-0.8693272921435614,TIME_LIMIT,475677,0,0,20,19
2,8,2.169507e6,-1.0555614070142267,-0.8693272921435614,TIME_LIMIT,475710,0,0,14,7
2,8,2.169558e6,-1.0555614070142267,-0.8693272921435614,TIME_LIMIT,475725,0,0,8,4
2,8,2.169651e6,-1.0555525469048734,-0.8693272921435614,TIME_LIMIT,475746,0,0,4,6
2,8,2.16987e6,-1.0555525469048734,-0.8693272921435614,TIME_LIMIT,475769,0,0,22,18
2,8,2.170093e6,-1.0555446178520713,-0.8693272921435614,TIME_LIMIT,475806,0,0,21,5
2,8,2.170249e6,-1.0555446178520713,-0.8693272921435614,TIME_LIMIT,475826,0,0,13,11
2,8,2.170404e6,-1.0555347343649286,-0.8693272921435614,TIME_LIMIT,475854,0,0,13,12
2,8,2.170483e6,-1.0555347343649286,-0.8693272921435614,TIME_LIMIT,475878,0,0,16,13
2,8,2.170534e6,-1.055534456152014,-0.8693272921435614,TIME_LIMIT,475896,0,0,9,7
2,8,2.170613e6,-1.055534456152014,-0.8693272921435614,TIME_LIMIT,475918,0,0,8,10
2,8,2.170691e6,-1.0555294666118908,-0.8693272921435614,TIME_LIMIT,475942,0,0,11,6
2,8,2.170782e6,-1.0555294666118908,-0.8693272921435614,TIME_LIMIT,475963,0,0,22,15
2,8,2.170995e6,-1.0555216101951876,-0.8693272921435614,TIME_LIMIT,475997,0,0,12,6
2,8,2.171067e6,-1.0555216101951876,-0.8693272921435614,TIME_LIMIT,476015,0,0,4,7
2,8,2.171098e6,-1.0555180156863926,-0.8693272921435614,TIME_LIMIT,476033,0,0,8,2
2,8,2.171318e6,-1.0555180156863926,-0.8693272921435614,TIME_LIMIT,476056,0,0,16,16
2,8,2.171537e6,-1.05551543697341,-0.8693272921435614,TIME_LIMIT,476092,0,0,16,9
2,8,2.171624e6,-1.05551543697341,-0.8693272921435614,TIME_LIMIT,476114,0,0,7,7
2,8,2.171736e6,-1.0555153165542839,-0.8693272921435614,TIME_LIMIT,476143,0,0,12,6
2,8,2.171941e6,-1.0555153165542839,-0.8693272921435614,TIME_LIMIT,476174,0,0,15,14
2,8,2.172051e6,-1.055513585173638,-0.8693272921435614,TIME_LIMIT,476197,0,0,13,13
2,8,2.172273e6,-1.055513585173638,-0.8693272921435614,TIME_LIMIT,476229,0,0,12,40
2,8,2.172408e6,-1.055499624789784,-0.8693272921435614,TIME_LIMIT,476254,0,0,11,5
2,8,2.17246e6,-1.055499624789784,-0.8693272921435614,TIME_LIMIT,476268,0,0,9,12
2,8,2.172538e6,-1.0554989283451102,-0.8693272921435614,TIME_LIMIT,476284,0,0,5,3
2,8,2.172698e6,-1.0554989283451102,-0.8693272921435614,TIME_LIMIT,476315,0,0,7,8
2,8,2.172788e6,-1.055487317649716,-0.8693272921435614,TIME_LIMIT,476335,0,0,6,6
2,8,2.173016e6,-1.055487317649716,-0.8693272921435614,TIME_LIMIT,476360,0,0,23,29
2,8,2.173192e6,-1.0554800136367999,-0.8693272921435614,TIME_LIMIT,476391,0,0,13,8
2,8,2.173263e6,-1.0554800136367999,-0.8693272921435614,TIME_LIMIT,476416,0,0,14,14
2,8,2.173315e6,-1.0554740715971385,-0.8693272921435614,TIME_LIMIT,476442,0,0,11,7
2,8,2.173528e6,-1.0554740715971385,-0.8693272921435614,TIME_LIMIT,476466,0,0,16,23
2,8,2.173739e6,-1.0554724617034212,-0.8693272921435614,TIME_LIMIT,476503,0,0,21,6
2,8,2.173914e6,-1.0554724617034212,-0.8693272921435614,TIME_LIMIT,476526,0,0,12,8
2,8,2.173986e6,-1.0554668306178283,-0.8693272921435614,TIME_LIMIT,476545,0,0,11,3
2,8,2.174089e6,-1.0554668306178283,-0.8693272921435614,TIME_LIMIT,476567,0,0,16,18
2,8,2.174175e6,-1.0554600758393382,-0.8693272921435614,TIME_LIMIT,476590,0,0,8,6
2,8,2.174217e6,-1.0554600758393382,-0.8693272921435614,TIME_LIMIT,476607,0,0,6,4
2,8,2.174246e6,-1.0554557531659254,-0.8693272921435614,TIME_LIMIT,476618,0,0,7,4
2,8,2.174459e6,-1.0554557531659254,-0.8693272921435614,TIME_LIMIT,476637,0,0,17,9
2,8,2.17468e6,-1.0554458103880795,-0.8693272921435614,TIME_LIMIT,476667,0,0,17,7
2,8,2.17488e6,-1.0554458103880795,-0.8693272921435614,TIME_LIMIT,476693,0,0,15,14
2,8,2.174976e6,-1.0554419522422043,-0.8693272921435614,TIME_LIMIT,476725,0,0,10,10
2,8,2.175121e6,-1.0554419522422043,-0.8693272921435614,TIME_LIMIT,476746,0,0,21,20
2,8,2.175338e6,-1.0554383440695005,-0.8693272921435614,TIME_LIMIT,476786,0,0,21,4
2,8,2.175477e6,-1.0554383440695005,-0.8693272921435614,TIME_LIMIT,476816,0,0,18,11
2,8,2.1756e6,-1.0554354186003567,-0.8693272921435614,TIME_LIMIT,476846,0,0,13,9
2,8,2.175744e6,-1.0554354186003567,-0.8693272921435614,TIME_LIMIT,476866,0,0,10,4
2,8,2.17579e6,-1.055430607239941,-0.8693272921435614,TIME_LIMIT,476890,0,0,10,6
2,8,2.175947e6,-1.055430607239941,-0.8693272921435614,TIME_LIMIT,476914,0,0,18,24
2,8,2.176149e6,-1.0554301750763433,-0.8693272921435614,TIME_LIMIT,476949,0,0,17,7
2,8,2.176286e6,-1.0554301750763433,-0.8693272921435614,TIME_LIMIT,476975,0,0,9,23
2,8,2.176505e6,-1.055423378474652,-0.8693272921435614,TIME_LIMIT,477005,0,0,12,9
2,8,2.176613e6,-1.055423378474652,-0.8693272921435614,TIME_LIMIT,477028,0,0,12,14
2,8,2.176772e6,-1.0554196722630538,-0.8693272921435614,TIME_LIMIT,477059,0,0,15,7
2,8,2.176814e6,-1.0554196722630538,-0.8693272921435614,TIME_LIMIT,477073,0,0,7,18
2,8,2.176908e6,-1.055412139793282,-0.8693272921435614,TIME_LIMIT,477098,0,0,10,4
2,8,2.177102e6,-1.055412139793282,-0.8693272921435614,TIME_LIMIT,477132,0,0,24,37
2,8,2.177312e6,-1.0554045810838688,-0.8693272921435614,TIME_LIMIT,477163,0,0,15,14
2,8,2.177443e6,-1.0554045810838688,-0.8693272921435614,TIME_LIMIT,477186,0,0,16,12
2,8,2.177548e6,-1.0554008382662556,-0.8693272921435614,TIME_LIMIT,477212,0,0,13,6
2,8,2.177742e6,-1.0554008382662556,-0.8693272921435614,TIME_LIMIT,477235,0,0,15,10
2,8,2.177851e6,-1.0553982665387132,-0.8693272921435614,TIME_LIMIT,477255,0,0,8,4
2,8,2.17805e6,-1.0553982665387132,-0.8693272921435614,TIME_LIMIT,477279,0,0,23,11
2,8,2.178269e6,-1.0553981820419982,-0.8693272921435614,TIME_LIMIT,477314,0,0,20,5
2,8,2.178478e6,-1.0553981820419982,-0.8693272921435614,TIME_LIMIT,477340,0,0,24,17
2,8,2.178696e6,-1.0553964481003304,-0.8693272921435614,TIME_LIMIT,477375,0,0,15,7
2,8,2.178833e6,-1.0553964481003304,-0.8693272921435614,TIME_LIMIT,477398,0,0,13,2
2,8,2.178877e6,-1.0553948047665254,-0.8693272921435614,TIME_LIMIT,477412,0,0,7,2
2,8,2.179082e6,-1.0553948047665254,-0.8693272921435614,TIME_LIMIT,477440,0,0,9,14
2,8,2.179208e6,-1.0553871394593934,-0.8693272921435614,TIME_LIMIT,477476,0,0,9,8
2,8,2.179352e6,-1.0553871394593934,-0.8693272921435614,TIME_LIMIT,477497,0,0,17,12
2,8,2.179483e6,-1.0553867726593151,-0.8693272921435614,TIME_LIMIT,477531,0,0,14,7
2,8,2.1797e6,-1.0553867726593151,-0.8693272921435614,TIME_LIMIT,477550,0,0,8,10
2,8,2.179822e6,-1.055376005369355,-0.8693272921435614,TIME_LIMIT,477580,0,0,12,4
2,8,2.180042e6,-1.055376005369355,-0.8693272921435614,TIME_LIMIT,477609,0,0,24,23
2,8,2.180263e6,-1.0553749750880907,-0.8693272921435614,TIME_LIMIT,477650,0,0,17,11
2,8,2.18048e6,-1.0553749750880907,-0.8693272921435614,TIME_LIMIT,477671,0,0,10,19
2,8,2.180599e6,-1.0553741957229665,-0.8693272921435614,TIME_LIMIT,477704,0,0,13,10
2,8,2.180711e6,-1.0553741957229665,-0.8693272921435614,TIME_LIMIT,477732,0,0,16,9
2,8,2.180922e6,-1.0553678870302265,-0.8693272921435614,TIME_LIMIT,477757,0,0,16,12
2,8,2.181087e6,-1.0553678870302265,-0.8693272921435614,TIME_LIMIT,477780,0,0,18,10
2,8,2.181216e6,-1.0553619283259383,-0.8693272921435614,TIME_LIMIT,477800,0,0,12,9
2,8,2.181443e6,-1.0553619283259383,-0.8693272921435614,TIME_LIMIT,477825,0,0,21,12
2,8,2.181579e6,-1.0553478832490328,-0.8693272921435614,TIME_LIMIT,477857,0,0,6,4
2,8,2.181664e6,-1.0553478832490328,-0.8693272921435614,TIME_LIMIT,477877,0,0,11,14
2,8,2.181756e6,-1.0553416317483666,-0.8693272921435614,TIME_LIMIT,477906,0,0,13,4
2,8,2.181853e6,-1.0553416317483666,-0.8693272921435614,TIME_LIMIT,477930,0,0,11,7
2,8,2.181899e6,-1.0553403091072908,-0.8693272921435614,TIME_LIMIT,477952,0,0,7,4
2,8,2.182109e6,-1.0553403091072908,-0.8693272921435614,TIME_LIMIT,477974,0,0,13,17
2,8,2.182324e6,-1.055337941340574,-0.8693272921435614,TIME_LIMIT,478006,0,0,12,12
2,8,2.182407e6,-1.055337941340574,-0.8693272921435614,TIME_LIMIT,478027,0,0,12,17
2,8,2.182465e6,-1.0553350490697784,-0.8693272921435614,TIME_LIMIT,478056,0,0,15,5
2,8,2.182663e6,-1.0553350490697784,-0.8693272921435614,TIME_LIMIT,478076,0,0,15,30
2,8,2.182879e6,-1.0553296079884822,-0.8693272921435614,TIME_LIMIT,478111,0,0,18,14
2,8,2.182993e6,-1.0553296079884822,-0.8693272921435614,TIME_LIMIT,478131,0,0,22,15
2,8,2.183105e6,-1.0553224082216377,-0.8693272921435614,TIME_LIMIT,478164,0,0,13,10
2,8,2.18315e6,-1.0553224082216377,-0.8693272921435614,TIME_LIMIT,478174,0,0,10,12
2,8,2.1832e6,-1.0553178818178803,-0.8693272921435614,TIME_LIMIT,478196,0,0,9,2
2,8,2.183363e6,-1.0553178818178803,-0.8693272921435614,TIME_LIMIT,478217,0,0,19,17
2,8,2.183582e6,-1.0553163236224736,-0.8693272921435614,TIME_LIMIT,478251,0,0,15,9
2,8,2.183652e6,-1.0553163236224736,-0.8693272921435614,TIME_LIMIT,478270,0,0,6,14
2,8,2.183686e6,-1.0553099932678998,-0.8693272921435614,TIME_LIMIT,478288,0,0,6,9
2,8,2.183775e6,-1.0553099932678998,-0.8693272921435614,TIME_LIMIT,478310,0,0,7,3
2,8,2.183849e6,-1.0553021813424581,-0.8693272921435614,TIME_LIMIT,478337,0,0,10,4
2,8,2.184021e6,-1.0553021813424581,-0.8693272921435614,TIME_LIMIT,478360,0,0,11,2
2,8,2.184131e6,-1.0552969440936575,-0.8693272921435614,TIME_LIMIT,478383,0,0,7,2
2,8,2.184357e6,-1.0552969440936575,-0.8693272921435614,TIME_LIMIT,478407,0,0,15,17
2,8,2.184542e6,-1.0552902281472043,-0.8693272921435614,TIME_LIMIT,478441,0,0,15,10
2,8,2.184594e6,-1.0552902281472043,-0.8693272921435614,TIME_LIMIT,478460,0,0,6,8
2,8,2.184635e6,-1.0552896734207093,-0.8693272921435614,TIME_LIMIT,478480,0,0,8,2
2,8,2.184758e6,-1.0552896734207093,-0.8693272921435614,TIME_LIMIT,478502,0,0,10,11
2,8,2.184858e6,-1.0552852050863821,-0.8693272921435614,TIME_LIMIT,478529,0,0,12,6
2,8,2.184983e6,-1.0552852050863821,-0.8693272921435614,TIME_LIMIT,478548,0,0,14,9
2,8,2.185097e6,-1.0552792183739914,-0.8693272921435614,TIME_LIMIT,478576,0,0,9,7
2,8,2.185307e6,-1.0552792183739914,-0.8693272921435614,TIME_LIMIT,478593,0,0,11,13
2,8,2.185472e6,-1.0552762528723656,-0.8693272921435614,TIME_LIMIT,478625,0,0,16,5
2,8,2.185529e6,-1.0552762528723656,-0.8693272921435614,TIME_LIMIT,478641,0,0,11,5
2,8,2.185572e6,-1.055275313579417,-0.8693272921435614,TIME_LIMIT,478660,0,0,6,5
2,8,2.185749e6,-1.055275313579417,-0.8693272921435614,TIME_LIMIT,478685,0,0,17,12
2,8,2.185885e6,-1.0552748569916637,-0.8693272921435614,TIME_LIMIT,478718,0,0,15,11
2,8,2.186081e6,-1.0552748569916637,-0.8693272921435614,TIME_LIMIT,478742,0,0,12,7
2,8,2.18615e6,-1.0552746836699376,-0.8693272921435614,TIME_LIMIT,478767,0,0,5,3
2,8,2.186243e6,-1.0552746836699376,-0.8693272921435614,TIME_LIMIT,478798,0,0,20,10
2,8,2.186404e6,-1.0552690869723453,-0.8693272921435614,TIME_LIMIT,478825,0,0,16,9
2,8,2.186558e6,-1.0552690869723453,-0.8693272921435614,TIME_LIMIT,478837,0,0,14,8
2,8,2.18677e6,-1.0552557056200187,-0.8693272921435614,TIME_LIMIT,478873,0,0,16,3
2,8,2.18698e6,-1.0552557056200187,-0.8693272921435614,TIME_LIMIT,478899,0,0,14,16
2,8,2.187119e6,-1.055245839302212,-0.8693272921435614,TIME_LIMIT,478922,0,0,18,6
2,8,2.187173e6,-1.055245839302212,-0.8693272921435614,TIME_LIMIT,478938,0,0,14,4
2,8,2.187269e6,-1.0552432730141272,-0.8693272921435614,TIME_LIMIT,478969,0,0,12,6
2,8,2.187395e6,-1.0552432730141272,-0.8693272921435614,TIME_LIMIT,478988,0,0,10,11
2,8,2.187435e6,-1.055242058376503,-0.8693272921435614,TIME_LIMIT,479010,0,0,7,5
2,8,2.187515e6,-1.055242058376503,-0.8693272921435614,TIME_LIMIT,479028,0,0,9,11
2,8,2.187561e6,-1.0552392394081265,-0.8693272921435614,TIME_LIMIT,479048,0,0,6,2
2,8,2.187625e6,-1.0552392394081265,-0.8693272921435614,TIME_LIMIT,479065,0,0,13,8
2,8,2.187701e6,-1.0552353335808335,-0.8693272921435614,TIME_LIMIT,479087,0,0,8,3
2,8,2.187904e6,-1.0552353335808335,-0.8693272921435614,TIME_LIMIT,479104,0,0,13,19
2,8,2.187952e6,-1.0552285592260728,-0.8693272921435614,TIME_LIMIT,479128,0,0,9,2
2,8,2.187999e6,-1.0552285592260728,-0.8693272921435614,TIME_LIMIT,479148,0,0,15,5
2,8,2.188067e6,-1.0552264321524456,-0.8693272921435614,TIME_LIMIT,479172,0,0,9,5
2,8,2.188117e6,-1.0552264321524456,-0.8693272921435614,TIME_LIMIT,479189,0,0,3,2
2,8,2.188217e6,-1.0552249065811028,-0.8693272921435614,TIME_LIMIT,479210,0,0,12,4
2,8,2.188327e6,-1.0552249065811028,-0.8693272921435614,TIME_LIMIT,479229,0,0,14,17
2,8,2.18853e6,-1.0552236493750458,-0.8693272921435614,TIME_LIMIT,479263,0,0,14,7
2,8,2.188579e6,-1.0552236493750458,-0.8693272921435614,TIME_LIMIT,479282,0,0,10,8
2,8,2.188661e6,-1.0552200901546438,-0.8693272921435614,TIME_LIMIT,479304,0,0,8,4
2,8,2.188743e6,-1.0552200901546438,-0.8693272921435614,TIME_LIMIT,479325,0,0,8,13
2,8,2.188924e6,-1.0552178400817596,-0.8693272921435614,TIME_LIMIT,479354,0,0,5,5
2,8,2.189081e6,-1.0552178400817596,-0.8693272921435614,TIME_LIMIT,479372,0,0,10,6
2,8,2.189273e6,-1.055215748159514,-0.8693272921435614,TIME_LIMIT,479402,0,0,8,1
2,8,2.189484e6,-1.055215748159514,-0.8693272921435614,TIME_LIMIT,479425,0,0,14,22
2,8,2.189634e6,-1.0552157273936538,-0.8693272921435614,TIME_LIMIT,479465,0,0,14,13
2,8,2.189691e6,-1.0552157273936538,-0.8693272921435614,TIME_LIMIT,479489,0,0,15,7
2,8,2.18977e6,-1.0552127835873137,-0.8693272921435614,TIME_LIMIT,479513,0,0,9,7
2,8,2.18996e6,-1.0552127835873137,-0.8693272921435614,TIME_LIMIT,479543,0,0,21,20
2,8,2.19007e6,-1.0552083014877747,-0.8693272921435614,TIME_LIMIT,479577,0,0,17,8
2,8,2.190117e6,-1.0552083014877747,-0.8693272921435614,TIME_LIMIT,479598,0,0,10,4
2,8,2.190163e6,-1.055205780372972,-0.8693272921435614,TIME_LIMIT,479613,0,0,8,7
2,8,2.190265e6,-1.055205780372972,-0.8693272921435614,TIME_LIMIT,479639,0,0,19,18
2,8,2.19048e6,-1.0552007825772285,-0.8693272921435614,TIME_LIMIT,479672,0,0,16,13
2,8,2.190654e6,-1.0552007825772285,-0.8693272921435614,TIME_LIMIT,479699,0,0,23,13
2,8,2.190869e6,-1.0551998767844446,-0.8693272921435614,TIME_LIMIT,479729,0,0,14,13
2,8,2.191085e6,-1.0551998767844446,-0.8693272921435614,TIME_LIMIT,479760,0,0,20,12
2,8,2.191168e6,-1.055194683656806,-0.8693272921435614,TIME_LIMIT,479784,0,0,8,10
2,8,2.191378e6,-1.055194683656806,-0.8693272921435614,TIME_LIMIT,479811,0,0,20,13
2,8,2.191516e6,-1.0551879599869078,-0.8693272921435614,TIME_LIMIT,479832,0,0,17,9
2,8,2.191662e6,-1.0551879599869078,-0.8693272921435614,TIME_LIMIT,479854,0,0,19,18
2,8,2.191825e6,-1.0551877257475573,-0.8693272921435614,TIME_LIMIT,479895,0,0,20,11
2,8,2.19191e6,-1.0551877257475573,-0.8693272921435614,TIME_LIMIT,479915,0,0,14,14
2,8,2.191994e6,-1.055185849124282,-0.8693272921435614,TIME_LIMIT,479937,0,0,9,7
2,8,2.192105e6,-1.055185849124282,-0.8693272921435614,TIME_LIMIT,479959,0,0,15,3
2,8,2.192173e6,-1.0551779215103017,-0.8693272921435614,TIME_LIMIT,479974,0,0,6,8
2,8,2.192228e6,-1.0551779215103017,-0.8693272921435614,TIME_LIMIT,479995,0,0,10,14
2,8,2.192316e6,-1.05517639139943,-0.8693272921435614,TIME_LIMIT,480020,0,0,11,5
2,8,2.19238e6,-1.05517639139943,-0.8693272921435614,TIME_LIMIT,480038,0,0,8,1
2,8,2.192458e6,-1.055176125491332,-0.8693272921435614,TIME_LIMIT,480052,0,0,6,3
2,8,2.192524e6,-1.055176125491332,-0.8693272921435614,TIME_LIMIT,480070,0,0,4,7
2,8,2.19256e6,-1.055173487680059,-0.8693272921435614,TIME_LIMIT,480087,0,0,7,7
2,8,2.192653e6,-1.055173487680059,-0.8693272921435614,TIME_LIMIT,480113,0,0,17,16
2,8,2.192805e6,-1.0551677464543312,-0.8693272921435614,TIME_LIMIT,480145,0,0,14,10
2,8,2.192879e6,-1.0551677464543312,-0.8693272921435614,TIME_LIMIT,480165,0,0,7,4
2,8,2.192908e6,-1.0551627297474422,-0.8693272921435614,TIME_LIMIT,480180,0,0,7,4
2,8,2.193029e6,-1.0551627297474422,-0.8693272921435614,TIME_LIMIT,480204,0,0,17,27
2,8,2.193253e6,-1.0551584456588585,-0.8693272921435614,TIME_LIMIT,480238,0,0,16,10
2,8,2.193473e6,-1.0551584456588585,-0.8693272921435614,TIME_LIMIT,480261,0,0,21,22
2,8,2.193682e6,-1.05515550516457,-0.8693272921435614,TIME_LIMIT,480305,0,0,21,12
2,8,2.193811e6,-1.05515550516457,-0.8693272921435614,TIME_LIMIT,480331,0,0,14,16
2,8,2.193904e6,-1.0551530444596138,-0.8693272921435614,TIME_LIMIT,480361,0,0,14,11
2,8,2.19399e6,-1.0551530444596138,-0.8693272921435614,TIME_LIMIT,480385,0,0,7,7
2,8,2.194039e6,-1.0551519824156417,-0.8693272921435614,TIME_LIMIT,480409,0,0,8,9
2,8,2.194103e6,-1.0551519824156417,-0.8693272921435614,TIME_LIMIT,480430,0,0,18,18
2,8,2.194259e6,-1.055149268294465,-0.8693272921435614,TIME_LIMIT,480456,0,0,9,4
2,8,2.194396e6,-1.055149268294465,-0.8693272921435614,TIME_LIMIT,480480,0,0,11,10
2,8,2.194562e6,-1.0551404536041922,-0.8693272921435614,TIME_LIMIT,480514,0,0,12,16
2,8,2.194703e6,-1.0551404536041922,-0.8693272921435614,TIME_LIMIT,480538,0,0,13,10
2,8,2.194918e6,-1.0551329827269313,-0.8693272921435614,TIME_LIMIT,480574,0,0,17,9
2,8,2.195011e6,-1.0551329827269313,-0.8693272921435614,TIME_LIMIT,480600,0,0,17,14
2,8,2.195085e6,-1.0551123229541637,-0.8693272921435614,TIME_LIMIT,480624,0,0,11,5
2,8,2.195201e6,-1.0551123229541637,-0.8693272921435614,TIME_LIMIT,480648,0,0,21,10
2,8,2.195389e6,-1.0551053493608986,-0.8693272921435614,TIME_LIMIT,480678,0,0,12,5
2,8,2.195599e6,-1.0551053493608986,-0.8693272921435614,TIME_LIMIT,480705,0,0,15,9
2,8,2.195697e6,-1.0551030538375001,-0.8693272921435614,TIME_LIMIT,480738,0,0,9,10
2,8,2.195877e6,-1.0551030538375001,-0.8693272921435614,TIME_LIMIT,480767,0,0,21,29
2,8,2.196101e6,-1.0551025532266611,-0.8693272921435614,TIME_LIMIT,480803,0,0,16,15
2,8,2.196169e6,-1.0551025532266611,-0.8693272921435614,TIME_LIMIT,480822,0,0,14,6
2,8,2.196192e6,-1.0550913457699198,-0.8693272921435614,TIME_LIMIT,480837,0,0,6,4
2,8,2.19637e6,-1.0550913457699198,-0.8693272921435614,TIME_LIMIT,480873,0,0,9,19
2,8,2.196547e6,-1.0550860407409073,-0.8693272921435614,TIME_LIMIT,480906,0,0,12,9
2,8,2.196762e6,-1.0550860407409073,-0.8693272921435614,TIME_LIMIT,480923,0,0,8,11
2,8,2.196932e6,-1.0550844083765782,-0.8693272921435614,TIME_LIMIT,480962,0,0,10,10
2,8,2.196992e6,-1.0550844083765782,-0.8693272921435614,TIME_LIMIT,480975,0,0,15,12
2,8,2.197159e6,-1.0550802815759641,-0.8693272921435614,TIME_LIMIT,481005,0,0,12,5
2,8,2.197373e6,-1.0550802815759641,-0.8693272921435614,TIME_LIMIT,481018,0,0,15,18
2,8,2.19759e6,-1.055065262486124,-0.8693272921435614,TIME_LIMIT,481055,0,0,14,8
2,8,2.197664e6,-1.055065262486124,-0.8693272921435614,TIME_LIMIT,481070,0,0,8,10
2,8,2.197715e6,-1.0550632157952986,-0.8693272921435614,TIME_LIMIT,481087,0,0,6,3
2,8,2.197783e6,-1.0550632157952986,-0.8693272921435614,TIME_LIMIT,481104,0,0,10,10
2,8,2.197817e6,-1.055056250404089,-0.8693272921435614,TIME_LIMIT,481118,0,0,6,2
2,8,2.197867e6,-1.055056250404089,-0.8693272921435614,TIME_LIMIT,481137,0,0,11,6
2,8,2.197926e6,-1.0550515833747907,-0.8693272921435614,TIME_LIMIT,481153,0,0,10,6
2,8,2.198131e6,-1.0550515833747907,-0.8693272921435614,TIME_LIMIT,481182,0,0,19,13
2,8,2.198243e6,-1.0550501955856548,-0.8693272921435614,TIME_LIMIT,481207,0,0,8,5
2,8,2.198462e6,-1.0550501955856548,-0.8693272921435614,TIME_LIMIT,481226,0,0,18,20
2,8,2.198645e6,-1.0550480853117696,-0.8693272921435614,TIME_LIMIT,481262,0,0,16,11
2,8,2.198755e6,-1.0550480853117696,-0.8693272921435614,TIME_LIMIT,481283,0,0,14,13
2,8,2.198811e6,-1.0550411606879913,-0.8693272921435614,TIME_LIMIT,481301,0,0,12,3
2,8,2.198891e6,-1.0550411606879913,-0.8693272921435614,TIME_LIMIT,481322,0,0,8,4
2,8,2.19892e6,-1.055032043681048,-0.8693272921435614,TIME_LIMIT,481340,0,0,2,2
2,8,2.199145e6,-1.055032043681048,-0.8693272921435614,TIME_LIMIT,481362,0,0,26,25
2,8,2.19936e6,-1.055031279622357,-0.8693272921435614,TIME_LIMIT,481397,0,0,11,7
2,8,2.199572e6,-1.055031279622357,-0.8693272921435614,TIME_LIMIT,481425,0,0,15,24
2,8,2.199787e6,-1.055029597925284,-0.8693272921435614,TIME_LIMIT,481461,0,0,13,8
2,8,2.199946e6,-1.055029597925284,-0.8693272921435614,TIME_LIMIT,481490,0,0,16,17
2,8,2.200128e6,-1.0550286096296628,-0.8693272921435614,TIME_LIMIT,481528,0,0,19,13
2,8,2.200245e6,-1.0550286096296628,-0.8693272921435614,TIME_LIMIT,481550,0,0,13,9
2,8,2.200292e6,-1.0550241896574026,-0.8693272921435614,TIME_LIMIT,481566,0,0,12,7
2,8,2.200446e6,-1.0550241896574026,-0.8693272921435614,TIME_LIMIT,481584,0,0,13,8
2,8,2.200613e6,-1.055019082008005,-0.8693272921435614,TIME_LIMIT,481616,0,0,12,4
2,8,2.200795e6,-1.055019082008005,-0.8693272921435614,TIME_LIMIT,481641,0,0,13,24
2,8,2.200886e6,-1.0550151442035485,-0.8693272921435614,TIME_LIMIT,481669,0,0,13,8
2,8,2.201105e6,-1.0550151442035485,-0.8693272921435614,TIME_LIMIT,481694,0,0,10,2
2,8,2.201179e6,-1.055014881657188,-0.8693272921435614,TIME_LIMIT,481710,0,0,10,2
2,8,2.201391e6,-1.055014881657188,-0.8693272921435614,TIME_LIMIT,481729,0,0,12,21
2,8,2.201575e6,-1.0550148184830321,-0.8693272921435614,TIME_LIMIT,481768,0,0,5,6
2,8,2.201619e6,-1.0550148184830321,-0.8693272921435614,TIME_LIMIT,481787,0,0,3,5
2,8,2.201678e6,-1.05501459967553,-0.8693272921435614,TIME_LIMIT,481809,0,0,13,4
2,8,2.201747e6,-1.05501459967553,-0.8693272921435614,TIME_LIMIT,481828,0,0,14,9
2,8,2.201867e6,-1.0550134739593484,-0.8693272921435614,TIME_LIMIT,481860,0,0,16,5
2,8,2.201946e6,-1.0550134739593484,-0.8693272921435614,TIME_LIMIT,481879,0,0,8,19
2,8,2.202053e6,-1.0549973445963763,-0.8693272921435614,TIME_LIMIT,481911,0,0,8,12
2,8,2.202129e6,-1.0549973445963763,-0.8693272921435614,TIME_LIMIT,481930,0,0,19,19
2,8,2.202344e6,-1.0549967554398894,-0.8693272921435614,TIME_LIMIT,481967,0,0,16,10
2,8,2.202426e6,-1.0549967554398894,-0.8693272921435614,TIME_LIMIT,481987,0,0,17,13
2,8,2.202518e6,-1.054992129914389,-0.8693272921435614,TIME_LIMIT,482019,0,0,15,7
2,8,2.20272e6,-1.054992129914389,-0.8693272921435614,TIME_LIMIT,482043,0,0,16,10
2,8,2.202864e6,-1.0549880501496998,-0.8693272921435614,TIME_LIMIT,482073,0,0,11,13
2,8,2.203044e6,-1.0549880501496998,-0.8693272921435614,TIME_LIMIT,482102,0,0,10,5
2,8,2.203144e6,-1.0549849820434,-0.8693272921435614,TIME_LIMIT,482123,0,0,12,7
2,8,2.203189e6,-1.0549849820434,-0.8693272921435614,TIME_LIMIT,482140,0,0,9,7
2,8,2.203254e6,-1.0549819438024957,-0.8693272921435614,TIME_LIMIT,482160,0,0,7,8
2,8,2.203366e6,-1.0549819438024957,-0.8693272921435614,TIME_LIMIT,482189,0,0,20,19
2,8,2.203526e6,-1.0549800869080581,-0.8693272921435614,TIME_LIMIT,482212,0,0,18,13
2,8,2.203623e6,-1.0549800869080581,-0.8693272921435614,TIME_LIMIT,482226,0,0,16,8
2,8,2.203713e6,-1.0549772257927144,-0.8693272921435614,TIME_LIMIT,482252,0,0,11,3
2,8,2.203799e6,-1.0549772257927144,-0.8693272921435614,TIME_LIMIT,482271,0,0,22,23
2,8,2.203876e6,-1.0549723685944676,-0.8693272921435614,TIME_LIMIT,482299,0,0,8,5
2,8,2.203969e6,-1.0549723685944676,-0.8693272921435614,TIME_LIMIT,482326,0,0,23,22
2,8,2.204188e6,-1.0549675356685486,-0.8693272921435614,TIME_LIMIT,482361,0,0,17,13
2,8,2.204365e6,-1.0549675356685486,-0.8693272921435614,TIME_LIMIT,482385,0,0,10,26
2,8,2.204492e6,-1.0549659731074543,-0.8693272921435614,TIME_LIMIT,482409,0,0,11,5
2,8,2.204551e6,-1.0549659731074543,-0.8693272921435614,TIME_LIMIT,482432,0,0,20,7
2,8,2.204608e6,-1.054962662486851,-0.8693272921435614,TIME_LIMIT,482462,0,0,12,2
2,8,2.204694e6,-1.054962662486851,-0.8693272921435614,TIME_LIMIT,482485,0,0,17,7
2,8,2.204812e6,-1.0549613585129947,-0.8693272921435614,TIME_LIMIT,482511,0,0,6,3
2,8,2.205034e6,-1.0549613585129947,-0.8693272921435614,TIME_LIMIT,482536,0,0,18,19
2,8,2.205143e6,-1.0549559259921568,-0.8693272921435614,TIME_LIMIT,482557,0,0,15,7
2,8,2.205364e6,-1.0549559259921568,-0.8693272921435614,TIME_LIMIT,482588,0,0,19,28
2,8,2.205415e6,-1.0549485288734157,-0.8693272921435614,TIME_LIMIT,482608,0,0,6,5
2,8,2.205475e6,-1.0549485288734157,-0.8693272921435614,TIME_LIMIT,482626,0,0,6,3
2,8,2.205536e6,-1.0549348410998518,-0.8693272921435614,TIME_LIMIT,482646,0,0,6,4
2,8,2.205741e6,-1.0549348410998518,-0.8693272921435614,TIME_LIMIT,482666,0,0,21,14
2,8,2.205826e6,-1.0549323124272414,-0.8693272921435614,TIME_LIMIT,482698,0,0,15,10
2,8,2.20593e6,-1.0549323124272414,-0.8693272921435614,TIME_LIMIT,482718,0,0,15,19
2,8,2.206064e6,-1.0549285631993248,-0.8693272921435614,TIME_LIMIT,482754,0,0,15,8
2,8,2.20626e6,-1.0549285631993248,-0.8693272921435614,TIME_LIMIT,482778,0,0,23,7
2,8,2.206474e6,-1.054927995893959,-0.8693272921435614,TIME_LIMIT,482809,0,0,17,12
2,8,2.206533e6,-1.054927995893959,-0.8693272921435614,TIME_LIMIT,482827,0,0,16,9
2,8,2.206631e6,-1.0549275524747745,-0.8693272921435614,TIME_LIMIT,482861,0,0,20,8
2,8,2.206717e6,-1.0549275524747745,-0.8693272921435614,TIME_LIMIT,482886,0,0,17,6
2,8,2.206742e6,-1.0549257113647168,-0.8693272921435614,TIME_LIMIT,482903,0,0,6,7
2,8,2.206942e6,-1.0549257113647168,-0.8693272921435614,TIME_LIMIT,482941,0,0,19,10
2,8,2.207044e6,-1.0549245868073869,-0.8693272921435614,TIME_LIMIT,482960,0,0,11,9
2,8,2.207263e6,-1.0549245868073869,-0.8693272921435614,TIME_LIMIT,482976,0,0,18,19
2,8,2.207481e6,-1.0549242048539176,-0.8693272921435614,TIME_LIMIT,483015,0,0,23,8
2,8,2.20762e6,-1.0549242048539176,-0.8693272921435614,TIME_LIMIT,483038,0,0,9,9
2,8,2.207722e6,-1.054916723079368,-0.8693272921435614,TIME_LIMIT,483068,0,0,13,7
2,8,2.207899e6,-1.054916723079368,-0.8693272921435614,TIME_LIMIT,483092,0,0,20,19
2,8,2.208031e6,-1.054903303040668,-0.8693272921435614,TIME_LIMIT,483126,0,0,20,6
2,8,2.208078e6,-1.054903303040668,-0.8693272921435614,TIME_LIMIT,483138,0,0,4,5
2,8,2.208105e6,-1.0548907859857446,-0.8693272921435614,TIME_LIMIT,483157,0,0,5,5
2,8,2.208173e6,-1.0548907859857446,-0.8693272921435614,TIME_LIMIT,483175,0,0,14,15
2,8,2.208235e6,-1.0548906219822152,-0.8693272921435614,TIME_LIMIT,483196,0,0,9,5
2,8,2.208392e6,-1.0548906219822152,-0.8693272921435614,TIME_LIMIT,483215,0,0,13,11
2,8,2.208469e6,-1.0548860850879531,-0.8693272921435614,TIME_LIMIT,483241,0,0,10,5
2,8,2.208526e6,-1.0548860850879531,-0.8693272921435614,TIME_LIMIT,483262,0,0,9,9
2,8,2.208606e6,-1.0548848563280104,-0.8693272921435614,TIME_LIMIT,483286,0,0,7,7
2,8,2.208753e6,-1.0548848563280104,-0.8693272921435614,TIME_LIMIT,483310,0,0,16,9
2,8,2.208857e6,-1.054882156132777,-0.8693272921435614,TIME_LIMIT,483333,0,0,8,8
2,8,2.209041e6,-1.054882156132777,-0.8693272921435614,TIME_LIMIT,483353,0,0,17,32
2,8,2.209258e6,-1.0548761634448396,-0.8693272921435614,TIME_LIMIT,483386,0,0,15,8
2,8,2.209465e6,-1.0548761634448396,-0.8693272921435614,TIME_LIMIT,483408,0,0,21,6
2,8,2.20957e6,-1.0548672422863694,-0.8693272921435614,TIME_LIMIT,483437,0,0,12,11
2,8,2.209671e6,-1.0548672422863694,-0.8693272921435614,TIME_LIMIT,483458,0,0,10,20
2,8,2.209835e6,-1.054856016534522,-0.8693272921435614,TIME_LIMIT,483492,0,0,18,9
2,8,2.20996e6,-1.054856016534522,-0.8693272921435614,TIME_LIMIT,483517,0,0,22,16
2,8,2.210177e6,-1.0548477249653136,-0.8693272921435614,TIME_LIMIT,483552,0,0,15,14
2,8,2.210298e6,-1.0548477249653136,-0.8693272921435614,TIME_LIMIT,483575,0,0,20,20
2,8,2.210495e6,-1.0548449093837893,-0.8693272921435614,TIME_LIMIT,483604,0,0,10,7
2,8,2.210575e6,-1.0548449093837893,-0.8693272921435614,TIME_LIMIT,483620,0,0,7,8
2,8,2.210636e6,-1.0548421599480213,-0.8693272921435614,TIME_LIMIT,483645,0,0,3,2
2,8,2.210852e6,-1.0548421599480213,-0.8693272921435614,TIME_LIMIT,483669,0,0,23,23
2,8,2.211075e6,-1.0548369546350682,-0.8693272921435614,TIME_LIMIT,483702,0,0,18,6
2,8,2.211134e6,-1.0548369546350682,-0.8693272921435614,TIME_LIMIT,483720,0,0,9,6
2,8,2.211171e6,-1.0548364405282165,-0.8693272921435614,TIME_LIMIT,483730,0,0,5,4
2,8,2.211235e6,-1.0548364405282165,-0.8693272921435614,TIME_LIMIT,483755,0,0,19,11
2,8,2.211315e6,-1.0548353022924766,-0.8693272921435614,TIME_LIMIT,483780,0,0,4,5
2,8,2.211367e6,-1.0548353022924766,-0.8693272921435614,TIME_LIMIT,483795,0,0,11,9
2,8,2.211472e6,-1.0548264646138146,-0.8693272921435614,TIME_LIMIT,483819,0,0,5,5
2,8,2.21158e6,-1.0548264646138146,-0.8693272921435614,TIME_LIMIT,483840,0,0,19,15
2,8,2.211725e6,-1.0548247846839933,-0.8693272921435614,TIME_LIMIT,483871,0,0,12,4
2,8,2.211773e6,-1.0548247846839933,-0.8693272921435614,TIME_LIMIT,483883,0,0,9,12
2,8,2.211864e6,-1.0548166921407425,-0.8693272921435614,TIME_LIMIT,483914,0,0,10,5
2,8,2.21192e6,-1.0548166921407425,-0.8693272921435614,TIME_LIMIT,483933,0,0,13,5
2,8,2.211974e6,-1.0548107157964601,-0.8693272921435614,TIME_LIMIT,483950,0,0,4,2
2,8,2.212059e6,-1.0548107157964601,-0.8693272921435614,TIME_LIMIT,483970,0,0,11,10
2,8,2.212199e6,-1.0548083606901573,-0.8693272921435614,TIME_LIMIT,484003,0,0,11,8
2,8,2.2123e6,-1.0548083606901573,-0.8693272921435614,TIME_LIMIT,484025,0,0,17,9
2,8,2.212432e6,-1.0547894565273739,-0.8693272921435614,TIME_LIMIT,484049,0,0,12,3
2,8,2.212544e6,-1.0547894565273739,-0.8693272921435614,TIME_LIMIT,484073,0,0,7,9
2,8,2.212723e6,-1.054785853147885,-0.8693272921435614,TIME_LIMIT,484103,0,0,15,11
2,8,2.212853e6,-1.054785853147885,-0.8693272921435614,TIME_LIMIT,484121,0,0,14,7
2,8,2.21301e6,-1.0547853433105492,-0.8693272921435614,TIME_LIMIT,484152,0,0,17,2
2,8,2.213072e6,-1.0547853433105492,-0.8693272921435614,TIME_LIMIT,484171,0,0,14,6
2,8,2.213169e6,-1.054781796824827,-0.8693272921435614,TIME_LIMIT,484193,0,0,6,4
2,8,2.21325e6,-1.054781796824827,-0.8693272921435614,TIME_LIMIT,484212,0,0,20,20
2,8,2.213376e6,-1.0547780749786944,-0.8693272921435614,TIME_LIMIT,484245,0,0,15,2
2,8,2.213457e6,-1.0547780749786944,-0.8693272921435614,TIME_LIMIT,484259,0,0,12,14
2,8,2.213586e6,-1.0547755086006685,-0.8693272921435614,TIME_LIMIT,484290,0,0,11,4
2,8,2.213653e6,-1.0547755086006685,-0.8693272921435614,TIME_LIMIT,484311,0,0,20,13
2,8,2.213814e6,-1.0547649229518754,-0.8693272921435614,TIME_LIMIT,484347,0,0,16,13
2,8,2.213912e6,-1.0547649229518754,-0.8693272921435614,TIME_LIMIT,484369,0,0,14,11
2,8,2.213995e6,-1.0547648157362723,-0.8693272921435614,TIME_LIMIT,484396,0,0,8,3
2,8,2.214157e6,-1.0547648157362723,-0.8693272921435614,TIME_LIMIT,484425,0,0,19,32
2,8,2.214372e6,-1.0547560091911596,-0.8693272921435614,TIME_LIMIT,484456,0,0,14,8
2,8,2.214529e6,-1.0547560091911596,-0.8693272921435614,TIME_LIMIT,484484,0,0,11,15
2,8,2.214638e6,-1.0547554371446008,-0.8693272921435614,TIME_LIMIT,484523,0,0,19,4
2,8,2.214679e6,-1.0547554371446008,-0.8693272921435614,TIME_LIMIT,484536,0,0,9,6
2,8,2.214701e6,-1.0547531991576282,-0.8693272921435614,TIME_LIMIT,484550,0,0,6,1
2,8,2.214798e6,-1.0547531991576282,-0.8693272921435614,TIME_LIMIT,484572,0,0,19,7
2,8,2.214911e6,-1.054742562975768,-0.8693272921435614,TIME_LIMIT,484598,0,0,11,6
2,8,2.215034e6,-1.054742562975768,-0.8693272921435614,TIME_LIMIT,484619,0,0,22,19
2,8,2.215136e6,-1.054739281653344,-0.8693272921435614,TIME_LIMIT,484651,0,0,19,3
2,8,2.215241e6,-1.054739281653344,-0.8693272921435614,TIME_LIMIT,484666,0,0,15,12
2,8,2.215342e6,-1.0547363869130166,-0.8693272921435614,TIME_LIMIT,484696,0,0,11,3
2,8,2.215558e6,-1.0547363869130166,-0.8693272921435614,TIME_LIMIT,484717,0,0,18,27
2,8,2.215763e6,-1.0547324881752234,-0.8693272921435614,TIME_LIMIT,484755,0,0,8,10
2,8,2.215805e6,-1.0547324881752234,-0.8693272921435614,TIME_LIMIT,484771,0,0,18,13
2,8,2.215859e6,-1.05472719052635,-0.8693272921435614,TIME_LIMIT,484795,0,0,12,3
2,8,2.216069e6,-1.05472719052635,-0.8693272921435614,TIME_LIMIT,484814,0,0,24,15
2,8,2.216282e6,-1.0547231428370702,-0.8693272921435614,TIME_LIMIT,484846,0,0,8,8
2,8,2.216392e6,-1.0547231428370702,-0.8693272921435614,TIME_LIMIT,484863,0,0,11,9
2,8,2.216477e6,-1.0547209634739627,-0.8693272921435614,TIME_LIMIT,484893,0,0,15,4
2,8,2.216628e6,-1.0547209634739627,-0.8693272921435614,TIME_LIMIT,484916,0,0,17,10
2,8,2.216739e6,-1.054715125532183,-0.8693272921435614,TIME_LIMIT,484941,0,0,8,8
2,8,2.216949e6,-1.054715125532183,-0.8693272921435614,TIME_LIMIT,484960,0,0,18,10
2,8,2.217154e6,-1.0547135423609633,-0.8693272921435614,TIME_LIMIT,484988,0,0,6,6
2,8,2.217232e6,-1.0547135423609633,-0.8693272921435614,TIME_LIMIT,485009,0,0,14,13
2,8,2.217306e6,-1.054710725593841,-0.8693272921435614,TIME_LIMIT,485029,0,0,6,7
2,8,2.217375e6,-1.054710725593841,-0.8693272921435614,TIME_LIMIT,485053,0,0,16,5
2,8,2.217449e6,-1.0547033607115457,-0.8693272921435614,TIME_LIMIT,485078,0,0,14,5
2,8,2.21751e6,-1.0547033607115457,-0.8693272921435614,TIME_LIMIT,485091,0,0,11,5
2,8,2.217579e6,-1.0546975748563732,-0.8693272921435614,TIME_LIMIT,485112,0,0,8,7
2,8,2.217795e6,-1.0546975748563732,-0.8693272921435614,TIME_LIMIT,485136,0,0,16,6
2,8,2.217935e6,-1.05469496131024,-0.8693272921435614,TIME_LIMIT,485162,0,0,17,4
2,8,2.218115e6,-1.05469496131024,-0.8693272921435614,TIME_LIMIT,485182,0,0,17,25
2,8,2.21831e6,-1.0546703776285253,-0.8693272921435614,TIME_LIMIT,485218,0,0,21,7
2,8,2.218435e6,-1.0546703776285253,-0.8693272921435614,TIME_LIMIT,485242,0,0,12,11
2,8,2.218476e6,-1.0546695340636232,-0.8693272921435614,TIME_LIMIT,485257,0,0,11,7
2,8,2.218685e6,-1.0546695340636232,-0.8693272921435614,TIME_LIMIT,485277,0,0,13,19
2,8,2.21889e6,-1.0546692933239732,-0.8693272921435614,TIME_LIMIT,485304,0,0,13,9
2,8,2.219104e6,-1.0546692933239732,-0.8693272921435614,TIME_LIMIT,485323,0,0,17,13
2,8,2.219234e6,-1.0546599950480644,-0.8693272921435614,TIME_LIMIT,485360,0,0,14,8
2,8,2.219439e6,-1.0546599950480644,-0.8693272921435614,TIME_LIMIT,485383,0,0,18,21
2,8,2.219603e6,-1.054648268142961,-0.8693272921435614,TIME_LIMIT,485417,0,0,13,14
2,8,2.219739e6,-1.054648268142961,-0.8693272921435614,TIME_LIMIT,485437,0,0,19,13
2,8,2.219823e6,-1.054644279882369,-0.8693272921435614,TIME_LIMIT,485462,0,0,14,9
2,8,2.219934e6,-1.054644279882369,-0.8693272921435614,TIME_LIMIT,485481,0,0,15,11
2,8,2.22002e6,-1.0546314940026376,-0.8693272921435614,TIME_LIMIT,485509,0,0,15,3
2,8,2.220152e6,-1.0546314940026376,-0.8693272921435614,TIME_LIMIT,485535,0,0,13,9
2,8,2.220239e6,-1.0546177723184642,-0.8693272921435614,TIME_LIMIT,485557,0,0,14,7
2,8,2.220354e6,-1.0546177723184642,-0.8693272921435614,TIME_LIMIT,485579,0,0,12,13
2,8,2.220577e6,-1.0546144980997194,-0.8693272921435614,TIME_LIMIT,485611,0,0,16,10
2,8,2.220785e6,-1.0546144980997194,-0.8693272921435614,TIME_LIMIT,485633,0,0,9,14
2,8,2.220862e6,-1.0546076764315528,-0.8693272921435614,TIME_LIMIT,485660,0,0,18,3
2,8,2.220953e6,-1.0546076764315528,-0.8693272921435614,TIME_LIMIT,485685,0,0,15,13
2,8,2.221023e6,-1.0546074431594443,-0.8693272921435614,TIME_LIMIT,485709,0,0,6,6
2,8,2.221238e6,-1.0546074431594443,-0.8693272921435614,TIME_LIMIT,485733,0,0,18,26
2,8,2.221451e6,-1.054606942249807,-0.8693272921435614,TIME_LIMIT,485766,0,0,9,6
2,8,2.221659e6,-1.054606942249807,-0.8693272921435614,TIME_LIMIT,485789,0,0,25,9
2,8,2.221873e6,-1.0546063009712505,-0.8693272921435614,TIME_LIMIT,485827,0,0,19,8
2,8,2.22208e6,-1.0546063009712505,-0.8693272921435614,TIME_LIMIT,485851,0,0,16,22
2,8,2.222165e6,-1.0546038548482377,-0.8693272921435614,TIME_LIMIT,485879,0,0,10,4
2,8,2.222241e6,-1.0546038548482377,-0.8693272921435614,TIME_LIMIT,485900,0,0,12,8
2,8,2.222287e6,-1.054600968842906,-0.8693272921435614,TIME_LIMIT,485918,0,0,5,3
2,8,2.222487e6,-1.054600968842906,-0.8693272921435614,TIME_LIMIT,485939,0,0,18,15
2,8,2.222613e6,-1.0545998473975886,-0.8693272921435614,TIME_LIMIT,485964,0,0,11,10
2,8,2.22279e6,-1.0545998473975886,-0.8693272921435614,TIME_LIMIT,485991,0,0,14,17
2,8,2.223003e6,-1.054599189420502,-0.8693272921435614,TIME_LIMIT,486023,0,0,17,7
2,8,2.223087e6,-1.054599189420502,-0.8693272921435614,TIME_LIMIT,486045,0,0,19,15
2,8,2.223173e6,-1.0545982748333032,-0.8693272921435614,TIME_LIMIT,486075,0,0,11,7
2,8,2.22337e6,-1.0545982748333032,-0.8693272921435614,TIME_LIMIT,486103,0,0,12,17
2,8,2.22342e6,-1.0545954212979796,-0.8693272921435614,TIME_LIMIT,486126,0,0,16,9
2,8,2.223626e6,-1.0545954212979796,-0.8693272921435614,TIME_LIMIT,486150,0,0,13,21
2,8,2.22384e6,-1.0545898453589744,-0.8693272921435614,TIME_LIMIT,486180,0,0,10,12
2,8,2.223911e6,-1.0545898453589744,-0.8693272921435614,TIME_LIMIT,486200,0,0,14,12
2,8,2.224005e6,-1.0545859913112228,-0.8693272921435614,TIME_LIMIT,486230,0,0,12,6
2,8,2.22412e6,-1.0545859913112228,-0.8693272921435614,TIME_LIMIT,486249,0,0,10,10
2,8,2.224174e6,-1.054584224707061,-0.8693272921435614,TIME_LIMIT,486272,0,0,9,3
2,8,2.224391e6,-1.054584224707061,-0.8693272921435614,TIME_LIMIT,486298,0,0,15,16
2,8,2.224597e6,-1.0545804505154162,-0.8693272921435614,TIME_LIMIT,486328,0,0,17,4
2,8,2.22466e6,-1.0545804505154162,-0.8693272921435614,TIME_LIMIT,486342,0,0,16,10
2,8,2.224789e6,-1.054576443631288,-0.8693272921435614,TIME_LIMIT,486370,0,0,6,6
2,8,2.224989e6,-1.054576443631288,-0.8693272921435614,TIME_LIMIT,486396,0,0,23,27
2,8,2.225206e6,-1.0545750168612358,-0.8693272921435614,TIME_LIMIT,486430,0,0,14,8
2,8,2.225348e6,-1.0545750168612358,-0.8693272921435614,TIME_LIMIT,486451,0,0,20,14
2,8,2.225479e6,-1.0545715491296552,-0.8693272921435614,TIME_LIMIT,486480,0,0,14,6
2,8,2.225685e6,-1.0545715491296552,-0.8693272921435614,TIME_LIMIT,486504,0,0,18,23
2,8,2.225861e6,-1.0545623137522835,-0.8693272921435614,TIME_LIMIT,486542,0,0,17,8
2,8,2.225897e6,-1.0545623137522835,-0.8693272921435614,TIME_LIMIT,486555,0,0,7,11
2,8,2.225988e6,-1.0545607866649418,-0.8693272921435614,TIME_LIMIT,486577,0,0,7,4
2,8,2.226048e6,-1.0545607866649418,-0.8693272921435614,TIME_LIMIT,486595,0,0,20,18
2,8,2.226244e6,-1.0545586871185295,-0.8693272921435614,TIME_LIMIT,486628,0,0,8,7
2,8,2.226328e6,-1.0545586871185295,-0.8693272921435614,TIME_LIMIT,486646,0,0,14,8
2,8,2.226383e6,-1.0545571258822224,-0.8693272921435614,TIME_LIMIT,486669,0,0,9,4
2,8,2.226475e6,-1.0545571258822224,-0.8693272921435614,TIME_LIMIT,486692,0,0,18,16
2,8,2.226624e6,-1.0545525453707283,-0.8693272921435614,TIME_LIMIT,486720,0,0,15,9
2,8,2.226699e6,-1.0545525453707283,-0.8693272921435614,TIME_LIMIT,486742,0,0,14,9
2,8,2.226758e6,-1.0545411889991958,-0.8693272921435614,TIME_LIMIT,486765,0,0,10,2
2,8,2.226902e6,-1.0545411889991958,-0.8693272921435614,TIME_LIMIT,486796,0,0,22,13
2,8,2.227054e6,-1.0545383630358636,-0.8693272921435614,TIME_LIMIT,486827,0,0,10,8
2,8,2.227103e6,-1.0545383630358636,-0.8693272921435614,TIME_LIMIT,486843,0,0,12,7
2,8,2.227143e6,-1.054537658106356,-0.8693272921435614,TIME_LIMIT,486864,0,0,7,2
2,8,2.227225e6,-1.054537658106356,-0.8693272921435614,TIME_LIMIT,486888,0,0,15,10
2,8,2.227348e6,-1.0545333382557553,-0.8693272921435614,TIME_LIMIT,486911,0,0,14,10
2,8,2.227432e6,-1.0545333382557553,-0.8693272921435614,TIME_LIMIT,486934,0,0,12,13
2,8,2.227522e6,-1.0545333186311106,-0.8693272921435614,TIME_LIMIT,486954,0,0,13,7
2,8,2.227584e6,-1.0545333186311106,-0.8693272921435614,TIME_LIMIT,486973,0,0,8,11
2,8,2.227778e6,-1.0545325188962913,-0.8693272921435614,TIME_LIMIT,486998,0,0,9,3
2,8,2.227855e6,-1.0545325188962913,-0.8693272921435614,TIME_LIMIT,487011,0,0,10,9
2,8,2.227958e6,-1.0545193392810717,-0.8693272921435614,TIME_LIMIT,487044,0,0,11,6
2,8,2.22804e6,-1.0545193392810717,-0.8693272921435614,TIME_LIMIT,487066,0,0,13,13
2,8,2.228122e6,-1.0545114428826476,-0.8693272921435614,TIME_LIMIT,487087,0,0,13,9
2,8,2.228263e6,-1.0545114428826476,-0.8693272921435614,TIME_LIMIT,487116,0,0,22,26
2,8,2.228476e6,-1.0545077220629073,-0.8693272921435614,TIME_LIMIT,487150,0,0,17,19
2,8,2.228559e6,-1.0545077220629073,-0.8693272921435614,TIME_LIMIT,487166,0,0,15,19
2,8,2.228719e6,-1.0545067852488437,-0.8693272921435614,TIME_LIMIT,487201,0,0,15,8
2,8,2.228933e6,-1.0545067852488437,-0.8693272921435614,TIME_LIMIT,487224,0,0,22,28
2,8,2.229141e6,-1.0545033262302599,-0.8693272921435614,TIME_LIMIT,487257,0,0,9,9
2,8,2.229261e6,-1.0545033262302599,-0.8693272921435614,TIME_LIMIT,487280,0,0,17,12
2,8,2.229392e6,-1.0544917392916981,-0.8693272921435614,TIME_LIMIT,487304,0,0,13,1
2,8,2.229462e6,-1.0544917392916981,-0.8693272921435614,TIME_LIMIT,487318,0,0,6,3
2,8,2.229485e6,-1.0544890188129217,-0.8693272921435614,TIME_LIMIT,487332,0,0,4,1
2,8,2.229543e6,-1.0544890188129217,-0.8693272921435614,TIME_LIMIT,487350,0,0,10,11
2,8,2.229642e6,-1.0544888840116988,-0.8693272921435614,TIME_LIMIT,487378,0,0,7,4
2,8,2.229776e6,-1.0544888840116988,-0.8693272921435614,TIME_LIMIT,487401,0,0,19,22
2,8,2.229972e6,-1.0544866112480724,-0.8693272921435614,TIME_LIMIT,487437,0,0,15,9
2,8,2.230188e6,-1.0544866112480724,-0.8693272921435614,TIME_LIMIT,487459,0,0,15,12
2,8,2.23032e6,-1.0544853098303753,-0.8693272921435614,TIME_LIMIT,487494,0,0,15,9
2,8,2.23043e6,-1.0544853098303753,-0.8693272921435614,TIME_LIMIT,487516,0,0,19,18
2,8,2.230537e6,-1.0544828041066048,-0.8693272921435614,TIME_LIMIT,487544,0,0,12,13
2,8,2.230587e6,-1.0544828041066048,-0.8693272921435614,TIME_LIMIT,487560,0,0,15,15
2,8,2.230638e6,-1.0544772606640118,-0.8693272921435614,TIME_LIMIT,487582,0,0,7,6
2,8,2.230852e6,-1.0544772606640118,-0.8693272921435614,TIME_LIMIT,487609,0,0,22,11
2,8,2.231059e6,-1.0544748488652802,-0.8693272921435614,TIME_LIMIT,487634,0,0,18,17
2,8,2.231158e6,-1.0544748488652802,-0.8693272921435614,TIME_LIMIT,487657,0,0,14,5
2,8,2.231206e6,-1.054473870644609,-0.8693272921435614,TIME_LIMIT,487678,0,0,8,4
2,8,2.23127e6,-1.054473870644609,-0.8693272921435614,TIME_LIMIT,487696,0,0,15,6
2,8,2.231338e6,-1.0544738654579433,-0.8693272921435614,TIME_LIMIT,487717,0,0,7,2
2,8,2.231407e6,-1.0544738654579433,-0.8693272921435614,TIME_LIMIT,487737,0,0,12,10
2,8,2.231616e6,-1.0544696941632927,-0.8693272921435614,TIME_LIMIT,487764,0,0,13,11
2,8,2.231683e6,-1.0544696941632927,-0.8693272921435614,TIME_LIMIT,487786,0,0,17,16
2,8,2.231812e6,-1.0544691118742533,-0.8693272921435614,TIME_LIMIT,487822,0,0,18,8
2,8,2.231865e6,-1.0544691118742533,-0.8693272921435614,TIME_LIMIT,487845,0,0,16,14
2,8,2.232034e6,-1.0544618743888052,-0.8693272921435614,TIME_LIMIT,487878,0,0,14,7
2,8,2.232186e6,-1.0544618743888052,-0.8693272921435614,TIME_LIMIT,487896,0,0,13,16
2,8,2.232268e6,-1.0544554192052735,-0.8693272921435614,TIME_LIMIT,487926,0,0,14,4
2,8,2.232378e6,-1.0544554192052735,-0.8693272921435614,TIME_LIMIT,487944,0,0,14,11
2,8,2.232527e6,-1.0544458055922323,-0.8693272921435614,TIME_LIMIT,487973,0,0,14,4
2,8,2.232684e6,-1.0544458055922323,-0.8693272921435614,TIME_LIMIT,487995,0,0,21,12
2,8,2.232854e6,-1.054440452091177,-0.8693272921435614,TIME_LIMIT,488029,0,0,17,7
2,8,2.233048e6,-1.054440452091177,-0.8693272921435614,TIME_LIMIT,488052,0,0,18,29
2,8,2.233163e6,-1.0544376366239545,-0.8693272921435614,TIME_LIMIT,488078,0,0,10,5
2,8,2.233244e6,-1.0544376366239545,-0.8693272921435614,TIME_LIMIT,488097,0,0,18,18
2,8,2.233332e6,-1.054436442284477,-0.8693272921435614,TIME_LIMIT,488124,0,0,3,1
2,8,2.233382e6,-1.054436442284477,-0.8693272921435614,TIME_LIMIT,488144,0,0,13,2
2,8,2.233442e6,-1.0544363006309507,-0.8693272921435614,TIME_LIMIT,488160,0,0,4,3
2,8,2.233502e6,-1.0544363006309507,-0.8693272921435614,TIME_LIMIT,488184,0,0,14,5
2,8,2.233539e6,-1.0544350670883786,-0.8693272921435614,TIME_LIMIT,488197,0,0,6,3
2,8,2.233599e6,-1.0544350670883786,-0.8693272921435614,TIME_LIMIT,488215,0,0,18,13
2,8,2.23381e6,-1.0544184035274333,-0.8693272921435614,TIME_LIMIT,488245,0,0,12,15
2,8,2.233863e6,-1.0544184035274333,-0.8693272921435614,TIME_LIMIT,488266,0,0,16,13
2,8,2.233969e6,-1.054416231960677,-0.8693272921435614,TIME_LIMIT,488288,0,0,15,7
2,8,2.234086e6,-1.054416231960677,-0.8693272921435614,TIME_LIMIT,488314,0,0,16,5
2,8,2.234157e6,-1.0544118884401603,-0.8693272921435614,TIME_LIMIT,488339,0,0,8,7
2,8,2.234277e6,-1.0544118884401603,-0.8693272921435614,TIME_LIMIT,488366,0,0,7,7
2,8,2.234325e6,-1.054407424310658,-0.8693272921435614,TIME_LIMIT,488380,0,0,6,9
2,8,2.234509e6,-1.054407424310658,-0.8693272921435614,TIME_LIMIT,488408,0,0,20,6
2,8,2.234726e6,-1.0544043615229821,-0.8693272921435614,TIME_LIMIT,488450,0,0,20,9
2,8,2.234932e6,-1.0544043615229821,-0.8693272921435614,TIME_LIMIT,488473,0,0,8,14
2,8,2.235144e6,-1.0544033835331967,-0.8693272921435614,TIME_LIMIT,488508,0,0,7,10
2,8,2.235278e6,-1.0544033835331967,-0.8693272921435614,TIME_LIMIT,488530,0,0,11,10
2,8,2.235437e6,-1.05440277606837,-0.8693272921435614,TIME_LIMIT,488556,0,0,9,10
2,8,2.235636e6,-1.05440277606837,-0.8693272921435614,TIME_LIMIT,488583,0,0,24,15
2,8,2.235848e6,-1.0543996393653856,-0.8693272921435614,TIME_LIMIT,488617,0,0,17,12
2,8,2.235902e6,-1.0543996393653856,-0.8693272921435614,TIME_LIMIT,488637,0,0,15,14
2,8,2.23602e6,-1.0543979567814232,-0.8693272921435614,TIME_LIMIT,488662,0,0,7,7
2,8,2.236135e6,-1.0543979567814232,-0.8693272921435614,TIME_LIMIT,488685,0,0,22,12
2,8,2.236222e6,-1.0543937152995888,-0.8693272921435614,TIME_LIMIT,488714,0,0,12,10
2,8,2.236298e6,-1.0543937152995888,-0.8693272921435614,TIME_LIMIT,488731,0,0,13,8
2,8,2.236358e6,-1.0543933783820594,-0.8693272921435614,TIME_LIMIT,488751,0,0,7,3
2,8,2.236464e6,-1.0543933783820594,-0.8693272921435614,TIME_LIMIT,488773,0,0,14,14
2,8,2.236614e6,-1.0543874052149103,-0.8693272921435614,TIME_LIMIT,488801,0,0,13,8
2,8,2.236747e6,-1.0543874052149103,-0.8693272921435614,TIME_LIMIT,488822,0,0,20,15
2,8,2.236868e6,-1.0543845414454447,-0.8693272921435614,TIME_LIMIT,488860,0,0,15,11
2,8,2.236947e6,-1.0543845414454447,-0.8693272921435614,TIME_LIMIT,488881,0,0,14,11
2,8,2.237006e6,-1.0543777676424297,-0.8693272921435614,TIME_LIMIT,488906,0,0,4,6
2,8,2.237039e6,-1.0543777676424297,-0.8693272921435614,TIME_LIMIT,488917,0,0,5,3
2,8,2.237071e6,-1.0543755014125393,-0.8693272921435614,TIME_LIMIT,488929,0,0,5,5
2,8,2.237275e6,-1.0543755014125393,-0.8693272921435614,TIME_LIMIT,488952,0,0,14,9
2,8,2.237492e6,-1.054366520137886,-0.8693272921435614,TIME_LIMIT,488983,0,0,13,8
2,8,2.237586e6,-1.054366520137886,-0.8693272921435614,TIME_LIMIT,489003,0,0,24,11
2,8,2.237799e6,-1.0543631287356996,-0.8693272921435614,TIME_LIMIT,489042,0,0,14,11
2,8,2.237887e6,-1.0543631287356996,-0.8693272921435614,TIME_LIMIT,489065,0,0,21,18
2,8,2.238027e6,-1.054361058801725,-0.8693272921435614,TIME_LIMIT,489102,0,0,21,13
2,8,2.23824e6,-1.054361058801725,-0.8693272921435614,TIME_LIMIT,489121,0,0,7,13
2,8,2.238451e6,-1.0543566892635354,-0.8693272921435614,TIME_LIMIT,489150,0,0,14,10
2,8,2.238499e6,-1.0543566892635354,-0.8693272921435614,TIME_LIMIT,489168,0,0,11,7
2,8,2.238573e6,-1.0543539046355797,-0.8693272921435614,TIME_LIMIT,489189,0,0,7,4
2,8,2.238705e6,-1.0543539046355797,-0.8693272921435614,TIME_LIMIT,489205,0,0,17,12
2,8,2.238791e6,-1.0543520685282368,-0.8693272921435614,TIME_LIMIT,489231,0,0,10,2
2,8,2.238909e6,-1.0543520685282368,-0.8693272921435614,TIME_LIMIT,489264,0,0,19,19
2,8,2.238981e6,-1.0543494512233214,-0.8693272921435614,TIME_LIMIT,489292,0,0,6,3
2,8,2.23908e6,-1.0543494512233214,-0.8693272921435614,TIME_LIMIT,489320,0,0,14,12
2,8,2.239186e6,-1.0543362579029156,-0.8693272921435614,TIME_LIMIT,489348,0,0,13,4
2,8,2.239272e6,-1.0543362579029156,-0.8693272921435614,TIME_LIMIT,489368,0,0,11,9
2,8,2.239339e6,-1.0543334115860847,-0.8693272921435614,TIME_LIMIT,489386,0,0,6,2
2,8,2.23954e6,-1.0543334115860847,-0.8693272921435614,TIME_LIMIT,489410,0,0,19,18
2,8,2.239753e6,-1.0543302405858448,-0.8693272921435614,TIME_LIMIT,489443,0,0,15,8
2,8,2.239804e6,-1.0543302405858448,-0.8693272921435614,TIME_LIMIT,489460,0,0,3,9
2,8,2.23985e6,-1.0543269150675112,-0.8693272921435614,TIME_LIMIT,489480,0,0,7,4
2,8,2.240048e6,-1.0543269150675112,-0.8693272921435614,TIME_LIMIT,489509,0,0,22,13
2,8,2.240116e6,-1.0543211219538773,-0.8693272921435614,TIME_LIMIT,489537,0,0,12,7
2,8,2.24017e6,-1.0543211219538773,-0.8693272921435614,TIME_LIMIT,489554,0,0,8,5
2,8,2.240232e6,-1.0543175370991453,-0.8693272921435614,TIME_LIMIT,489571,0,0,7,3
2,8,2.240265e6,-1.0543175370991453,-0.8693272921435614,TIME_LIMIT,489584,0,0,6,4
2,8,2.240292e6,-1.054316669741974,-0.8693272921435614,TIME_LIMIT,489599,0,0,5,4
2,8,2.240431e6,-1.054316669741974,-0.8693272921435614,TIME_LIMIT,489624,0,0,13,21
2,8,2.240607e6,-1.0543055203699128,-0.8693272921435614,TIME_LIMIT,489656,0,0,10,9
2,8,2.240821e6,-1.0543055203699128,-0.8693272921435614,TIME_LIMIT,489687,0,0,18,9
2,8,2.240899e6,-1.0543050407879138,-0.8693272921435614,TIME_LIMIT,489713,0,0,15,12
2,8,2.240991e6,-1.0543050407879138,-0.8693272921435614,TIME_LIMIT,489731,0,0,10,11
2,8,2.241044e6,-1.0543026274255438,-0.8693272921435614,TIME_LIMIT,489753,0,0,9,11
2,8,2.241086e6,-1.0543026274255438,-0.8693272921435614,TIME_LIMIT,489770,0,0,9,3
2,8,2.241122e6,-1.0543024248725832,-0.8693272921435614,TIME_LIMIT,489784,0,0,5,4
2,8,2.241248e6,-1.0543024248725832,-0.8693272921435614,TIME_LIMIT,489809,0,0,9,14
2,8,2.241322e6,-1.0542994255594675,-0.8693272921435614,TIME_LIMIT,489836,0,0,14,4
2,8,2.241441e6,-1.0542994255594675,-0.8693272921435614,TIME_LIMIT,489857,0,0,8,12
2,8,2.241548e6,-1.0542988345307707,-0.8693272921435614,TIME_LIMIT,489889,0,0,15,6
2,8,2.241692e6,-1.0542988345307707,-0.8693272921435614,TIME_LIMIT,489914,0,0,18,11
2,8,2.241755e6,-1.0542921990513556,-0.8693272921435614,TIME_LIMIT,489935,0,0,13,9
2,8,2.241847e6,-1.0542921990513556,-0.8693272921435614,TIME_LIMIT,489954,0,0,18,10
2,8,2.241948e6,-1.0542769400860292,-0.8693272921435614,TIME_LIMIT,489983,0,0,15,3
2,8,2.241996e6,-1.0542769400860292,-0.8693272921435614,TIME_LIMIT,489997,0,0,11,13
2,8,2.24208e6,-1.054273998729601,-0.8693272921435614,TIME_LIMIT,490023,0,0,12,8
2,8,2.242189e6,-1.054273998729601,-0.8693272921435614,TIME_LIMIT,490044,0,0,10,10
2,8,2.242271e6,-1.0542722877428712,-0.8693272921435614,TIME_LIMIT,490061,0,0,2,1
2,8,2.242321e6,-1.0542722877428712,-0.8693272921435614,TIME_LIMIT,490077,0,0,10,9
2,8,2.242366e6,-1.054272171787766,-0.8693272921435614,TIME_LIMIT,490097,0,0,6,3
2,8,2.242507e6,-1.054272171787766,-0.8693272921435614,TIME_LIMIT,490120,0,0,23,19
2,8,2.242694e6,-1.0542716084688903,-0.8693272921435614,TIME_LIMIT,490155,0,0,17,18
2,8,2.242842e6,-1.0542716084688903,-0.8693272921435614,TIME_LIMIT,490179,0,0,25,15
2,8,2.243055e6,-1.054270392527965,-0.8693272921435614,TIME_LIMIT,490217,0,0,13,11
2,8,2.243171e6,-1.054270392527965,-0.8693272921435614,TIME_LIMIT,490242,0,0,12,12
2,8,2.243253e6,-1.0542621098468308,-0.8693272921435614,TIME_LIMIT,490266,0,0,19,10
2,8,2.243471e6,-1.0542621098468308,-0.8693272921435614,TIME_LIMIT,490296,0,0,13,17
2,8,2.243681e6,-1.054247071351746,-0.8693272921435614,TIME_LIMIT,490320,0,0,14,11
2,8,2.243764e6,-1.054247071351746,-0.8693272921435614,TIME_LIMIT,490345,0,0,12,6
2,8,2.243807e6,-1.054245911316885,-0.8693272921435614,TIME_LIMIT,490362,0,0,3,4
2,8,2.243867e6,-1.054245911316885,-0.8693272921435614,TIME_LIMIT,490382,0,0,10,4
2,8,2.243915e6,-1.0542448645345934,-0.8693272921435614,TIME_LIMIT,490403,0,0,11,2
2,8,2.244127e6,-1.0542448645345934,-0.8693272921435614,TIME_LIMIT,490429,0,0,14,5
2,8,2.244298e6,-1.0542420516717272,-0.8693272921435614,TIME_LIMIT,490464,0,0,15,10
2,8,2.244414e6,-1.0542420516717272,-0.8693272921435614,TIME_LIMIT,490485,0,0,18,28
2,8,2.244628e6,-1.0542314924243232,-0.8693272921435614,TIME_LIMIT,490517,0,0,15,8
2,8,2.244691e6,-1.0542314924243232,-0.8693272921435614,TIME_LIMIT,490537,0,0,14,9
2,8,2.244744e6,-1.05422633760506,-0.8693272921435614,TIME_LIMIT,490562,0,0,15,7
2,8,2.244895e6,-1.05422633760506,-0.8693272921435614,TIME_LIMIT,490581,0,0,21,16
2,8,2.245107e6,-1.054224347972064,-0.8693272921435614,TIME_LIMIT,490613,0,0,14,11
2,8,2.245152e6,-1.054224347972064,-0.8693272921435614,TIME_LIMIT,490629,0,0,11,8
2,8,2.245188e6,-1.05421892811575,-0.8693272921435614,TIME_LIMIT,490650,0,0,4,1
2,8,2.245283e6,-1.05421892811575,-0.8693272921435614,TIME_LIMIT,490673,0,0,15,27
2,8,2.245495e6,-1.0542177807603146,-0.8693272921435614,TIME_LIMIT,490707,0,0,10,12
2,8,2.245706e6,-1.0542177807603146,-0.8693272921435614,TIME_LIMIT,490724,0,0,16,19
2,8,2.245844e6,-1.054215026791032,-0.8693272921435614,TIME_LIMIT,490757,0,0,14,4
2,8,2.245986e6,-1.054215026791032,-0.8693272921435614,TIME_LIMIT,490782,0,0,14,7
2,8,2.246057e6,-1.0542095073992024,-0.8693272921435614,TIME_LIMIT,490802,0,0,9,4
2,8,2.246113e6,-1.0542095073992024,-0.8693272921435614,TIME_LIMIT,490824,0,0,12,8
2,8,2.24617e6,-1.0542077921582131,-0.8693272921435614,TIME_LIMIT,490844,0,0,7,6
2,8,2.246292e6,-1.0542077921582131,-0.8693272921435614,TIME_LIMIT,490866,0,0,12,14
2,8,2.246458e6,-1.0542056371688457,-0.8693272921435614,TIME_LIMIT,490893,0,0,11,7
2,8,2.246619e6,-1.0542056371688457,-0.8693272921435614,TIME_LIMIT,490924,0,0,18,10
2,8,2.24683e6,-1.0542028688270222,-0.8693272921435614,TIME_LIMIT,490960,0,0,12,6
2,8,2.246907e6,-1.0542028688270222,-0.8693272921435614,TIME_LIMIT,490980,0,0,14,14
2,8,2.246976e6,-1.0542018409224898,-0.8693272921435614,TIME_LIMIT,491001,0,0,10,3
2,8,2.247103e6,-1.0542018409224898,-0.8693272921435614,TIME_LIMIT,491020,0,0,13,5
2,8,2.247143e6,-1.0542016541247525,-0.8693272921435614,TIME_LIMIT,491037,0,0,7,5
2,8,2.247279e6,-1.0542016541247525,-0.8693272921435614,TIME_LIMIT,491061,0,0,14,21
2,8,2.247435e6,-1.054199157354305,-0.8693272921435614,TIME_LIMIT,491097,0,0,14,16
2,8,2.247475e6,-1.054199157354305,-0.8693272921435614,TIME_LIMIT,491115,0,0,16,10
2,8,2.247527e6,-1.0541983322538562,-0.8693272921435614,TIME_LIMIT,491140,0,0,11,5
2,8,2.247552e6,-1.0541983322538562,-0.8693272921435614,TIME_LIMIT,491153,0,0,8,4
2,8,2.247588e6,-1.0541870939225841,-0.8693272921435614,TIME_LIMIT,491167,0,0,7,1
2,8,2.247687e6,-1.0541870939225841,-0.8693272921435614,TIME_LIMIT,491186,0,0,20,13
2,8,2.247765e6,-1.0541815123636216,-0.8693272921435614,TIME_LIMIT,491216,0,0,14,6
2,8,2.247969e6,-1.0541815123636216,-0.8693272921435614,TIME_LIMIT,491240,0,0,19,14
2,8,2.248181e6,-1.0541799415234285,-0.8693272921435614,TIME_LIMIT,491274,0,0,21,11
2,8,2.24825e6,-1.0541799415234285,-0.8693272921435614,TIME_LIMIT,491296,0,0,9,12
2,8,2.248339e6,-1.0541786481131483,-0.8693272921435614,TIME_LIMIT,491326,0,0,12,10
2,8,2.248391e6,-1.0541786481131483,-0.8693272921435614,TIME_LIMIT,491345,0,0,12,5
2,8,2.248468e6,-1.0541737320270148,-0.8693272921435614,TIME_LIMIT,491367,0,0,9,6
2,8,2.248562e6,-1.0541737320270148,-0.8693272921435614,TIME_LIMIT,491386,0,0,16,16
2,8,2.248648e6,-1.0541679144592424,-0.8693272921435614,TIME_LIMIT,491415,0,0,12,4
2,8,2.248791e6,-1.0541679144592424,-0.8693272921435614,TIME_LIMIT,491443,0,0,12,11
2,8,2.248863e6,-1.0541662717057734,-0.8693272921435614,TIME_LIMIT,491468,0,0,8,9
2,8,2.248982e6,-1.0541662717057734,-0.8693272921435614,TIME_LIMIT,491489,0,0,13,11
2,8,2.249055e6,-1.05416597177739,-0.8693272921435614,TIME_LIMIT,491509,0,0,6,7
2,8,2.24918e6,-1.05416597177739,-0.8693272921435614,TIME_LIMIT,491545,0,0,24,19
2,8,2.249367e6,-1.054149059719151,-0.8693272921435614,TIME_LIMIT,491581,0,0,16,14
2,8,2.249526e6,-1.054149059719151,-0.8693272921435614,TIME_LIMIT,491602,0,0,14,7
2,8,2.249737e6,-1.0541441380116954,-0.8693272921435614,TIME_LIMIT,491633,0,0,16,9
2,8,2.24981e6,-1.0541441380116954,-0.8693272921435614,TIME_LIMIT,491650,0,0,19,10
2,8,2.249889e6,-1.0541184250583906,-0.8693272921435614,TIME_LIMIT,491679,0,0,15,4
2,8,2.249948e6,-1.0541184250583906,-0.8693272921435614,TIME_LIMIT,491695,0,0,7,3
2,8,2.249979e6,-1.0541181944665827,-0.8693272921435614,TIME_LIMIT,491710,0,0,5,3
2,8,2.250112e6,-1.0541181944665827,-0.8693272921435614,TIME_LIMIT,491731,0,0,17,13
2,8,2.250269e6,-1.0541153212924514,-0.8693272921435614,TIME_LIMIT,491758,0,0,11,9
2,8,2.250479e6,-1.0541153212924514,-0.8693272921435614,TIME_LIMIT,491786,0,0,26,17
2,8,2.250684e6,-1.054100762552428,-0.8693272921435614,TIME_LIMIT,491822,0,0,14,7
2,8,2.250861e6,-1.054100762552428,-0.8693272921435614,TIME_LIMIT,491852,0,0,8,19
2,8,2.250971e6,-1.0540990870818563,-0.8693272921435614,TIME_LIMIT,491881,0,0,8,7
2,8,2.251168e6,-1.0540990870818563,-0.8693272921435614,TIME_LIMIT,491905,0,0,17,15
2,8,2.251297e6,-1.0540905876725721,-0.8693272921435614,TIME_LIMIT,491947,0,0,16,14
2,8,2.251378e6,-1.0540905876725721,-0.8693272921435614,TIME_LIMIT,491964,0,0,10,12
2,8,2.251465e6,-1.0540884027659534,-0.8693272921435614,TIME_LIMIT,491994,0,0,13,6
2,8,2.251566e6,-1.0540884027659534,-0.8693272921435614,TIME_LIMIT,492015,0,0,16,10
2,8,2.251611e6,-1.054087163100041,-0.8693272921435614,TIME_LIMIT,492038,0,0,7,3
2,8,2.251715e6,-1.054087163100041,-0.8693272921435614,TIME_LIMIT,492065,0,0,12,17
2,8,2.251857e6,-1.0540780183838423,-0.8693272921435614,TIME_LIMIT,492094,0,0,16,8
2,8,2.25193e6,-1.0540780183838423,-0.8693272921435614,TIME_LIMIT,492111,0,0,12,21
2,8,2.252149e6,-1.0540773263104946,-0.8693272921435614,TIME_LIMIT,492143,0,0,14,7
2,8,2.252296e6,-1.0540773263104946,-0.8693272921435614,TIME_LIMIT,492176,0,0,21,12
2,8,2.252371e6,-1.0540763326430647,-0.8693272921435614,TIME_LIMIT,492196,0,0,19,16
2,8,2.252456e6,-1.0540763326430647,-0.8693272921435614,TIME_LIMIT,492216,0,0,15,7
2,8,2.252501e6,-1.0540698494358145,-0.8693272921435614,TIME_LIMIT,492238,0,0,10,3
2,8,2.252587e6,-1.0540698494358145,-0.8693272921435614,TIME_LIMIT,492262,0,0,10,20
2,8,2.252684e6,-1.0540670486025832,-0.8693272921435614,TIME_LIMIT,492294,0,0,11,8
2,8,2.252844e6,-1.0540670486025832,-0.8693272921435614,TIME_LIMIT,492318,0,0,15,15
2,8,2.253055e6,-1.0540642362565937,-0.8693272921435614,TIME_LIMIT,492352,0,0,18,6
2,8,2.253172e6,-1.0540642362565937,-0.8693272921435614,TIME_LIMIT,492379,0,0,9,10
2,8,2.253204e6,-1.0540569913424158,-0.8693272921435614,TIME_LIMIT,492393,0,0,6,3
2,8,2.25325e6,-1.0540569913424158,-0.8693272921435614,TIME_LIMIT,492413,0,0,21,23
2,8,2.253422e6,-1.0540479814803967,-0.8693272921435614,TIME_LIMIT,492450,0,0,16,9
2,8,2.253477e6,-1.0540479814803967,-0.8693272921435614,TIME_LIMIT,492468,0,0,9,8
2,8,2.253688e6,-1.0540472711172593,-0.8693272921435614,TIME_LIMIT,492491,0,0,4,7
2,8,2.253898e6,-1.0540472711172593,-0.8693272921435614,TIME_LIMIT,492518,0,0,7,16
2,8,2.254023e6,-1.0540418066947983,-0.8693272921435614,TIME_LIMIT,492556,0,0,8,6
2,8,2.254118e6,-1.0540418066947983,-0.8693272921435614,TIME_LIMIT,492576,0,0,4,10
2,8,2.254161e6,-1.054040575964918,-0.8693272921435614,TIME_LIMIT,492594,0,0,3,4
2,8,2.254367e6,-1.054040575964918,-0.8693272921435614,TIME_LIMIT,492619,0,0,22,22
2,8,2.254578e6,-1.0540401369867551,-0.8693272921435614,TIME_LIMIT,492652,0,0,13,12
2,8,2.254783e6,-1.0540401369867551,-0.8693272921435614,TIME_LIMIT,492677,0,0,18,14
2,8,2.254997e6,-1.0540389934130472,-0.8693272921435614,TIME_LIMIT,492704,0,0,17,6
2,8,2.255213e6,-1.0540389934130472,-0.8693272921435614,TIME_LIMIT,492726,0,0,21,12
2,8,2.255398e6,-1.0540325421028967,-0.8693272921435614,TIME_LIMIT,492762,0,0,20,8
2,8,2.255603e6,-1.0540325421028967,-0.8693272921435614,TIME_LIMIT,492785,0,0,15,14
2,8,2.255742e6,-1.0540262883588514,-0.8693272921435614,TIME_LIMIT,492816,0,0,16,8
2,8,2.255874e6,-1.0540262883588514,-0.8693272921435614,TIME_LIMIT,492845,0,0,16,6
2,8,2.255931e6,-1.0540233412650721,-0.8693272921435614,TIME_LIMIT,492858,0,0,5,7
2,8,2.256139e6,-1.0540233412650721,-0.8693272921435614,TIME_LIMIT,492881,0,0,18,18
2,8,2.256342e6,-1.0540231024297306,-0.8693272921435614,TIME_LIMIT,492916,0,0,9,14
2,8,2.256383e6,-1.0540231024297306,-0.8693272921435614,TIME_LIMIT,492933,0,0,12,5
2,8,2.256463e6,-1.054023087591069,-0.8693272921435614,TIME_LIMIT,492956,0,0,7,4
2,8,2.256661e6,-1.054023087591069,-0.8693272921435614,TIME_LIMIT,492987,0,0,26,19
2,8,2.256795e6,-1.0540195652202318,-0.8693272921435614,TIME_LIMIT,493018,0,0,14,10
2,8,2.25691e6,-1.0540195652202318,-0.8693272921435614,TIME_LIMIT,493035,0,0,20,30
2,8,2.257115e6,-1.0540190648732453,-0.8693272921435614,TIME_LIMIT,493070,0,0,19,9
2,8,2.257289e6,-1.0540190648732453,-0.8693272921435614,TIME_LIMIT,493094,0,0,13,9
2,8,2.257368e6,-1.0540114003089127,-0.8693272921435614,TIME_LIMIT,493110,0,0,9,3
2,8,2.257495e6,-1.0540114003089127,-0.8693272921435614,TIME_LIMIT,493133,0,0,7,15
2,8,2.257561e6,-1.0540092780462853,-0.8693272921435614,TIME_LIMIT,493162,0,0,15,12
2,8,2.257768e6,-1.0540092780462853,-0.8693272921435614,TIME_LIMIT,493181,0,0,19,15
2,8,2.257975e6,-1.0540053346346558,-0.8693272921435614,TIME_LIMIT,493208,0,0,9,9
2,8,2.258185e6,-1.0540053346346558,-0.8693272921435614,TIME_LIMIT,493228,0,0,19,20
2,8,2.2584e6,-1.0539939067554933,-0.8693272921435614,TIME_LIMIT,493264,0,0,18,9
2,8,2.258446e6,-1.0539939067554933,-0.8693272921435614,TIME_LIMIT,493285,0,0,15,6
2,8,2.25856e6,-1.053992433267973,-0.8693272921435614,TIME_LIMIT,493308,0,0,7,3
2,8,2.258699e6,-1.053992433267973,-0.8693272921435614,TIME_LIMIT,493328,0,0,20,4
2,8,2.258769e6,-1.0539908520627432,-0.8693272921435614,TIME_LIMIT,493352,0,0,19,7
2,8,2.258819e6,-1.0539908520627432,-0.8693272921435614,TIME_LIMIT,493368,0,0,10,9
2,8,2.258861e6,-1.053983939753125,-0.8693272921435614,TIME_LIMIT,493388,0,0,9,1
2,8,2.258972e6,-1.053983939753125,-0.8693272921435614,TIME_LIMIT,493413,0,0,23,29
2,8,2.259184e6,-1.0539796272720305,-0.8693272921435614,TIME_LIMIT,493450,0,0,19,17
2,8,2.259269e6,-1.0539796272720305,-0.8693272921435614,TIME_LIMIT,493472,0,0,21,11
2,8,2.259398e6,-1.0539767198354035,-0.8693272921435614,TIME_LIMIT,493509,0,0,18,6
2,8,2.259445e6,-1.0539767198354035,-0.8693272921435614,TIME_LIMIT,493525,0,0,12,4
2,8,2.259525e6,-1.053964368341426,-0.8693272921435614,TIME_LIMIT,493545,0,0,5,3
2,8,2.259603e6,-1.053964368341426,-0.8693272921435614,TIME_LIMIT,493567,0,0,15,15
2,8,2.259705e6,-1.0539634766153305,-0.8693272921435614,TIME_LIMIT,493598,0,0,13,12
2,8,2.259859e6,-1.0539634766153305,-0.8693272921435614,TIME_LIMIT,493618,0,0,17,11
2,8,2.259929e6,-1.0539624690553753,-0.8693272921435614,TIME_LIMIT,493645,0,0,10,6
2,8,2.260035e6,-1.0539624690553753,-0.8693272921435614,TIME_LIMIT,493672,0,0,15,5
2,8,2.260125e6,-1.053961282615343,-0.8693272921435614,TIME_LIMIT,493700,0,0,7,4
2,8,2.260339e6,-1.053961282615343,-0.8693272921435614,TIME_LIMIT,493716,0,0,10,11
2,8,2.260542e6,-1.0539527554975994,-0.8693272921435614,TIME_LIMIT,493753,0,0,14,10
2,8,2.260651e6,-1.0539527554975994,-0.8693272921435614,TIME_LIMIT,493775,0,0,22,20
2,8,2.260811e6,-1.0539489483403026,-0.8693272921435614,TIME_LIMIT,493808,0,0,9,9
2,8,2.26097e6,-1.0539489483403026,-0.8693272921435614,TIME_LIMIT,493831,0,0,18,10
2,8,2.26106e6,-1.0539477135341957,-0.8693272921435614,TIME_LIMIT,493859,0,0,10,8
2,8,2.261147e6,-1.0539477135341957,-0.8693272921435614,TIME_LIMIT,493884,0,0,7,4
2,8,2.261191e6,-1.05394267362737,-0.8693272921435614,TIME_LIMIT,493897,0,0,8,2
2,8,2.261338e6,-1.05394267362737,-0.8693272921435614,TIME_LIMIT,493920,0,0,18,22
2,8,2.261552e6,-1.0539404416918439,-0.8693272921435614,TIME_LIMIT,493953,0,0,15,15
2,8,2.261598e6,-1.0539404416918439,-0.8693272921435614,TIME_LIMIT,493971,0,0,17,12
2,8,2.261711e6,-1.0539352925208818,-0.8693272921435614,TIME_LIMIT,493998,0,0,12,7
2,8,2.261882e6,-1.0539352925208818,-0.8693272921435614,TIME_LIMIT,494025,0,0,17,12
2,8,2.261984e6,-1.0539307511903173,-0.8693272921435614,TIME_LIMIT,494057,0,0,9,6
2,8,2.262087e6,-1.0539307511903173,-0.8693272921435614,TIME_LIMIT,494078,0,0,16,16
2,8,2.262179e6,-1.0539286924793596,-0.8693272921435614,TIME_LIMIT,494103,0,0,14,8
2,8,2.262316e6,-1.0539286924793596,-0.8693272921435614,TIME_LIMIT,494130,0,0,16,13
2,8,2.262433e6,-1.053927547212465,-0.8693272921435614,TIME_LIMIT,494168,0,0,12,4
2,8,2.262629e6,-1.053927547212465,-0.8693272921435614,TIME_LIMIT,494192,0,0,22,39
2,8,2.262816e6,-1.0539231876770199,-0.8693272921435614,TIME_LIMIT,494232,0,0,14,9
2,8,2.263019e6,-1.0539231876770199,-0.8693272921435614,TIME_LIMIT,494253,0,0,19,14
2,8,2.263129e6,-1.0539074798547978,-0.8693272921435614,TIME_LIMIT,494290,0,0,12,3
2,8,2.26324e6,-1.0539074798547978,-0.8693272921435614,TIME_LIMIT,494308,0,0,14,12
2,8,2.263279e6,-1.053906921476732,-0.8693272921435614,TIME_LIMIT,494329,0,0,8,4
2,8,2.263373e6,-1.053906921476732,-0.8693272921435614,TIME_LIMIT,494356,0,0,19,3
2,8,2.263426e6,-1.053892752706191,-0.8693272921435614,TIME_LIMIT,494372,0,0,16,6
2,8,2.263484e6,-1.053892752706191,-0.8693272921435614,TIME_LIMIT,494393,0,0,11,4
2,8,2.263594e6,-1.0538916604914428,-0.8693272921435614,TIME_LIMIT,494421,0,0,7,7
2,8,2.26368e6,-1.0538916604914428,-0.8693272921435614,TIME_LIMIT,494448,0,0,17,5
2,8,2.263784e6,-1.0538809095959167,-0.8693272921435614,TIME_LIMIT,494471,0,0,8,6
2,8,2.263883e6,-1.0538809095959167,-0.8693272921435614,TIME_LIMIT,494491,0,0,16,15
2,8,2.263931e6,-1.0538701894591238,-0.8693272921435614,TIME_LIMIT,494513,0,0,5,1
2,8,2.26414e6,-1.0538701894591238,-0.8693272921435614,TIME_LIMIT,494533,0,0,16,18
2,8,2.264347e6,-1.0538676068938468,-0.8693272921435614,TIME_LIMIT,494571,0,0,21,9
2,8,2.26456e6,-1.0538676068938468,-0.8693272921435614,TIME_LIMIT,494596,0,0,22,23
2,8,2.264763e6,-1.0538587369610746,-0.8693272921435614,TIME_LIMIT,494632,0,0,21,10
2,8,2.264971e6,-1.0538587369610746,-0.8693272921435614,TIME_LIMIT,494648,0,0,13,19
2,8,2.265053e6,-1.0538560394481422,-0.8693272921435614,TIME_LIMIT,494680,0,0,12,9
2,8,2.26514e6,-1.0538560394481422,-0.8693272921435614,TIME_LIMIT,494705,0,0,13,8
2,8,2.265256e6,-1.0538486600564734,-0.8693272921435614,TIME_LIMIT,494723,0,0,13,8
2,8,2.265465e6,-1.0538486600564734,-0.8693272921435614,TIME_LIMIT,494743,0,0,26,16
2,8,2.265646e6,-1.0538451177684909,-0.8693272921435614,TIME_LIMIT,494779,0,0,19,9
2,8,2.265706e6,-1.0538451177684909,-0.8693272921435614,TIME_LIMIT,494794,0,0,13,9
2,8,2.265759e6,-1.0538431358256484,-0.8693272921435614,TIME_LIMIT,494823,0,0,12,5
2,8,2.265812e6,-1.0538431358256484,-0.8693272921435614,TIME_LIMIT,494847,0,0,18,13
2,8,2.265993e6,-1.0538332560377413,-0.8693272921435614,TIME_LIMIT,494875,0,0,13,4
2,8,2.266038e6,-1.0538332560377413,-0.8693272921435614,TIME_LIMIT,494893,0,0,6,11
2,8,2.266091e6,-1.0538235648136536,-0.8693272921435614,TIME_LIMIT,494919,0,0,12,12
2,8,2.266184e6,-1.0538235648136536,-0.8693272921435614,TIME_LIMIT,494945,0,0,23,32
2,8,2.26639e6,-1.053817813719883,-0.8693272921435614,TIME_LIMIT,494983,0,0,7,7
2,8,2.266604e6,-1.053817813719883,-0.8693272921435614,TIME_LIMIT,495002,0,0,11,17
2,8,2.266723e6,-1.0538158945350218,-0.8693272921435614,TIME_LIMIT,495038,0,0,21,6
2,8,2.26678e6,-1.0538158945350218,-0.8693272921435614,TIME_LIMIT,495058,0,0,7,18
2,8,2.266913e6,-1.0538128619583773,-0.8693272921435614,TIME_LIMIT,495083,0,0,10,7
2,8,2.26711e6,-1.0538128619583773,-0.8693272921435614,TIME_LIMIT,495108,0,0,10,10
2,8,2.267156e6,-1.0538042651162238,-0.8693272921435614,TIME_LIMIT,495128,0,0,13,5
2,8,2.267246e6,-1.0538042651162238,-0.8693272921435614,TIME_LIMIT,495145,0,0,10,8
2,8,2.267268e6,-1.0538012124827336,-0.8693272921435614,TIME_LIMIT,495159,0,0,3,3
2,8,2.267354e6,-1.0538012124827336,-0.8693272921435614,TIME_LIMIT,495184,0,0,16,17
2,8,2.267561e6,-1.053799759571882,-0.8693272921435614,TIME_LIMIT,495219,0,0,18,9
2,8,2.267761e6,-1.053799759571882,-0.8693272921435614,TIME_LIMIT,495239,0,0,11,12
2,8,2.267865e6,-1.0537986024438672,-0.8693272921435614,TIME_LIMIT,495263,0,0,2,1
2,8,2.268066e6,-1.0537986024438672,-0.8693272921435614,TIME_LIMIT,495284,0,0,18,13
2,8,2.268169e6,-1.053794054958356,-0.8693272921435614,TIME_LIMIT,495315,0,0,14,15
2,8,2.268276e6,-1.053794054958356,-0.8693272921435614,TIME_LIMIT,495335,0,0,13,12
2,8,2.268486e6,-1.0537939637490767,-0.8693272921435614,TIME_LIMIT,495366,0,0,14,10
2,8,2.268621e6,-1.0537939637490767,-0.8693272921435614,TIME_LIMIT,495389,0,0,11,14
2,8,2.268762e6,-1.0537894883854846,-0.8693272921435614,TIME_LIMIT,495424,0,0,11,7
2,8,2.268874e6,-1.0537894883854846,-0.8693272921435614,TIME_LIMIT,495444,0,0,15,9
2,8,2.268939e6,-1.0537777280311564,-0.8693272921435614,TIME_LIMIT,495467,0,0,9,5
2,8,2.269061e6,-1.0537777280311564,-0.8693272921435614,TIME_LIMIT,495489,0,0,10,9
2,8,2.269114e6,-1.053777152676767,-0.8693272921435614,TIME_LIMIT,495517,0,0,5,3
2,8,2.269166e6,-1.053777152676767,-0.8693272921435614,TIME_LIMIT,495529,0,0,9,5
2,8,2.269279e6,-1.0537737262839983,-0.8693272921435614,TIME_LIMIT,495546,0,0,4,1
2,8,2.269363e6,-1.0537737262839983,-0.8693272921435614,TIME_LIMIT,495568,0,0,19,11
2,8,2.269568e6,-1.0537723029203527,-0.8693272921435614,TIME_LIMIT,495593,0,0,11,3
2,8,2.269668e6,-1.0537723029203527,-0.8693272921435614,TIME_LIMIT,495611,0,0,19,9
2,8,2.269779e6,-1.0537640926719751,-0.8693272921435614,TIME_LIMIT,495641,0,0,14,12
2,8,2.269818e6,-1.0537640926719751,-0.8693272921435614,TIME_LIMIT,495652,0,0,14,12
2,8,2.269942e6,-1.053758085703501,-0.8693272921435614,TIME_LIMIT,495684,0,0,15,6
2,8,2.270032e6,-1.053758085703501,-0.8693272921435614,TIME_LIMIT,495703,0,0,11,9
2,8,2.27008e6,-1.0537511805991118,-0.8693272921435614,TIME_LIMIT,495722,0,0,8,6
2,8,2.270147e6,-1.0537511805991118,-0.8693272921435614,TIME_LIMIT,495743,0,0,12,10
2,8,2.270258e6,-1.0537469986525092,-0.8693272921435614,TIME_LIMIT,495765,0,0,11,6
2,8,2.270311e6,-1.0537469986525092,-0.8693272921435614,TIME_LIMIT,495776,0,0,10,5
2,8,2.270382e6,-1.0537459587086655,-0.8693272921435614,TIME_LIMIT,495800,0,0,6,2
2,8,2.270444e6,-1.0537459587086655,-0.8693272921435614,TIME_LIMIT,495819,0,0,10,12
2,8,2.270501e6,-1.0537443357665368,-0.8693272921435614,TIME_LIMIT,495837,0,0,4,1
2,8,2.27062e6,-1.0537443357665368,-0.8693272921435614,TIME_LIMIT,495863,0,0,15,15
2,8,2.270686e6,-1.0537423399745784,-0.8693272921435614,TIME_LIMIT,495880,0,0,15,5
2,8,2.270794e6,-1.0537423399745784,-0.8693272921435614,TIME_LIMIT,495892,0,0,12,7
2,8,2.270844e6,-1.0537420863266813,-0.8693272921435614,TIME_LIMIT,495911,0,0,7,2
2,8,2.270975e6,-1.0537420863266813,-0.8693272921435614,TIME_LIMIT,495933,0,0,15,14
2,8,2.271177e6,-1.053718405128012,-0.8693272921435614,TIME_LIMIT,495966,0,0,15,7
2,8,2.271312e6,-1.053718405128012,-0.8693272921435614,TIME_LIMIT,495986,0,0,17,11
2,8,2.271499e6,-1.0537017803260391,-0.8693272921435614,TIME_LIMIT,496015,0,0,12,6
2,8,2.271577e6,-1.0537017803260391,-0.8693272921435614,TIME_LIMIT,496032,0,0,15,12
2,8,2.27163e6,-1.053694083398009,-0.8693272921435614,TIME_LIMIT,496058,0,0,12,6
2,8,2.271817e6,-1.053694083398009,-0.8693272921435614,TIME_LIMIT,496092,0,0,14,34
2,8,2.271971e6,-1.0536928082960908,-0.8693272921435614,TIME_LIMIT,496129,0,0,15,8
2,8,2.27208e6,-1.0536928082960908,-0.8693272921435614,TIME_LIMIT,496149,0,0,17,19
2,8,2.272275e6,-1.0536886802563363,-0.8693272921435614,TIME_LIMIT,496186,0,0,12,9
2,8,2.272354e6,-1.0536886802563363,-0.8693272921435614,TIME_LIMIT,496209,0,0,10,14
2,8,2.272557e6,-1.0536755948046275,-0.8693272921435614,TIME_LIMIT,496238,0,0,10,8
2,8,2.272604e6,-1.0536755948046275,-0.8693272921435614,TIME_LIMIT,496255,0,0,13,11
2,8,2.272653e6,-1.0536663967629096,-0.8693272921435614,TIME_LIMIT,496279,0,0,9,8
2,8,2.272851e6,-1.0536663967629096,-0.8693272921435614,TIME_LIMIT,496300,0,0,18,32
2,8,2.273027e6,-1.0536579787033196,-0.8693272921435614,TIME_LIMIT,496337,0,0,20,10
2,8,2.273064e6,-1.0536579787033196,-0.8693272921435614,TIME_LIMIT,496352,0,0,8,3
2,8,2.273084e6,-1.0536557589299842,-0.8693272921435614,TIME_LIMIT,496364,0,0,4,2
2,8,2.273201e6,-1.0536557589299842,-0.8693272921435614,TIME_LIMIT,496387,0,0,14,9
2,8,2.273279e6,-1.0536491503898815,-0.8693272921435614,TIME_LIMIT,496408,0,0,10,8
2,8,2.273366e6,-1.0536491503898815,-0.8693272921435614,TIME_LIMIT,496432,0,0,16,10
2,8,2.273571e6,-1.0536425023134297,-0.8693272921435614,TIME_LIMIT,496461,0,0,12,8
2,8,2.273678e6,-1.0536425023134297,-0.8693272921435614,TIME_LIMIT,496478,0,0,14,18
2,8,2.273761e6,-1.0536395480266787,-0.8693272921435614,TIME_LIMIT,496504,0,0,11,12
2,8,2.273864e6,-1.0536395480266787,-0.8693272921435614,TIME_LIMIT,496526,0,0,21,26
2,8,2.274007e6,-1.0536370548518033,-0.8693272921435614,TIME_LIMIT,496559,0,0,12,7
2,8,2.274113e6,-1.0536370548518033,-0.8693272921435614,TIME_LIMIT,496581,0,0,15,12
2,8,2.274242e6,-1.0536315222342167,-0.8693272921435614,TIME_LIMIT,496601,0,0,8,6
2,8,2.274346e6,-1.0536315222342167,-0.8693272921435614,TIME_LIMIT,496629,0,0,24,10
2,8,2.274432e6,-1.0536310181665232,-0.8693272921435614,TIME_LIMIT,496655,0,0,13,8
2,8,2.274586e6,-1.0536310181665232,-0.8693272921435614,TIME_LIMIT,496676,0,0,16,26
2,8,2.274795e6,-1.0536274597341189,-0.8693272921435614,TIME_LIMIT,496710,0,0,13,10
2,8,2.274841e6,-1.0536274597341189,-0.8693272921435614,TIME_LIMIT,496729,0,0,17,7
2,8,2.274995e6,-1.0536213020814658,-0.8693272921435614,TIME_LIMIT,496761,0,0,14,11
2,8,2.275132e6,-1.0536213020814658,-0.8693272921435614,TIME_LIMIT,496781,0,0,19,15
2,8,2.275182e6,-1.0536150678411775,-0.8693272921435614,TIME_LIMIT,496809,0,0,11,8
2,8,2.275395e6,-1.0536150678411775,-0.8693272921435614,TIME_LIMIT,496835,0,0,21,9
2,8,2.27553e6,-1.0536129373748366,-0.8693272921435614,TIME_LIMIT,496865,0,0,13,8
2,8,2.275743e6,-1.0536129373748366,-0.8693272921435614,TIME_LIMIT,496895,0,0,22,15
2,8,2.275953e6,-1.053611730436463,-0.8693272921435614,TIME_LIMIT,496930,0,0,15,19
2,8,2.276073e6,-1.053611730436463,-0.8693272921435614,TIME_LIMIT,496950,0,0,20,18
2,8,2.276181e6,-1.0536057276909825,-0.8693272921435614,TIME_LIMIT,496980,0,0,14,7
2,8,2.27626e6,-1.0536057276909825,-0.8693272921435614,TIME_LIMIT,497002,0,0,15,8
2,8,2.276352e6,-1.0536054401504584,-0.8693272921435614,TIME_LIMIT,497028,0,0,13,3
2,8,2.276408e6,-1.0536054401504584,-0.8693272921435614,TIME_LIMIT,497047,0,0,8,5
2,8,2.276456e6,-1.0535953260500697,-0.8693272921435614,TIME_LIMIT,497065,0,0,5,3
2,8,2.276527e6,-1.0535953260500697,-0.8693272921435614,TIME_LIMIT,497083,0,0,12,10
2,8,2.276597e6,-1.0535856845048346,-0.8693272921435614,TIME_LIMIT,497105,0,0,7,5
2,8,2.276668e6,-1.0535856845048346,-0.8693272921435614,TIME_LIMIT,497125,0,0,10,16
2,8,2.276719e6,-1.0535809663632931,-0.8693272921435614,TIME_LIMIT,497150,0,0,12,10
2,8,2.276746e6,-1.0535809663632931,-0.8693272921435614,TIME_LIMIT,497165,0,0,12,10
2,8,2.276816e6,-1.05358036739319,-0.8693272921435614,TIME_LIMIT,497192,0,0,11,8
2,8,2.276943e6,-1.05358036739319,-0.8693272921435614,TIME_LIMIT,497222,0,0,18,9
2,8,2.277033e6,-1.0535783041454385,-0.8693272921435614,TIME_LIMIT,497243,0,0,9,12
2,8,2.277115e6,-1.0535783041454385,-0.8693272921435614,TIME_LIMIT,497261,0,0,15,5
2,8,2.277187e6,-1.0535773584929773,-0.8693272921435614,TIME_LIMIT,497285,0,0,12,4
2,8,2.277312e6,-1.0535773584929773,-0.8693272921435614,TIME_LIMIT,497305,0,0,16,19
2,8,2.277519e6,-1.053574178983654,-0.8693272921435614,TIME_LIMIT,497342,0,0,20,14
2,8,2.277715e6,-1.053574178983654,-0.8693272921435614,TIME_LIMIT,497368,0,0,12,11
2,8,2.277804e6,-1.0535705616236921,-0.8693272921435614,TIME_LIMIT,497386,0,0,10,11
2,8,2.278003e6,-1.0535705616236921,-0.8693272921435614,TIME_LIMIT,497406,0,0,9,12
2,8,2.278194e6,-1.0535657271798626,-0.8693272921435614,TIME_LIMIT,497435,0,0,6,8
2,8,2.278401e6,-1.0535657271798626,-0.8693272921435614,TIME_LIMIT,497456,0,0,17,17
2,8,2.278536e6,-1.053556878302755,-0.8693272921435614,TIME_LIMIT,497484,0,0,12,5
2,8,2.278603e6,-1.053556878302755,-0.8693272921435614,TIME_LIMIT,497505,0,0,9,11
2,8,2.278691e6,-1.0535532448233602,-0.8693272921435614,TIME_LIMIT,497531,0,0,12,6
2,8,2.278778e6,-1.0535532448233602,-0.8693272921435614,TIME_LIMIT,497556,0,0,19,11
2,8,2.27884e6,-1.0535517740810345,-0.8693272921435614,TIME_LIMIT,497587,0,0,14,5
2,8,2.278946e6,-1.0535517740810345,-0.8693272921435614,TIME_LIMIT,497612,0,0,13,2
2,8,2.279032e6,-1.0535510208490453,-0.8693272921435614,TIME_LIMIT,497630,0,0,10,4
2,8,2.279152e6,-1.0535510208490453,-0.8693272921435614,TIME_LIMIT,497651,0,0,20,13
2,8,2.279238e6,-1.0535469760463423,-0.8693272921435614,TIME_LIMIT,497680,0,0,14,5
2,8,2.279285e6,-1.0535469760463423,-0.8693272921435614,TIME_LIMIT,497693,0,0,12,12
2,8,2.279351e6,-1.0535407575058997,-0.8693272921435614,TIME_LIMIT,497719,0,0,14,3
2,8,2.279554e6,-1.0535407575058997,-0.8693272921435614,TIME_LIMIT,497753,0,0,20,37
2,8,2.279758e6,-1.0535347540860958,-0.8693272921435614,TIME_LIMIT,497783,0,0,19,16
2,8,2.279966e6,-1.0535347540860958,-0.8693272921435614,TIME_LIMIT,497808,0,0,11,23
2,8,2.280175e6,-1.0535291914483644,-0.8693272921435614,TIME_LIMIT,497849,0,0,23,12
2,8,2.280227e6,-1.0535291914483644,-0.8693272921435614,TIME_LIMIT,497870,0,0,11,12
2,8,2.280305e6,-1.053522899156227,-0.8693272921435614,TIME_LIMIT,497898,0,0,13,7
2,8,2.280482e6,-1.053522899156227,-0.8693272921435614,TIME_LIMIT,497926,0,0,16,12
2,8,2.280539e6,-1.0535215557067137,-0.8693272921435614,TIME_LIMIT,497948,0,0,7,3
2,8,2.28075e6,-1.0535215557067137,-0.8693272921435614,TIME_LIMIT,497971,0,0,21,14
2,8,2.280964e6,-1.053518555297065,-0.8693272921435614,TIME_LIMIT,498001,0,0,14,9
2,8,2.281045e6,-1.053518555297065,-0.8693272921435614,TIME_LIMIT,498022,0,0,17,9
2,8,2.281145e6,-1.0535063495288952,-0.8693272921435614,TIME_LIMIT,498051,0,0,11,4
2,8,2.281194e6,-1.0535063495288952,-0.8693272921435614,TIME_LIMIT,498065,0,0,6,8
2,8,2.281273e6,-1.0535057879715208,-0.8693272921435614,TIME_LIMIT,498084,0,0,6,3
2,8,2.281474e6,-1.0535057879715208,-0.8693272921435614,TIME_LIMIT,498105,0,0,23,21
2,8,2.281683e6,-1.0535004045350873,-0.8693272921435614,TIME_LIMIT,498141,0,0,16,20
2,8,2.281817e6,-1.0535004045350873,-0.8693272921435614,TIME_LIMIT,498168,0,0,27,19
2,8,2.281934e6,-1.0534923129334672,-0.8693272921435614,TIME_LIMIT,498201,0,0,17,6
2,8,2.282082e6,-1.0534923129334672,-0.8693272921435614,TIME_LIMIT,498228,0,0,21,4
2,8,2.28216e6,-1.053490605803928,-0.8693272921435614,TIME_LIMIT,498252,0,0,16,9
2,8,2.282288e6,-1.053490605803928,-0.8693272921435614,TIME_LIMIT,498272,0,0,13,11
2,8,2.282357e6,-1.0534895267479212,-0.8693272921435614,TIME_LIMIT,498299,0,0,9,4
2,8,2.282472e6,-1.0534895267479212,-0.8693272921435614,TIME_LIMIT,498329,0,0,23,15
2,8,2.282676e6,-1.053487124479073,-0.8693272921435614,TIME_LIMIT,498364,0,0,14,13
2,8,2.282745e6,-1.053487124479073,-0.8693272921435614,TIME_LIMIT,498385,0,0,14,3
2,8,2.282828e6,-1.053485557582717,-0.8693272921435614,TIME_LIMIT,498412,0,0,9,6
2,8,2.282914e6,-1.053485557582717,-0.8693272921435614,TIME_LIMIT,498430,0,0,17,28
2,8,2.283051e6,-1.053480404656392,-0.8693272921435614,TIME_LIMIT,498470,0,0,13,9
2,8,2.283126e6,-1.053480404656392,-0.8693272921435614,TIME_LIMIT,498481,0,0,10,9
2,8,2.283218e6,-1.0534802680126996,-0.8693272921435614,TIME_LIMIT,498510,0,0,12,6
2,8,2.283304e6,-1.0534802680126996,-0.8693272921435614,TIME_LIMIT,498527,0,0,17,19
2,8,2.283386e6,-1.0534733449729055,-0.8693272921435614,TIME_LIMIT,498554,0,0,11,7
2,8,2.283491e6,-1.0534733449729055,-0.8693272921435614,TIME_LIMIT,498575,0,0,11,22
2,8,2.2836e6,-1.0534689341358243,-0.8693272921435614,TIME_LIMIT,498600,0,0,9,8
2,8,2.283729e6,-1.0534689341358243,-0.8693272921435614,TIME_LIMIT,498624,0,0,14,15
2,8,2.28388e6,-1.0534678524664445,-0.8693272921435614,TIME_LIMIT,498653,0,0,12,4
2,8,2.284041e6,-1.0534678524664445,-0.8693272921435614,TIME_LIMIT,498677,0,0,13,12
2,8,2.284168e6,-1.0534664485641692,-0.8693272921435614,TIME_LIMIT,498703,0,0,8,9
2,8,2.284293e6,-1.0534664485641692,-0.8693272921435614,TIME_LIMIT,498725,0,0,13,19
2,8,2.284358e6,-1.05346568174221,-0.8693272921435614,TIME_LIMIT,498750,0,0,5,2
2,8,2.28452e6,-1.05346568174221,-0.8693272921435614,TIME_LIMIT,498773,0,0,22,12
2,8,2.284645e6,-1.0534608025269279,-0.8693272921435614,TIME_LIMIT,498801,0,0,11,6
2,8,2.284726e6,-1.0534608025269279,-0.8693272921435614,TIME_LIMIT,498818,0,0,18,24
2,8,2.284919e6,-1.0534576691277349,-0.8693272921435614,TIME_LIMIT,498850,0,0,12,5
2,8,2.285001e6,-1.0534576691277349,-0.8693272921435614,TIME_LIMIT,498870,0,0,14,13
2,8,2.285114e6,-1.0534576143673469,-0.8693272921435614,TIME_LIMIT,498902,0,0,11,11
2,8,2.285159e6,-1.0534576143673469,-0.8693272921435614,TIME_LIMIT,498913,0,0,5,1
2,8,2.285179e6,-1.053456968381511,-0.8693272921435614,TIME_LIMIT,498926,0,0,3,0
2,8,2.285227e6,-1.053456968381511,-0.8693272921435614,TIME_LIMIT,498944,0,0,16,2
2,8,2.285427e6,-1.0534560060146658,-0.8693272921435614,TIME_LIMIT,498966,0,0,10,6
2,8,2.285492e6,-1.0534560060146658,-0.8693272921435614,TIME_LIMIT,498984,0,0,13,10
2,8,2.285526e6,-1.0534543686424391,-0.8693272921435614,TIME_LIMIT,499006,0,0,7,2
2,8,2.285634e6,-1.0534543686424391,-0.8693272921435614,TIME_LIMIT,499025,0,0,21,17
2,8,2.285727e6,-1.053452586260347,-0.8693272921435614,TIME_LIMIT,499054,0,0,8,17
2,8,2.285807e6,-1.053452586260347,-0.8693272921435614,TIME_LIMIT,499070,0,0,13,9
2,8,2.285879e6,-1.053450692735218,-0.8693272921435614,TIME_LIMIT,499093,0,0,9,6
2,8,2.285913e6,-1.053450692735218,-0.8693272921435614,TIME_LIMIT,499107,0,0,7,8
2,8,2.28596e6,-1.0534504805115574,-0.8693272921435614,TIME_LIMIT,499126,0,0,6,3
2,8,2.286147e6,-1.0534504805115574,-0.8693272921435614,TIME_LIMIT,499142,0,0,15,10
2,8,2.286231e6,-1.0534487256979945,-0.8693272921435614,TIME_LIMIT,499172,0,0,13,5
2,8,2.286301e6,-1.0534487256979945,-0.8693272921435614,TIME_LIMIT,499192,0,0,11,12
2,8,2.286346e6,-1.0534449716105545,-0.8693272921435614,TIME_LIMIT,499214,0,0,7,6
2,8,2.286468e6,-1.0534449716105545,-0.8693272921435614,TIME_LIMIT,499233,0,0,12,9
2,8,2.28661e6,-1.0534429879719625,-0.8693272921435614,TIME_LIMIT,499266,0,0,16,4
2,8,2.286736e6,-1.0534429879719625,-0.8693272921435614,TIME_LIMIT,499291,0,0,19,17
2,8,2.286815e6,-1.053441839609895,-0.8693272921435614,TIME_LIMIT,499321,0,0,5,7
2,8,2.287013e6,-1.053441839609895,-0.8693272921435614,TIME_LIMIT,499339,0,0,10,26
2,8,2.287221e6,-1.0534403604149056,-0.8693272921435614,TIME_LIMIT,499377,0,0,11,14
2,8,2.287369e6,-1.0534403604149056,-0.8693272921435614,TIME_LIMIT,499399,0,0,25,15
2,8,2.28748e6,-1.0534401612739055,-0.8693272921435614,TIME_LIMIT,499434,0,0,11,7
2,8,2.287651e6,-1.0534401612739055,-0.8693272921435614,TIME_LIMIT,499458,0,0,21,17
2,8,2.287836e6,-1.0534401465581902,-0.8693272921435614,TIME_LIMIT,499490,0,0,8,6
2,8,2.287982e6,-1.0534401465581902,-0.8693272921435614,TIME_LIMIT,499513,0,0,10,18
2,8,2.288065e6,-1.0534345184095648,-0.8693272921435614,TIME_LIMIT,499541,0,0,10,7
2,8,2.288204e6,-1.0534345184095648,-0.8693272921435614,TIME_LIMIT,499564,0,0,19,12
2,8,2.288412e6,-1.0534337755538865,-0.8693272921435614,TIME_LIMIT,499593,0,0,10,14
2,8,2.288607e6,-1.0534337755538865,-0.8693272921435614,TIME_LIMIT,499612,0,0,21,21
2,8,2.288817e6,-1.053428206621303,-0.8693272921435614,TIME_LIMIT,499646,0,0,15,5
2,8,2.289009e6,-1.053428206621303,-0.8693272921435614,TIME_LIMIT,499676,0,0,23,25
2,8,2.289225e6,-1.0534275777179378,-0.8693272921435614,TIME_LIMIT,499717,0,0,14,9
2,8,2.289435e6,-1.0534275777179378,-0.8693272921435614,TIME_LIMIT,499740,0,0,22,28
2,8,2.289649e6,-1.053426828609866,-0.8693272921435614,TIME_LIMIT,499777,0,0,22,10
2,8,2.289789e6,-1.053426828609866,-0.8693272921435614,TIME_LIMIT,499801,0,0,21,14
2,8,2.289872e6,-1.053422608493404,-0.8693272921435614,TIME_LIMIT,499833,0,0,14,10
2,8,2.289951e6,-1.053422608493404,-0.8693272921435614,TIME_LIMIT,499854,0,0,12,6
2,8,2.290015e6,-1.0534169545854088,-0.8693272921435614,TIME_LIMIT,499874,0,0,12,4
2,8,2.290089e6,-1.0534169545854088,-0.8693272921435614,TIME_LIMIT,499889,0,0,12,14
2,8,2.290179e6,-1.0534163978725148,-0.8693272921435614,TIME_LIMIT,499913,0,0,8,1
2,8,2.290289e6,-1.0534163978725148,-0.8693272921435614,TIME_LIMIT,499940,0,0,7,19
2,8,2.290352e6,-1.0534142056467828,-0.8693272921435614,TIME_LIMIT,499965,0,0,15,3
2,8,2.290441e6,-1.0534142056467828,-0.8693272921435614,TIME_LIMIT,499987,0,0,22,10
2,8,2.290572e6,-1.0534117399436982,-0.8693272921435614,TIME_LIMIT,500020,0,0,15,10
2,8,2.290624e6,-1.0534117399436982,-0.8693272921435614,TIME_LIMIT,500036,0,0,13,4
2,8,2.29069e6,-1.0534006808304275,-0.8693272921435614,TIME_LIMIT,500058,0,0,9,7
2,8,2.290747e6,-1.0534006808304275,-0.8693272921435614,TIME_LIMIT,500073,0,0,16,14
2,8,2.290884e6,-1.0533963386405767,-0.8693272921435614,TIME_LIMIT,500105,0,0,17,4
2,8,2.290936e6,-1.0533963386405767,-0.8693272921435614,TIME_LIMIT,500125,0,0,13,9
2,8,2.290981e6,-1.0533931031901584,-0.8693272921435614,TIME_LIMIT,500144,0,0,6,3
2,8,2.291152e6,-1.0533931031901584,-0.8693272921435614,TIME_LIMIT,500163,0,0,15,12
2,8,2.291342e6,-1.0533911705268486,-0.8693272921435614,TIME_LIMIT,500197,0,0,14,8
2,8,2.291528e6,-1.0533911705268486,-0.8693272921435614,TIME_LIMIT,500218,0,0,18,25
2,8,2.29174e6,-1.0533905831388928,-0.8693272921435614,TIME_LIMIT,500249,0,0,16,10
2,8,2.291943e6,-1.0533905831388928,-0.8693272921435614,TIME_LIMIT,500276,0,0,23,29
2,8,2.292049e6,-1.053388348184511,-0.8693272921435614,TIME_LIMIT,500313,0,0,20,14
2,8,2.29215e6,-1.053388348184511,-0.8693272921435614,TIME_LIMIT,500331,0,0,13,17
2,8,2.292262e6,-1.0533882513461852,-0.8693272921435614,TIME_LIMIT,500364,0,0,8,11
2,8,2.292341e6,-1.0533882513461852,-0.8693272921435614,TIME_LIMIT,500381,0,0,10,19
2,8,2.292462e6,-1.053386631856161,-0.8693272921435614,TIME_LIMIT,500413,0,0,12,9
2,8,2.29257e6,-1.053386631856161,-0.8693272921435614,TIME_LIMIT,500436,0,0,16,24
2,8,2.29274e6,-1.0533851726854855,-0.8693272921435614,TIME_LIMIT,500473,0,0,21,15
2,8,2.292943e6,-1.0533851726854855,-0.8693272921435614,TIME_LIMIT,500502,0,0,20,27
2,8,2.293152e6,-1.0533803939507167,-0.8693272921435614,TIME_LIMIT,500527,0,0,15,12
2,8,2.293265e6,-1.0533803939507167,-0.8693272921435614,TIME_LIMIT,500550,0,0,22,31
2,8,2.293407e6,-1.0533793922479564,-0.8693272921435614,TIME_LIMIT,500587,0,0,14,10
2,8,2.293511e6,-1.0533793922479564,-0.8693272921435614,TIME_LIMIT,500611,0,0,10,15
2,8,2.293597e6,-1.0533743592098523,-0.8693272921435614,TIME_LIMIT,500640,0,0,7,3
2,8,2.293785e6,-1.0533743592098523,-0.8693272921435614,TIME_LIMIT,500657,0,0,20,20
2,8,2.29398e6,-1.0533621693523325,-0.8693272921435614,TIME_LIMIT,500699,0,0,20,9
2,8,2.294058e6,-1.0533621693523325,-0.8693272921435614,TIME_LIMIT,500711,0,0,12,12
2,8,2.294151e6,-1.0533503129644992,-0.8693272921435614,TIME_LIMIT,500740,0,0,10,10
2,8,2.294226e6,-1.0533503129644992,-0.8693272921435614,TIME_LIMIT,500762,0,0,21,15
2,8,2.294323e6,-1.0533495528875865,-0.8693272921435614,TIME_LIMIT,500792,0,0,9,7
2,8,2.294373e6,-1.0533495528875865,-0.8693272921435614,TIME_LIMIT,500806,0,0,15,16
2,8,2.294443e6,-1.0533452819657316,-0.8693272921435614,TIME_LIMIT,500829,0,0,8,4
2,8,2.294639e6,-1.0533452819657316,-0.8693272921435614,TIME_LIMIT,500856,0,0,29,25
2,8,2.294812e6,-1.0533449354168511,-0.8693272921435614,TIME_LIMIT,500893,0,0,10,9
2,8,2.294927e6,-1.0533449354168511,-0.8693272921435614,TIME_LIMIT,500916,0,0,6,7
2,8,2.295011e6,-1.0533440328255423,-0.8693272921435614,TIME_LIMIT,500936,0,0,9,4
2,8,2.295222e6,-1.0533440328255423,-0.8693272921435614,TIME_LIMIT,500961,0,0,19,35
2,8,2.29541e6,-1.053342718662996,-0.8693272921435614,TIME_LIMIT,500998,0,0,16,13
2,8,2.295617e6,-1.053342718662996,-0.8693272921435614,TIME_LIMIT,501021,0,0,16,17
2,8,2.295805e6,-1.0533377876692194,-0.8693272921435614,TIME_LIMIT,501050,0,0,14,1
2,8,2.29601e6,-1.0533377876692194,-0.8693272921435614,TIME_LIMIT,501072,0,0,12,19
2,8,2.296218e6,-1.0533374564574625,-0.8693272921435614,TIME_LIMIT,501102,0,0,15,11
2,8,2.296416e6,-1.0533374564574625,-0.8693272921435614,TIME_LIMIT,501131,0,0,17,19
2,8,2.29651e6,-1.0533365793637266,-0.8693272921435614,TIME_LIMIT,501154,0,0,15,16
2,8,2.296607e6,-1.0533365793637266,-0.8693272921435614,TIME_LIMIT,501175,0,0,16,18
2,8,2.296687e6,-1.0533298811483995,-0.8693272921435614,TIME_LIMIT,501202,0,0,12,2
2,8,2.296742e6,-1.0533298811483995,-0.8693272921435614,TIME_LIMIT,501217,0,0,12,8
2,8,2.296795e6,-1.0533290103006558,-0.8693272921435614,TIME_LIMIT,501238,0,0,6,5
2,8,2.296989e6,-1.0533290103006558,-0.8693272921435614,TIME_LIMIT,501265,0,0,10,11
2,8,2.297194e6,-1.0533282613025134,-0.8693272921435614,TIME_LIMIT,501301,0,0,18,10
2,8,2.297322e6,-1.0533282613025134,-0.8693272921435614,TIME_LIMIT,501321,0,0,13,12
2,8,2.297424e6,-1.0533235807921175,-0.8693272921435614,TIME_LIMIT,501351,0,0,14,12
2,8,2.297582e6,-1.0533235807921175,-0.8693272921435614,TIME_LIMIT,501378,0,0,8,3
2,8,2.297706e6,-1.0533180225379788,-0.8693272921435614,TIME_LIMIT,501400,0,0,12,10
2,8,2.297778e6,-1.0533180225379788,-0.8693272921435614,TIME_LIMIT,501421,0,0,9,9
2,8,2.297806e6,-1.0533167801983714,-0.8693272921435614,TIME_LIMIT,501438,0,0,6,6
2,8,2.297896e6,-1.0533167801983714,-0.8693272921435614,TIME_LIMIT,501457,0,0,9,10
2,8,2.29794e6,-1.0533147279817863,-0.8693272921435614,TIME_LIMIT,501478,0,0,8,5
2,8,2.29805e6,-1.0533147279817863,-0.8693272921435614,TIME_LIMIT,501502,0,0,18,13
2,8,2.29813e6,-1.053304075289466,-0.8693272921435614,TIME_LIMIT,501531,0,0,11,12
2,8,2.29833e6,-1.053304075289466,-0.8693272921435614,TIME_LIMIT,501556,0,0,15,17
2,8,2.298536e6,-1.053303849461842,-0.8693272921435614,TIME_LIMIT,501594,0,0,17,8
2,8,2.29865e6,-1.053303849461842,-0.8693272921435614,TIME_LIMIT,501621,0,0,18,6
2,8,2.29869e6,-1.0532878162440762,-0.8693272921435614,TIME_LIMIT,501633,0,0,8,6
2,8,2.298765e6,-1.0532878162440762,-0.8693272921435614,TIME_LIMIT,501650,0,0,14,5
2,8,2.298803e6,-1.0532858531143163,-0.8693272921435614,TIME_LIMIT,501673,0,0,9,7
2,8,2.298912e6,-1.0532858531143163,-0.8693272921435614,TIME_LIMIT,501693,0,0,16,15
2,8,2.299004e6,-1.0532843328137962,-0.8693272921435614,TIME_LIMIT,501720,0,0,10,5
2,8,2.299157e6,-1.0532843328137962,-0.8693272921435614,TIME_LIMIT,501750,0,0,20,23
2,8,2.29936e6,-1.0532839541949213,-0.8693272921435614,TIME_LIMIT,501790,0,0,19,15
2,8,2.299401e6,-1.0532839541949213,-0.8693272921435614,TIME_LIMIT,501806,0,0,14,12
2,8,2.299479e6,-1.0532825628238354,-0.8693272921435614,TIME_LIMIT,501830,0,0,16,10
2,8,2.299568e6,-1.0532825628238354,-0.8693272921435614,TIME_LIMIT,501850,0,0,11,16
2,8,2.299725e6,-1.0532811102330641,-0.8693272921435614,TIME_LIMIT,501882,0,0,12,3
2,8,2.299902e6,-1.0532811102330641,-0.8693272921435614,TIME_LIMIT,501904,0,0,17,6
2,8,2.299969e6,-1.0532782928440085,-0.8693272921435614,TIME_LIMIT,501924,0,0,2,2
2,8,2.300022e6,-1.0532782928440085,-0.8693272921435614,TIME_LIMIT,501938,0,0,14,8
2,8,2.300122e6,-1.0532679605731445,-0.8693272921435614,TIME_LIMIT,501970,0,0,2,3
2,8,2.300202e6,-1.0532679605731445,-0.8693272921435614,TIME_LIMIT,501989,0,0,14,6
2,8,2.300268e6,-1.053248094634148,-0.8693272921435614,TIME_LIMIT,502015,0,0,10,8
2,8,2.300358e6,-1.053248094634148,-0.8693272921435614,TIME_LIMIT,502043,0,0,18,12
2,8,2.300424e6,-1.0532407853876873,-0.8693272921435614,TIME_LIMIT,502063,0,0,12,8
2,8,2.300492e6,-1.0532407853876873,-0.8693272921435614,TIME_LIMIT,502081,0,0,7,5
2,8,2.30062e6,-1.0532370721412776,-0.8693272921435614,TIME_LIMIT,502109,0,0,10,11
2,8,2.3007e6,-1.0532370721412776,-0.8693272921435614,TIME_LIMIT,502127,0,0,7,10
2,8,2.300807e6,-1.0532287973407561,-0.8693272921435614,TIME_LIMIT,502154,0,0,4,4
2,8,2.300941e6,-1.0532287973407561,-0.8693272921435614,TIME_LIMIT,502179,0,0,14,16
2,8,2.301015e6,-1.0532192504450095,-0.8693272921435614,TIME_LIMIT,502205,0,0,11,4
2,8,2.301129e6,-1.0532192504450095,-0.8693272921435614,TIME_LIMIT,502226,0,0,13,13
2,8,2.30127e6,-1.0532172249536829,-0.8693272921435614,TIME_LIMIT,502255,0,0,14,3
2,8,2.30142e6,-1.0532172249536829,-0.8693272921435614,TIME_LIMIT,502274,0,0,10,10
2,8,2.301537e6,-1.0532149750448774,-0.8693272921435614,TIME_LIMIT,502295,0,0,8,4
2,8,2.301629e6,-1.0532149750448774,-0.8693272921435614,TIME_LIMIT,502318,0,0,10,6
2,8,2.301832e6,-1.0532103882871284,-0.8693272921435614,TIME_LIMIT,502339,0,0,13,5
2,8,2.301936e6,-1.0532103882871284,-0.8693272921435614,TIME_LIMIT,502359,0,0,20,11
2,8,2.302003e6,-1.0532096375916808,-0.8693272921435614,TIME_LIMIT,502387,0,0,10,3
2,8,2.30206e6,-1.0532096375916808,-0.8693272921435614,TIME_LIMIT,502404,0,0,11,7
2,8,2.302115e6,-1.0532065190410025,-0.8693272921435614,TIME_LIMIT,502427,0,0,10,4
2,8,2.30221e6,-1.0532065190410025,-0.8693272921435614,TIME_LIMIT,502445,0,0,17,16
2,8,2.302297e6,-1.0532044626243235,-0.8693272921435614,TIME_LIMIT,502478,0,0,12,7
2,8,2.302435e6,-1.0532044626243235,-0.8693272921435614,TIME_LIMIT,502497,0,0,18,26
2,8,2.302625e6,-1.0532020173215673,-0.8693272921435614,TIME_LIMIT,502535,0,0,17,11
2,8,2.302744e6,-1.0532020173215673,-0.8693272921435614,TIME_LIMIT,502551,0,0,13,22
2,8,2.302957e6,-1.0531986968307216,-0.8693272921435614,TIME_LIMIT,502582,0,0,10,9
2,8,2.303044e6,-1.0531986968307216,-0.8693272921435614,TIME_LIMIT,502604,0,0,12,9
2,8,2.303093e6,-1.0531979313431556,-0.8693272921435614,TIME_LIMIT,502625,0,0,5,5
2,8,2.30317e6,-1.0531979313431556,-0.8693272921435614,TIME_LIMIT,502647,0,0,11,16
2,8,2.30323e6,-1.0531878979648155,-0.8693272921435614,TIME_LIMIT,502674,0,0,13,5
2,8,2.30343e6,-1.0531878979648155,-0.8693272921435614,TIME_LIMIT,502699,0,0,23,12
2,8,2.303555e6,-1.0531864449463249,-0.8693272921435614,TIME_LIMIT,502734,0,0,13,4
2,8,2.303715e6,-1.0531864449463249,-0.8693272921435614,TIME_LIMIT,502758,0,0,10,12
2,8,2.303768e6,-1.0531828309842526,-0.8693272921435614,TIME_LIMIT,502782,0,0,9,5
2,8,2.30385e6,-1.0531828309842526,-0.8693272921435614,TIME_LIMIT,502805,0,0,15,11
2,8,2.303955e6,-1.0531604001536077,-0.8693272921435614,TIME_LIMIT,502826,0,0,10,7
2,8,2.30406e6,-1.0531604001536077,-0.8693272921435614,TIME_LIMIT,502854,0,0,16,12
2,8,2.304193e6,-1.0531569840938806,-0.8693272921435614,TIME_LIMIT,502873,0,0,15,10
2,8,2.304342e6,-1.0531569840938806,-0.8693272921435614,TIME_LIMIT,502902,0,0,22,8
2,8,2.304442e6,-1.0531545319609341,-0.8693272921435614,TIME_LIMIT,502933,0,0,12,9
2,8,2.304653e6,-1.0531545319609341,-0.8693272921435614,TIME_LIMIT,502960,0,0,25,32
2,8,2.304854e6,-1.0531530161484135,-0.8693272921435614,TIME_LIMIT,502998,0,0,16,12
2,8,2.305061e6,-1.0531530161484135,-0.8693272921435614,TIME_LIMIT,503023,0,0,22,25
2,8,2.305267e6,-1.053151301889593,-0.8693272921435614,TIME_LIMIT,503060,0,0,13,7
2,8,2.305401e6,-1.053151301889593,-0.8693272921435614,TIME_LIMIT,503085,0,0,13,8
2,8,2.305474e6,-1.0531458923492418,-0.8693272921435614,TIME_LIMIT,503113,0,0,16,9
2,8,2.305572e6,-1.0531458923492418,-0.8693272921435614,TIME_LIMIT,503140,0,0,17,7
2,8,2.305648e6,-1.0531367598922103,-0.8693272921435614,TIME_LIMIT,503162,0,0,9,8
2,8,2.305773e6,-1.0531367598922103,-0.8693272921435614,TIME_LIMIT,503186,0,0,23,27
2,8,2.305892e6,-1.0531156994536979,-0.8693272921435614,TIME_LIMIT,503219,0,0,14,16
2,8,2.305978e6,-1.0531156994536979,-0.8693272921435614,TIME_LIMIT,503240,0,0,15,9
2,8,2.306022e6,-1.0531098914374875,-0.8693272921435614,TIME_LIMIT,503260,0,0,9,3
2,8,2.30618e6,-1.0531098914374875,-0.8693272921435614,TIME_LIMIT,503291,0,0,20,17
2,8,2.306344e6,-1.0531066422314932,-0.8693272921435614,TIME_LIMIT,503310,0,0,11,13
2,8,2.306426e6,-1.0531066422314932,-0.8693272921435614,TIME_LIMIT,503331,0,0,17,13
2,8,2.306606e6,-1.0530986664152273,-0.8693272921435614,TIME_LIMIT,503366,0,0,17,8
2,8,2.306693e6,-1.0530986664152273,-0.8693272921435614,TIME_LIMIT,503382,0,0,7,7
2,8,2.306804e6,-1.0530977838130973,-0.8693272921435614,TIME_LIMIT,503412,0,0,13,10
2,8,2.306844e6,-1.0530977838130973,-0.8693272921435614,TIME_LIMIT,503427,0,0,6,8
2,8,2.306865e6,-1.0530963120613834,-0.8693272921435614,TIME_LIMIT,503441,0,0,5,1
2,8,2.307057e6,-1.0530963120613834,-0.8693272921435614,TIME_LIMIT,503466,0,0,21,16
2,8,2.307263e6,-1.0530957952245106,-0.8693272921435614,TIME_LIMIT,503505,0,0,14,8
2,8,2.307383e6,-1.0530957952245106,-0.8693272921435614,TIME_LIMIT,503529,0,0,11,12
2,8,2.307476e6,-1.0530934961806824,-0.8693272921435614,TIME_LIMIT,503555,0,0,7,2
2,8,2.307598e6,-1.0530934961806824,-0.8693272921435614,TIME_LIMIT,503574,0,0,17,11
2,8,2.307808e6,-1.053085863395732,-0.8693272921435614,TIME_LIMIT,503603,0,0,13,6
2,8,2.307884e6,-1.053085863395732,-0.8693272921435614,TIME_LIMIT,503619,0,0,8,25
2,8,2.307984e6,-1.053085422042029,-0.8693272921435614,TIME_LIMIT,503648,0,0,7,4
2,8,2.308107e6,-1.053085422042029,-0.8693272921435614,TIME_LIMIT,503674,0,0,10,6
2,8,2.308215e6,-1.053071061800557,-0.8693272921435614,TIME_LIMIT,503699,0,0,13,7
2,8,2.308326e6,-1.053071061800557,-0.8693272921435614,TIME_LIMIT,503724,0,0,20,6
2,8,2.308407e6,-1.0530679744765936,-0.8693272921435614,TIME_LIMIT,503755,0,0,13,6
2,8,2.308563e6,-1.0530679744765936,-0.8693272921435614,TIME_LIMIT,503781,0,0,17,17
2,8,2.30869e6,-1.0530654334995724,-0.8693272921435614,TIME_LIMIT,503814,0,0,11,6
2,8,2.308816e6,-1.0530654334995724,-0.8693272921435614,TIME_LIMIT,503836,0,0,24,24
2,8,2.308897e6,-1.0530653548882638,-0.8693272921435614,TIME_LIMIT,503870,0,0,16,7
2,8,2.308984e6,-1.0530653548882638,-0.8693272921435614,TIME_LIMIT,503891,0,0,14,20
2,8,2.309192e6,-1.053060948499858,-0.8693272921435614,TIME_LIMIT,503927,0,0,10,5
2,8,2.309271e6,-1.053060948499858,-0.8693272921435614,TIME_LIMIT,503946,0,0,14,18
2,8,2.309412e6,-1.0530590486697935,-0.8693272921435614,TIME_LIMIT,503983,0,0,16,11
2,8,2.309488e6,-1.0530590486697935,-0.8693272921435614,TIME_LIMIT,504004,0,0,17,13
2,8,2.309599e6,-1.0530569852733236,-0.8693272921435614,TIME_LIMIT,504034,0,0,12,4
2,8,2.309797e6,-1.0530569852733236,-0.8693272921435614,TIME_LIMIT,504059,0,0,13,17
2,8,2.309993e6,-1.0530547580615754,-0.8693272921435614,TIME_LIMIT,504090,0,0,10,10
2,8,2.31009e6,-1.0530547580615754,-0.8693272921435614,TIME_LIMIT,504115,0,0,8,4
2,8,2.310139e6,-1.0530477349573748,-0.8693272921435614,TIME_LIMIT,504130,0,0,9,5
2,8,2.310337e6,-1.0530477349573748,-0.8693272921435614,TIME_LIMIT,504152,0,0,20,17
2,8,2.310463e6,-1.0530435271623007,-0.8693272921435614,TIME_LIMIT,504190,0,0,19,6
2,8,2.310613e6,-1.0530435271623007,-0.8693272921435614,TIME_LIMIT,504208,0,0,13,11
2,8,2.310684e6,-1.0530424909914706,-0.8693272921435614,TIME_LIMIT,504241,0,0,11,5
2,8,2.310874e6,-1.0530424909914706,-0.8693272921435614,TIME_LIMIT,504275,0,0,15,5
2,8,2.311024e6,-1.0530349797806426,-0.8693272921435614,TIME_LIMIT,504294,0,0,14,11
2,8,2.311231e6,-1.0530349797806426,-0.8693272921435614,TIME_LIMIT,504315,0,0,16,20
2,8,2.311406e6,-1.0530336588775198,-0.8693272921435614,TIME_LIMIT,504350,0,0,15,7
2,8,2.311519e6,-1.0530336588775198,-0.8693272921435614,TIME_LIMIT,504373,0,0,7,4
2,8,2.311617e6,-1.0530291534439398,-0.8693272921435614,TIME_LIMIT,504390,0,0,9,9
2,8,2.31174e6,-1.0530291534439398,-0.8693272921435614,TIME_LIMIT,504418,0,0,18,16
2,8,2.311818e6,-1.0530231173717963,-0.8693272921435614,TIME_LIMIT,504449,0,0,12,9
2,8,2.311932e6,-1.0530231173717963,-0.8693272921435614,TIME_LIMIT,504473,0,0,20,13
2,8,2.312142e6,-1.053022569713018,-0.8693272921435614,TIME_LIMIT,504506,0,0,14,5
2,8,2.312226e6,-1.053022569713018,-0.8693272921435614,TIME_LIMIT,504528,0,0,16,18
2,8,2.312417e6,-1.0530203882612326,-0.8693272921435614,TIME_LIMIT,504566,0,0,15,8
2,8,2.31255e6,-1.0530203882612326,-0.8693272921435614,TIME_LIMIT,504589,0,0,14,12
2,8,2.312635e6,-1.0530157737781074,-0.8693272921435614,TIME_LIMIT,504617,0,0,11,4
2,8,2.312837e6,-1.0530157737781074,-0.8693272921435614,TIME_LIMIT,504636,0,0,21,12
2,8,2.313051e6,-1.053015491925507,-0.8693272921435614,TIME_LIMIT,504675,0,0,19,11
2,8,2.313155e6,-1.053015491925507,-0.8693272921435614,TIME_LIMIT,504699,0,0,21,19
2,8,2.313251e6,-1.0530092977969046,-0.8693272921435614,TIME_LIMIT,504735,0,0,17,7
2,8,2.313327e6,-1.0530092977969046,-0.8693272921435614,TIME_LIMIT,504759,0,0,5,10
2,8,2.31337e6,-1.053002251208878,-0.8693272921435614,TIME_LIMIT,504777,0,0,2,0
2,8,2.313494e6,-1.053002251208878,-0.8693272921435614,TIME_LIMIT,504797,0,0,12,13
2,8,2.313595e6,-1.0529943119680185,-0.8693272921435614,TIME_LIMIT,504823,0,0,11,5
2,8,2.313796e6,-1.0529943119680185,-0.8693272921435614,TIME_LIMIT,504843,0,0,14,29
2,8,2.313996e6,-1.0529929616736444,-0.8693272921435614,TIME_LIMIT,504874,0,0,13,10
2,8,2.314145e6,-1.0529929616736444,-0.8693272921435614,TIME_LIMIT,504899,0,0,15,8
2,8,2.314231e6,-1.0529880986649711,-0.8693272921435614,TIME_LIMIT,504915,0,0,12,8
2,8,2.314335e6,-1.0529880986649711,-0.8693272921435614,TIME_LIMIT,504937,0,0,17,6
2,8,2.314383e6,-1.0529841035393495,-0.8693272921435614,TIME_LIMIT,504959,0,0,10,3
2,8,2.314448e6,-1.0529841035393495,-0.8693272921435614,TIME_LIMIT,504972,0,0,8,3
2,8,2.314486e6,-1.0529773728290182,-0.8693272921435614,TIME_LIMIT,504993,0,0,7,4
2,8,2.314558e6,-1.0529773728290182,-0.8693272921435614,TIME_LIMIT,505011,0,0,15,17
2,8,2.314612e6,-1.0529702076642553,-0.8693272921435614,TIME_LIMIT,505036,0,0,11,7
2,8,2.314782e6,-1.0529702076642553,-0.8693272921435614,TIME_LIMIT,505064,0,0,17,23
2,8,2.314868e6,-1.0529667864125747,-0.8693272921435614,TIME_LIMIT,505095,0,0,11,7
2,8,2.314985e6,-1.0529667864125747,-0.8693272921435614,TIME_LIMIT,505120,0,0,13,10
2,8,2.315086e6,-1.0529613883371847,-0.8693272921435614,TIME_LIMIT,505144,0,0,11,12
2,8,2.315169e6,-1.0529613883371847,-0.8693272921435614,TIME_LIMIT,505165,0,0,13,12
2,8,2.31526e6,-1.052956061786422,-0.8693272921435614,TIME_LIMIT,505198,0,0,12,6
2,8,2.31544e6,-1.052956061786422,-0.8693272921435614,TIME_LIMIT,505223,0,0,20,16
2,8,2.315562e6,-1.0529541296547977,-0.8693272921435614,TIME_LIMIT,505257,0,0,13,8
2,8,2.315666e6,-1.0529541296547977,-0.8693272921435614,TIME_LIMIT,505280,0,0,16,7
2,8,2.315768e6,-1.0529532440569476,-0.8693272921435614,TIME_LIMIT,505308,0,0,16,6
2,8,2.315854e6,-1.0529532440569476,-0.8693272921435614,TIME_LIMIT,505331,0,0,17,8
2,8,2.315914e6,-1.0529521450607195,-0.8693272921435614,TIME_LIMIT,505355,0,0,13,3
2,8,2.315994e6,-1.0529521450607195,-0.8693272921435614,TIME_LIMIT,505378,0,0,9,4
2,8,2.316022e6,-1.0529517734314349,-0.8693272921435614,TIME_LIMIT,505398,0,0,5,4
2,8,2.316065e6,-1.0529517734314349,-0.8693272921435614,TIME_LIMIT,505415,0,0,7,3
2,8,2.316098e6,-1.0529494177198435,-0.8693272921435614,TIME_LIMIT,505432,0,0,6,3
2,8,2.316146e6,-1.0529494177198435,-0.8693272921435614,TIME_LIMIT,505449,0,0,9,9
2,8,2.316193e6,-1.0529392826840724,-0.8693272921435614,TIME_LIMIT,505472,0,0,4,4
2,8,2.316343e6,-1.0529392826840724,-0.8693272921435614,TIME_LIMIT,505496,0,0,19,19
2,8,2.316552e6,-1.0529373912506534,-0.8693272921435614,TIME_LIMIT,505529,0,0,18,8
2,8,2.316624e6,-1.0529373912506534,-0.8693272921435614,TIME_LIMIT,505544,0,0,13,16
2,8,2.316697e6,-1.0529333065741635,-0.8693272921435614,TIME_LIMIT,505569,0,0,10,4
2,8,2.316869e6,-1.0529333065741635,-0.8693272921435614,TIME_LIMIT,505590,0,0,16,17
2,8,2.317013e6,-1.0529258527216823,-0.8693272921435614,TIME_LIMIT,505625,0,0,14,6
2,8,2.317091e6,-1.0529258527216823,-0.8693272921435614,TIME_LIMIT,505648,0,0,18,11
2,8,2.317212e6,-1.0529197506813184,-0.8693272921435614,TIME_LIMIT,505681,0,0,18,9
2,8,2.317365e6,-1.0529197506813184,-0.8693272921435614,TIME_LIMIT,505705,0,0,16,11
2,8,2.317434e6,-1.0529186395037913,-0.8693272921435614,TIME_LIMIT,505727,0,0,8,5
2,8,2.31746e6,-1.0529186395037913,-0.8693272921435614,TIME_LIMIT,505739,0,0,13,7
2,8,2.31751e6,-1.0529163268406203,-0.8693272921435614,TIME_LIMIT,505764,0,0,4,3
2,8,2.317583e6,-1.0529163268406203,-0.8693272921435614,TIME_LIMIT,505790,0,0,27,12
2,8,2.317673e6,-1.052914390877,-0.8693272921435614,TIME_LIMIT,505823,0,0,11,10
2,8,2.31786e6,-1.052914390877,-0.8693272921435614,TIME_LIMIT,505840,0,0,16,8
2,8,2.31798e6,-1.0529082792898976,-0.8693272921435614,TIME_LIMIT,505872,0,0,12,11
2,8,2.31803e6,-1.0529082792898976,-0.8693272921435614,TIME_LIMIT,505888,0,0,12,4
2,8,2.318105e6,-1.0529038959722423,-0.8693272921435614,TIME_LIMIT,505909,0,0,7,9
2,8,2.318209e6,-1.0529038959722423,-0.8693272921435614,TIME_LIMIT,505934,0,0,24,13
2,8,2.318417e6,-1.0528923527106926,-0.8693272921435614,TIME_LIMIT,505971,0,0,20,7
2,8,2.318506e6,-1.0528923527106926,-0.8693272921435614,TIME_LIMIT,505988,0,0,10,4
2,8,2.318565e6,-1.0528912612217938,-0.8693272921435614,TIME_LIMIT,506012,0,0,9,5
2,8,2.318662e6,-1.0528912612217938,-0.8693272921435614,TIME_LIMIT,506032,0,0,18,16
2,8,2.318792e6,-1.0528905137774838,-0.8693272921435614,TIME_LIMIT,506067,0,0,18,6
2,8,2.318989e6,-1.0528905137774838,-0.8693272921435614,TIME_LIMIT,506094,0,0,17,18
2,8,2.319205e6,-1.0528824346612087,-0.8693272921435614,TIME_LIMIT,506112,0,0,12,16
2,8,2.31926e6,-1.0528824346612087,-0.8693272921435614,TIME_LIMIT,506130,0,0,12,10
2,8,2.319364e6,-1.0528606366867894,-0.8693272921435614,TIME_LIMIT,506165,0,0,15,7
2,8,2.31943e6,-1.0528606366867894,-0.8693272921435614,TIME_LIMIT,506182,0,0,9,10
2,8,2.31946e6,-1.0528590398853896,-0.8693272921435614,TIME_LIMIT,506198,0,0,5,2
2,8,2.319601e6,-1.0528590398853896,-0.8693272921435614,TIME_LIMIT,506225,0,0,20,18
2,8,2.319744e6,-1.0528457304931356,-0.8693272921435614,TIME_LIMIT,506254,0,0,22,15
2,8,2.319826e6,-1.0528457304931356,-0.8693272921435614,TIME_LIMIT,506277,0,0,21,8
2,8,2.319946e6,-1.0528407889382596,-0.8693272921435614,TIME_LIMIT,506306,0,0,12,7
2,8,2.319981e6,-1.0528407889382596,-0.8693272921435614,TIME_LIMIT,506322,0,0,11,11
2,8,2.320034e6,-1.0528386206549794,-0.8693272921435614,TIME_LIMIT,506345,0,0,10,4
2,8,2.320113e6,-1.0528386206549794,-0.8693272921435614,TIME_LIMIT,506363,0,0,7,10
2,8,2.320143e6,-1.0528290810940084,-0.8693272921435614,TIME_LIMIT,506379,0,0,9,5
2,8,2.320255e6,-1.0528290810940084,-0.8693272921435614,TIME_LIMIT,506406,0,0,12,22
2,8,2.320401e6,-1.0528278736646528,-0.8693272921435614,TIME_LIMIT,506436,0,0,11,7
2,8,2.320467e6,-1.0528278736646528,-0.8693272921435614,TIME_LIMIT,506452,0,0,8,2
2,8,2.320515e6,-1.0528276959853806,-0.8693272921435614,TIME_LIMIT,506473,0,0,6,7
2,8,2.320708e6,-1.0528276959853806,-0.8693272921435614,TIME_LIMIT,506495,0,0,16,26
2,8,2.320786e6,-1.0528198614673538,-0.8693272921435614,TIME_LIMIT,506528,0,0,15,6
2,8,2.320883e6,-1.0528198614673538,-0.8693272921435614,TIME_LIMIT,506555,0,0,21,10
2,8,2.320994e6,-1.0528195910668054,-0.8693272921435614,TIME_LIMIT,506575,0,0,15,6
2,8,2.321137e6,-1.0528195910668054,-0.8693272921435614,TIME_LIMIT,506602,0,0,12,8
2,8,2.321215e6,-1.0528129090297722,-0.8693272921435614,TIME_LIMIT,506624,0,0,6,5
2,8,2.321289e6,-1.0528129090297722,-0.8693272921435614,TIME_LIMIT,506639,0,0,10,8
2,8,2.321325e6,-1.0528114605720862,-0.8693272921435614,TIME_LIMIT,506662,0,0,8,4
2,8,2.321527e6,-1.0528114605720862,-0.8693272921435614,TIME_LIMIT,506685,0,0,11,16
2,8,2.321734e6,-1.052810463403643,-0.8693272921435614,TIME_LIMIT,506718,0,0,14,11
2,8,2.321806e6,-1.052810463403643,-0.8693272921435614,TIME_LIMIT,506741,0,0,14,4
2,8,2.321833e6,-1.0528079543786002,-0.8693272921435614,TIME_LIMIT,506756,0,0,6,3
2,8,2.321882e6,-1.0528079543786002,-0.8693272921435614,TIME_LIMIT,506776,0,0,12,11
2,8,2.321976e6,-1.052807462526387,-0.8693272921435614,TIME_LIMIT,506800,0,0,11,3
2,8,2.322102e6,-1.052807462526387,-0.8693272921435614,TIME_LIMIT,506824,0,0,15,9
2,8,2.322205e6,-1.0527999315963719,-0.8693272921435614,TIME_LIMIT,506844,0,0,14,15
2,8,2.322283e6,-1.0527999315963719,-0.8693272921435614,TIME_LIMIT,506867,0,0,16,8
2,8,2.322489e6,-1.0527975817554358,-0.8693272921435614,TIME_LIMIT,506899,0,0,17,14
2,8,2.322684e6,-1.0527975817554358,-0.8693272921435614,TIME_LIMIT,506924,0,0,17,12
2,8,2.322888e6,-1.0527937956516975,-0.8693272921435614,TIME_LIMIT,506956,0,0,13,14
2,8,2.322924e6,-1.0527937956516975,-0.8693272921435614,TIME_LIMIT,506971,0,0,7,2
2,8,2.322945e6,-1.052790479278738,-0.8693272921435614,TIME_LIMIT,506986,0,0,3,4
2,8,2.323145e6,-1.052790479278738,-0.8693272921435614,TIME_LIMIT,507011,0,0,22,14
2,8,2.323342e6,-1.052786285772852,-0.8693272921435614,TIME_LIMIT,507048,0,0,18,11
2,8,2.323415e6,-1.052786285772852,-0.8693272921435614,TIME_LIMIT,507076,0,0,13,7
2,8,2.323462e6,-1.052773623699257,-0.8693272921435614,TIME_LIMIT,507091,0,0,7,6
2,8,2.323579e6,-1.052773623699257,-0.8693272921435614,TIME_LIMIT,507113,0,0,10,16
2,8,2.323776e6,-1.0527706710560016,-0.8693272921435614,TIME_LIMIT,507147,0,0,21,9
2,8,2.323957e6,-1.0527706710560016,-0.8693272921435614,TIME_LIMIT,507169,0,0,15,23
2,8,2.324111e6,-1.0527597639594761,-0.8693272921435614,TIME_LIMIT,507203,0,0,4,8
2,8,2.324244e6,-1.0527597639594761,-0.8693272921435614,TIME_LIMIT,507227,0,0,19,15
2,8,2.32434e6,-1.0527476875889539,-0.8693272921435614,TIME_LIMIT,507259,0,0,15,15
2,8,2.324486e6,-1.0527476875889539,-0.8693272921435614,TIME_LIMIT,507287,0,0,22,15
2,8,2.324674e6,-1.0527446695797855,-0.8693272921435614,TIME_LIMIT,507321,0,0,11,8
2,8,2.324804e6,-1.0527446695797855,-0.8693272921435614,TIME_LIMIT,507347,0,0,20,17
2,8,2.325006e6,-1.0527432980275604,-0.8693272921435614,TIME_LIMIT,507386,0,0,22,13
2,8,2.325189e6,-1.0527432980275604,-0.8693272921435614,TIME_LIMIT,507409,0,0,15,9
2,8,2.325392e6,-1.052735328001456,-0.8693272921435614,TIME_LIMIT,507438,0,0,11,12
2,8,2.325598e6,-1.052735328001456,-0.8693272921435614,TIME_LIMIT,507454,0,0,19,19
2,8,2.325798e6,-1.052728818048054,-0.8693272921435614,TIME_LIMIT,507485,0,0,10,4
2,8,2.325885e6,-1.052728818048054,-0.8693272921435614,TIME_LIMIT,507501,0,0,15,10
2,8,2.325962e6,-1.0527156807807456,-0.8693272921435614,TIME_LIMIT,507527,0,0,14,5
2,8,2.326062e6,-1.0527156807807456,-0.8693272921435614,TIME_LIMIT,507545,0,0,21,21
2,8,2.326209e6,-1.0527017273594352,-0.8693272921435614,TIME_LIMIT,507581,0,0,18,7
2,8,2.326287e6,-1.0527017273594352,-0.8693272921435614,TIME_LIMIT,507601,0,0,15,10
2,8,2.326478e6,-1.05269743519177,-0.8693272921435614,TIME_LIMIT,507629,0,0,9,7
2,8,2.326515e6,-1.05269743519177,-0.8693272921435614,TIME_LIMIT,507644,0,0,10,6
2,8,2.326542e6,-1.0526869981663003,-0.8693272921435614,TIME_LIMIT,507656,0,0,3,1
2,8,2.326602e6,-1.0526869981663003,-0.8693272921435614,TIME_LIMIT,507673,0,0,10,2
2,8,2.32664e6,-1.052682862623297,-0.8693272921435614,TIME_LIMIT,507685,0,0,8,7
2,8,2.326766e6,-1.052682862623297,-0.8693272921435614,TIME_LIMIT,507703,0,0,16,11
2,8,2.326834e6,-1.0526762209619536,-0.8693272921435614,TIME_LIMIT,507734,0,0,13,3
2,8,2.327024e6,-1.0526762209619536,-0.8693272921435614,TIME_LIMIT,507755,0,0,7,18
2,8,2.327184e6,-1.0526752631362917,-0.8693272921435614,TIME_LIMIT,507785,0,0,14,6
2,8,2.32736e6,-1.0526752631362917,-0.8693272921435614,TIME_LIMIT,507809,0,0,10,12
2,8,2.327565e6,-1.0526658243618208,-0.8693272921435614,TIME_LIMIT,507841,0,0,13,5
2,8,2.3277e6,-1.0526658243618208,-0.8693272921435614,TIME_LIMIT,507867,0,0,18,18
2,8,2.327895e6,-1.052662871948116,-0.8693272921435614,TIME_LIMIT,507902,0,0,14,16
2,8,2.328077e6,-1.052662871948116,-0.8693272921435614,TIME_LIMIT,507926,0,0,15,15
2,8,2.328208e6,-1.052659430366373,-0.8693272921435614,TIME_LIMIT,507963,0,0,23,9
2,8,2.328279e6,-1.052659430366373,-0.8693272921435614,TIME_LIMIT,507984,0,0,20,14
2,8,2.328343e6,-1.0526489750911234,-0.8693272921435614,TIME_LIMIT,508012,0,0,13,4
2,8,2.328404e6,-1.0526489750911234,-0.8693272921435614,TIME_LIMIT,508028,0,0,13,11
2,8,2.3285e6,-1.05264685012861,-0.8693272921435614,TIME_LIMIT,508053,0,0,12,4
2,8,2.328678e6,-1.05264685012861,-0.8693272921435614,TIME_LIMIT,508079,0,0,18,16
2,8,2.328856e6,-1.0526433276151153,-0.8693272921435614,TIME_LIMIT,508115,0,0,16,7
2,8,2.328942e6,-1.0526433276151153,-0.8693272921435614,TIME_LIMIT,508134,0,0,12,13
2,8,2.329114e6,-1.0526425290842791,-0.8693272921435614,TIME_LIMIT,508161,0,0,15,7
2,8,2.329318e6,-1.0526425290842791,-0.8693272921435614,TIME_LIMIT,508174,0,0,8,9
2,8,2.329464e6,-1.0526419206982207,-0.8693272921435614,TIME_LIMIT,508200,0,0,8,5
2,8,2.329617e6,-1.0526419206982207,-0.8693272921435614,TIME_LIMIT,508221,0,0,14,14
2,8,2.329689e6,-1.0526417726248387,-0.8693272921435614,TIME_LIMIT,508248,0,0,11,6
2,8,2.329745e6,-1.0526417726248387,-0.8693272921435614,TIME_LIMIT,508268,0,0,7,11
2,8,2.329791e6,-1.0526370504151124,-0.8693272921435614,TIME_LIMIT,508289,0,0,7,6
2,8,2.329837e6,-1.0526370504151124,-0.8693272921435614,TIME_LIMIT,508308,0,0,17,12
2,8,2.329893e6,-1.0526328313273727,-0.8693272921435614,TIME_LIMIT,508333,0,0,6,5
2,8,2.330023e6,-1.0526328313273727,-0.8693272921435614,TIME_LIMIT,508365,0,0,7,11
2,8,2.330094e6,-1.052632154035897,-0.8693272921435614,TIME_LIMIT,508390,0,0,10,9
2,8,2.330189e6,-1.052632154035897,-0.8693272921435614,TIME_LIMIT,508409,0,0,15,15
2,8,2.330296e6,-1.052625238735188,-0.8693272921435614,TIME_LIMIT,508433,0,0,15,12
2,8,2.330397e6,-1.052625238735188,-0.8693272921435614,TIME_LIMIT,508449,0,0,19,18
2,8,2.330595e6,-1.052621020126,-0.8693272921435614,TIME_LIMIT,508477,0,0,13,6
2,8,2.330697e6,-1.052621020126,-0.8693272921435614,TIME_LIMIT,508499,0,0,15,24
2,8,2.330905e6,-1.0526206281469732,-0.8693272921435614,TIME_LIMIT,508530,0,0,8,6
2,8,2.331062e6,-1.0526206281469732,-0.8693272921435614,TIME_LIMIT,508555,0,0,17,16
2,8,2.331178e6,-1.0526202320826625,-0.8693272921435614,TIME_LIMIT,508588,0,0,7,6
2,8,2.331299e6,-1.0526202320826625,-0.8693272921435614,TIME_LIMIT,508609,0,0,20,25
2,8,2.331511e6,-1.0526149767234887,-0.8693272921435614,TIME_LIMIT,508639,0,0,11,19
2,8,2.331605e6,-1.0526149767234887,-0.8693272921435614,TIME_LIMIT,508665,0,0,11,26
2,8,2.331811e6,-1.0526064809821114,-0.8693272921435614,TIME_LIMIT,508686,0,0,11,7
2,8,2.332007e6,-1.0526064809821114,-0.8693272921435614,TIME_LIMIT,508710,0,0,21,14
2,8,2.332117e6,-1.052605195774274,-0.8693272921435614,TIME_LIMIT,508742,0,0,15,6
2,8,2.332167e6,-1.052605195774274,-0.8693272921435614,TIME_LIMIT,508762,0,0,9,7
2,8,2.332213e6,-1.0526031546672725,-0.8693272921435614,TIME_LIMIT,508786,0,0,10,4
2,8,2.332292e6,-1.0526031546672725,-0.8693272921435614,TIME_LIMIT,508805,0,0,19,15
2,8,2.33238e6,-1.0526025797371612,-0.8693272921435614,TIME_LIMIT,508835,0,0,10,15
2,8,2.332587e6,-1.0526025797371612,-0.8693272921435614,TIME_LIMIT,508859,0,0,14,17
2,8,2.332754e6,-1.0526007641865882,-0.8693272921435614,TIME_LIMIT,508892,0,0,16,5
2,8,2.332853e6,-1.0526007641865882,-0.8693272921435614,TIME_LIMIT,508914,0,0,15,5
2,8,2.3329e6,-1.052589623569732,-0.8693272921435614,TIME_LIMIT,508930,0,0,6,2
2,8,2.333099e6,-1.052589623569732,-0.8693272921435614,TIME_LIMIT,508958,0,0,24,21
2,8,2.333216e6,-1.052582858951511,-0.8693272921435614,TIME_LIMIT,508993,0,0,16,10
2,8,2.333353e6,-1.052582858951511,-0.8693272921435614,TIME_LIMIT,509019,0,0,13,16
2,8,2.333504e6,-1.0525771496400322,-0.8693272921435614,TIME_LIMIT,509039,0,0,16,22
2,8,2.333663e6,-1.0525771496400322,-0.8693272921435614,TIME_LIMIT,509058,0,0,14,18
2,8,2.33379e6,-1.0525704864778112,-0.8693272921435614,TIME_LIMIT,509090,0,0,13,7
2,8,2.333933e6,-1.0525704864778112,-0.8693272921435614,TIME_LIMIT,509111,0,0,16,17
2,8,2.334084e6,-1.0525684021491333,-0.8693272921435614,TIME_LIMIT,509147,0,0,18,7
2,8,2.334157e6,-1.0525684021491333,-0.8693272921435614,TIME_LIMIT,509167,0,0,11,10
2,8,2.334254e6,-1.0525648110127108,-0.8693272921435614,TIME_LIMIT,509202,0,0,10,5
2,8,2.334445e6,-1.0525648110127108,-0.8693272921435614,TIME_LIMIT,509221,0,0,17,24
2,8,2.33455e6,-1.052564728922446,-0.8693272921435614,TIME_LIMIT,509258,0,0,18,7
2,8,2.334669e6,-1.052564728922446,-0.8693272921435614,TIME_LIMIT,509278,0,0,19,16
2,8,2.334744e6,-1.0525550904261785,-0.8693272921435614,TIME_LIMIT,509305,0,0,18,8
2,8,2.334942e6,-1.0525550904261785,-0.8693272921435614,TIME_LIMIT,509333,0,0,21,32
2,8,2.335019e6,-1.052554628992945,-0.8693272921435614,TIME_LIMIT,509365,0,0,14,8
2,8,2.335132e6,-1.052554628992945,-0.8693272921435614,TIME_LIMIT,509388,0,0,18,14
2,8,2.335217e6,-1.052554590178568,-0.8693272921435614,TIME_LIMIT,509416,0,0,11,11
2,8,2.335416e6,-1.052554590178568,-0.8693272921435614,TIME_LIMIT,509441,0,0,21,10
2,8,2.335614e6,-1.0525478977515963,-0.8693272921435614,TIME_LIMIT,509474,0,0,19,12
2,8,2.335658e6,-1.0525478977515963,-0.8693272921435614,TIME_LIMIT,509494,0,0,15,3
2,8,2.335852e6,-1.0525450266779262,-0.8693272921435614,TIME_LIMIT,509524,0,0,9,12
2,8,2.336049e6,-1.0525450266779262,-0.8693272921435614,TIME_LIMIT,509544,0,0,9,8
2,8,2.336157e6,-1.052528152177553,-0.8693272921435614,TIME_LIMIT,509574,0,0,8,7
2,8,2.336281e6,-1.052528152177553,-0.8693272921435614,TIME_LIMIT,509601,0,0,22,22
2,8,2.336441e6,-1.0525254260494228,-0.8693272921435614,TIME_LIMIT,509641,0,0,15,15
2,8,2.336488e6,-1.0525254260494228,-0.8693272921435614,TIME_LIMIT,509659,0,0,9,2
2,8,2.336519e6,-1.0525184176452842,-0.8693272921435614,TIME_LIMIT,509672,0,0,4,7
2,8,2.336554e6,-1.0525184176452842,-0.8693272921435614,TIME_LIMIT,509692,0,0,12,4
2,8,2.33659e6,-1.052517419245278,-0.8693272921435614,TIME_LIMIT,509711,0,0,8,2
2,8,2.336634e6,-1.052517419245278,-0.8693272921435614,TIME_LIMIT,509725,0,0,8,8
2,8,2.336675e6,-1.0525158930013438,-0.8693272921435614,TIME_LIMIT,509744,0,0,7,1
2,8,2.336869e6,-1.0525158930013438,-0.8693272921435614,TIME_LIMIT,509771,0,0,16,11
2,8,2.336967e6,-1.0525065815579384,-0.8693272921435614,TIME_LIMIT,509794,0,0,16,19
2,8,2.336994e6,-1.0525065815579384,-0.8693272921435614,TIME_LIMIT,509808,0,0,7,4
2,8,2.337013e6,-1.0525059441931346,-0.8693272921435614,TIME_LIMIT,509819,0,0,3,1
2,8,2.337081e6,-1.0525059441931346,-0.8693272921435614,TIME_LIMIT,509843,0,0,22,17
2,8,2.337267e6,-1.0525059364170921,-0.8693272921435614,TIME_LIMIT,509879,0,0,11,6
2,8,2.337347e6,-1.0525059364170921,-0.8693272921435614,TIME_LIMIT,509903,0,0,17,16
2,8,2.337549e6,-1.052496997570164,-0.8693272921435614,TIME_LIMIT,509931,0,0,13,6
2,8,2.337756e6,-1.052496997570164,-0.8693272921435614,TIME_LIMIT,509953,0,0,21,18
2,8,2.337959e6,-1.0524957015634533,-0.8693272921435614,TIME_LIMIT,509985,0,0,12,11
2,8,2.338064e6,-1.0524957015634533,-0.8693272921435614,TIME_LIMIT,510021,0,0,7,21
2,8,2.338156e6,-1.0524949195674083,-0.8693272921435614,TIME_LIMIT,510048,0,0,7,4
2,8,2.338317e6,-1.0524949195674083,-0.8693272921435614,TIME_LIMIT,510066,0,0,15,13
2,8,2.338391e6,-1.052481973343371,-0.8693272921435614,TIME_LIMIT,510097,0,0,13,6
2,8,2.338505e6,-1.052481973343371,-0.8693272921435614,TIME_LIMIT,510118,0,0,8,6
2,8,2.338588e6,-1.052470998158173,-0.8693272921435614,TIME_LIMIT,510140,0,0,13,5
2,8,2.338703e6,-1.052470998158173,-0.8693272921435614,TIME_LIMIT,510164,0,0,23,38
2,8,2.3389e6,-1.0524642666534034,-0.8693272921435614,TIME_LIMIT,510194,0,0,12,14
2,8,2.339106e6,-1.0524642666534034,-0.8693272921435614,TIME_LIMIT,510216,0,0,13,26
2,8,2.339251e6,-1.0524632717725821,-0.8693272921435614,TIME_LIMIT,510252,0,0,18,10
2,8,2.339378e6,-1.0524632717725821,-0.8693272921435614,TIME_LIMIT,510276,0,0,5,9
2,8,2.33943e6,-1.0524599692447392,-0.8693272921435614,TIME_LIMIT,510299,0,0,8,5
2,8,2.339623e6,-1.0524599692447392,-0.8693272921435614,TIME_LIMIT,510324,0,0,17,37
2,8,2.339828e6,-1.052457447624688,-0.8693272921435614,TIME_LIMIT,510358,0,0,15,14
2,8,2.33994e6,-1.052457447624688,-0.8693272921435614,TIME_LIMIT,510376,0,0,14,9
2,8,2.340019e6,-1.052452005867142,-0.8693272921435614,TIME_LIMIT,510406,0,0,9,7
2,8,2.340133e6,-1.052452005867142,-0.8693272921435614,TIME_LIMIT,510423,0,0,14,7
2,8,2.340213e6,-1.0524501708495952,-0.8693272921435614,TIME_LIMIT,510447,0,0,4,2
2,8,2.340289e6,-1.0524501708495952,-0.8693272921435614,TIME_LIMIT,510469,0,0,18,15
2,8,2.340351e6,-1.0524471046866166,-0.8693272921435614,TIME_LIMIT,510495,0,0,10,11
2,8,2.340551e6,-1.0524471046866166,-0.8693272921435614,TIME_LIMIT,510522,0,0,21,19
2,8,2.340685e6,-1.052442005654425,-0.8693272921435614,TIME_LIMIT,510565,0,0,15,9
2,8,2.340779e6,-1.052442005654425,-0.8693272921435614,TIME_LIMIT,510588,0,0,13,8
2,8,2.340922e6,-1.0524397658029503,-0.8693272921435614,TIME_LIMIT,510615,0,0,12,7
2,8,2.341049e6,-1.0524397658029503,-0.8693272921435614,TIME_LIMIT,510638,0,0,16,14
2,8,2.341249e6,-1.052436928960382,-0.8693272921435614,TIME_LIMIT,510669,0,0,7,2
2,8,2.341369e6,-1.052436928960382,-0.8693272921435614,TIME_LIMIT,510690,0,0,10,28
2,8,2.341532e6,-1.0524339065746147,-0.8693272921435614,TIME_LIMIT,510727,0,0,12,6
2,8,2.341582e6,-1.0524339065746147,-0.8693272921435614,TIME_LIMIT,510751,0,0,6,3
2,8,2.341623e6,-1.052432252072947,-0.8693272921435614,TIME_LIMIT,510768,0,0,9,5
2,8,2.341833e6,-1.052432252072947,-0.8693272921435614,TIME_LIMIT,510799,0,0,21,21
2,8,2.341982e6,-1.0524234797027896,-0.8693272921435614,TIME_LIMIT,510832,0,0,13,6
2,8,2.342063e6,-1.0524234797027896,-0.8693272921435614,TIME_LIMIT,510851,0,0,7,9
2,8,2.342211e6,-1.0524229859853913,-0.8693272921435614,TIME_LIMIT,510881,0,0,4,5
2,8,2.342397e6,-1.0524229859853913,-0.8693272921435614,TIME_LIMIT,510910,0,0,23,11
2,8,2.342593e6,-1.0524213564481792,-0.8693272921435614,TIME_LIMIT,510948,0,0,13,10
2,8,2.34266e6,-1.0524213564481792,-0.8693272921435614,TIME_LIMIT,510971,0,0,20,17
2,8,2.342843e6,-1.0524188019719896,-0.8693272921435614,TIME_LIMIT,511005,0,0,15,7
2,8,2.342952e6,-1.0524188019719896,-0.8693272921435614,TIME_LIMIT,511027,0,0,9,18
2,8,2.343156e6,-1.0524180698448407,-0.8693272921435614,TIME_LIMIT,511060,0,0,6,7
2,8,2.34336e6,-1.0524180698448407,-0.8693272921435614,TIME_LIMIT,511080,0,0,20,22
2,8,2.343493e6,-1.0524153786763857,-0.8693272921435614,TIME_LIMIT,511114,0,0,18,11
2,8,2.343604e6,-1.0524153786763857,-0.8693272921435614,TIME_LIMIT,511138,0,0,17,25
2,8,2.343813e6,-1.0524146129798968,-0.8693272921435614,TIME_LIMIT,511165,0,0,7,10
2,8,2.343908e6,-1.0524146129798968,-0.8693272921435614,TIME_LIMIT,511186,0,0,17,16
2,8,2.343995e6,-1.052414079625862,-0.8693272921435614,TIME_LIMIT,511216,0,0,14,5
2,8,2.34417e6,-1.052414079625862,-0.8693272921435614,TIME_LIMIT,511240,0,0,21,19
2,8,2.344344e6,-1.0524075178004395,-0.8693272921435614,TIME_LIMIT,511275,0,0,12,11
2,8,2.344428e6,-1.0524075178004395,-0.8693272921435614,TIME_LIMIT,511297,0,0,17,16
2,8,2.3445e6,-1.052397767658087,-0.8693272921435614,TIME_LIMIT,511327,0,0,9,7
2,8,2.344699e6,-1.052397767658087,-0.8693272921435614,TIME_LIMIT,511350,0,0,18,23
2,8,2.344834e6,-1.0523961550549665,-0.8693272921435614,TIME_LIMIT,511384,0,0,17,6
2,8,2.345041e6,-1.0523961550549665,-0.8693272921435614,TIME_LIMIT,511403,0,0,16,25
2,8,2.345188e6,-1.0523950539124813,-0.8693272921435614,TIME_LIMIT,511435,0,0,13,8
2,8,2.345293e6,-1.0523950539124813,-0.8693272921435614,TIME_LIMIT,511457,0,0,15,15
2,8,2.3454e6,-1.0523890402474472,-0.8693272921435614,TIME_LIMIT,511487,0,0,13,5
2,8,2.345536e6,-1.0523890402474472,-0.8693272921435614,TIME_LIMIT,511512,0,0,18,18
2,8,2.345599e6,-1.0523852751189864,-0.8693272921435614,TIME_LIMIT,511539,0,0,6,3
2,8,2.345696e6,-1.0523852751189864,-0.8693272921435614,TIME_LIMIT,511562,0,0,15,7
2,8,2.345738e6,-1.0523826085945083,-0.8693272921435614,TIME_LIMIT,511586,0,0,5,4
2,8,2.345789e6,-1.0523826085945083,-0.8693272921435614,TIME_LIMIT,511600,0,0,10,5
2,8,2.345882e6,-1.0523808170237623,-0.8693272921435614,TIME_LIMIT,511628,0,0,9,5
2,8,2.346073e6,-1.0523808170237623,-0.8693272921435614,TIME_LIMIT,511656,0,0,17,20
2,8,2.346246e6,-1.0523768700601215,-0.8693272921435614,TIME_LIMIT,511684,0,0,11,10
2,8,2.346341e6,-1.0523768700601215,-0.8693272921435614,TIME_LIMIT,511707,0,0,13,8
2,8,2.346419e6,-1.052376530613474,-0.8693272921435614,TIME_LIMIT,511730,0,0,7,4
2,8,2.346487e6,-1.052376530613474,-0.8693272921435614,TIME_LIMIT,511750,0,0,9,8
2,8,2.346682e6,-1.0523728019704404,-0.8693272921435614,TIME_LIMIT,511782,0,0,12,12
2,8,2.346734e6,-1.0523728019704404,-0.8693272921435614,TIME_LIMIT,511805,0,0,17,11
2,8,2.346838e6,-1.0523670179160756,-0.8693272921435614,TIME_LIMIT,511835,0,0,12,10
2,8,2.347037e6,-1.0523670179160756,-0.8693272921435614,TIME_LIMIT,511861,0,0,16,31
2,8,2.347123e6,-1.0523588817871032,-0.8693272921435614,TIME_LIMIT,511887,0,0,20,13
2,8,2.347328e6,-1.0523588817871032,-0.8693272921435614,TIME_LIMIT,511906,0,0,22,18
2,8,2.347532e6,-1.0523588304653069,-0.8693272921435614,TIME_LIMIT,511938,0,0,16,4
2,8,2.347682e6,-1.0523588304653069,-0.8693272921435614,TIME_LIMIT,511962,0,0,17,21
2,8,2.347823e6,-1.0523568805042527,-0.8693272921435614,TIME_LIMIT,511991,0,0,11,8
2,8,2.348027e6,-1.0523568805042527,-0.8693272921435614,TIME_LIMIT,512013,0,0,10,6
2,8,2.348228e6,-1.0523515815612288,-0.8693272921435614,TIME_LIMIT,512049,0,0,17,10
2,8,2.348301e6,-1.0523515815612288,-0.8693272921435614,TIME_LIMIT,512068,0,0,12,19
2,8,2.348433e6,-1.0523507630221787,-0.8693272921435614,TIME_LIMIT,512101,0,0,13,7
2,8,2.348637e6,-1.0523507630221787,-0.8693272921435614,TIME_LIMIT,512121,0,0,17,21
2,8,2.348748e6,-1.0523482505473232,-0.8693272921435614,TIME_LIMIT,512159,0,0,17,11
2,8,2.348847e6,-1.0523482505473232,-0.8693272921435614,TIME_LIMIT,512179,0,0,10,13
2,8,2.348961e6,-1.052347664822991,-0.8693272921435614,TIME_LIMIT,512214,0,0,14,7
2,8,2.34902e6,-1.052347664822991,-0.8693272921435614,TIME_LIMIT,512233,0,0,9,6
2,8,2.349068e6,-1.052339806762304,-0.8693272921435614,TIME_LIMIT,512252,0,0,2,5
2,8,2.349141e6,-1.052339806762304,-0.8693272921435614,TIME_LIMIT,512268,0,0,12,10
2,8,2.349199e6,-1.0523274977783839,-0.8693272921435614,TIME_LIMIT,512289,0,0,9,6
2,8,2.349404e6,-1.0523274977783839,-0.8693272921435614,TIME_LIMIT,512312,0,0,16,11
2,8,2.349552e6,-1.052326888945156,-0.8693272921435614,TIME_LIMIT,512348,0,0,11,8
2,8,2.349753e6,-1.052326888945156,-0.8693272921435614,TIME_LIMIT,512370,0,0,19,24
2,8,2.349961e6,-1.0523191231980498,-0.8693272921435614,TIME_LIMIT,512401,0,0,17,9
2,8,2.35016e6,-1.0523191231980498,-0.8693272921435614,TIME_LIMIT,512420,0,0,8,17
2,8,2.350358e6,-1.05231494487017,-0.8693272921435614,TIME_LIMIT,512459,0,0,17,9
2,8,2.350479e6,-1.05231494487017,-0.8693272921435614,TIME_LIMIT,512478,0,0,14,12
2,8,2.350548e6,-1.052312365625434,-0.8693272921435614,TIME_LIMIT,512503,0,0,8,5
2,8,2.350747e6,-1.052312365625434,-0.8693272921435614,TIME_LIMIT,512530,0,0,23,26
2,8,2.350955e6,-1.0523122379962118,-0.8693272921435614,TIME_LIMIT,512566,0,0,16,15
2,8,2.351033e6,-1.0523122379962118,-0.8693272921435614,TIME_LIMIT,512593,0,0,18,17
2,8,2.351125e6,-1.0523021047845562,-0.8693272921435614,TIME_LIMIT,512621,0,0,7,5
2,8,2.351281e6,-1.0523021047845562,-0.8693272921435614,TIME_LIMIT,512646,0,0,12,6
2,8,2.351385e6,-1.052300464974631,-0.8693272921435614,TIME_LIMIT,512674,0,0,11,8
2,8,2.351528e6,-1.052300464974631,-0.8693272921435614,TIME_LIMIT,512701,0,0,22,18
2,8,2.351617e6,-1.0522958526754427,-0.8693272921435614,TIME_LIMIT,512734,0,0,19,12
2,8,2.351718e6,-1.0522958526754427,-0.8693272921435614,TIME_LIMIT,512753,0,0,11,7
2,8,2.351768e6,-1.052295067127098,-0.8693272921435614,TIME_LIMIT,512776,0,0,8,1
2,8,2.351811e6,-1.052295067127098,-0.8693272921435614,TIME_LIMIT,512788,0,0,8,3
2,8,2.351831e6,-1.05227909115608,-0.8693272921435614,TIME_LIMIT,512801,0,0,4,0
2,8,2.351909e6,-1.05227909115608,-0.8693272921435614,TIME_LIMIT,512821,0,0,17,7
2,8,2.351986e6,-1.0522781730182564,-0.8693272921435614,TIME_LIMIT,512846,0,0,8,5
2,8,2.352053e6,-1.0522781730182564,-0.8693272921435614,TIME_LIMIT,512871,0,0,15,9
2,8,2.352138e6,-1.0522732163020747,-0.8693272921435614,TIME_LIMIT,512893,0,0,11,10
2,8,2.352283e6,-1.0522732163020747,-0.8693272921435614,TIME_LIMIT,512911,0,0,17,11
2,8,2.352431e6,-1.0522698748456993,-0.8693272921435614,TIME_LIMIT,512940,0,0,13,3
2,8,2.352612e6,-1.0522698748456993,-0.8693272921435614,TIME_LIMIT,512966,0,0,12,10
2,8,2.352699e6,-1.0522676402636015,-0.8693272921435614,TIME_LIMIT,512991,0,0,13,6
2,8,2.352906e6,-1.0522676402636015,-0.8693272921435614,TIME_LIMIT,513015,0,0,11,16
2,8,2.353086e6,-1.0522625093061313,-0.8693272921435614,TIME_LIMIT,513049,0,0,12,11
2,8,2.353291e6,-1.0522625093061313,-0.8693272921435614,TIME_LIMIT,513081,0,0,20,16
2,8,2.353425e6,-1.0522523568048237,-0.8693272921435614,TIME_LIMIT,513111,0,0,15,12
2,8,2.353513e6,-1.0522523568048237,-0.8693272921435614,TIME_LIMIT,513135,0,0,20,12
2,8,2.35362e6,-1.0522505136082656,-0.8693272921435614,TIME_LIMIT,513165,0,0,11,9
2,8,2.353716e6,-1.0522505136082656,-0.8693272921435614,TIME_LIMIT,513187,0,0,14,16
2,8,2.35387e6,-1.052248827787283,-0.8693272921435614,TIME_LIMIT,513218,0,0,14,8
2,8,2.353919e6,-1.052248827787283,-0.8693272921435614,TIME_LIMIT,513234,0,0,8,5
2,8,2.353988e6,-1.0522475810316625,-0.8693272921435614,TIME_LIMIT,513256,0,0,2,3
2,8,2.35418e6,-1.0522475810316625,-0.8693272921435614,TIME_LIMIT,513276,0,0,15,16
2,8,2.354385e6,-1.052247075952815,-0.8693272921435614,TIME_LIMIT,513305,0,0,6,13
2,8,2.354491e6,-1.052247075952815,-0.8693272921435614,TIME_LIMIT,513327,0,0,17,18
2,8,2.354602e6,-1.0522464542604404,-0.8693272921435614,TIME_LIMIT,513355,0,0,9,9
2,8,2.354645e6,-1.0522464542604404,-0.8693272921435614,TIME_LIMIT,513370,0,0,10,11
2,8,2.35473e6,-1.0522461984634393,-0.8693272921435614,TIME_LIMIT,513393,0,0,8,5
2,8,2.354774e6,-1.0522461984634393,-0.8693272921435614,TIME_LIMIT,513409,0,0,12,5
2,8,2.354842e6,-1.052243998295015,-0.8693272921435614,TIME_LIMIT,513439,0,0,8,9
2,8,2.354932e6,-1.052243998295015,-0.8693272921435614,TIME_LIMIT,513461,0,0,14,12
2,8,2.355082e6,-1.0522438710638382,-0.8693272921435614,TIME_LIMIT,513485,0,0,12,11
2,8,2.355277e6,-1.0522438710638382,-0.8693272921435614,TIME_LIMIT,513510,0,0,16,22
2,8,2.355432e6,-1.0522395495305332,-0.8693272921435614,TIME_LIMIT,513546,0,0,14,10
2,8,2.355501e6,-1.0522395495305332,-0.8693272921435614,TIME_LIMIT,513561,0,0,16,14
2,8,2.355616e6,-1.0522392297263066,-0.8693272921435614,TIME_LIMIT,513593,0,0,15,4
2,8,2.355742e6,-1.0522392297263066,-0.8693272921435614,TIME_LIMIT,513618,0,0,22,15
2,8,2.355945e6,-1.0522370597668496,-0.8693272921435614,TIME_LIMIT,513651,0,0,11,3
2,8,2.356141e6,-1.0522370597668496,-0.8693272921435614,TIME_LIMIT,513682,0,0,22,30
2,8,2.356345e6,-1.0522359227965947,-0.8693272921435614,TIME_LIMIT,513724,0,0,11,16
2,8,2.356534e6,-1.0522359227965947,-0.8693272921435614,TIME_LIMIT,513748,0,0,22,18
2,8,2.356669e6,-1.0522326323576785,-0.8693272921435614,TIME_LIMIT,513779,0,0,15,4
2,8,2.35677e6,-1.0522326323576785,-0.8693272921435614,TIME_LIMIT,513792,0,0,13,6
2,8,2.356801e6,-1.0522304379638996,-0.8693272921435614,TIME_LIMIT,513814,0,0,10,5
2,8,2.356898e6,-1.0522304379638996,-0.8693272921435614,TIME_LIMIT,513844,0,0,21,20
2,8,2.35699e6,-1.0522289484955263,-0.8693272921435614,TIME_LIMIT,513881,0,0,14,13
2,8,2.357063e6,-1.0522289484955263,-0.8693272921435614,TIME_LIMIT,513900,0,0,16,14
2,8,2.357147e6,-1.052226781037502,-0.8693272921435614,TIME_LIMIT,513926,0,0,10,5
2,8,2.357249e6,-1.052226781037502,-0.8693272921435614,TIME_LIMIT,513943,0,0,14,10
2,8,2.357353e6,-1.052221833784588,-0.8693272921435614,TIME_LIMIT,513970,0,0,13,7
2,8,2.357551e6,-1.052221833784588,-0.8693272921435614,TIME_LIMIT,513993,0,0,19,15
2,8,2.357706e6,-1.052221095018203,-0.8693272921435614,TIME_LIMIT,514034,0,0,19,9
2,8,2.357769e6,-1.052221095018203,-0.8693272921435614,TIME_LIMIT,514050,0,0,10,2
2,8,2.357805e6,-1.0522199364823783,-0.8693272921435614,TIME_LIMIT,514068,0,0,9,5
2,8,2.357896e6,-1.0522199364823783,-0.8693272921435614,TIME_LIMIT,514093,0,0,21,16
2,8,2.358013e6,-1.052214621562498,-0.8693272921435614,TIME_LIMIT,514123,0,0,15,5
2,8,2.358103e6,-1.052214621562498,-0.8693272921435614,TIME_LIMIT,514136,0,0,10,6
2,8,2.358131e6,-1.052212627643628,-0.8693272921435614,TIME_LIMIT,514152,0,0,6,5
2,8,2.35833e6,-1.052212627643628,-0.8693272921435614,TIME_LIMIT,514178,0,0,7,17
2,8,2.358506e6,-1.0522069355789319,-0.8693272921435614,TIME_LIMIT,514205,0,0,15,11
2,8,2.358591e6,-1.0522069355789319,-0.8693272921435614,TIME_LIMIT,514228,0,0,10,10
2,8,2.358663e6,-1.0522049548352193,-0.8693272921435614,TIME_LIMIT,514248,0,0,12,4
2,8,2.358776e6,-1.0522049548352193,-0.8693272921435614,TIME_LIMIT,514271,0,0,20,33
2,8,2.358977e6,-1.0521951101075018,-0.8693272921435614,TIME_LIMIT,514306,0,0,11,13
2,8,2.359175e6,-1.0521951101075018,-0.8693272921435614,TIME_LIMIT,514333,0,0,27,48
2,8,2.35938e6,-1.0521924771534863,-0.8693272921435614,TIME_LIMIT,514371,0,0,20,14
2,8,2.359465e6,-1.0521924771534863,-0.8693272921435614,TIME_LIMIT,514390,0,0,10,5
2,8,2.359515e6,-1.0521878371713727,-0.8693272921435614,TIME_LIMIT,514409,0,0,9,5
2,8,2.359719e6,-1.0521878371713727,-0.8693272921435614,TIME_LIMIT,514432,0,0,18,16
2,8,2.359901e6,-1.0521634540505773,-0.8693272921435614,TIME_LIMIT,514470,0,0,16,26
2,8,2.360073e6,-1.0521634540505773,-0.8693272921435614,TIME_LIMIT,514491,0,0,12,7
2,8,2.360217e6,-1.0521528377931837,-0.8693272921435614,TIME_LIMIT,514512,0,0,15,2
2,8,2.360341e6,-1.0521528377931837,-0.8693272921435614,TIME_LIMIT,514529,0,0,17,31
2,8,2.360495e6,-1.0521523633475434,-0.8693272921435614,TIME_LIMIT,514566,0,0,20,8
2,8,2.360609e6,-1.0521523633475434,-0.8693272921435614,TIME_LIMIT,514583,0,0,17,9
2,8,2.360693e6,-1.052143244219733,-0.8693272921435614,TIME_LIMIT,514608,0,0,7,3
2,8,2.360731e6,-1.052143244219733,-0.8693272921435614,TIME_LIMIT,514624,0,0,11,4
2,8,2.360775e6,-1.0521360428792363,-0.8693272921435614,TIME_LIMIT,514640,0,0,6,2
2,8,2.360971e6,-1.0521360428792363,-0.8693272921435614,TIME_LIMIT,514668,0,0,18,14
2,8,2.361161e6,-1.0521330929690795,-0.8693272921435614,TIME_LIMIT,514695,0,0,8,7
2,8,2.361252e6,-1.0521330929690795,-0.8693272921435614,TIME_LIMIT,514717,0,0,12,12
2,8,2.361456e6,-1.0521310136845279,-0.8693272921435614,TIME_LIMIT,514745,0,0,9,9
2,8,2.361653e6,-1.0521310136845279,-0.8693272921435614,TIME_LIMIT,514766,0,0,16,9
2,8,2.361761e6,-1.0521254082939309,-0.8693272921435614,TIME_LIMIT,514794,0,0,5,5
2,8,2.361923e6,-1.0521254082939309,-0.8693272921435614,TIME_LIMIT,514819,0,0,12,11
2,8,2.362017e6,-1.0521199513821928,-0.8693272921435614,TIME_LIMIT,514849,0,0,9,5
2,8,2.362098e6,-1.0521199513821928,-0.8693272921435614,TIME_LIMIT,514874,0,0,13,8
2,8,2.362189e6,-1.0521147861462123,-0.8693272921435614,TIME_LIMIT,514897,0,0,11,8
2,8,2.362382e6,-1.0521147861462123,-0.8693272921435614,TIME_LIMIT,514916,0,0,23,30
2,8,2.362591e6,-1.0521145931428326,-0.8693272921435614,TIME_LIMIT,514953,0,0,19,13
2,8,2.362794e6,-1.0521145931428326,-0.8693272921435614,TIME_LIMIT,514977,0,0,15,21
2,8,2.363003e6,-1.0521096409262989,-0.8693272921435614,TIME_LIMIT,515016,0,0,20,9
2,8,2.363202e6,-1.0521096409262989,-0.8693272921435614,TIME_LIMIT,515037,0,0,17,11
2,8,2.363406e6,-1.052107905423176,-0.8693272921435614,TIME_LIMIT,515076,0,0,17,11
2,8,2.363488e6,-1.052107905423176,-0.8693272921435614,TIME_LIMIT,515093,0,0,14,6
2,8,2.363548e6,-1.0520986889177448,-0.8693272921435614,TIME_LIMIT,515109,0,0,7,3
2,8,2.363657e6,-1.0520986889177448,-0.8693272921435614,TIME_LIMIT,515139,0,0,27,18
2,8,2.363765e6,-1.0520968219206375,-0.8693272921435614,TIME_LIMIT,515173,0,0,17,10
2,8,2.363962e6,-1.0520968219206375,-0.8693272921435614,TIME_LIMIT,515199,0,0,15,31
2,8,2.364116e6,-1.0520964897780316,-0.8693272921435614,TIME_LIMIT,515239,0,0,13,10
2,8,2.364217e6,-1.0520964897780316,-0.8693272921435614,TIME_LIMIT,515264,0,0,17,14
2,8,2.364348e6,-1.052094774906693,-0.8693272921435614,TIME_LIMIT,515292,0,0,18,7
2,8,2.364444e6,-1.052094774906693,-0.8693272921435614,TIME_LIMIT,515317,0,0,20,14
2,8,2.364576e6,-1.0520928574391089,-0.8693272921435614,TIME_LIMIT,515356,0,0,19,9
2,8,2.364692e6,-1.0520928574391089,-0.8693272921435614,TIME_LIMIT,515378,0,0,18,13
2,8,2.3649e6,-1.0520922429624386,-0.8693272921435614,TIME_LIMIT,515408,0,0,16,6
2,8,2.364976e6,-1.0520922429624386,-0.8693272921435614,TIME_LIMIT,515428,0,0,17,13
2,8,2.36516e6,-1.0520850817082956,-0.8693272921435614,TIME_LIMIT,515455,0,0,13,9
2,8,2.365302e6,-1.0520850817082956,-0.8693272921435614,TIME_LIMIT,515475,0,0,12,10
2,8,2.365405e6,-1.0520845915858508,-0.8693272921435614,TIME_LIMIT,515501,0,0,13,3
2,8,2.365489e6,-1.0520845915858508,-0.8693272921435614,TIME_LIMIT,515520,0,0,7,9
2,8,2.365531e6,-1.0520828807704357,-0.8693272921435614,TIME_LIMIT,515539,0,0,6,5
2,8,2.365623e6,-1.0520828807704357,-0.8693272921435614,TIME_LIMIT,515562,0,0,18,10
2,8,2.365827e6,-1.05208057784426,-0.8693272921435614,TIME_LIMIT,515594,0,0,16,18
2,8,2.366035e6,-1.05208057784426,-0.8693272921435614,TIME_LIMIT,515620,0,0,18,31
2,8,2.366166e6,-1.052076480625288,-0.8693272921435614,TIME_LIMIT,515661,0,0,22,8
2,8,2.366363e6,-1.052076480625288,-0.8693272921435614,TIME_LIMIT,515687,0,0,32,18
2,8,2.366457e6,-1.0520693867245052,-0.8693272921435614,TIME_LIMIT,515719,0,0,15,16
2,8,2.366631e6,-1.0520693867245052,-0.8693272921435614,TIME_LIMIT,515742,0,0,16,15
2,8,2.366798e6,-1.0520643850613747,-0.8693272921435614,TIME_LIMIT,515777,0,0,15,7
2,8,2.366868e6,-1.0520643850613747,-0.8693272921435614,TIME_LIMIT,515798,0,0,10,1
2,8,2.366949e6,-1.0520589123509945,-0.8693272921435614,TIME_LIMIT,515824,0,0,4,1
2,8,2.367002e6,-1.0520589123509945,-0.8693272921435614,TIME_LIMIT,515843,0,0,10,3
2,8,2.367073e6,-1.0520582663830491,-0.8693272921435614,TIME_LIMIT,515861,0,0,4,1
2,8,2.367229e6,-1.0520582663830491,-0.8693272921435614,TIME_LIMIT,515890,0,0,23,35
2,8,2.367432e6,-1.0520558391399555,-0.8693272921435614,TIME_LIMIT,515927,0,0,15,18
2,8,2.367511e6,-1.0520558391399555,-0.8693272921435614,TIME_LIMIT,515951,0,0,15,10
2,8,2.367624e6,-1.0520543022949917,-0.8693272921435614,TIME_LIMIT,515970,0,0,17,9
2,8,2.367784e6,-1.0520543022949917,-0.8693272921435614,TIME_LIMIT,515993,0,0,16,4
2,8,2.367854e6,-1.052051256345697,-0.8693272921435614,TIME_LIMIT,516018,0,0,8,10
2,8,2.368008e6,-1.052051256345697,-0.8693272921435614,TIME_LIMIT,516038,0,0,10,10
2,8,2.368097e6,-1.0520469715791851,-0.8693272921435614,TIME_LIMIT,516064,0,0,8,5
2,8,2.368304e6,-1.0520469715791851,-0.8693272921435614,TIME_LIMIT,516092,0,0,20,16
2,8,2.368454e6,-1.0520450929512055,-0.8693272921435614,TIME_LIMIT,516132,0,0,22,9
2,8,2.368609e6,-1.0520450929512055,-0.8693272921435614,TIME_LIMIT,516158,0,0,24,18
2,8,2.36878e6,-1.052043242937232,-0.8693272921435614,TIME_LIMIT,516190,0,0,18,8
2,8,2.368866e6,-1.052043242937232,-0.8693272921435614,TIME_LIMIT,516209,0,0,12,6
2,8,2.368951e6,-1.052038423835191,-0.8693272921435614,TIME_LIMIT,516236,0,0,9,3
2,8,2.369094e6,-1.052038423835191,-0.8693272921435614,TIME_LIMIT,516260,0,0,11,18
2,8,2.369193e6,-1.0520345021853537,-0.8693272921435614,TIME_LIMIT,516289,0,0,12,8
2,8,2.369263e6,-1.0520345021853537,-0.8693272921435614,TIME_LIMIT,516311,0,0,11,10
2,8,2.369311e6,-1.0520324397359104,-0.8693272921435614,TIME_LIMIT,516327,0,0,6,7
2,8,2.369414e6,-1.0520324397359104,-0.8693272921435614,TIME_LIMIT,516354,0,0,16,8
2,8,2.369473e6,-1.052031293074609,-0.8693272921435614,TIME_LIMIT,516380,0,0,12,14
2,8,2.369653e6,-1.052031293074609,-0.8693272921435614,TIME_LIMIT,516398,0,0,12,14
2,8,2.369716e6,-1.0520275827378065,-0.8693272921435614,TIME_LIMIT,516418,0,0,8,8
2,8,2.369856e6,-1.0520275827378065,-0.8693272921435614,TIME_LIMIT,516444,0,0,19,16
2,8,2.369938e6,-1.052023283483913,-0.8693272921435614,TIME_LIMIT,516460,0,0,11,13
2,8,2.370047e6,-1.052023283483913,-0.8693272921435614,TIME_LIMIT,516480,0,0,17,21
2,8,2.370243e6,-1.0520196619332047,-0.8693272921435614,TIME_LIMIT,516507,0,0,12,11
2,8,2.370403e6,-1.0520196619332047,-0.8693272921435614,TIME_LIMIT,516529,0,0,17,15
2,8,2.370595e6,-1.0520180324700603,-0.8693272921435614,TIME_LIMIT,516559,0,0,11,6
2,8,2.370636e6,-1.0520180324700603,-0.8693272921435614,TIME_LIMIT,516576,0,0,11,5
2,8,2.370679e6,-1.0520117102885052,-0.8693272921435614,TIME_LIMIT,516596,0,0,11,4
2,8,2.370822e6,-1.0520117102885052,-0.8693272921435614,TIME_LIMIT,516622,0,0,18,17
2,8,2.370881e6,-1.0520074794911038,-0.8693272921435614,TIME_LIMIT,516645,0,0,3,9
2,8,2.371066e6,-1.0520074794911038,-0.8693272921435614,TIME_LIMIT,516676,0,0,25,28
2,8,2.371215e6,-1.052003172541974,-0.8693272921435614,TIME_LIMIT,516716,0,0,20,11
2,8,2.371246e6,-1.052003172541974,-0.8693272921435614,TIME_LIMIT,516727,0,0,6,8
2,8,2.371268e6,-1.0519967499484322,-0.8693272921435614,TIME_LIMIT,516739,0,0,2,1
2,8,2.371379e6,-1.0519967499484322,-0.8693272921435614,TIME_LIMIT,516757,0,0,17,23
2,8,2.371465e6,-1.0519953285888004,-0.8693272921435614,TIME_LIMIT,516781,0,0,10,4
2,8,2.371668e6,-1.0519953285888004,-0.8693272921435614,TIME_LIMIT,516810,0,0,16,20
2,8,2.37182e6,-1.0519910232558223,-0.8693272921435614,TIME_LIMIT,516843,0,0,6,8
2,8,2.372021e6,-1.0519910232558223,-0.8693272921435614,TIME_LIMIT,516870,0,0,10,18
2,8,2.372093e6,-1.0519872759211473,-0.8693272921435614,TIME_LIMIT,516897,0,0,13,5
2,8,2.37214e6,-1.0519872759211473,-0.8693272921435614,TIME_LIMIT,516912,0,0,8,2
2,8,2.372161e6,-1.05198272790606,-0.8693272921435614,TIME_LIMIT,516920,0,0,4,2
2,8,2.372353e6,-1.05198272790606,-0.8693272921435614,TIME_LIMIT,516943,0,0,20,17
2,8,2.372555e6,-1.0519746866500088,-0.8693272921435614,TIME_LIMIT,516967,0,0,15,21
2,8,2.372757e6,-1.0519746866500088,-0.8693272921435614,TIME_LIMIT,516993,0,0,17,23
2,8,2.372866e6,-1.0519746086956119,-0.8693272921435614,TIME_LIMIT,517027,0,0,12,14
2,8,2.373045e6,-1.0519746086956119,-0.8693272921435614,TIME_LIMIT,517049,0,0,18,15
2,8,2.373158e6,-1.0519724395933667,-0.8693272921435614,TIME_LIMIT,517083,0,0,18,5
2,8,2.373362e6,-1.0519724395933667,-0.8693272921435614,TIME_LIMIT,517111,0,0,20,34
2,8,2.373472e6,-1.0519663621213367,-0.8693272921435614,TIME_LIMIT,517145,0,0,7,9
2,8,2.3735e6,-1.0519663621213367,-0.8693272921435614,TIME_LIMIT,517161,0,0,11,4
2,8,2.373548e6,-1.0519656733837555,-0.8693272921435614,TIME_LIMIT,517176,0,0,4,2
2,8,2.373739e6,-1.0519656733837555,-0.8693272921435614,TIME_LIMIT,517196,0,0,17,13
2,8,2.373851e6,-1.051965009464529,-0.8693272921435614,TIME_LIMIT,517222,0,0,16,10
2,8,2.373998e6,-1.051965009464529,-0.8693272921435614,TIME_LIMIT,517248,0,0,25,20
2,8,2.374187e6,-1.051964431273449,-0.8693272921435614,TIME_LIMIT,517291,0,0,17,11
2,8,2.374259e6,-1.051964431273449,-0.8693272921435614,TIME_LIMIT,517312,0,0,14,20
2,8,2.374316e6,-1.0519622894036065,-0.8693272921435614,TIME_LIMIT,517334,0,0,7,4
2,8,2.374417e6,-1.0519622894036065,-0.8693272921435614,TIME_LIMIT,517359,0,0,16,4
2,8,2.374466e6,-1.0519559839914912,-0.8693272921435614,TIME_LIMIT,517380,0,0,10,4
2,8,2.374595e6,-1.0519559839914912,-0.8693272921435614,TIME_LIMIT,517404,0,0,14,19
2,8,2.3748e6,-1.0519513473289284,-0.8693272921435614,TIME_LIMIT,517434,0,0,14,6
2,8,2.374856e6,-1.0519513473289284,-0.8693272921435614,TIME_LIMIT,517453,0,0,7,10
2,8,2.374918e6,-1.0519473415359872,-0.8693272921435614,TIME_LIMIT,517473,0,0,6,2
2,8,2.375034e6,-1.0519473415359872,-0.8693272921435614,TIME_LIMIT,517498,0,0,6,16
2,8,2.375127e6,-1.051940434296541,-0.8693272921435614,TIME_LIMIT,517519,0,0,12,12
2,8,2.375215e6,-1.051940434296541,-0.8693272921435614,TIME_LIMIT,517534,0,0,14,15
2,8,2.375291e6,-1.0519398853225357,-0.8693272921435614,TIME_LIMIT,517561,0,0,12,6
2,8,2.375489e6,-1.0519398853225357,-0.8693272921435614,TIME_LIMIT,517590,0,0,19,20
2,8,2.375685e6,-1.0519384690815465,-0.8693272921435614,TIME_LIMIT,517626,0,0,16,5
2,8,2.375733e6,-1.0519384690815465,-0.8693272921435614,TIME_LIMIT,517648,0,0,8,6
2,8,2.375782e6,-1.0519342406372008,-0.8693272921435614,TIME_LIMIT,517661,0,0,5,2
2,8,2.375863e6,-1.0519342406372008,-0.8693272921435614,TIME_LIMIT,517682,0,0,19,7
2,8,2.376019e6,-1.0519240228095028,-0.8693272921435614,TIME_LIMIT,517715,0,0,15,5
2,8,2.376113e6,-1.0519240228095028,-0.8693272921435614,TIME_LIMIT,517735,0,0,15,8
2,8,2.376156e6,-1.0519181972339666,-0.8693272921435614,TIME_LIMIT,517749,0,0,13,11
2,8,2.376242e6,-1.0519181972339666,-0.8693272921435614,TIME_LIMIT,517764,0,0,13,11
2,8,2.376362e6,-1.05191532735691,-0.8693272921435614,TIME_LIMIT,517797,0,0,14,4
2,8,2.37656e6,-1.05191532735691,-0.8693272921435614,TIME_LIMIT,517814,0,0,20,18
2,8,2.376668e6,-1.0519102698884617,-0.8693272921435614,TIME_LIMIT,517845,0,0,10,10
2,8,2.376867e6,-1.0519102698884617,-0.8693272921435614,TIME_LIMIT,517871,0,0,19,9
2,8,2.376984e6,-1.0519035960200496,-0.8693272921435614,TIME_LIMIT,517902,0,0,10,6
2,8,2.377177e6,-1.0519035960200496,-0.8693272921435614,TIME_LIMIT,517925,0,0,11,9
2,8,2.377378e6,-1.051898292769467,-0.8693272921435614,TIME_LIMIT,517955,0,0,12,10
2,8,2.377525e6,-1.051898292769467,-0.8693272921435614,TIME_LIMIT,517982,0,0,19,14
2,8,2.377628e6,-1.0518976492109768,-0.8693272921435614,TIME_LIMIT,518004,0,0,14,13
2,8,2.377718e6,-1.0518976492109768,-0.8693272921435614,TIME_LIMIT,518026,0,0,12,11
2,8,2.377786e6,-1.051885059333802,-0.8693272921435614,TIME_LIMIT,518050,0,0,9,7
2,8,2.377947e6,-1.051885059333802,-0.8693272921435614,TIME_LIMIT,518071,0,0,16,9
2,8,2.378073e6,-1.0518753321036147,-0.8693272921435614,TIME_LIMIT,518103,0,0,16,9
2,8,2.378149e6,-1.0518753321036147,-0.8693272921435614,TIME_LIMIT,518119,0,0,6,5
2,8,2.378231e6,-1.0518747172607559,-0.8693272921435614,TIME_LIMIT,518138,0,0,7,4
2,8,2.378279e6,-1.0518747172607559,-0.8693272921435614,TIME_LIMIT,518155,0,0,17,7
2,8,2.378327e6,-1.051872708167866,-0.8693272921435614,TIME_LIMIT,518176,0,0,8,4
2,8,2.378425e6,-1.051872708167866,-0.8693272921435614,TIME_LIMIT,518200,0,0,18,24
2,8,2.378589e6,-1.0518705063268565,-0.8693272921435614,TIME_LIMIT,518230,0,0,11,11
2,8,2.378667e6,-1.0518705063268565,-0.8693272921435614,TIME_LIMIT,518250,0,0,9,8
2,8,2.378714e6,-1.051855589548191,-0.8693272921435614,TIME_LIMIT,518267,0,0,8,3
2,8,2.378898e6,-1.051855589548191,-0.8693272921435614,TIME_LIMIT,518287,0,0,13,17
2,8,2.3791e6,-1.051848289783695,-0.8693272921435614,TIME_LIMIT,518321,0,0,15,6
2,8,2.37923e6,-1.051848289783695,-0.8693272921435614,TIME_LIMIT,518344,0,0,7,7
2,8,2.379287e6,-1.0518455581771726,-0.8693272921435614,TIME_LIMIT,518367,0,0,4,4
2,8,2.379426e6,-1.0518455581771726,-0.8693272921435614,TIME_LIMIT,518391,0,0,21,15
2,8,2.379532e6,-1.051843812210177,-0.8693272921435614,TIME_LIMIT,518422,0,0,17,5
2,8,2.379613e6,-1.051843812210177,-0.8693272921435614,TIME_LIMIT,518440,0,0,13,10
2,8,2.379658e6,-1.0518396531101963,-0.8693272921435614,TIME_LIMIT,518463,0,0,9,3
2,8,2.379711e6,-1.0518396531101963,-0.8693272921435614,TIME_LIMIT,518481,0,0,16,9
2,8,2.379815e6,-1.051833697986008,-0.8693272921435614,TIME_LIMIT,518513,0,0,14,10
2,8,2.379954e6,-1.051833697986008,-0.8693272921435614,TIME_LIMIT,518532,0,0,10,12
2,8,2.380157e6,-1.051828547077022,-0.8693272921435614,TIME_LIMIT,518563,0,0,15,9
2,8,2.380228e6,-1.051828547077022,-0.8693272921435614,TIME_LIMIT,518580,0,0,14,16
2,8,2.38029e6,-1.0518163062876582,-0.8693272921435614,TIME_LIMIT,518608,0,0,11,2
2,8,2.380408e6,-1.0518163062876582,-0.8693272921435614,TIME_LIMIT,518628,0,0,16,10
2,8,2.380513e6,-1.0518117178125928,-0.8693272921435614,TIME_LIMIT,518661,0,0,15,5
2,8,2.380598e6,-1.0518117178125928,-0.8693272921435614,TIME_LIMIT,518687,0,0,16,6
2,8,2.380674e6,-1.0518112472566523,-0.8693272921435614,TIME_LIMIT,518704,0,0,8,9
2,8,2.380763e6,-1.0518112472566523,-0.8693272921435614,TIME_LIMIT,518721,0,0,15,17
2,8,2.38088e6,-1.0518008028639718,-0.8693272921435614,TIME_LIMIT,518753,0,0,16,5
2,8,2.381084e6,-1.0518008028639718,-0.8693272921435614,TIME_LIMIT,518778,0,0,9,30
2,8,2.381195e6,-1.0517987861918494,-0.8693272921435614,TIME_LIMIT,518807,0,0,9,11
2,8,2.381287e6,-1.0517987861918494,-0.8693272921435614,TIME_LIMIT,518827,0,0,15,8
2,8,2.381363e6,-1.0517970494281321,-0.8693272921435614,TIME_LIMIT,518848,0,0,16,5
2,8,2.381461e6,-1.0517970494281321,-0.8693272921435614,TIME_LIMIT,518869,0,0,14,15
2,8,2.381566e6,-1.0517950336229873,-0.8693272921435614,TIME_LIMIT,518901,0,0,16,8
2,8,2.381748e6,-1.0517950336229873,-0.8693272921435614,TIME_LIMIT,518922,0,0,21,13
2,8,2.38182e6,-1.0517907408086917,-0.8693272921435614,TIME_LIMIT,518946,0,0,10,3
2,8,2.381926e6,-1.0517907408086917,-0.8693272921435614,TIME_LIMIT,518967,0,0,16,9
2,8,2.381983e6,-1.0517850795749588,-0.8693272921435614,TIME_LIMIT,518988,0,0,11,4
2,8,2.382107e6,-1.0517850795749588,-0.8693272921435614,TIME_LIMIT,519010,0,0,11,8
2,8,2.38219e6,-1.0517837751342074,-0.8693272921435614,TIME_LIMIT,519039,0,0,12,6
2,8,2.382339e6,-1.0517837751342074,-0.8693272921435614,TIME_LIMIT,519064,0,0,16,18
2,8,2.382485e6,-1.0517785340243018,-0.8693272921435614,TIME_LIMIT,519094,0,0,9,3
2,8,2.382689e6,-1.0517785340243018,-0.8693272921435614,TIME_LIMIT,519121,0,0,15,24
2,8,2.382891e6,-1.051778007976956,-0.8693272921435614,TIME_LIMIT,519160,0,0,19,15
2,8,2.382944e6,-1.051778007976956,-0.8693272921435614,TIME_LIMIT,519176,0,0,9,8
2,8,2.383011e6,-1.0517680749482285,-0.8693272921435614,TIME_LIMIT,519201,0,0,9,3
2,8,2.383183e6,-1.0517680749482285,-0.8693272921435614,TIME_LIMIT,519226,0,0,9,37
2,8,2.383277e6,-1.0517634472041677,-0.8693272921435614,TIME_LIMIT,519255,0,0,13,10
2,8,2.383416e6,-1.0517634472041677,-0.8693272921435614,TIME_LIMIT,519273,0,0,14,11
2,8,2.383607e6,-1.0517532480619098,-0.8693272921435614,TIME_LIMIT,519301,0,0,5,5
2,8,2.383804e6,-1.0517532480619098,-0.8693272921435614,TIME_LIMIT,519326,0,0,19,12
2,8,2.38399e6,-1.0517521329879536,-0.8693272921435614,TIME_LIMIT,519347,0,0,6,6
2,8,2.384101e6,-1.0517521329879536,-0.8693272921435614,TIME_LIMIT,519372,0,0,13,4
2,8,2.384284e6,-1.0517486670281804,-0.8693272921435614,TIME_LIMIT,519406,0,0,17,11
2,8,2.384485e6,-1.0517486670281804,-0.8693272921435614,TIME_LIMIT,519425,0,0,15,14
2,8,2.384681e6,-1.0517455301368097,-0.8693272921435614,TIME_LIMIT,519456,0,0,14,11
2,8,2.384726e6,-1.0517455301368097,-0.8693272921435614,TIME_LIMIT,519472,0,0,13,6
2,8,2.384875e6,-1.0517400591842203,-0.8693272921435614,TIME_LIMIT,519502,0,0,12,9
2,8,2.384973e6,-1.0517400591842203,-0.8693272921435614,TIME_LIMIT,519520,0,0,11,11
2,8,2.385025e6,-1.0517239527068811,-0.8693272921435614,TIME_LIMIT,519542,0,0,4,2
2,8,2.385171e6,-1.0517239527068811,-0.8693272921435614,TIME_LIMIT,519567,0,0,18,21
2,8,2.385244e6,-1.0517204300467968,-0.8693272921435614,TIME_LIMIT,519590,0,0,17,15
2,8,2.385434e6,-1.0517204300467968,-0.8693272921435614,TIME_LIMIT,519616,0,0,15,12
2,8,2.385537e6,-1.0517164647113566,-0.8693272921435614,TIME_LIMIT,519650,0,0,17,12
2,8,2.385734e6,-1.0517164647113566,-0.8693272921435614,TIME_LIMIT,519678,0,0,13,15
2,8,2.3859e6,-1.0517114954949434,-0.8693272921435614,TIME_LIMIT,519701,0,0,15,8
2,8,2.386096e6,-1.0517114954949434,-0.8693272921435614,TIME_LIMIT,519722,0,0,18,11
2,8,2.386181e6,-1.051710686697127,-0.8693272921435614,TIME_LIMIT,519751,0,0,9,6
2,8,2.386377e6,-1.051710686697127,-0.8693272921435614,TIME_LIMIT,519779,0,0,23,21
2,8,2.38658e6,-1.0517082978342311,-0.8693272921435614,TIME_LIMIT,519815,0,0,15,5
2,8,2.386782e6,-1.0517082978342311,-0.8693272921435614,TIME_LIMIT,519835,0,0,16,27
2,8,2.38698e6,-1.0517075288023536,-0.8693272921435614,TIME_LIMIT,519878,0,0,21,8
2,8,2.387101e6,-1.0517075288023536,-0.8693272921435614,TIME_LIMIT,519906,0,0,18,25
2,8,2.387274e6,-1.0517053903327265,-0.8693272921435614,TIME_LIMIT,519939,0,0,11,5
2,8,2.387314e6,-1.0517053903327265,-0.8693272921435614,TIME_LIMIT,519955,0,0,16,16
2,8,2.387375e6,-1.0517045229878037,-0.8693272921435614,TIME_LIMIT,519981,0,0,12,5
2,8,2.387472e6,-1.0517045229878037,-0.8693272921435614,TIME_LIMIT,520006,0,0,14,22
2,8,2.387557e6,-1.0517026996928478,-0.8693272921435614,TIME_LIMIT,520033,0,0,14,3
2,8,2.387606e6,-1.0517026996928478,-0.8693272921435614,TIME_LIMIT,520049,0,0,9,9
2,8,2.387655e6,-1.0516976637575788,-0.8693272921435614,TIME_LIMIT,520072,0,0,10,3
2,8,2.387714e6,-1.0516976637575788,-0.8693272921435614,TIME_LIMIT,520092,0,0,15,8
2,8,2.387856e6,-1.0516973013168995,-0.8693272921435614,TIME_LIMIT,520120,0,0,11,10
2,8,2.38797e6,-1.0516973013168995,-0.8693272921435614,TIME_LIMIT,520147,0,0,17,4
2,8,2.388025e6,-1.0516965312662203,-0.8693272921435614,TIME_LIMIT,520165,0,0,13,14
2,8,2.388097e6,-1.0516965312662203,-0.8693272921435614,TIME_LIMIT,520182,0,0,16,11
2,8,2.388177e6,-1.0516964574858394,-0.8693272921435614,TIME_LIMIT,520202,0,0,7,7
2,8,2.388372e6,-1.0516964574858394,-0.8693272921435614,TIME_LIMIT,520226,0,0,20,16
2,8,2.38857e6,-1.051688048735818,-0.8693272921435614,TIME_LIMIT,520255,0,0,14,9
2,8,2.388686e6,-1.051688048735818,-0.8693272921435614,TIME_LIMIT,520278,0,0,15,10
2,8,2.388768e6,-1.0516839898374963,-0.8693272921435614,TIME_LIMIT,520301,0,0,9,5
2,8,2.388858e6,-1.0516839898374963,-0.8693272921435614,TIME_LIMIT,520324,0,0,15,5
2,8,2.388934e6,-1.0516834299849718,-0.8693272921435614,TIME_LIMIT,520347,0,0,8,4
2,8,2.38905e6,-1.0516834299849718,-0.8693272921435614,TIME_LIMIT,520366,0,0,10,9
2,8,2.389109e6,-1.051677984846624,-0.8693272921435614,TIME_LIMIT,520388,0,0,8,7
2,8,2.389182e6,-1.051677984846624,-0.8693272921435614,TIME_LIMIT,520405,0,0,12,8
2,8,2.389253e6,-1.0516757150219433,-0.8693272921435614,TIME_LIMIT,520430,0,0,4,2
2,8,2.389304e6,-1.0516757150219433,-0.8693272921435614,TIME_LIMIT,520445,0,0,8,7
2,8,2.389338e6,-1.0516733994234397,-0.8693272921435614,TIME_LIMIT,520460,0,0,1,3
2,8,2.389449e6,-1.0516733994234397,-0.8693272921435614,TIME_LIMIT,520479,0,0,15,11
2,8,2.389645e6,-1.0516709444095491,-0.8693272921435614,TIME_LIMIT,520510,0,0,7,2
2,8,2.389847e6,-1.0516709444095491,-0.8693272921435614,TIME_LIMIT,520536,0,0,20,19
2,8,2.390042e6,-1.0516679636432582,-0.8693272921435614,TIME_LIMIT,520562,0,0,22,13
2,8,2.390125e6,-1.0516679636432582,-0.8693272921435614,TIME_LIMIT,520583,0,0,19,6
2,8,2.390207e6,-1.0516640215270627,-0.8693272921435614,TIME_LIMIT,520611,0,0,10,3
2,8,2.390236e6,-1.0516640215270627,-0.8693272921435614,TIME_LIMIT,520629,0,0,7,6
2,8,2.390285e6,-1.0516608134368262,-0.8693272921435614,TIME_LIMIT,520648,0,0,7,5
2,8,2.39042e6,-1.0516608134368262,-0.8693272921435614,TIME_LIMIT,520670,0,0,8,16
2,8,2.390517e6,-1.051653601325842,-0.8693272921435614,TIME_LIMIT,520699,0,0,8,7
2,8,2.390665e6,-1.051653601325842,-0.8693272921435614,TIME_LIMIT,520729,0,0,21,26
2,8,2.390874e6,-1.0516521897346696,-0.8693272921435614,TIME_LIMIT,520764,0,0,21,13
2,8,2.390961e6,-1.0516521897346696,-0.8693272921435614,TIME_LIMIT,520790,0,0,10,11
2,8,2.391043e6,-1.0516464791512135,-0.8693272921435614,TIME_LIMIT,520815,0,0,12,7
2,8,2.391218e6,-1.0516464791512135,-0.8693272921435614,TIME_LIMIT,520846,0,0,29,8
2,8,2.39135e6,-1.0516423148523297,-0.8693272921435614,TIME_LIMIT,520882,0,0,14,12
2,8,2.391431e6,-1.0516423148523297,-0.8693272921435614,TIME_LIMIT,520904,0,0,7,7
2,8,2.391517e6,-1.0516390996447553,-0.8693272921435614,TIME_LIMIT,520923,0,0,13,6
2,8,2.391616e6,-1.0516390996447553,-0.8693272921435614,TIME_LIMIT,520951,0,0,18,15
2,8,2.391813e6,-1.051637674575518,-0.8693272921435614,TIME_LIMIT,520987,0,0,18,6
2,8,2.391879e6,-1.051637674575518,-0.8693272921435614,TIME_LIMIT,521004,0,0,7,4
2,8,2.391932e6,-1.051636467660058,-0.8693272921435614,TIME_LIMIT,521024,0,0,8,2
2,8,2.392128e6,-1.051636467660058,-0.8693272921435614,TIME_LIMIT,521053,0,0,23,26
2,8,2.392324e6,-1.05163612038333,-0.8693272921435614,TIME_LIMIT,521089,0,0,14,11
2,8,2.392429e6,-1.05163612038333,-0.8693272921435614,TIME_LIMIT,521110,0,0,17,16
2,8,2.392607e6,-1.051636051683045,-0.8693272921435614,TIME_LIMIT,521146,0,0,6,8
2,8,2.392658e6,-1.051636051683045,-0.8693272921435614,TIME_LIMIT,521161,0,0,8,8
2,8,2.392741e6,-1.0516320441506797,-0.8693272921435614,TIME_LIMIT,521191,0,0,10,8
2,8,2.392766e6,-1.0516320441506797,-0.8693272921435614,TIME_LIMIT,521202,0,0,9,6
2,8,2.3928e6,-1.051629613687034,-0.8693272921435614,TIME_LIMIT,521218,0,0,6,1
2,8,2.392858e6,-1.051629613687034,-0.8693272921435614,TIME_LIMIT,521236,0,0,12,7
2,8,2.392912e6,-1.051626175973885,-0.8693272921435614,TIME_LIMIT,521257,0,0,8,4
2,8,2.393029e6,-1.051626175973885,-0.8693272921435614,TIME_LIMIT,521279,0,0,9,15
2,8,2.393077e6,-1.0516207767102899,-0.8693272921435614,TIME_LIMIT,521300,0,0,2,5
2,8,2.393143e6,-1.0516207767102899,-0.8693272921435614,TIME_LIMIT,521318,0,0,10,11
2,8,2.393314e6,-1.0516207125694375,-0.8693272921435614,TIME_LIMIT,521347,0,0,13,6
2,8,2.393487e6,-1.0516207125694375,-0.8693272921435614,TIME_LIMIT,521374,0,0,25,9
2,8,2.393632e6,-1.0516159658361617,-0.8693272921435614,TIME_LIMIT,521404,0,0,8,5
2,8,2.393828e6,-1.0516159658361617,-0.8693272921435614,TIME_LIMIT,521427,0,0,16,8
2,8,2.393901e6,-1.051613196726127,-0.8693272921435614,TIME_LIMIT,521450,0,0,7,8
2,8,2.394029e6,-1.051613196726127,-0.8693272921435614,TIME_LIMIT,521472,0,0,11,13
2,8,2.394118e6,-1.051609218864296,-0.8693272921435614,TIME_LIMIT,521497,0,0,10,7
2,8,2.394297e6,-1.051609218864296,-0.8693272921435614,TIME_LIMIT,521515,0,0,12,8
2,8,2.394406e6,-1.0516074694978188,-0.8693272921435614,TIME_LIMIT,521541,0,0,10,4
2,8,2.394456e6,-1.0516074694978188,-0.8693272921435614,TIME_LIMIT,521556,0,0,9,3
2,8,2.394497e6,-1.0516054862985258,-0.8693272921435614,TIME_LIMIT,521572,0,0,5,2
2,8,2.394589e6,-1.0516054862985258,-0.8693272921435614,TIME_LIMIT,521593,0,0,19,9
2,8,2.394785e6,-1.0515989343521364,-0.8693272921435614,TIME_LIMIT,521623,0,0,9,13
2,8,2.394876e6,-1.0515989343521364,-0.8693272921435614,TIME_LIMIT,521648,0,0,12,9
2,8,2.394954e6,-1.0515849707654037,-0.8693272921435614,TIME_LIMIT,521673,0,0,11,3
2,8,2.395055e6,-1.0515849707654037,-0.8693272921435614,TIME_LIMIT,521695,0,0,9,4
2,8,2.395101e6,-1.051584557812847,-0.8693272921435614,TIME_LIMIT,521713,0,0,9,2
2,8,2.395173e6,-1.051584557812847,-0.8693272921435614,TIME_LIMIT,521729,0,0,10,12
2,8,2.395265e6,-1.051582729038294,-0.8693272921435614,TIME_LIMIT,521762,0,0,11,3
2,8,2.395371e6,-1.051582729038294,-0.8693272921435614,TIME_LIMIT,521792,0,0,23,9
2,8,2.395554e6,-1.0515800840209868,-0.8693272921435614,TIME_LIMIT,521822,0,0,15,11
2,8,2.395642e6,-1.0515800840209868,-0.8693272921435614,TIME_LIMIT,521848,0,0,14,10
2,8,2.39571e6,-1.0515755835458407,-0.8693272921435614,TIME_LIMIT,521868,0,0,7,7
2,8,2.395747e6,-1.0515755835458407,-0.8693272921435614,TIME_LIMIT,521880,0,0,6,6
2,8,2.395814e6,-1.0515599712050472,-0.8693272921435614,TIME_LIMIT,521900,0,0,2,3
2,8,2.395866e6,-1.0515599712050472,-0.8693272921435614,TIME_LIMIT,521921,0,0,6,7
2,8,2.395904e6,-1.0515585029286312,-0.8693272921435614,TIME_LIMIT,521935,0,0,4,2
2,8,2.396033e6,-1.0515585029286312,-0.8693272921435614,TIME_LIMIT,521954,0,0,27,19
2,8,2.396226e6,-1.0515564360114955,-0.8693272921435614,TIME_LIMIT,521998,0,0,21,16
2,8,2.396251e6,-1.0515564360114955,-0.8693272921435614,TIME_LIMIT,522009,0,0,4,5
2,8,2.396278e6,-1.051550682513917,-0.8693272921435614,TIME_LIMIT,522020,0,0,2,1
2,8,2.396343e6,-1.051550682513917,-0.8693272921435614,TIME_LIMIT,522042,0,0,17,7
2,8,2.396404e6,-1.051546170537589,-0.8693272921435614,TIME_LIMIT,522061,0,0,10,3
2,8,2.396484e6,-1.051546170537589,-0.8693272921435614,TIME_LIMIT,522084,0,0,19,16
2,8,2.396542e6,-1.051544059052739,-0.8693272921435614,TIME_LIMIT,522113,0,0,12,6
2,8,2.396611e6,-1.051544059052739,-0.8693272921435614,TIME_LIMIT,522131,0,0,14,8
2,8,2.396734e6,-1.051543304450973,-0.8693272921435614,TIME_LIMIT,522160,0,0,11,3
2,8,2.396932e6,-1.051543304450973,-0.8693272921435614,TIME_LIMIT,522184,0,0,20,18
2,8,2.397109e6,-1.0515398576402335,-0.8693272921435614,TIME_LIMIT,522225,0,0,16,11
2,8,2.397304e6,-1.0515398576402335,-0.8693272921435614,TIME_LIMIT,522255,0,0,10,20
2,8,2.397434e6,-1.0515355999647689,-0.8693272921435614,TIME_LIMIT,522285,0,0,10,5
2,8,2.397637e6,-1.0515355999647689,-0.8693272921435614,TIME_LIMIT,522307,0,0,19,17
2,8,2.397829e6,-1.051534582169837,-0.8693272921435614,TIME_LIMIT,522342,0,0,20,11
2,8,2.397944e6,-1.051534582169837,-0.8693272921435614,TIME_LIMIT,522363,0,0,24,7
2,8,2.398141e6,-1.0515318713270125,-0.8693272921435614,TIME_LIMIT,522396,0,0,17,7
2,8,2.398272e6,-1.0515318713270125,-0.8693272921435614,TIME_LIMIT,522420,0,0,14,12
2,8,2.398347e6,-1.0515294975803484,-0.8693272921435614,TIME_LIMIT,522453,0,0,18,8
2,8,2.398486e6,-1.0515294975803484,-0.8693272921435614,TIME_LIMIT,522475,0,0,10,5
2,8,2.398528e6,-1.0515217204704572,-0.8693272921435614,TIME_LIMIT,522494,0,0,3,5
2,8,2.398629e6,-1.0515217204704572,-0.8693272921435614,TIME_LIMIT,522514,0,0,20,15
2,8,2.398762e6,-1.0515107481778443,-0.8693272921435614,TIME_LIMIT,522549,0,0,19,5
2,8,2.398894e6,-1.0515107481778443,-0.8693272921435614,TIME_LIMIT,522573,0,0,26,13
2,8,2.399091e6,-1.051508234404551,-0.8693272921435614,TIME_LIMIT,522607,0,0,15,8
2,8,2.399281e6,-1.051508234404551,-0.8693272921435614,TIME_LIMIT,522629,0,0,15,11
2,8,2.399431e6,-1.0515063134531175,-0.8693272921435614,TIME_LIMIT,522657,0,0,8,4
2,8,2.399488e6,-1.0515063134531175,-0.8693272921435614,TIME_LIMIT,522674,0,0,7,5
2,8,2.399554e6,-1.0515049425283303,-0.8693272921435614,TIME_LIMIT,522695,0,0,7,1
2,8,2.399661e6,-1.0515049425283303,-0.8693272921435614,TIME_LIMIT,522717,0,0,16,13
2,8,2.399742e6,-1.051500571705652,-0.8693272921435614,TIME_LIMIT,522741,0,0,10,8
2,8,2.399942e6,-1.051500571705652,-0.8693272921435614,TIME_LIMIT,522767,0,0,17,15
2,8,2.400123e6,-1.051492894529592,-0.8693272921435614,TIME_LIMIT,522797,0,0,16,3
2,8,2.400167e6,-1.051492894529592,-0.8693272921435614,TIME_LIMIT,522811,0,0,7,21
2,8,2.400219e6,-1.0514880437644334,-0.8693272921435614,TIME_LIMIT,522839,0,0,6,12
2,8,2.40041e6,-1.0514880437644334,-0.8693272921435614,TIME_LIMIT,522873,0,0,31,18
2,8,2.400558e6,-1.0514857918709895,-0.8693272921435614,TIME_LIMIT,522913,0,0,20,9
2,8,2.400761e6,-1.0514857918709895,-0.8693272921435614,TIME_LIMIT,522932,0,0,18,14
2,8,2.400935e6,-1.0514799800938457,-0.8693272921435614,TIME_LIMIT,522971,0,0,17,16
2,8,2.400986e6,-1.0514799800938457,-0.8693272921435614,TIME_LIMIT,522989,0,0,17,27
2,8,2.401192e6,-1.0514723519112659,-0.8693272921435614,TIME_LIMIT,523023,0,0,11,8
2,8,2.401356e6,-1.0514723519112659,-0.8693272921435614,TIME_LIMIT,523051,0,0,19,11
2,8,2.401504e6,-1.0514697301882503,-0.8693272921435614,TIME_LIMIT,523083,0,0,15,6
2,8,2.401572e6,-1.0514697301882503,-0.8693272921435614,TIME_LIMIT,523108,0,0,9,8
2,8,2.401634e6,-1.0514696924972717,-0.8693272921435614,TIME_LIMIT,523128,0,0,9,2
2,8,2.401691e6,-1.0514696924972717,-0.8693272921435614,TIME_LIMIT,523149,0,0,15,10
2,8,2.401721e6,-1.0514690552758394,-0.8693272921435614,TIME_LIMIT,523166,0,0,7,2
2,8,2.401828e6,-1.0514690552758394,-0.8693272921435614,TIME_LIMIT,523186,0,0,10,10
2,8,2.401906e6,-1.0514642396639227,-0.8693272921435614,TIME_LIMIT,523212,0,0,9,5
2,8,2.402018e6,-1.0514642396639227,-0.8693272921435614,TIME_LIMIT,523235,0,0,8,8
2,8,2.40216e6,-1.0514624699472197,-0.8693272921435614,TIME_LIMIT,523268,0,0,16,11
2,8,2.402355e6,-1.0514624699472197,-0.8693272921435614,TIME_LIMIT,523299,0,0,26,24
2,8,2.402544e6,-1.051460733605634,-0.8693272921435614,TIME_LIMIT,523333,0,0,17,7
2,8,2.40268e6,-1.051460733605634,-0.8693272921435614,TIME_LIMIT,523359,0,0,26,12
2,8,2.402769e6,-1.0514542487490623,-0.8693272921435614,TIME_LIMIT,523391,0,0,11,8
2,8,2.402892e6,-1.0514542487490623,-0.8693272921435614,TIME_LIMIT,523422,0,0,20,4
2,8,2.402947e6,-1.0514522868338996,-0.8693272921435614,TIME_LIMIT,523443,0,0,11,9
2,8,2.403155e6,-1.0514522868338996,-0.8693272921435614,TIME_LIMIT,523465,0,0,20,15
2,8,2.403351e6,-1.0514448698966774,-0.8693272921435614,TIME_LIMIT,523497,0,0,14,7
2,8,2.403512e6,-1.0514448698966774,-0.8693272921435614,TIME_LIMIT,523518,0,0,17,8
2,8,2.403588e6,-1.0514440192373962,-0.8693272921435614,TIME_LIMIT,523540,0,0,8,4
2,8,2.403777e6,-1.0514440192373962,-0.8693272921435614,TIME_LIMIT,523561,0,0,10,15
2,8,2.403926e6,-1.051443801668287,-0.8693272921435614,TIME_LIMIT,523599,0,0,18,4
2,8,2.404006e6,-1.051443801668287,-0.8693272921435614,TIME_LIMIT,523613,0,0,11,6
2,8,2.404064e6,-1.0514431249923009,-0.8693272921435614,TIME_LIMIT,523635,0,0,8,6
2,8,2.404145e6,-1.0514431249923009,-0.8693272921435614,TIME_LIMIT,523657,0,0,7,10
2,8,2.404231e6,-1.0514423801462356,-0.8693272921435614,TIME_LIMIT,523677,0,0,4,4
2,8,2.40443e6,-1.0514423801462356,-0.8693272921435614,TIME_LIMIT,523699,0,0,15,18
2,8,2.404627e6,-1.051437116500332,-0.8693272921435614,TIME_LIMIT,523732,0,0,13,9
2,8,2.404826e6,-1.051437116500332,-0.8693272921435614,TIME_LIMIT,523756,0,0,11,15
2,8,2.405024e6,-1.0514325873941757,-0.8693272921435614,TIME_LIMIT,523787,0,0,13,7
2,8,2.405061e6,-1.0514325873941757,-0.8693272921435614,TIME_LIMIT,523804,0,0,9,7
2,8,2.405081e6,-1.0514290880580983,-0.8693272921435614,TIME_LIMIT,523818,0,0,5,1
2,8,2.405189e6,-1.0514290880580983,-0.8693272921435614,TIME_LIMIT,523838,0,0,7,7
2,8,2.405227e6,-1.051427639179334,-0.8693272921435614,TIME_LIMIT,523853,0,0,5,4
2,8,2.40542e6,-1.051427639179334,-0.8693272921435614,TIME_LIMIT,523875,0,0,19,7
2,8,2.405533e6,-1.0514263312001475,-0.8693272921435614,TIME_LIMIT,523907,0,0,15,4
2,8,2.405735e6,-1.0514263312001475,-0.8693272921435614,TIME_LIMIT,523935,0,0,20,25
2,8,2.405846e6,-1.0514169789649057,-0.8693272921435614,TIME_LIMIT,523964,0,0,17,9
2,8,2.405941e6,-1.0514169789649057,-0.8693272921435614,TIME_LIMIT,523991,0,0,16,11
2,8,2.405999e6,-1.0514067699618233,-0.8693272921435614,TIME_LIMIT,524012,0,0,14,9
2,8,2.406198e6,-1.0514067699618233,-0.8693272921435614,TIME_LIMIT,524035,0,0,12,16
2,8,2.40636e6,-1.051394320482295,-0.8693272921435614,TIME_LIMIT,524066,0,0,15,4
2,8,2.406528e6,-1.051394320482295,-0.8693272921435614,TIME_LIMIT,524094,0,0,18,18
2,8,2.406657e6,-1.05139285081534,-0.8693272921435614,TIME_LIMIT,524120,0,0,16,4
2,8,2.406705e6,-1.05139285081534,-0.8693272921435614,TIME_LIMIT,524136,0,0,9,7
2,8,2.406816e6,-1.051391196898067,-0.8693272921435614,TIME_LIMIT,524165,0,0,8,7
2,8,2.407018e6,-1.051391196898067,-0.8693272921435614,TIME_LIMIT,524182,0,0,11,11
2,8,2.407155e6,-1.0513891116270986,-0.8693272921435614,TIME_LIMIT,524205,0,0,7,3
2,8,2.407347e6,-1.0513891116270986,-0.8693272921435614,TIME_LIMIT,524228,0,0,17,10
2,8,2.407538e6,-1.0513877281663533,-0.8693272921435614,TIME_LIMIT,524260,0,0,6,4
2,8,2.407735e6,-1.0513877281663533,-0.8693272921435614,TIME_LIMIT,524285,0,0,19,15
2,8,2.407791e6,-1.0513869745370719,-0.8693272921435614,TIME_LIMIT,524310,0,0,13,6
2,8,2.407909e6,-1.0513869745370719,-0.8693272921435614,TIME_LIMIT,524333,0,0,17,10
2,8,2.408071e6,-1.0513844239181325,-0.8693272921435614,TIME_LIMIT,524356,0,0,14,9
2,8,2.408272e6,-1.0513844239181325,-0.8693272921435614,TIME_LIMIT,524385,0,0,19,10
2,8,2.408423e6,-1.0513783773559273,-0.8693272921435614,TIME_LIMIT,524419,0,0,15,7
2,8,2.408514e6,-1.0513783773559273,-0.8693272921435614,TIME_LIMIT,524433,0,0,13,18
2,8,2.408593e6,-1.0513773411588732,-0.8693272921435614,TIME_LIMIT,524463,0,0,9,7
2,8,2.408694e6,-1.0513773411588732,-0.8693272921435614,TIME_LIMIT,524483,0,0,15,10
2,8,2.408891e6,-1.0513755224487529,-0.8693272921435614,TIME_LIMIT,524521,0,0,19,8
2,8,2.409095e6,-1.0513755224487529,-0.8693272921435614,TIME_LIMIT,524540,0,0,16,30
2,8,2.409296e6,-1.0513753151811551,-0.8693272921435614,TIME_LIMIT,524573,0,0,12,6
2,8,2.409495e6,-1.0513753151811551,-0.8693272921435614,TIME_LIMIT,524592,0,0,8,19
2,8,2.409679e6,-1.051375182362493,-0.8693272921435614,TIME_LIMIT,524619,0,0,9,7
2,8,2.409827e6,-1.051375182362493,-0.8693272921435614,TIME_LIMIT,524644,0,0,16,15
2,8,2.409951e6,-1.0513748485414784,-0.8693272921435614,TIME_LIMIT,524680,0,0,15,13
2,8,2.410155e6,-1.0513748485414784,-0.8693272921435614,TIME_LIMIT,524699,0,0,20,17
2,8,2.410357e6,-1.0513711801152352,-0.8693272921435614,TIME_LIMIT,524730,0,0,16,6
2,8,2.410512e6,-1.0513711801152352,-0.8693272921435614,TIME_LIMIT,524750,0,0,11,12
2,8,2.41056e6,-1.0513690222752106,-0.8693272921435614,TIME_LIMIT,524772,0,0,8,4
2,8,2.410698e6,-1.0513690222752106,-0.8693272921435614,TIME_LIMIT,524801,0,0,17,14
2,8,2.410801e6,-1.0513686922978336,-0.8693272921435614,TIME_LIMIT,524826,0,0,8,2
2,8,2.411004e6,-1.0513686922978336,-0.8693272921435614,TIME_LIMIT,524843,0,0,19,26
2,8,2.4112e6,-1.0513685991607167,-0.8693272921435614,TIME_LIMIT,524876,0,0,14,7
2,8,2.411321e6,-1.0513685991607167,-0.8693272921435614,TIME_LIMIT,524896,0,0,11,17
2,8,2.411473e6,-1.051368209241809,-0.8693272921435614,TIME_LIMIT,524929,0,0,16,6
2,8,2.411518e6,-1.051368209241809,-0.8693272921435614,TIME_LIMIT,524945,0,0,10,8
2,8,2.411554e6,-1.0513618543078322,-0.8693272921435614,TIME_LIMIT,524965,0,0,7,2
2,8,2.41164e6,-1.0513618543078322,-0.8693272921435614,TIME_LIMIT,524983,0,0,9,14
2,8,2.411789e6,-1.0513565806778224,-0.8693272921435614,TIME_LIMIT,525024,0,0,18,13
2,8,2.411893e6,-1.0513565806778224,-0.8693272921435614,TIME_LIMIT,525048,0,0,16,8
2,8,2.411933e6,-1.0513518254042584,-0.8693272921435614,TIME_LIMIT,525070,0,0,9,4
2,8,2.412123e6,-1.0513518254042584,-0.8693272921435614,TIME_LIMIT,525095,0,0,14,8
2,8,2.412165e6,-1.0513508671371512,-0.8693272921435614,TIME_LIMIT,525110,0,0,7,8
2,8,2.412215e6,-1.0513508671371512,-0.8693272921435614,TIME_LIMIT,525130,0,0,9,1
2,8,2.412236e6,-1.051349180406879,-0.8693272921435614,TIME_LIMIT,525139,0,0,5,4
2,8,2.412436e6,-1.051349180406879,-0.8693272921435614,TIME_LIMIT,525161,0,0,27,23
2,8,2.412632e6,-1.0513452466552953,-0.8693272921435614,TIME_LIMIT,525198,0,0,20,11
2,8,2.412712e6,-1.0513452466552953,-0.8693272921435614,TIME_LIMIT,525215,0,0,19,17
2,8,2.412839e6,-1.0513449304940181,-0.8693272921435614,TIME_LIMIT,525244,0,0,13,2
2,8,2.412978e6,-1.0513449304940181,-0.8693272921435614,TIME_LIMIT,525261,0,0,11,11
2,8,2.413105e6,-1.0513444983930904,-0.8693272921435614,TIME_LIMIT,525283,0,0,11,1
2,8,2.413147e6,-1.0513444983930904,-0.8693272921435614,TIME_LIMIT,525296,0,0,6,4
2,8,2.413189e6,-1.0513444929379265,-0.8693272921435614,TIME_LIMIT,525309,0,0,6,3
2,8,2.413249e6,-1.0513444929379265,-0.8693272921435614,TIME_LIMIT,525331,0,0,11,3
2,8,2.413338e6,-1.051341977737734,-0.8693272921435614,TIME_LIMIT,525357,0,0,13,7
2,8,2.413518e6,-1.051341977737734,-0.8693272921435614,TIME_LIMIT,525386,0,0,15,5
2,8,2.413578e6,-1.0513393064725658,-0.8693272921435614,TIME_LIMIT,525404,0,0,10,9
2,8,2.413763e6,-1.0513393064725658,-0.8693272921435614,TIME_LIMIT,525430,0,0,16,21
2,8,2.413965e6,-1.0513331650300304,-0.8693272921435614,TIME_LIMIT,525465,0,0,20,5
2,8,2.414047e6,-1.0513331650300304,-0.8693272921435614,TIME_LIMIT,525485,0,0,15,18
2,8,2.414112e6,-1.0513304187615784,-0.8693272921435614,TIME_LIMIT,525503,0,0,10,10
2,8,2.414167e6,-1.0513304187615784,-0.8693272921435614,TIME_LIMIT,525517,0,0,12,6
2,8,2.414352e6,-1.051317368769496,-0.8693272921435614,TIME_LIMIT,525539,0,0,7,5
2,8,2.41439e6,-1.051317368769496,-0.8693272921435614,TIME_LIMIT,525552,0,0,10,5
2,8,2.414414e6,-1.0513171160542596,-0.8693272921435614,TIME_LIMIT,525567,0,0,5,1
2,8,2.41446e6,-1.0513171160542596,-0.8693272921435614,TIME_LIMIT,525582,0,0,9,3
2,8,2.414479e6,-1.0513169267747822,-0.8693272921435614,TIME_LIMIT,525593,0,0,3,5
2,8,2.414665e6,-1.0513169267747822,-0.8693272921435614,TIME_LIMIT,525616,0,0,15,19
2,8,2.414774e6,-1.051309415008254,-0.8693272921435614,TIME_LIMIT,525639,0,0,12,13
2,8,2.414817e6,-1.051309415008254,-0.8693272921435614,TIME_LIMIT,525656,0,0,5,4
2,8,2.414872e6,-1.0513080854567995,-0.8693272921435614,TIME_LIMIT,525677,0,0,10,2
2,8,2.414989e6,-1.0513080854567995,-0.8693272921435614,TIME_LIMIT,525699,0,0,17,14
2,8,2.415062e6,-1.0513068500914213,-0.8693272921435614,TIME_LIMIT,525723,0,0,11,3
2,8,2.415092e6,-1.0513068500914213,-0.8693272921435614,TIME_LIMIT,525736,0,0,13,6
2,8,2.415269e6,-1.0513066385337115,-0.8693272921435614,TIME_LIMIT,525771,0,0,14,7
2,8,2.41531e6,-1.0513066385337115,-0.8693272921435614,TIME_LIMIT,525789,0,0,11,6
2,8,2.415357e6,-1.0513005776051896,-0.8693272921435614,TIME_LIMIT,525811,0,0,7,6
2,8,2.415462e6,-1.0513005776051896,-0.8693272921435614,TIME_LIMIT,525829,0,0,9,8
2,8,2.415514e6,-1.0512982826644914,-0.8693272921435614,TIME_LIMIT,525849,0,0,3,1
2,8,2.415657e6,-1.0512982826644914,-0.8693272921435614,TIME_LIMIT,525874,0,0,10,10
2,8,2.415734e6,-1.0512981372342711,-0.8693272921435614,TIME_LIMIT,525902,0,0,13,5
2,8,2.415808e6,-1.0512981372342711,-0.8693272921435614,TIME_LIMIT,525920,0,0,18,20
2,8,2.415862e6,-1.051294443194155,-0.8693272921435614,TIME_LIMIT,525949,0,0,14,5
2,8,2.415924e6,-1.051294443194155,-0.8693272921435614,TIME_LIMIT,525964,0,0,7,4
2,8,2.415967e6,-1.051291418642771,-0.8693272921435614,TIME_LIMIT,525987,0,0,7,6
2,8,2.416162e6,-1.051291418642771,-0.8693272921435614,TIME_LIMIT,526007,0,0,8,14
2,8,2.41626e6,-1.0512911926316109,-0.8693272921435614,TIME_LIMIT,526037,0,0,14,6
2,8,2.416383e6,-1.0512911926316109,-0.8693272921435614,TIME_LIMIT,526059,0,0,16,12
2,8,2.416461e6,-1.0512891158088191,-0.8693272921435614,TIME_LIMIT,526083,0,0,18,4
2,8,2.416557e6,-1.0512891158088191,-0.8693272921435614,TIME_LIMIT,526109,0,0,21,13
2,8,2.416689e6,-1.0512800300778125,-0.8693272921435614,TIME_LIMIT,526142,0,0,16,9
2,8,2.416872e6,-1.0512800300778125,-0.8693272921435614,TIME_LIMIT,526171,0,0,29,28
2,8,2.41707e6,-1.0512782320754699,-0.8693272921435614,TIME_LIMIT,526210,0,0,13,11
2,8,2.417224e6,-1.0512782320754699,-0.8693272921435614,TIME_LIMIT,526234,0,0,15,19
2,8,2.417356e6,-1.0512739023219937,-0.8693272921435614,TIME_LIMIT,526266,0,0,12,4
2,8,2.417521e6,-1.0512739023219937,-0.8693272921435614,TIME_LIMIT,526291,0,0,20,10
2,8,2.417626e6,-1.0512703487433,-0.8693272921435614,TIME_LIMIT,526318,0,0,15,7
2,8,2.417721e6,-1.0512703487433,-0.8693272921435614,TIME_LIMIT,526340,0,0,19,15
2,8,2.417902e6,-1.0512677424649812,-0.8693272921435614,TIME_LIMIT,526372,0,0,13,10
2,8,2.418003e6,-1.0512677424649812,-0.8693272921435614,TIME_LIMIT,526393,0,0,18,7
2,8,2.418099e6,-1.051266973815116,-0.8693272921435614,TIME_LIMIT,526418,0,0,11,8
2,8,2.418172e6,-1.051266973815116,-0.8693272921435614,TIME_LIMIT,526440,0,0,14,11
2,8,2.418207e6,-1.051262972681279,-0.8693272921435614,TIME_LIMIT,526458,0,0,4,3
2,8,2.418252e6,-1.051262972681279,-0.8693272921435614,TIME_LIMIT,526475,0,0,12,10
2,8,2.418398e6,-1.0512627101587928,-0.8693272921435614,TIME_LIMIT,526506,0,0,10,7
2,8,2.418594e6,-1.0512627101587928,-0.8693272921435614,TIME_LIMIT,526525,0,0,16,19
2,8,2.418796e6,-1.0512542971860963,-0.8693272921435614,TIME_LIMIT,526547,0,0,16,6
2,8,2.418882e6,-1.0512542971860963,-0.8693272921435614,TIME_LIMIT,526569,0,0,8,12
2,8,2.419008e6,-1.0512531941616499,-0.8693272921435614,TIME_LIMIT,526588,0,0,12,14
2,8,2.419204e6,-1.0512531941616499,-0.8693272921435614,TIME_LIMIT,526611,0,0,15,19
2,8,2.41929e6,-1.051251901115192,-0.8693272921435614,TIME_LIMIT,526639,0,0,12,5
2,8,2.419357e6,-1.051251901115192,-0.8693272921435614,TIME_LIMIT,526658,0,0,10,7
2,8,2.419391e6,-1.0512407260745977,-0.8693272921435614,TIME_LIMIT,526676,0,0,8,1
2,8,2.419498e6,-1.0512407260745977,-0.8693272921435614,TIME_LIMIT,526697,0,0,10,18
2,8,2.419571e6,-1.0512397426491682,-0.8693272921435614,TIME_LIMIT,526724,0,0,8,7
2,8,2.419629e6,-1.0512397426491682,-0.8693272921435614,TIME_LIMIT,526744,0,0,15,7
2,8,2.419656e6,-1.0512296501863936,-0.8693272921435614,TIME_LIMIT,526763,0,0,3,3
2,8,2.41974e6,-1.0512296501863936,-0.8693272921435614,TIME_LIMIT,526784,0,0,17,15
2,8,2.419832e6,-1.0512271676111475,-0.8693272921435614,TIME_LIMIT,526810,0,0,11,4
2,8,2.4199e6,-1.0512271676111475,-0.8693272921435614,TIME_LIMIT,526826,0,0,11,12
2,8,2.419976e6,-1.051221304163016,-0.8693272921435614,TIME_LIMIT,526850,0,0,10,4
2,8,2.420084e6,-1.051221304163016,-0.8693272921435614,TIME_LIMIT,526882,0,0,22,13
2,8,2.420218e6,-1.0512190761282827,-0.8693272921435614,TIME_LIMIT,526920,0,0,17,7
2,8,2.420298e6,-1.0512190761282827,-0.8693272921435614,TIME_LIMIT,526941,0,0,17,7
2,8,2.420393e6,-1.0512180726439309,-0.8693272921435614,TIME_LIMIT,526969,0,0,12,6
2,8,2.420529e6,-1.0512180726439309,-0.8693272921435614,TIME_LIMIT,526991,0,0,14,13
2,8,2.420729e6,-1.0512158397111437,-0.8693272921435614,TIME_LIMIT,527021,0,0,12,16
2,8,2.420772e6,-1.0512158397111437,-0.8693272921435614,TIME_LIMIT,527038,0,0,10,9
2,8,2.420818e6,-1.0512127972445622,-0.8693272921435614,TIME_LIMIT,527055,0,0,6,3
2,8,2.420866e6,-1.0512127972445622,-0.8693272921435614,TIME_LIMIT,527070,0,0,13,4
2,8,2.420899e6,-1.051194481238463,-0.8693272921435614,TIME_LIMIT,527093,0,0,12,3
2,8,2.421093e6,-1.051194481238463,-0.8693272921435614,TIME_LIMIT,527123,0,0,15,29
2,8,2.421289e6,-1.0511828179062241,-0.8693272921435614,TIME_LIMIT,527158,0,0,20,16
2,8,2.421373e6,-1.0511828179062241,-0.8693272921435614,TIME_LIMIT,527178,0,0,9,19
2,8,2.421439e6,-1.0511825911113584,-0.8693272921435614,TIME_LIMIT,527208,0,0,14,6
2,8,2.421489e6,-1.0511825911113584,-0.8693272921435614,TIME_LIMIT,527228,0,0,7,14
2,8,2.421538e6,-1.0511691601296003,-0.8693272921435614,TIME_LIMIT,527247,0,0,6,6
2,8,2.421587e6,-1.0511691601296003,-0.8693272921435614,TIME_LIMIT,527265,0,0,12,3
2,8,2.421646e6,-1.051166690092098,-0.8693272921435614,TIME_LIMIT,527287,0,0,9,5
2,8,2.421778e6,-1.051166690092098,-0.8693272921435614,TIME_LIMIT,527312,0,0,15,22
2,8,2.421879e6,-1.0511664124437525,-0.8693272921435614,TIME_LIMIT,527345,0,0,12,5
2,8,2.422075e6,-1.0511664124437525,-0.8693272921435614,TIME_LIMIT,527367,0,0,13,18
2,8,2.422278e6,-1.051165530871231,-0.8693272921435614,TIME_LIMIT,527399,0,0,15,14
2,8,2.422336e6,-1.051165530871231,-0.8693272921435614,TIME_LIMIT,527421,0,0,13,6
2,8,2.422411e6,-1.051163238152371,-0.8693272921435614,TIME_LIMIT,527435,0,0,10,5
2,8,2.422522e6,-1.051163238152371,-0.8693272921435614,TIME_LIMIT,527458,0,0,15,10
2,8,2.422577e6,-1.05116223524339,-0.8693272921435614,TIME_LIMIT,527471,0,0,9,3
2,8,2.422648e6,-1.05116223524339,-0.8693272921435614,TIME_LIMIT,527488,0,0,10,17
2,8,2.42284e6,-1.0511607147784885,-0.8693272921435614,TIME_LIMIT,527514,0,0,14,5
2,8,2.422969e6,-1.0511607147784885,-0.8693272921435614,TIME_LIMIT,527537,0,0,16,11
2,8,2.423081e6,-1.0511580314307176,-0.8693272921435614,TIME_LIMIT,527566,0,0,16,5
2,8,2.423172e6,-1.0511580314307176,-0.8693272921435614,TIME_LIMIT,527590,0,0,7,7
2,8,2.423216e6,-1.0511579071549084,-0.8693272921435614,TIME_LIMIT,527607,0,0,8,10
2,8,2.423413e6,-1.0511579071549084,-0.8693272921435614,TIME_LIMIT,527629,0,0,14,12
2,8,2.423561e6,-1.0511512167313004,-0.8693272921435614,TIME_LIMIT,527667,0,0,18,8
2,8,2.423637e6,-1.0511512167313004,-0.8693272921435614,TIME_LIMIT,527690,0,0,14,15
2,8,2.423747e6,-1.0511489622767958,-0.8693272921435614,TIME_LIMIT,527719,0,0,7,6
2,8,2.423813e6,-1.0511489622767958,-0.8693272921435614,TIME_LIMIT,527738,0,0,10,16
2,8,2.423944e6,-1.0511486108902828,-0.8693272921435614,TIME_LIMIT,527766,0,0,9,6
2,8,2.424053e6,-1.0511486108902828,-0.8693272921435614,TIME_LIMIT,527786,0,0,18,19
2,8,2.424164e6,-1.0511389922963552,-0.8693272921435614,TIME_LIMIT,527816,0,0,16,7
2,8,2.424209e6,-1.0511389922963552,-0.8693272921435614,TIME_LIMIT,527835,0,0,10,12
2,8,2.424273e6,-1.0511373262196981,-0.8693272921435614,TIME_LIMIT,527859,0,0,12,3
2,8,2.42434e6,-1.0511373262196981,-0.8693272921435614,TIME_LIMIT,527875,0,0,11,7
2,8,2.424375e6,-1.0511306115786634,-0.8693272921435614,TIME_LIMIT,527893,0,0,6,6
2,8,2.424531e6,-1.0511306115786634,-0.8693272921435614,TIME_LIMIT,527912,0,0,17,11
2,8,2.424726e6,-1.0511292893753286,-0.8693272921435614,TIME_LIMIT,527945,0,0,15,6
2,8,2.424924e6,-1.0511292893753286,-0.8693272921435614,TIME_LIMIT,527966,0,0,22,31
2,8,2.425093e6,-1.0511271376992524,-0.8693272921435614,TIME_LIMIT,528006,0,0,8,5
2,8,2.425292e6,-1.0511271376992524,-0.8693272921435614,TIME_LIMIT,528028,0,0,14,21
2,8,2.425407e6,-1.051125569586464,-0.8693272921435614,TIME_LIMIT,528069,0,0,20,6
2,8,2.425614e6,-1.051125569586464,-0.8693272921435614,TIME_LIMIT,528088,0,0,17,15
2,8,2.425818e6,-1.0511254422463863,-0.8693272921435614,TIME_LIMIT,528122,0,0,14,7
2,8,2.426019e6,-1.0511254422463863,-0.8693272921435614,TIME_LIMIT,528145,0,0,22,13
2,8,2.426097e6,-1.0511250344874354,-0.8693272921435614,TIME_LIMIT,528175,0,0,10,7
2,8,2.426167e6,-1.0511250344874354,-0.8693272921435614,TIME_LIMIT,528198,0,0,17,2
2,8,2.426337e6,-1.0511214081353224,-0.8693272921435614,TIME_LIMIT,528214,0,0,10,7
2,8,2.426531e6,-1.0511214081353224,-0.8693272921435614,TIME_LIMIT,528242,0,0,17,23
2,8,2.42674e6,-1.0511178731007296,-0.8693272921435614,TIME_LIMIT,528274,0,0,16,10
2,8,2.426791e6,-1.0511178731007296,-0.8693272921435614,TIME_LIMIT,528289,0,0,8,6
2,8,2.42683e6,-1.0511146854126237,-0.8693272921435614,TIME_LIMIT,528306,0,0,7,1
2,8,2.426979e6,-1.0511146854126237,-0.8693272921435614,TIME_LIMIT,528330,0,0,14,17
2,8,2.427156e6,-1.0511134355536478,-0.8693272921435614,TIME_LIMIT,528354,0,0,16,11
2,8,2.427358e6,-1.0511134355536478,-0.8693272921435614,TIME_LIMIT,528383,0,0,24,41
2,8,2.427554e6,-1.0511051342721212,-0.8693272921435614,TIME_LIMIT,528416,0,0,16,13
2,8,2.427669e6,-1.0511051342721212,-0.8693272921435614,TIME_LIMIT,528437,0,0,19,10
2,8,2.427757e6,-1.0511022588676722,-0.8693272921435614,TIME_LIMIT,528464,0,0,9,4
2,8,2.427798e6,-1.0511022588676722,-0.8693272921435614,TIME_LIMIT,528478,0,0,7,8
2,8,2.427849e6,-1.0510998720044271,-0.8693272921435614,TIME_LIMIT,528496,0,0,8,4
2,8,2.427939e6,-1.0510998720044271,-0.8693272921435614,TIME_LIMIT,528516,0,0,13,19
2,8,2.42809e6,-1.0510950300287947,-0.8693272921435614,TIME_LIMIT,528549,0,0,14,12
2,8,2.428288e6,-1.0510950300287947,-0.8693272921435614,TIME_LIMIT,528571,0,0,22,20
2,8,2.428494e6,-1.0510902621094353,-0.8693272921435614,TIME_LIMIT,528607,0,0,21,17
2,8,2.428625e6,-1.0510902621094353,-0.8693272921435614,TIME_LIMIT,528630,0,0,16,11
2,8,2.428763e6,-1.0510865346751828,-0.8693272921435614,TIME_LIMIT,528666,0,0,16,11
2,8,2.428959e6,-1.0510865346751828,-0.8693272921435614,TIME_LIMIT,528687,0,0,21,7
2,8,2.429089e6,-1.0510749619750148,-0.8693272921435614,TIME_LIMIT,528724,0,0,17,8
2,8,2.429143e6,-1.0510749619750148,-0.8693272921435614,TIME_LIMIT,528736,0,0,12,6
2,8,2.429181e6,-1.051072733817635,-0.8693272921435614,TIME_LIMIT,528755,0,0,6,1
2,8,2.429377e6,-1.051072733817635,-0.8693272921435614,TIME_LIMIT,528779,0,0,25,28
2,8,2.429579e6,-1.0510727117923628,-0.8693272921435614,TIME_LIMIT,528813,0,0,17,9
2,8,2.429674e6,-1.0510727117923628,-0.8693272921435614,TIME_LIMIT,528841,0,0,14,6
2,8,2.429715e6,-1.0510723108100888,-0.8693272921435614,TIME_LIMIT,528857,0,0,11,6
2,8,2.429844e6,-1.0510723108100888,-0.8693272921435614,TIME_LIMIT,528881,0,0,19,28
2,8,2.430042e6,-1.0510712109439986,-0.8693272921435614,TIME_LIMIT,528912,0,0,11,6
2,8,2.430209e6,-1.0510712109439986,-0.8693272921435614,TIME_LIMIT,528940,0,0,19,19
2,8,2.430404e6,-1.051070323885002,-0.8693272921435614,TIME_LIMIT,528972,0,0,10,4
2,8,2.430449e6,-1.051070323885002,-0.8693272921435614,TIME_LIMIT,528988,0,0,14,5
2,8,2.430525e6,-1.0510664925491746,-0.8693272921435614,TIME_LIMIT,529005,0,0,12,6
2,8,2.430648e6,-1.0510664925491746,-0.8693272921435614,TIME_LIMIT,529025,0,0,14,13
2,8,2.43075e6,-1.0510626521063469,-0.8693272921435614,TIME_LIMIT,529055,0,0,14,10
2,8,2.430946e6,-1.0510626521063469,-0.8693272921435614,TIME_LIMIT,529072,0,0,14,12
2,8,2.431065e6,-1.0510589700474922,-0.8693272921435614,TIME_LIMIT,529094,0,0,11,6
2,8,2.43127e6,-1.0510589700474922,-0.8693272921435614,TIME_LIMIT,529117,0,0,18,14
2,8,2.431468e6,-1.0510512591841397,-0.8693272921435614,TIME_LIMIT,529148,0,0,14,10
2,8,2.431672e6,-1.0510512591841397,-0.8693272921435614,TIME_LIMIT,529167,0,0,16,13
2,8,2.431868e6,-1.0510494993911284,-0.8693272921435614,TIME_LIMIT,529207,0,0,8,7
2,8,2.431974e6,-1.0510494993911284,-0.8693272921435614,TIME_LIMIT,529227,0,0,13,13
2,8,2.432092e6,-1.0510466374791554,-0.8693272921435614,TIME_LIMIT,529252,0,0,17,13
2,8,2.43217e6,-1.0510466374791554,-0.8693272921435614,TIME_LIMIT,529271,0,0,16,8
2,8,2.432253e6,-1.0510410882151837,-0.8693272921435614,TIME_LIMIT,529298,0,0,9,5
2,8,2.432451e6,-1.0510410882151837,-0.8693272921435614,TIME_LIMIT,529325,0,0,15,15
2,8,2.432533e6,-1.0510300686282927,-0.8693272921435614,TIME_LIMIT,529351,0,0,4,3
2,8,2.432729e6,-1.0510300686282927,-0.8693272921435614,TIME_LIMIT,529377,0,0,23,10
2,8,2.432932e6,-1.051029771946161,-0.8693272921435614,TIME_LIMIT,529411,0,0,19,6
2,8,2.433019e6,-1.051029771946161,-0.8693272921435614,TIME_LIMIT,529427,0,0,14,17
2,8,2.43312e6,-1.0510253951328452,-0.8693272921435614,TIME_LIMIT,529455,0,0,13,11
2,8,2.433171e6,-1.0510253951328452,-0.8693272921435614,TIME_LIMIT,529478,0,0,12,3
2,8,2.433225e6,-1.0510204921065007,-0.8693272921435614,TIME_LIMIT,529499,0,0,4,2
2,8,2.43337e6,-1.0510204921065007,-0.8693272921435614,TIME_LIMIT,529519,0,0,13,20
2,8,2.433511e6,-1.0510198384336351,-0.8693272921435614,TIME_LIMIT,529551,0,0,13,5
2,8,2.433602e6,-1.0510198384336351,-0.8693272921435614,TIME_LIMIT,529570,0,0,13,21
2,8,2.43371e6,-1.0510101220758057,-0.8693272921435614,TIME_LIMIT,529610,0,0,21,10
2,8,2.43377e6,-1.0510101220758057,-0.8693272921435614,TIME_LIMIT,529628,0,0,15,11
2,8,2.433869e6,-1.051008492776095,-0.8693272921435614,TIME_LIMIT,529654,0,0,12,6
2,8,2.433986e6,-1.051008492776095,-0.8693272921435614,TIME_LIMIT,529672,0,0,9,9
2,8,2.434019e6,-1.0510075334155142,-0.8693272921435614,TIME_LIMIT,529686,0,0,4,2
2,8,2.434126e6,-1.0510075334155142,-0.8693272921435614,TIME_LIMIT,529701,0,0,16,20
2,8,2.434226e6,-1.0510052210156593,-0.8693272921435614,TIME_LIMIT,529730,0,0,7,3
2,8,2.43442e6,-1.0510052210156593,-0.8693272921435614,TIME_LIMIT,529755,0,0,15,18
2,8,2.434624e6,-1.0510007464816078,-0.8693272921435614,TIME_LIMIT,529788,0,0,15,8
2,8,2.43482e6,-1.0510007464816078,-0.8693272921435614,TIME_LIMIT,529808,0,0,21,16
2,8,2.435019e6,-1.0509889752709172,-0.8693272921435614,TIME_LIMIT,529838,0,0,11,5
2,8,2.435154e6,-1.0509889752709172,-0.8693272921435614,TIME_LIMIT,529860,0,0,15,12
2,8,2.435316e6,-1.0509889663566123,-0.8693272921435614,TIME_LIMIT,529892,0,0,13,5
2,8,2.435427e6,-1.0509889663566123,-0.8693272921435614,TIME_LIMIT,529919,0,0,7,16
2,8,2.435497e6,-1.0509823582373852,-0.8693272921435614,TIME_LIMIT,529943,0,0,8,1
2,8,2.435544e6,-1.0509823582373852,-0.8693272921435614,TIME_LIMIT,529957,0,0,8,7
2,8,2.4356e6,-1.0509802120937706,-0.8693272921435614,TIME_LIMIT,529980,0,0,6,3
2,8,2.435691e6,-1.0509802120937706,-0.8693272921435614,TIME_LIMIT,529999,0,0,10,2
2,8,2.435739e6,-1.050979958380972,-0.8693272921435614,TIME_LIMIT,530022,0,0,10,2
2,8,2.435939e6,-1.050979958380972,-0.8693272921435614,TIME_LIMIT,530047,0,0,19,6
2,8,2.435996e6,-1.0509763443864628,-0.8693272921435614,TIME_LIMIT,530066,0,0,10,13
2,8,2.436101e6,-1.0509763443864628,-0.8693272921435614,TIME_LIMIT,530089,0,0,21,9
2,8,2.436298e6,-1.0509624496140595,-0.8693272921435614,TIME_LIMIT,530120,0,0,13,9
2,8,2.436407e6,-1.0509624496140595,-0.8693272921435614,TIME_LIMIT,530140,0,0,18,16
2,8,2.436547e6,-1.0509613368967794,-0.8693272921435614,TIME_LIMIT,530169,0,0,14,4
2,8,2.436751e6,-1.0509613368967794,-0.8693272921435614,TIME_LIMIT,530187,0,0,12,13
2,8,2.436889e6,-1.0509580406599237,-0.8693272921435614,TIME_LIMIT,530222,0,0,14,10
2,8,2.43708e6,-1.0509580406599237,-0.8693272921435614,TIME_LIMIT,530248,0,0,17,22
2,8,2.437202e6,-1.0509548642101416,-0.8693272921435614,TIME_LIMIT,530283,0,0,14,10
2,8,2.437387e6,-1.0509548642101416,-0.8693272921435614,TIME_LIMIT,530306,0,0,25,13
2,8,2.43757e6,-1.0509502392240149,-0.8693272921435614,TIME_LIMIT,530346,0,0,24,13
2,8,2.437747e6,-1.0509502392240149,-0.8693272921435614,TIME_LIMIT,530370,0,0,13,13
2,8,2.437832e6,-1.050948778180992,-0.8693272921435614,TIME_LIMIT,530395,0,0,11,6
2,8,2.437968e6,-1.050948778180992,-0.8693272921435614,TIME_LIMIT,530422,0,0,19,26
2,8,2.438089e6,-1.0509451886539491,-0.8693272921435614,TIME_LIMIT,530457,0,0,21,6
2,8,2.438137e6,-1.0509451886539491,-0.8693272921435614,TIME_LIMIT,530472,0,0,14,13
2,8,2.4382e6,-1.050942615588571,-0.8693272921435614,TIME_LIMIT,530501,0,0,11,9
2,8,2.438403e6,-1.050942615588571,-0.8693272921435614,TIME_LIMIT,530524,0,0,7,17
2,8,2.438611e6,-1.050924439108479,-0.8693272921435614,TIME_LIMIT,530553,0,0,10,8
2,8,2.438685e6,-1.050924439108479,-0.8693272921435614,TIME_LIMIT,530573,0,0,17,14
2,8,2.438794e6,-1.050921519048087,-0.8693272921435614,TIME_LIMIT,530596,0,0,14,4
2,8,2.43892e6,-1.050921519048087,-0.8693272921435614,TIME_LIMIT,530615,0,0,10,9
2,8,2.439027e6,-1.0509163580828693,-0.8693272921435614,TIME_LIMIT,530647,0,0,17,7
2,8,2.439108e6,-1.0509163580828693,-0.8693272921435614,TIME_LIMIT,530672,0,0,16,5
2,8,2.439262e6,-1.0509133731309217,-0.8693272921435614,TIME_LIMIT,530698,0,0,4,3
2,8,2.439461e6,-1.0509133731309217,-0.8693272921435614,TIME_LIMIT,530720,0,0,16,12
2,8,2.43966e6,-1.0509130881112787,-0.8693272921435614,TIME_LIMIT,530751,0,0,15,5
2,8,2.439761e6,-1.0509130881112787,-0.8693272921435614,TIME_LIMIT,530779,0,0,16,15
2,8,2.439867e6,-1.050906125381308,-0.8693272921435614,TIME_LIMIT,530808,0,0,14,9
2,8,2.439988e6,-1.050906125381308,-0.8693272921435614,TIME_LIMIT,530829,0,0,14,11
2,8,2.440186e6,-1.0509010739258904,-0.8693272921435614,TIME_LIMIT,530859,0,0,15,10
2,8,2.440272e6,-1.0509010739258904,-0.8693272921435614,TIME_LIMIT,530880,0,0,11,20
2,8,2.44035e6,-1.0508971113476646,-0.8693272921435614,TIME_LIMIT,530905,0,0,10,5
2,8,2.440415e6,-1.0508971113476646,-0.8693272921435614,TIME_LIMIT,530923,0,0,18,23
2,8,2.440483e6,-1.0508907298114716,-0.8693272921435614,TIME_LIMIT,530954,0,0,14,12
2,8,2.440576e6,-1.0508907298114716,-0.8693272921435614,TIME_LIMIT,530979,0,0,18,13
2,8,2.440673e6,-1.050887189534127,-0.8693272921435614,TIME_LIMIT,531009,0,0,15,3
2,8,2.440732e6,-1.050887189534127,-0.8693272921435614,TIME_LIMIT,531028,0,0,12,3
2,8,2.440824e6,-1.050883146476664,-0.8693272921435614,TIME_LIMIT,531054,0,0,12,2
2,8,2.440906e6,-1.050883146476664,-0.8693272921435614,TIME_LIMIT,531073,0,0,18,10
2,8,2.441102e6,-1.0508776805834765,-0.8693272921435614,TIME_LIMIT,531105,0,0,17,7
2,8,2.441246e6,-1.0508776805834765,-0.8693272921435614,TIME_LIMIT,531123,0,0,17,22
2,8,2.441331e6,-1.0508754844554828,-0.8693272921435614,TIME_LIMIT,531159,0,0,10,6
2,8,2.441459e6,-1.0508754844554828,-0.8693272921435614,TIME_LIMIT,531184,0,0,14,14
2,8,2.441591e6,-1.0508743172641386,-0.8693272921435614,TIME_LIMIT,531210,0,0,8,13
2,8,2.441733e6,-1.0508743172641386,-0.8693272921435614,TIME_LIMIT,531230,0,0,13,14
2,8,2.441817e6,-1.0508720896915034,-0.8693272921435614,TIME_LIMIT,531253,0,0,10,4
2,8,2.441975e6,-1.0508720896915034,-0.8693272921435614,TIME_LIMIT,531275,0,0,15,16
2,8,2.442105e6,-1.0508713363960993,-0.8693272921435614,TIME_LIMIT,531307,0,0,12,7
2,8,2.442294e6,-1.0508713363960993,-0.8693272921435614,TIME_LIMIT,531328,0,0,13,15
2,8,2.442428e6,-1.0508667580205266,-0.8693272921435614,TIME_LIMIT,531358,0,0,13,6
2,8,2.442512e6,-1.0508667580205266,-0.8693272921435614,TIME_LIMIT,531378,0,0,7,13
2,8,2.442585e6,-1.050860249298283,-0.8693272921435614,TIME_LIMIT,531404,0,0,14,3
2,8,2.442632e6,-1.050860249298283,-0.8693272921435614,TIME_LIMIT,531420,0,0,9,8
2,8,2.442692e6,-1.0508576644297984,-0.8693272921435614,TIME_LIMIT,531438,0,0,8,1
2,8,2.442785e6,-1.0508576644297984,-0.8693272921435614,TIME_LIMIT,531462,0,0,17,10
2,8,2.442878e6,-1.050856539367143,-0.8693272921435614,TIME_LIMIT,531494,0,0,13,10
2,8,2.442931e6,-1.050856539367143,-0.8693272921435614,TIME_LIMIT,531512,0,0,5,5
2,8,2.442955e6,-1.0508562406936737,-0.8693272921435614,TIME_LIMIT,531524,0,0,4,1
2,8,2.442995e6,-1.0508562406936737,-0.8693272921435614,TIME_LIMIT,531541,0,0,6,3
2,8,2.443018e6,-1.0508542747858032,-0.8693272921435614,TIME_LIMIT,531552,0,0,3,4
2,8,2.443113e6,-1.0508542747858032,-0.8693272921435614,TIME_LIMIT,531573,0,0,20,15
2,8,2.443241e6,-1.0508508723537227,-0.8693272921435614,TIME_LIMIT,531609,0,0,19,3
2,8,2.443312e6,-1.0508508723537227,-0.8693272921435614,TIME_LIMIT,531623,0,0,9,9
2,8,2.443376e6,-1.050847139365758,-0.8693272921435614,TIME_LIMIT,531645,0,0,7,4
2,8,2.443521e6,-1.050847139365758,-0.8693272921435614,TIME_LIMIT,531660,0,0,3,6
2,8,2.443543e6,-1.0508432574915467,-0.8693272921435614,TIME_LIMIT,531669,0,0,1,1
2,8,2.443735e6,-1.0508432574915467,-0.8693272921435614,TIME_LIMIT,531686,0,0,9,8
2,8,2.443867e6,-1.0508371835205121,-0.8693272921435614,TIME_LIMIT,531720,0,0,15,6
2,8,2.443916e6,-1.0508371835205121,-0.8693272921435614,TIME_LIMIT,531737,0,0,5,5
2,8,2.44395e6,-1.0508354750663376,-0.8693272921435614,TIME_LIMIT,531751,0,0,4,1
2,8,2.444031e6,-1.0508354750663376,-0.8693272921435614,TIME_LIMIT,531776,0,0,8,15
2,8,2.444093e6,-1.0508345948970916,-0.8693272921435614,TIME_LIMIT,531803,0,0,10,7
2,8,2.444199e6,-1.0508345948970916,-0.8693272921435614,TIME_LIMIT,531827,0,0,15,18
2,8,2.444286e6,-1.0508296180424472,-0.8693272921435614,TIME_LIMIT,531857,0,0,12,6
2,8,2.444485e6,-1.0508296180424472,-0.8693272921435614,TIME_LIMIT,531880,0,0,15,14
2,8,2.444585e6,-1.0508294174122588,-0.8693272921435614,TIME_LIMIT,531903,0,0,13,5
2,8,2.44468e6,-1.0508294174122588,-0.8693272921435614,TIME_LIMIT,531922,0,0,13,16
2,8,2.444753e6,-1.050823954941847,-0.8693272921435614,TIME_LIMIT,531949,0,0,12,4
2,8,2.444953e6,-1.050823954941847,-0.8693272921435614,TIME_LIMIT,531972,0,0,14,21
2,8,2.445149e6,-1.05082015558879,-0.8693272921435614,TIME_LIMIT,532001,0,0,16,10
2,8,2.445352e6,-1.05082015558879,-0.8693272921435614,TIME_LIMIT,532018,0,0,21,13
2,8,2.445544e6,-1.0508165581434135,-0.8693272921435614,TIME_LIMIT,532056,0,0,21,6
2,8,2.445746e6,-1.0508165581434135,-0.8693272921435614,TIME_LIMIT,532083,0,0,24,17
2,8,2.445947e6,-1.0508149887195295,-0.8693272921435614,TIME_LIMIT,532117,0,0,10,3
2,8,2.446026e6,-1.0508149887195295,-0.8693272921435614,TIME_LIMIT,532132,0,0,14,16
2,8,2.446107e6,-1.0508144616472104,-0.8693272921435614,TIME_LIMIT,532161,0,0,13,5
2,8,2.44616e6,-1.0508144616472104,-0.8693272921435614,TIME_LIMIT,532182,0,0,20,7
2,8,2.446263e6,-1.050803449873258,-0.8693272921435614,TIME_LIMIT,532211,0,0,14,10
2,8,2.446456e6,-1.050803449873258,-0.8693272921435614,TIME_LIMIT,532236,0,0,16,8
2,8,2.446604e6,-1.0508026105433137,-0.8693272921435614,TIME_LIMIT,532271,0,0,14,8
2,8,2.44666e6,-1.0508026105433137,-0.8693272921435614,TIME_LIMIT,532289,0,0,7,8
2,8,2.446763e6,-1.0507894566171068,-0.8693272921435614,TIME_LIMIT,532317,0,0,8,9
2,8,2.446902e6,-1.0507894566171068,-0.8693272921435614,TIME_LIMIT,532343,0,0,15,18
2,8,2.446975e6,-1.0507892757155117,-0.8693272921435614,TIME_LIMIT,532370,0,0,9,4
2,8,2.44717e6,-1.0507892757155117,-0.8693272921435614,TIME_LIMIT,532396,0,0,20,18
2,8,2.447373e6,-1.0507824816581408,-0.8693272921435614,TIME_LIMIT,532431,0,0,18,4
2,8,2.447448e6,-1.0507824816581408,-0.8693272921435614,TIME_LIMIT,532456,0,0,12,17
2,8,2.447504e6,-1.0507788976798227,-0.8693272921435614,TIME_LIMIT,532475,0,0,6,4
2,8,2.4476e6,-1.0507788976798227,-0.8693272921435614,TIME_LIMIT,532491,0,0,14,9
2,8,2.447666e6,-1.050777671048301,-0.8693272921435614,TIME_LIMIT,532512,0,0,8,5
2,8,2.447724e6,-1.050777671048301,-0.8693272921435614,TIME_LIMIT,532531,0,0,8,5
2,8,2.447747e6,-1.0507765816487105,-0.8693272921435614,TIME_LIMIT,532544,0,0,6,4
2,8,2.447839e6,-1.0507765816487105,-0.8693272921435614,TIME_LIMIT,532569,0,0,18,19
2,8,2.447936e6,-1.0507654666045687,-0.8693272921435614,TIME_LIMIT,532603,0,0,16,7
2,8,2.448051e6,-1.0507654666045687,-0.8693272921435614,TIME_LIMIT,532629,0,0,9,14
2,8,2.448157e6,-1.0507605159416356,-0.8693272921435614,TIME_LIMIT,532658,0,0,10,7
2,8,2.448244e6,-1.0507605159416356,-0.8693272921435614,TIME_LIMIT,532678,0,0,19,9
2,8,2.448301e6,-1.0507563255914125,-0.8693272921435614,TIME_LIMIT,532702,0,0,7,10
2,8,2.448443e6,-1.0507563255914125,-0.8693272921435614,TIME_LIMIT,532723,0,0,12,10
2,8,2.448607e6,-1.0507563008461942,-0.8693272921435614,TIME_LIMIT,532761,0,0,5,4
2,8,2.448811e6,-1.0507563008461942,-0.8693272921435614,TIME_LIMIT,532788,0,0,24,18
2,8,2.448944e6,-1.0507547921298293,-0.8693272921435614,TIME_LIMIT,532823,0,0,14,14
2,8,2.449066e6,-1.0507547921298293,-0.8693272921435614,TIME_LIMIT,532849,0,0,8,9
2,8,2.449259e6,-1.0507534007386858,-0.8693272921435614,TIME_LIMIT,532869,0,0,14,5
2,8,2.449363e6,-1.0507534007386858,-0.8693272921435614,TIME_LIMIT,532892,0,0,12,12
2,8,2.44945e6,-1.050753219583017,-0.8693272921435614,TIME_LIMIT,532917,0,0,11,7
2,8,2.449488e6,-1.050753219583017,-0.8693272921435614,TIME_LIMIT,532932,0,0,8,3
2,8,2.449509e6,-1.0507464419020731,-0.8693272921435614,TIME_LIMIT,532942,0,0,3,4
2,8,2.449628e6,-1.0507464419020731,-0.8693272921435614,TIME_LIMIT,532969,0,0,19,22
2,8,2.449739e6,-1.0507462444961715,-0.8693272921435614,TIME_LIMIT,532995,0,0,7,9
2,8,2.449799e6,-1.0507462444961715,-0.8693272921435614,TIME_LIMIT,533008,0,0,12,10
2,8,2.449873e6,-1.0507451310790568,-0.8693272921435614,TIME_LIMIT,533030,0,0,9,3
2,8,2.450066e6,-1.0507451310790568,-0.8693272921435614,TIME_LIMIT,533053,0,0,7,12
2,8,2.450255e6,-1.050744528993846,-0.8693272921435614,TIME_LIMIT,533083,0,0,13,12
2,8,2.450319e6,-1.050744528993846,-0.8693272921435614,TIME_LIMIT,533097,0,0,15,6
2,8,2.450375e6,-1.0507443046063822,-0.8693272921435614,TIME_LIMIT,533118,0,0,13,4
2,8,2.450521e6,-1.0507443046063822,-0.8693272921435614,TIME_LIMIT,533140,0,0,17,10
2,8,2.45063e6,-1.0507363602413733,-0.8693272921435614,TIME_LIMIT,533166,0,0,10,5
2,8,2.450696e6,-1.0507363602413733,-0.8693272921435614,TIME_LIMIT,533185,0,0,13,16
2,8,2.450785e6,-1.0507362831043459,-0.8693272921435614,TIME_LIMIT,533217,0,0,15,8
2,8,2.450969e6,-1.0507362831043459,-0.8693272921435614,TIME_LIMIT,533242,0,0,16,19
2,8,2.451091e6,-1.0507358901682293,-0.8693272921435614,TIME_LIMIT,533262,0,0,11,9
2,8,2.451222e6,-1.0507358901682293,-0.8693272921435614,TIME_LIMIT,533279,0,0,11,12
2,8,2.451427e6,-1.050734118080515,-0.8693272921435614,TIME_LIMIT,533308,0,0,9,8
2,8,2.451575e6,-1.050734118080515,-0.8693272921435614,TIME_LIMIT,533331,0,0,7,14
2,8,2.451777e6,-1.0507306190786498,-0.8693272921435614,TIME_LIMIT,533364,0,0,18,8
2,8,2.451982e6,-1.0507306190786498,-0.8693272921435614,TIME_LIMIT,533388,0,0,14,13
2,8,2.452146e6,-1.0507289569604383,-0.8693272921435614,TIME_LIMIT,533414,0,0,19,3
2,8,2.452214e6,-1.0507289569604383,-0.8693272921435614,TIME_LIMIT,533430,0,0,13,15
2,8,2.452405e6,-1.050728505927331,-0.8693272921435614,TIME_LIMIT,533458,0,0,9,7
2,8,2.452504e6,-1.050728505927331,-0.8693272921435614,TIME_LIMIT,533475,0,0,16,9
2,8,2.45256e6,-1.0507237983602749,-0.8693272921435614,TIME_LIMIT,533502,0,0,7,3
2,8,2.452667e6,-1.0507237983602749,-0.8693272921435614,TIME_LIMIT,533531,0,0,22,24
2,8,2.452846e6,-1.0507212811970374,-0.8693272921435614,TIME_LIMIT,533567,0,0,16,6
2,8,2.452925e6,-1.0507212811970374,-0.8693272921435614,TIME_LIMIT,533593,0,0,18,14
2,8,2.453048e6,-1.050717978448367,-0.8693272921435614,TIME_LIMIT,533622,0,0,12,10
2,8,2.453146e6,-1.050717978448367,-0.8693272921435614,TIME_LIMIT,533642,0,0,16,9
2,8,2.453222e6,-1.0507165599824297,-0.8693272921435614,TIME_LIMIT,533666,0,0,10,4
2,8,2.453284e6,-1.0507165599824297,-0.8693272921435614,TIME_LIMIT,533685,0,0,15,11
2,8,2.453375e6,-1.0507082477842173,-0.8693272921435614,TIME_LIMIT,533714,0,0,12,5
2,8,2.453468e6,-1.0507082477842173,-0.8693272921435614,TIME_LIMIT,533730,0,0,13,14
2,8,2.453649e6,-1.0507025471804838,-0.8693272921435614,TIME_LIMIT,533766,0,0,14,9
2,8,2.453828e6,-1.0507025471804838,-0.8693272921435614,TIME_LIMIT,533787,0,0,17,34
2,8,2.454024e6,-1.0506995349600428,-0.8693272921435614,TIME_LIMIT,533817,0,0,14,8
2,8,2.454163e6,-1.0506995349600428,-0.8693272921435614,TIME_LIMIT,533846,0,0,12,12
2,8,2.454231e6,-1.0506990992927094,-0.8693272921435614,TIME_LIMIT,533867,0,0,13,12
2,8,2.454389e6,-1.0506990992927094,-0.8693272921435614,TIME_LIMIT,533889,0,0,19,17
2,8,2.454518e6,-1.0506987262385143,-0.8693272921435614,TIME_LIMIT,533922,0,0,14,8
2,8,2.454721e6,-1.0506987262385143,-0.8693272921435614,TIME_LIMIT,533947,0,0,22,11
2,8,2.454836e6,-1.0506984140999505,-0.8693272921435614,TIME_LIMIT,533976,0,0,15,9
2,8,2.455033e6,-1.0506984140999505,-0.8693272921435614,TIME_LIMIT,533999,0,0,15,14
2,8,2.455113e6,-1.0506965115269773,-0.8693272921435614,TIME_LIMIT,534022,0,0,11,3
2,8,2.455222e6,-1.0506965115269773,-0.8693272921435614,TIME_LIMIT,534045,0,0,17,14
2,8,2.455418e6,-1.050692936324884,-0.8693272921435614,TIME_LIMIT,534077,0,0,13,9
2,8,2.45547e6,-1.050692936324884,-0.8693272921435614,TIME_LIMIT,534101,0,0,18,6
2,8,2.455579e6,-1.0506899725760184,-0.8693272921435614,TIME_LIMIT,534128,0,0,11,12
2,8,2.455638e6,-1.0506899725760184,-0.8693272921435614,TIME_LIMIT,534145,0,0,14,10
2,8,2.455725e6,-1.050674409945108,-0.8693272921435614,TIME_LIMIT,534164,0,0,8,3
2,8,2.455769e6,-1.050674409945108,-0.8693272921435614,TIME_LIMIT,534181,0,0,10,8
2,8,2.455829e6,-1.0506662207270208,-0.8693272921435614,TIME_LIMIT,534207,0,0,6,2
2,8,2.455958e6,-1.0506662207270208,-0.8693272921435614,TIME_LIMIT,534227,0,0,14,11
2,8,2.456151e6,-1.0506630538428434,-0.8693272921435614,TIME_LIMIT,534251,0,0,10,5
2,8,2.456353e6,-1.0506630538428434,-0.8693272921435614,TIME_LIMIT,534278,0,0,8,12
2,8,2.456548e6,-1.0506603589434664,-0.8693272921435614,TIME_LIMIT,534309,0,0,20,11
2,8,2.456744e6,-1.0506603589434664,-0.8693272921435614,TIME_LIMIT,534333,0,0,19,12
2,8,2.456873e6,-1.05065909136194,-0.8693272921435614,TIME_LIMIT,534362,0,0,9,5
2,8,2.457045e6,-1.05065909136194,-0.8693272921435614,TIME_LIMIT,534385,0,0,6,14
2,8,2.457152e6,-1.0506573838727888,-0.8693272921435614,TIME_LIMIT,534405,0,0,13,6
2,8,2.457247e6,-1.0506573838727888,-0.8693272921435614,TIME_LIMIT,534427,0,0,13,17
2,8,2.457349e6,-1.0506570407037792,-0.8693272921435614,TIME_LIMIT,534451,0,0,8,5
2,8,2.457413e6,-1.0506570407037792,-0.8693272921435614,TIME_LIMIT,534469,0,0,14,13
2,8,2.457547e6,-1.0506560792649695,-0.8693272921435614,TIME_LIMIT,534504,0,0,8,9
2,8,2.457704e6,-1.0506560792649695,-0.8693272921435614,TIME_LIMIT,534527,0,0,15,12
2,8,2.457819e6,-1.050654287991365,-0.8693272921435614,TIME_LIMIT,534552,0,0,11,3
2,8,2.457986e6,-1.050654287991365,-0.8693272921435614,TIME_LIMIT,534577,0,0,15,21
2,8,2.458182e6,-1.0506509229563916,-0.8693272921435614,TIME_LIMIT,534611,0,0,14,18
2,8,2.458307e6,-1.0506509229563916,-0.8693272921435614,TIME_LIMIT,534640,0,0,26,16
2,8,2.458426e6,-1.050650388242617,-0.8693272921435614,TIME_LIMIT,534670,0,0,19,10
2,8,2.458484e6,-1.050650388242617,-0.8693272921435614,TIME_LIMIT,534701,0,0,18,7
2,8,2.45853e6,-1.0506503488518968,-0.8693272921435614,TIME_LIMIT,534717,0,0,11,4
2,8,2.458654e6,-1.0506503488518968,-0.8693272921435614,TIME_LIMIT,534742,0,0,16,14
2,8,2.458736e6,-1.050649634296061,-0.8693272921435614,TIME_LIMIT,534769,0,0,10,7
2,8,2.458933e6,-1.050649634296061,-0.8693272921435614,TIME_LIMIT,534789,0,0,13,31
2,8,2.459107e6,-1.050641905136596,-0.8693272921435614,TIME_LIMIT,534828,0,0,12,14
2,8,2.45921e6,-1.050641905136596,-0.8693272921435614,TIME_LIMIT,534852,0,0,13,15
2,8,2.459286e6,-1.0506409503920375,-0.8693272921435614,TIME_LIMIT,534877,0,0,14,5
2,8,2.459369e6,-1.0506409503920375,-0.8693272921435614,TIME_LIMIT,534897,0,0,12,7
2,8,2.459441e6,-1.0506337123094294,-0.8693272921435614,TIME_LIMIT,534924,0,0,12,8
2,8,2.459641e6,-1.0506337123094294,-0.8693272921435614,TIME_LIMIT,534945,0,0,14,40
2,8,2.459831e6,-1.050629582130404,-0.8693272921435614,TIME_LIMIT,534986,0,0,20,12
2,8,2.459936e6,-1.050629582130404,-0.8693272921435614,TIME_LIMIT,535011,0,0,8,19
2,8,2.460074e6,-1.0506239012863143,-0.8693272921435614,TIME_LIMIT,535046,0,0,15,8
2,8,2.460149e6,-1.0506239012863143,-0.8693272921435614,TIME_LIMIT,535060,0,0,10,10
2,8,2.46022e6,-1.0506213721576085,-0.8693272921435614,TIME_LIMIT,535077,0,0,4,6
2,8,2.460276e6,-1.0506213721576085,-0.8693272921435614,TIME_LIMIT,535095,0,0,18,19
2,8,2.460366e6,-1.0506186190121953,-0.8693272921435614,TIME_LIMIT,535119,0,0,18,6
2,8,2.46056e6,-1.0506186190121953,-0.8693272921435614,TIME_LIMIT,535139,0,0,17,14
2,8,2.46067e6,-1.0506088558158502,-0.8693272921435614,TIME_LIMIT,535174,0,0,13,4
2,8,2.460882e6,-1.0506088558158502,-0.8693272921435614,TIME_LIMIT,535194,0,0,15,15
2,8,2.460963e6,-1.050607466139704,-0.8693272921435614,TIME_LIMIT,535215,0,0,14,4
2,8,2.461168e6,-1.050607466139704,-0.8693272921435614,TIME_LIMIT,535235,0,0,20,45
2,8,2.461368e6,-1.0506037465614129,-0.8693272921435614,TIME_LIMIT,535271,0,0,12,16
2,8,2.461516e6,-1.0506037465614129,-0.8693272921435614,TIME_LIMIT,535298,0,0,8,16
2,8,2.461717e6,-1.0506016417393576,-0.8693272921435614,TIME_LIMIT,535330,0,0,12,18
2,8,2.461797e6,-1.0506016417393576,-0.8693272921435614,TIME_LIMIT,535350,0,0,14,5
2,8,2.461945e6,-1.0505913985906465,-0.8693272921435614,TIME_LIMIT,535378,0,0,10,9
2,8,2.462085e6,-1.0505913985906465,-0.8693272921435614,TIME_LIMIT,535399,0,0,13,15
2,8,2.462162e6,-1.0505910030572427,-0.8693272921435614,TIME_LIMIT,535428,0,0,7,2
2,8,2.462325e6,-1.0505910030572427,-0.8693272921435614,TIME_LIMIT,535449,0,0,9,9
2,8,2.46245e6,-1.0505795134513936,-0.8693272921435614,TIME_LIMIT,535471,0,0,15,3
2,8,2.4626e6,-1.0505795134513936,-0.8693272921435614,TIME_LIMIT,535497,0,0,19,9
2,8,2.462681e6,-1.0505742959886533,-0.8693272921435614,TIME_LIMIT,535521,0,0,14,9
2,8,2.462881e6,-1.0505742959886533,-0.8693272921435614,TIME_LIMIT,535539,0,0,18,21
2,8,2.463008e6,-1.050569230642142,-0.8693272921435614,TIME_LIMIT,535571,0,0,11,5
2,8,2.463198e6,-1.050569230642142,-0.8693272921435614,TIME_LIMIT,535597,0,0,13,11
2,8,2.463378e6,-1.0505691078920973,-0.8693272921435614,TIME_LIMIT,535634,0,0,9,12
2,8,2.46346e6,-1.0505691078920973,-0.8693272921435614,TIME_LIMIT,535654,0,0,11,11
2,8,2.463511e6,-1.050560896633938,-0.8693272921435614,TIME_LIMIT,535676,0,0,8,3
2,8,2.463682e6,-1.050560896633938,-0.8693272921435614,TIME_LIMIT,535697,0,0,12,8
2,8,2.463734e6,-1.050555570932174,-0.8693272921435614,TIME_LIMIT,535722,0,0,8,4
2,8,2.463818e6,-1.050555570932174,-0.8693272921435614,TIME_LIMIT,535741,0,0,17,5
2,8,2.463942e6,-1.0505541985842046,-0.8693272921435614,TIME_LIMIT,535768,0,0,11,8
2,8,2.464111e6,-1.0505541985842046,-0.8693272921435614,TIME_LIMIT,535798,0,0,21,14
2,8,2.464211e6,-1.050551370964363,-0.8693272921435614,TIME_LIMIT,535823,0,0,5,4
2,8,2.464312e6,-1.050551370964363,-0.8693272921435614,TIME_LIMIT,535844,0,0,6,11
2,8,2.464369e6,-1.050546380662933,-0.8693272921435614,TIME_LIMIT,535872,0,0,12,7
2,8,2.464415e6,-1.050546380662933,-0.8693272921435614,TIME_LIMIT,535885,0,0,10,5
2,8,2.464456e6,-1.0505447407741877,-0.8693272921435614,TIME_LIMIT,535903,0,0,5,3
2,8,2.464499e6,-1.0505447407741877,-0.8693272921435614,TIME_LIMIT,535917,0,0,10,7
2,8,2.464532e6,-1.0505417673428559,-0.8693272921435614,TIME_LIMIT,535935,0,0,6,2
2,8,2.464607e6,-1.0505417673428559,-0.8693272921435614,TIME_LIMIT,535953,0,0,13,9
2,8,2.464658e6,-1.0505394995767936,-0.8693272921435614,TIME_LIMIT,535976,0,0,10,2
2,8,2.464731e6,-1.0505394995767936,-0.8693272921435614,TIME_LIMIT,536000,0,0,16,8
2,8,2.464778e6,-1.0505355645091863,-0.8693272921435614,TIME_LIMIT,536018,0,0,13,9
2,8,2.464914e6,-1.0505355645091863,-0.8693272921435614,TIME_LIMIT,536044,0,0,7,11
2,8,2.465026e6,-1.0505350633852102,-0.8693272921435614,TIME_LIMIT,536075,0,0,11,9
2,8,2.465067e6,-1.0505350633852102,-0.8693272921435614,TIME_LIMIT,536086,0,0,7,4
2,8,2.465116e6,-1.0505309948891288,-0.8693272921435614,TIME_LIMIT,536105,0,0,4,1
2,8,2.465208e6,-1.0505309948891288,-0.8693272921435614,TIME_LIMIT,536131,0,0,20,16
2,8,2.465305e6,-1.0505287298271533,-0.8693272921435614,TIME_LIMIT,536156,0,0,15,5
2,8,2.4655e6,-1.0505287298271533,-0.8693272921435614,TIME_LIMIT,536179,0,0,17,21
2,8,2.465703e6,-1.0505245274767954,-0.8693272921435614,TIME_LIMIT,536212,0,0,15,6
2,8,2.465752e6,-1.0505245274767954,-0.8693272921435614,TIME_LIMIT,536228,0,0,13,9
2,8,2.465835e6,-1.0505241628545399,-0.8693272921435614,TIME_LIMIT,536244,0,0,4,5
2,8,2.466008e6,-1.0505241628545399,-0.8693272921435614,TIME_LIMIT,536267,0,0,8,6
2,8,2.466149e6,-1.0505238020652445,-0.8693272921435614,TIME_LIMIT,536289,0,0,13,10
2,8,2.46634e6,-1.0505238020652445,-0.8693272921435614,TIME_LIMIT,536313,0,0,22,23
2,8,2.466535e6,-1.0505003831837538,-0.8693272921435614,TIME_LIMIT,536351,0,0,19,18
2,8,2.46668e6,-1.0505003831837538,-0.8693272921435614,TIME_LIMIT,536370,0,0,17,8
2,8,2.466748e6,-1.0504977427238813,-0.8693272921435614,TIME_LIMIT,536392,0,0,10,6
2,8,2.46688e6,-1.0504977427238813,-0.8693272921435614,TIME_LIMIT,536413,0,0,16,14
2,8,2.466985e6,-1.0504973306122691,-0.8693272921435614,TIME_LIMIT,536441,0,0,12,7
2,8,2.467173e6,-1.0504973306122691,-0.8693272921435614,TIME_LIMIT,536468,0,0,22,25
2,8,2.467272e6,-1.0504924750918845,-0.8693272921435614,TIME_LIMIT,536501,0,0,13,9
2,8,2.467329e6,-1.0504924750918845,-0.8693272921435614,TIME_LIMIT,536518,0,0,8,9
2,8,2.467375e6,-1.0504882546254932,-0.8693272921435614,TIME_LIMIT,536542,0,0,10,6
2,8,2.46752e6,-1.0504882546254932,-0.8693272921435614,TIME_LIMIT,536568,0,0,15,11
2,8,2.467596e6,-1.050484802930994,-0.8693272921435614,TIME_LIMIT,536597,0,0,14,11
2,8,2.46764e6,-1.050484802930994,-0.8693272921435614,TIME_LIMIT,536616,0,0,15,8
2,8,2.467704e6,-1.050474987178601,-0.8693272921435614,TIME_LIMIT,536644,0,0,14,4
2,8,2.467824e6,-1.050474987178601,-0.8693272921435614,TIME_LIMIT,536673,0,0,16,26
2,8,2.467928e6,-1.0504726390130297,-0.8693272921435614,TIME_LIMIT,536697,0,0,17,7
2,8,2.468005e6,-1.0504726390130297,-0.8693272921435614,TIME_LIMIT,536711,0,0,9,15
2,8,2.468054e6,-1.0504617881399896,-0.8693272921435614,TIME_LIMIT,536734,0,0,4,3
2,8,2.468111e6,-1.0504617881399896,-0.8693272921435614,TIME_LIMIT,536753,0,0,9,5
2,8,2.468144e6,-1.0504608526380241,-0.8693272921435614,TIME_LIMIT,536767,0,0,5,1
2,8,2.468212e6,-1.0504608526380241,-0.8693272921435614,TIME_LIMIT,536785,0,0,10,7
2,8,2.468266e6,-1.050443401786101,-0.8693272921435614,TIME_LIMIT,536812,0,0,14,7
2,8,2.468398e6,-1.050443401786101,-0.8693272921435614,TIME_LIMIT,536836,0,0,20,32
2,8,2.468494e6,-1.0504284839940268,-0.8693272921435614,TIME_LIMIT,536865,0,0,9,5
2,8,2.468589e6,-1.0504284839940268,-0.8693272921435614,TIME_LIMIT,536888,0,0,15,17
2,8,2.468794e6,-1.0504257435660769,-0.8693272921435614,TIME_LIMIT,536922,0,0,15,9
2,8,2.468834e6,-1.0504257435660769,-0.8693272921435614,TIME_LIMIT,536938,0,0,7,8
2,8,2.468885e6,-1.0504255731162382,-0.8693272921435614,TIME_LIMIT,536956,0,0,5,3
2,8,2.468982e6,-1.0504255731162382,-0.8693272921435614,TIME_LIMIT,536982,0,0,21,11
2,8,2.469178e6,-1.0504115155081504,-0.8693272921435614,TIME_LIMIT,537012,0,0,14,11
2,8,2.469367e6,-1.0504115155081504,-0.8693272921435614,TIME_LIMIT,537037,0,0,21,16
2,8,2.469488e6,-1.0504089032394854,-0.8693272921435614,TIME_LIMIT,537075,0,0,15,15
2,8,2.469679e6,-1.0504089032394854,-0.8693272921435614,TIME_LIMIT,537095,0,0,17,10
2,8,2.469789e6,-1.0504076231095734,-0.8693272921435614,TIME_LIMIT,537121,0,0,11,11
2,8,2.469863e6,-1.0504076231095734,-0.8693272921435614,TIME_LIMIT,537143,0,0,20,21
2,8,2.469986e6,-1.0504043490624002,-0.8693272921435614,TIME_LIMIT,537181,0,0,20,5
2,8,2.470171e6,-1.0504043490624002,-0.8693272921435614,TIME_LIMIT,537212,0,0,22,10
2,8,2.470268e6,-1.0504001728306394,-0.8693272921435614,TIME_LIMIT,537236,0,0,17,10
2,8,2.470409e6,-1.0504001728306394,-0.8693272921435614,TIME_LIMIT,537259,0,0,26,16
2,8,2.470555e6,-1.05039216835431,-0.8693272921435614,TIME_LIMIT,537302,0,0,19,13
2,8,2.470703e6,-1.05039216835431,-0.8693272921435614,TIME_LIMIT,537326,0,0,19,16
2,8,2.470834e6,-1.050388662407214,-0.8693272921435614,TIME_LIMIT,537355,0,0,6,2
2,8,2.470883e6,-1.050388662407214,-0.8693272921435614,TIME_LIMIT,537374,0,0,8,14
2,8,2.47096e6,-1.0503835929311858,-0.8693272921435614,TIME_LIMIT,537392,0,0,8,5
2,8,2.471152e6,-1.0503835929311858,-0.8693272921435614,TIME_LIMIT,537413,0,0,23,16
2,8,2.471355e6,-1.050366249965268,-0.8693272921435614,TIME_LIMIT,537443,0,0,8,12
2,8,2.471522e6,-1.050366249965268,-0.8693272921435614,TIME_LIMIT,537462,0,0,16,17
2,8,2.471725e6,-1.0503648454653025,-0.8693272921435614,TIME_LIMIT,537489,0,0,15,7
2,8,2.471867e6,-1.0503648454653025,-0.8693272921435614,TIME_LIMIT,537514,0,0,3,16
2,8,2.471941e6,-1.0503607055266198,-0.8693272921435614,TIME_LIMIT,537542,0,0,13,7
2,8,2.472034e6,-1.0503607055266198,-0.8693272921435614,TIME_LIMIT,537565,0,0,13,14
2,8,2.472112e6,-1.0503403795604798,-0.8693272921435614,TIME_LIMIT,537590,0,0,16,4
2,8,2.472297e6,-1.0503403795604798,-0.8693272921435614,TIME_LIMIT,537613,0,0,20,14
2,8,2.472495e6,-1.0503389614652825,-0.8693272921435614,TIME_LIMIT,537649,0,0,4,9
2,8,2.472544e6,-1.0503389614652825,-0.8693272921435614,TIME_LIMIT,537662,0,0,17,10
2,8,2.472624e6,-1.0503286311160365,-0.8693272921435614,TIME_LIMIT,537692,0,0,12,7
2,8,2.472753e6,-1.0503286311160365,-0.8693272921435614,TIME_LIMIT,537718,0,0,11,6
2,8,2.472816e6,-1.050325823890809,-0.8693272921435614,TIME_LIMIT,537738,0,0,14,6
2,8,2.473004e6,-1.050325823890809,-0.8693272921435614,TIME_LIMIT,537756,0,0,16,16
2,8,2.47317e6,-1.0503194968525644,-0.8693272921435614,TIME_LIMIT,537789,0,0,16,8
2,8,2.473278e6,-1.0503194968525644,-0.8693272921435614,TIME_LIMIT,537811,0,0,13,10
2,8,2.473345e6,-1.0503181404324156,-0.8693272921435614,TIME_LIMIT,537834,0,0,12,2
2,8,2.473446e6,-1.0503181404324156,-0.8693272921435614,TIME_LIMIT,537852,0,0,13,5
2,8,2.473489e6,-1.050313796890623,-0.8693272921435614,TIME_LIMIT,537876,0,0,11,7
2,8,2.473567e6,-1.050313796890623,-0.8693272921435614,TIME_LIMIT,537892,0,0,8,7
2,8,2.473612e6,-1.0503039584122646,-0.8693272921435614,TIME_LIMIT,537909,0,0,8,5
2,8,2.473661e6,-1.0503039584122646,-0.8693272921435614,TIME_LIMIT,537928,0,0,14,3
2,8,2.473719e6,-1.050300348192493,-0.8693272921435614,TIME_LIMIT,537953,0,0,7,9
2,8,2.473812e6,-1.050300348192493,-0.8693272921435614,TIME_LIMIT,537978,0,0,13,9
2,8,2.473929e6,-1.050299099386852,-0.8693272921435614,TIME_LIMIT,538008,0,0,16,5
2,8,2.474099e6,-1.050299099386852,-0.8693272921435614,TIME_LIMIT,538034,0,0,16,16
2,8,2.474175e6,-1.0502897934554447,-0.8693272921435614,TIME_LIMIT,538063,0,0,12,7
2,8,2.474372e6,-1.0502897934554447,-0.8693272921435614,TIME_LIMIT,538094,0,0,18,11
2,8,2.474566e6,-1.0502829930243625,-0.8693272921435614,TIME_LIMIT,538117,0,0,11,6
2,8,2.474651e6,-1.0502829930243625,-0.8693272921435614,TIME_LIMIT,538134,0,0,8,8
2,8,2.474735e6,-1.050282819133101,-0.8693272921435614,TIME_LIMIT,538155,0,0,5,3
2,8,2.474805e6,-1.050282819133101,-0.8693272921435614,TIME_LIMIT,538170,0,0,10,10
2,8,2.474857e6,-1.0502808115905646,-0.8693272921435614,TIME_LIMIT,538192,0,0,4,5
2,8,2.474947e6,-1.0502808115905646,-0.8693272921435614,TIME_LIMIT,538215,0,0,16,14
2,8,2.475102e6,-1.0502773853942045,-0.8693272921435614,TIME_LIMIT,538245,0,0,12,10
2,8,2.475174e6,-1.0502773853942045,-0.8693272921435614,TIME_LIMIT,538261,0,0,5,14
2,8,2.475261e6,-1.0502665457952138,-0.8693272921435614,TIME_LIMIT,538291,0,0,11,3
2,8,2.475315e6,-1.0502665457952138,-0.8693272921435614,TIME_LIMIT,538308,0,0,15,19
2,8,2.475397e6,-1.0502627827155329,-0.8693272921435614,TIME_LIMIT,538336,0,0,11,11
2,8,2.475581e6,-1.0502627827155329,-0.8693272921435614,TIME_LIMIT,538364,0,0,13,5
2,8,2.475663e6,-1.0502627478932514,-0.8693272921435614,TIME_LIMIT,538389,0,0,16,13
2,8,2.475843e6,-1.0502627478932514,-0.8693272921435614,TIME_LIMIT,538412,0,0,20,38
2,8,2.476019e6,-1.0502606521096607,-0.8693272921435614,TIME_LIMIT,538455,0,0,22,9
2,8,2.476168e6,-1.0502606521096607,-0.8693272921435614,TIME_LIMIT,538479,0,0,19,10
2,8,2.476248e6,-1.0502561735594822,-0.8693272921435614,TIME_LIMIT,538509,0,0,10,6
2,8,2.476294e6,-1.0502561735594822,-0.8693272921435614,TIME_LIMIT,538531,0,0,16,7
2,8,2.476347e6,-1.0502516526446346,-0.8693272921435614,TIME_LIMIT,538553,0,0,8,4
2,8,2.476462e6,-1.0502516526446346,-0.8693272921435614,TIME_LIMIT,538575,0,0,12,16
2,8,2.476613e6,-1.0502363051249821,-0.8693272921435614,TIME_LIMIT,538612,0,0,16,11
2,8,2.476798e6,-1.0502363051249821,-0.8693272921435614,TIME_LIMIT,538632,0,0,23,23
2,8,2.476915e6,-1.050227225888957,-0.8693272921435614,TIME_LIMIT,538668,0,0,19,6
2,8,2.476984e6,-1.050227225888957,-0.8693272921435614,TIME_LIMIT,538688,0,0,12,6
2,8,2.477173e6,-1.0502262911497262,-0.8693272921435614,TIME_LIMIT,538718,0,0,6,10
2,8,2.477257e6,-1.0502262911497262,-0.8693272921435614,TIME_LIMIT,538740,0,0,17,15
2,8,2.477456e6,-1.0502232920595804,-0.8693272921435614,TIME_LIMIT,538772,0,0,14,8
2,8,2.477608e6,-1.0502232920595804,-0.8693272921435614,TIME_LIMIT,538799,0,0,15,15
2,8,2.477679e6,-1.0502168357946953,-0.8693272921435614,TIME_LIMIT,538825,0,0,13,4
2,8,2.477716e6,-1.0502168357946953,-0.8693272921435614,TIME_LIMIT,538841,0,0,9,1
2,8,2.477747e6,-1.050216242135658,-0.8693272921435614,TIME_LIMIT,538851,0,0,3,3
2,8,2.477906e6,-1.050216242135658,-0.8693272921435614,TIME_LIMIT,538875,0,0,15,7
2,8,2.478006e6,-1.0502157869580309,-0.8693272921435614,TIME_LIMIT,538905,0,0,15,8
2,8,2.47812e6,-1.0502157869580309,-0.8693272921435614,TIME_LIMIT,538929,0,0,19,11
2,8,2.478267e6,-1.0502157332541961,-0.8693272921435614,TIME_LIMIT,538962,0,0,13,9
2,8,2.478365e6,-1.0502157332541961,-0.8693272921435614,TIME_LIMIT,538985,0,0,13,8
2,8,2.478445e6,-1.0502111637048341,-0.8693272921435614,TIME_LIMIT,539000,0,0,8,7
2,8,2.478471e6,-1.0502111637048341,-0.8693272921435614,TIME_LIMIT,539015,0,0,9,0
2,8,2.478504e6,-1.0502101090967324,-0.8693272921435614,TIME_LIMIT,539028,0,0,4,1
2,8,2.47854e6,-1.0502101090967324,-0.8693272921435614,TIME_LIMIT,539039,0,0,14,10
2,8,2.478594e6,-1.0502054414072528,-0.8693272921435614,TIME_LIMIT,539066,0,0,10,4
2,8,2.478748e6,-1.0502054414072528,-0.8693272921435614,TIME_LIMIT,539097,0,0,14,8
2,8,2.478858e6,-1.050200666109982,-0.8693272921435614,TIME_LIMIT,539114,0,0,12,6
2,8,2.478937e6,-1.050200666109982,-0.8693272921435614,TIME_LIMIT,539133,0,0,16,7
2,8,2.478991e6,-1.0502001359919042,-0.8693272921435614,TIME_LIMIT,539159,0,0,10,4
2,8,2.479046e6,-1.0502001359919042,-0.8693272921435614,TIME_LIMIT,539182,0,0,23,18
2,8,2.479148e6,-1.0501973846820563,-0.8693272921435614,TIME_LIMIT,539203,0,0,17,3
2,8,2.479321e6,-1.0501973846820563,-0.8693272921435614,TIME_LIMIT,539234,0,0,19,20
2,8,2.479439e6,-1.0501941324380577,-0.8693272921435614,TIME_LIMIT,539259,0,0,19,11
2,8,2.479599e6,-1.0501941324380577,-0.8693272921435614,TIME_LIMIT,539281,0,0,19,7
2,8,2.47976e6,-1.0501930160919701,-0.8693272921435614,TIME_LIMIT,539316,0,0,14,9
2,8,2.479927e6,-1.0501930160919701,-0.8693272921435614,TIME_LIMIT,539343,0,0,22,15
2,8,2.480012e6,-1.0501814926153312,-0.8693272921435614,TIME_LIMIT,539375,0,0,18,7
2,8,2.480212e6,-1.0501814926153312,-0.8693272921435614,TIME_LIMIT,539392,0,0,18,18
2,8,2.480407e6,-1.0501763328350813,-0.8693272921435614,TIME_LIMIT,539425,0,0,19,5
2,8,2.480494e6,-1.0501763328350813,-0.8693272921435614,TIME_LIMIT,539445,0,0,15,7
2,8,2.48054e6,-1.0501759626834108,-0.8693272921435614,TIME_LIMIT,539464,0,0,6,3
2,8,2.480626e6,-1.0501759626834108,-0.8693272921435614,TIME_LIMIT,539485,0,0,10,28
2,8,2.480763e6,-1.0501711482485971,-0.8693272921435614,TIME_LIMIT,539514,0,0,5,7
2,8,2.480838e6,-1.0501711482485971,-0.8693272921435614,TIME_LIMIT,539531,0,0,8,12
2,8,2.480936e6,-1.0501707151353354,-0.8693272921435614,TIME_LIMIT,539558,0,0,13,8
2,8,2.481008e6,-1.0501707151353354,-0.8693272921435614,TIME_LIMIT,539581,0,0,15,12
2,8,2.481059e6,-1.0501700582123208,-0.8693272921435614,TIME_LIMIT,539610,0,0,14,6
2,8,2.481121e6,-1.0501700582123208,-0.8693272921435614,TIME_LIMIT,539629,0,0,7,6
2,8,2.481175e6,-1.050168752003001,-0.8693272921435614,TIME_LIMIT,539644,0,0,7,3
2,8,2.481365e6,-1.050168752003001,-0.8693272921435614,TIME_LIMIT,539676,0,0,15,26
2,8,2.48156e6,-1.0501685160418583,-0.8693272921435614,TIME_LIMIT,539708,0,0,17,14
2,8,2.481757e6,-1.0501685160418583,-0.8693272921435614,TIME_LIMIT,539730,0,0,20,27
2,8,2.481963e6,-1.0501659367355538,-0.8693272921435614,TIME_LIMIT,539766,0,0,17,11
2,8,2.482018e6,-1.0501659367355538,-0.8693272921435614,TIME_LIMIT,539785,0,0,18,14
2,8,2.482104e6,-1.0501609121419393,-0.8693272921435614,TIME_LIMIT,539815,0,0,8,3
2,8,2.482233e6,-1.0501609121419393,-0.8693272921435614,TIME_LIMIT,539834,0,0,17,10
2,8,2.482316e6,-1.050157511652158,-0.8693272921435614,TIME_LIMIT,539863,0,0,11,4
2,8,2.482374e6,-1.050157511652158,-0.8693272921435614,TIME_LIMIT,539881,0,0,17,9
2,8,2.482484e6,-1.0501527035682798,-0.8693272921435614,TIME_LIMIT,539914,0,0,17,5
2,8,2.482633e6,-1.0501527035682798,-0.8693272921435614,TIME_LIMIT,539940,0,0,18,19
2,8,2.482795e6,-1.0501464711370703,-0.8693272921435614,TIME_LIMIT,539977,0,0,12,7
2,8,2.482879e6,-1.0501464711370703,-0.8693272921435614,TIME_LIMIT,540001,0,0,8,9
2,8,2.482937e6,-1.0501445246658387,-0.8693272921435614,TIME_LIMIT,540026,0,0,10,3
2,8,2.48302e6,-1.0501445246658387,-0.8693272921435614,TIME_LIMIT,540044,0,0,16,19
2,8,2.483136e6,-1.0501342199275465,-0.8693272921435614,TIME_LIMIT,540081,0,0,13,8
2,8,2.483201e6,-1.0501342199275465,-0.8693272921435614,TIME_LIMIT,540104,0,0,8,3
2,8,2.483244e6,-1.0501335193086665,-0.8693272921435614,TIME_LIMIT,540120,0,0,6,5
2,8,2.483442e6,-1.0501335193086665,-0.8693272921435614,TIME_LIMIT,540151,0,0,18,14
2,8,2.483638e6,-1.0501321120327836,-0.8693272921435614,TIME_LIMIT,540180,0,0,16,11
2,8,2.48369e6,-1.0501321120327836,-0.8693272921435614,TIME_LIMIT,540199,0,0,9,4
2,8,2.483734e6,-1.0501288697325153,-0.8693272921435614,TIME_LIMIT,540218,0,0,6,6
2,8,2.483795e6,-1.0501288697325153,-0.8693272921435614,TIME_LIMIT,540238,0,0,14,12
2,8,2.483867e6,-1.0501275485334767,-0.8693272921435614,TIME_LIMIT,540261,0,0,11,6
2,8,2.483996e6,-1.0501275485334767,-0.8693272921435614,TIME_LIMIT,540281,0,0,11,7
2,8,2.484139e6,-1.0501229240826846,-0.8693272921435614,TIME_LIMIT,540308,0,0,10,15
2,8,2.4843e6,-1.0501229240826846,-0.8693272921435614,TIME_LIMIT,540336,0,0,20,16
2,8,2.484437e6,-1.0501213531618039,-0.8693272921435614,TIME_LIMIT,540368,0,0,8,7
2,8,2.484489e6,-1.0501213531618039,-0.8693272921435614,TIME_LIMIT,540384,0,0,12,9
2,8,2.484567e6,-1.0501166586672528,-0.8693272921435614,TIME_LIMIT,540409,0,0,8,4
2,8,2.484688e6,-1.0501166586672528,-0.8693272921435614,TIME_LIMIT,540433,0,0,15,15
2,8,2.484799e6,-1.050107029218543,-0.8693272921435614,TIME_LIMIT,540459,0,0,8,5
2,8,2.484879e6,-1.050107029218543,-0.8693272921435614,TIME_LIMIT,540476,0,0,18,8
2,8,2.485072e6,-1.0501041410198741,-0.8693272921435614,TIME_LIMIT,540508,0,0,14,8
2,8,2.485155e6,-1.0501041410198741,-0.8693272921435614,TIME_LIMIT,540527,0,0,16,20
2,8,2.485328e6,-1.050103949702181,-0.8693272921435614,TIME_LIMIT,540556,0,0,8,7
2,8,2.485526e6,-1.050103949702181,-0.8693272921435614,TIME_LIMIT,540587,0,0,23,27
2,8,2.485726e6,-1.050102510783913,-0.8693272921435614,TIME_LIMIT,540622,0,0,13,13
2,8,2.485779e6,-1.050102510783913,-0.8693272921435614,TIME_LIMIT,540638,0,0,15,8
2,8,2.485904e6,-1.050097364251068,-0.8693272921435614,TIME_LIMIT,540667,0,0,13,6
2,8,2.486101e6,-1.050097364251068,-0.8693272921435614,TIME_LIMIT,540693,0,0,21,20
2,8,2.486302e6,-1.05009723450256,-0.8693272921435614,TIME_LIMIT,540723,0,0,20,21
2,8,2.486355e6,-1.05009723450256,-0.8693272921435614,TIME_LIMIT,540741,0,0,7,14
2,8,2.486398e6,-1.0500940563788104,-0.8693272921435614,TIME_LIMIT,540758,0,0,7,3
2,8,2.486446e6,-1.0500940563788104,-0.8693272921435614,TIME_LIMIT,540775,0,0,9,6
2,8,2.486471e6,-1.050087778096081,-0.8693272921435614,TIME_LIMIT,540793,0,0,6,1
2,8,2.486601e6,-1.050087778096081,-0.8693272921435614,TIME_LIMIT,540815,0,0,21,10
2,8,2.486752e6,-1.0500838212239043,-0.8693272921435614,TIME_LIMIT,540847,0,0,14,7
2,8,2.486953e6,-1.0500838212239043,-0.8693272921435614,TIME_LIMIT,540870,0,0,16,13
2,8,2.487147e6,-1.050081106330097,-0.8693272921435614,TIME_LIMIT,540896,0,0,13,9
2,8,2.487195e6,-1.050081106330097,-0.8693272921435614,TIME_LIMIT,540909,0,0,14,11
2,8,2.487247e6,-1.0500798292732498,-0.8693272921435614,TIME_LIMIT,540930,0,0,11,4
2,8,2.487372e6,-1.0500798292732498,-0.8693272921435614,TIME_LIMIT,540954,0,0,21,16
2,8,2.487501e6,-1.050074789423407,-0.8693272921435614,TIME_LIMIT,540989,0,0,15,9
2,8,2.487571e6,-1.050074789423407,-0.8693272921435614,TIME_LIMIT,541007,0,0,9,5
2,8,2.487606e6,-1.0500721001064526,-0.8693272921435614,TIME_LIMIT,541026,0,0,2,5
2,8,2.487806e6,-1.0500721001064526,-0.8693272921435614,TIME_LIMIT,541045,0,0,23,20
2,8,2.487944e6,-1.050070323171954,-0.8693272921435614,TIME_LIMIT,541081,0,0,18,7
2,8,2.488075e6,-1.050070323171954,-0.8693272921435614,TIME_LIMIT,541104,0,0,19,26
2,8,2.488273e6,-1.0500647991659164,-0.8693272921435614,TIME_LIMIT,541140,0,0,18,9
2,8,2.48847e6,-1.0500647991659164,-0.8693272921435614,TIME_LIMIT,541160,0,0,9,13
2,8,2.488671e6,-1.0500615935183637,-0.8693272921435614,TIME_LIMIT,541192,0,0,16,10
2,8,2.488782e6,-1.0500615935183637,-0.8693272921435614,TIME_LIMIT,541217,0,0,14,19
2,8,2.488991e6,-1.0500540973302903,-0.8693272921435614,TIME_LIMIT,541243,0,0,8,5
2,8,2.489082e6,-1.0500540973302903,-0.8693272921435614,TIME_LIMIT,541267,0,0,18,31
2,8,2.489283e6,-1.0500504012376948,-0.8693272921435614,TIME_LIMIT,541297,0,0,16,7
2,8,2.489429e6,-1.0500504012376948,-0.8693272921435614,TIME_LIMIT,541316,0,0,11,17
2,8,2.489544e6,-1.050043814351331,-0.8693272921435614,TIME_LIMIT,541347,0,0,14,5
2,8,2.489673e6,-1.050043814351331,-0.8693272921435614,TIME_LIMIT,541374,0,0,14,7
2,8,2.48987e6,-1.0500330259933648,-0.8693272921435614,TIME_LIMIT,541408,0,0,18,11
2,8,2.490011e6,-1.0500330259933648,-0.8693272921435614,TIME_LIMIT,541433,0,0,19,19
2,8,2.490115e6,-1.0500215445639447,-0.8693272921435614,TIME_LIMIT,541462,0,0,10,3
2,8,2.490306e6,-1.0500215445639447,-0.8693272921435614,TIME_LIMIT,541486,0,0,19,5
2,8,2.490508e6,-1.0500213139912882,-0.8693272921435614,TIME_LIMIT,541518,0,0,18,11
2,8,2.490599e6,-1.0500213139912882,-0.8693272921435614,TIME_LIMIT,541539,0,0,10,16
2,8,2.490755e6,-1.0500102406652512,-0.8693272921435614,TIME_LIMIT,541566,0,0,11,8
2,8,2.490957e6,-1.0500102406652512,-0.8693272921435614,TIME_LIMIT,541592,0,0,18,31
2,8,2.491126e6,-1.0500018972687517,-0.8693272921435614,TIME_LIMIT,541626,0,0,18,6
2,8,2.491318e6,-1.0500018972687517,-0.8693272921435614,TIME_LIMIT,541652,0,0,10,9
2,8,2.491375e6,-1.049987456723818,-0.8693272921435614,TIME_LIMIT,541676,0,0,8,4
2,8,2.491492e6,-1.049987456723818,-0.8693272921435614,TIME_LIMIT,541694,0,0,11,7
2,8,2.491561e6,-1.0499836552740351,-0.8693272921435614,TIME_LIMIT,541721,0,0,5,3
2,8,2.491678e6,-1.0499836552740351,-0.8693272921435614,TIME_LIMIT,541744,0,0,15,10
2,8,2.491824e6,-1.049974986483805,-0.8693272921435614,TIME_LIMIT,541769,0,0,22,5
2,8,2.491903e6,-1.049974986483805,-0.8693272921435614,TIME_LIMIT,541789,0,0,13,13
2,8,2.491985e6,-1.0499748755031137,-0.8693272921435614,TIME_LIMIT,541816,0,0,8,5
2,8,2.492073e6,-1.0499748755031137,-0.8693272921435614,TIME_LIMIT,541841,0,0,12,4
2,8,2.492265e6,-1.0499740217618112,-0.8693272921435614,TIME_LIMIT,541870,0,0,14,6
2,8,2.492346e6,-1.0499740217618112,-0.8693272921435614,TIME_LIMIT,541886,0,0,12,7
2,8,2.492435e6,-1.0499710622932805,-0.8693272921435614,TIME_LIMIT,541908,0,0,6,6
2,8,2.4925e6,-1.0499710622932805,-0.8693272921435614,TIME_LIMIT,541927,0,0,17,8
2,8,2.492575e6,-1.0499703558719036,-0.8693272921435614,TIME_LIMIT,541953,0,0,10,5
2,8,2.492772e6,-1.0499703558719036,-0.8693272921435614,TIME_LIMIT,541979,0,0,23,19
2,8,2.492968e6,-1.0499652418381396,-0.8693272921435614,TIME_LIMIT,542016,0,0,19,12
2,8,2.493073e6,-1.0499652418381396,-0.8693272921435614,TIME_LIMIT,542037,0,0,14,16
2,8,2.493216e6,-1.049964865582524,-0.8693272921435614,TIME_LIMIT,542065,0,0,14,3
2,8,2.493299e6,-1.049964865582524,-0.8693272921435614,TIME_LIMIT,542084,0,0,16,15
2,8,2.493431e6,-1.0499646947925838,-0.8693272921435614,TIME_LIMIT,542125,0,0,15,10
2,8,2.493516e6,-1.0499646947925838,-0.8693272921435614,TIME_LIMIT,542147,0,0,6,3
2,8,2.493582e6,-1.0499586363271551,-0.8693272921435614,TIME_LIMIT,542170,0,0,6,8
2,8,2.493649e6,-1.0499586363271551,-0.8693272921435614,TIME_LIMIT,542185,0,0,13,10
2,8,2.493742e6,-1.049955731280526,-0.8693272921435614,TIME_LIMIT,542209,0,0,13,5
2,8,2.493812e6,-1.049955731280526,-0.8693272921435614,TIME_LIMIT,542229,0,0,12,18
2,8,2.493905e6,-1.049954920804034,-0.8693272921435614,TIME_LIMIT,542253,0,0,8,6
2,8,2.49403e6,-1.049954920804034,-0.8693272921435614,TIME_LIMIT,542275,0,0,19,14
2,8,2.494179e6,-1.0499498707416823,-0.8693272921435614,TIME_LIMIT,542310,0,0,13,17
2,8,2.494247e6,-1.0499498707416823,-0.8693272921435614,TIME_LIMIT,542326,0,0,13,7
2,8,2.494304e6,-1.0499471905308155,-0.8693272921435614,TIME_LIMIT,542348,0,0,9,2
2,8,2.494436e6,-1.0499471905308155,-0.8693272921435614,TIME_LIMIT,542369,0,0,16,20
2,8,2.494645e6,-1.049947089649589,-0.8693272921435614,TIME_LIMIT,542401,0,0,15,7
2,8,2.494736e6,-1.049947089649589,-0.8693272921435614,TIME_LIMIT,542424,0,0,7,13
2,8,2.49486e6,-1.049944450598326,-0.8693272921435614,TIME_LIMIT,542454,0,0,15,7
2,8,2.495062e6,-1.049944450598326,-0.8693272921435614,TIME_LIMIT,542476,0,0,10,21
2,8,2.495144e6,-1.0499428665414636,-0.8693272921435614,TIME_LIMIT,542499,0,0,11,6
2,8,2.49526e6,-1.0499428665414636,-0.8693272921435614,TIME_LIMIT,542517,0,0,13,19
2,8,2.495458e6,-1.0499366366130911,-0.8693272921435614,TIME_LIMIT,542547,0,0,13,13
2,8,2.495541e6,-1.0499366366130911,-0.8693272921435614,TIME_LIMIT,542571,0,0,17,19
2,8,2.495635e6,-1.0499364210055604,-0.8693272921435614,TIME_LIMIT,542595,0,0,17,10
2,8,2.495692e6,-1.0499364210055604,-0.8693272921435614,TIME_LIMIT,542626,0,0,17,3
2,8,2.495825e6,-1.049935549925354,-0.8693272921435614,TIME_LIMIT,542646,0,0,15,9
2,8,2.496025e6,-1.049935549925354,-0.8693272921435614,TIME_LIMIT,542673,0,0,21,20
2,8,2.496172e6,-1.0499243384458792,-0.8693272921435614,TIME_LIMIT,542697,0,0,22,14
2,8,2.496307e6,-1.0499243384458792,-0.8693272921435614,TIME_LIMIT,542720,0,0,18,11
2,8,2.496396e6,-1.0499221858476422,-0.8693272921435614,TIME_LIMIT,542744,0,0,12,4
2,8,2.496592e6,-1.0499221858476422,-0.8693272921435614,TIME_LIMIT,542776,0,0,8,8
2,8,2.49679e6,-1.0499202852183,-0.8693272921435614,TIME_LIMIT,542800,0,0,21,20
2,8,2.496885e6,-1.0499202852183,-0.8693272921435614,TIME_LIMIT,542823,0,0,15,9
2,8,2.497085e6,-1.0499202311583946,-0.8693272921435614,TIME_LIMIT,542854,0,0,15,10
2,8,2.497282e6,-1.0499202311583946,-0.8693272921435614,TIME_LIMIT,542881,0,0,28,21
2,8,2.49748e6,-1.0499160419485543,-0.8693272921435614,TIME_LIMIT,542921,0,0,18,13
2,8,2.497675e6,-1.0499160419485543,-0.8693272921435614,TIME_LIMIT,542940,0,0,17,17
2,8,2.49781e6,-1.049913392395928,-0.8693272921435614,TIME_LIMIT,542974,0,0,17,5
2,8,2.497916e6,-1.049913392395928,-0.8693272921435614,TIME_LIMIT,542996,0,0,14,8
2,8,2.497957e6,-1.049911921596394,-0.8693272921435614,TIME_LIMIT,543018,0,0,9,4
2,8,2.498039e6,-1.049911921596394,-0.8693272921435614,TIME_LIMIT,543036,0,0,15,9
2,8,2.498082e6,-1.0499089080332253,-0.8693272921435614,TIME_LIMIT,543056,0,0,8,1
2,8,2.498293e6,-1.0499089080332253,-0.8693272921435614,TIME_LIMIT,543080,0,0,15,12
2,8,2.498372e6,-1.0499011820244166,-0.8693272921435614,TIME_LIMIT,543106,0,0,14,3
2,8,2.498524e6,-1.0499011820244166,-0.8693272921435614,TIME_LIMIT,543130,0,0,8,25
2,8,2.498624e6,-1.0498953454003612,-0.8693272921435614,TIME_LIMIT,543161,0,0,11,13
2,8,2.498711e6,-1.0498953454003612,-0.8693272921435614,TIME_LIMIT,543181,0,0,8,14
2,8,2.498855e6,-1.0498862773078477,-0.8693272921435614,TIME_LIMIT,543215,0,0,10,10
2,8,2.498996e6,-1.0498862773078477,-0.8693272921435614,TIME_LIMIT,543237,0,0,10,8
2,8,2.499084e6,-1.0498845178385765,-0.8693272921435614,TIME_LIMIT,543255,0,0,6,4
2,8,2.499135e6,-1.0498845178385765,-0.8693272921435614,TIME_LIMIT,543272,0,0,9,7
2,8,2.499176e6,-1.0498823845351104,-0.8693272921435614,TIME_LIMIT,543293,0,0,7,4
2,8,2.499206e6,-1.0498823845351104,-0.8693272921435614,TIME_LIMIT,543308,0,0,10,3
2,8,2.499257e6,-1.0498781997264692,-0.8693272921435614,TIME_LIMIT,543324,0,0,6,3
2,8,2.499334e6,-1.0498781997264692,-0.8693272921435614,TIME_LIMIT,543345,0,0,10,5
2,8,2.499413e6,-1.0498752767151651,-0.8693272921435614,TIME_LIMIT,543364,0,0,8,4
2,8,2.499603e6,-1.0498752767151651,-0.8693272921435614,TIME_LIMIT,543389,0,0,14,14
2,8,2.499808e6,-1.0498604886717509,-0.8693272921435614,TIME_LIMIT,543421,0,0,13,2
2,8,2.49992e6,-1.0498604886717509,-0.8693272921435614,TIME_LIMIT,543449,0,0,18,18
2,8,2.500002e6,-1.0498487562811378,-0.8693272921435614,TIME_LIMIT,543483,0,0,13,6
2,8,2.500051e6,-1.0498487562811378,-0.8693272921435614,TIME_LIMIT,543496,0,0,10,3
2,8,2.500079e6,-1.0498411106912355,-0.8693272921435614,TIME_LIMIT,543513,0,0,4,4
2,8,2.500278e6,-1.0498411106912355,-0.8693272921435614,TIME_LIMIT,543536,0,0,15,19
2,8,2.500405e6,-1.0498402383340528,-0.8693272921435614,TIME_LIMIT,543569,0,0,15,11
2,8,2.500512e6,-1.0498402383340528,-0.8693272921435614,TIME_LIMIT,543583,0,0,17,8
2,8,2.500603e6,-1.04983903048582,-0.8693272921435614,TIME_LIMIT,543616,0,0,12,7
2,8,2.500704e6,-1.04983903048582,-0.8693272921435614,TIME_LIMIT,543635,0,0,15,12
2,8,2.500822e6,-1.0498370801540533,-0.8693272921435614,TIME_LIMIT,543664,0,0,9,4
2,8,2.500978e6,-1.0498370801540533,-0.8693272921435614,TIME_LIMIT,543697,0,0,15,25
2,8,2.501056e6,-1.0498355184959522,-0.8693272921435614,TIME_LIMIT,543717,0,0,8,4
2,8,2.501251e6,-1.0498355184959522,-0.8693272921435614,TIME_LIMIT,543736,0,0,10,6
2,8,2.50144e6,-1.049834854676849,-0.8693272921435614,TIME_LIMIT,543775,0,0,16,5
2,8,2.501518e6,-1.049834854676849,-0.8693272921435614,TIME_LIMIT,543794,0,0,17,9
2,8,2.501563e6,-1.0498337261585602,-0.8693272921435614,TIME_LIMIT,543816,0,0,7,1
2,8,2.501597e6,-1.0498337261585602,-0.8693272921435614,TIME_LIMIT,543832,0,0,11,9
2,8,2.501645e6,-1.049832976441618,-0.8693272921435614,TIME_LIMIT,543858,0,0,11,5
2,8,2.501696e6,-1.049832976441618,-0.8693272921435614,TIME_LIMIT,543877,0,0,17,4
2,8,2.501755e6,-1.0498260993943056,-0.8693272921435614,TIME_LIMIT,543901,0,0,8,8
2,8,2.501893e6,-1.0498260993943056,-0.8693272921435614,TIME_LIMIT,543921,0,0,21,16
2,8,2.502095e6,-1.049822185287113,-0.8693272921435614,TIME_LIMIT,543954,0,0,16,8
2,8,2.502208e6,-1.049822185287113,-0.8693272921435614,TIME_LIMIT,543975,0,0,18,16
2,8,2.502383e6,-1.0498211864894578,-0.8693272921435614,TIME_LIMIT,544006,0,0,13,7
2,8,2.502579e6,-1.0498211864894578,-0.8693272921435614,TIME_LIMIT,544033,0,0,19,22
2,8,2.502754e6,-1.049816167364479,-0.8693272921435614,TIME_LIMIT,544070,0,0,11,5
2,8,2.502884e6,-1.049816167364479,-0.8693272921435614,TIME_LIMIT,544093,0,0,17,12
2,8,2.503071e6,-1.0498086405942368,-0.8693272921435614,TIME_LIMIT,544125,0,0,6,6
2,8,2.50316e6,-1.0498086405942368,-0.8693272921435614,TIME_LIMIT,544146,0,0,13,14
2,8,2.503208e6,-1.049807859455994,-0.8693272921435614,TIME_LIMIT,544161,0,0,8,5
2,8,2.503389e6,-1.049807859455994,-0.8693272921435614,TIME_LIMIT,544187,0,0,24,21
2,8,2.503545e6,-1.0497995574278063,-0.8693272921435614,TIME_LIMIT,544226,0,0,17,12
2,8,2.503746e6,-1.0497995574278063,-0.8693272921435614,TIME_LIMIT,544245,0,0,20,26
2,8,2.503866e6,-1.0497987501887818,-0.8693272921435614,TIME_LIMIT,544280,0,0,11,10
2,8,2.503893e6,-1.0497987501887818,-0.8693272921435614,TIME_LIMIT,544294,0,0,7,1
2,8,2.503916e6,-1.0497986443113763,-0.8693272921435614,TIME_LIMIT,544300,0,0,1,2
2,8,2.504116e6,-1.0497986443113763,-0.8693272921435614,TIME_LIMIT,544321,0,0,19,11
2,8,2.50432e6,-1.0497843107112566,-0.8693272921435614,TIME_LIMIT,544362,0,0,23,5
2,8,2.504395e6,-1.0497843107112566,-0.8693272921435614,TIME_LIMIT,544386,0,0,15,11
2,8,2.504497e6,-1.0497827620004783,-0.8693272921435614,TIME_LIMIT,544418,0,0,11,8
2,8,2.504694e6,-1.0497827620004783,-0.8693272921435614,TIME_LIMIT,544440,0,0,18,13
2,8,2.504896e6,-1.0497791779755348,-0.8693272921435614,TIME_LIMIT,544475,0,0,18,6
2,8,2.505047e6,-1.0497791779755348,-0.8693272921435614,TIME_LIMIT,544501,0,0,14,5
2,8,2.505096e6,-1.0497624164595227,-0.8693272921435614,TIME_LIMIT,544518,0,0,8,10
2,8,2.505219e6,-1.0497624164595227,-0.8693272921435614,TIME_LIMIT,544545,0,0,11,8
2,8,2.505415e6,-1.049756587324245,-0.8693272921435614,TIME_LIMIT,544572,0,0,16,15
2,8,2.505619e6,-1.049756587324245,-0.8693272921435614,TIME_LIMIT,544590,0,0,19,17
2,8,2.505816e6,-1.0497483058208146,-0.8693272921435614,TIME_LIMIT,544624,0,0,14,7
2,8,2.505926e6,-1.0497483058208146,-0.8693272921435614,TIME_LIMIT,544639,0,0,4,12
2,8,2.506036e6,-1.0497410412687298,-0.8693272921435614,TIME_LIMIT,544667,0,0,12,4
2,8,2.506178e6,-1.0497410412687298,-0.8693272921435614,TIME_LIMIT,544693,0,0,23,20
2,8,2.506259e6,-1.0497397294214068,-0.8693272921435614,TIME_LIMIT,544724,0,0,14,7
2,8,2.506325e6,-1.0497397294214068,-0.8693272921435614,TIME_LIMIT,544749,0,0,15,23
2,8,2.50646e6,-1.0497378465720197,-0.8693272921435614,TIME_LIMIT,544784,0,0,10,7
2,8,2.506663e6,-1.0497378465720197,-0.8693272921435614,TIME_LIMIT,544808,0,0,18,19
2,8,2.506863e6,-1.0497333326241969,-0.8693272921435614,TIME_LIMIT,544850,0,0,15,10
2,8,2.506978e6,-1.0497333326241969,-0.8693272921435614,TIME_LIMIT,544867,0,0,15,8
2,8,2.50703e6,-1.0497299184298285,-0.8693272921435614,TIME_LIMIT,544890,0,0,4,5
2,8,2.507086e6,-1.0497299184298285,-0.8693272921435614,TIME_LIMIT,544909,0,0,7,14
2,8,2.507147e6,-1.0497234478720832,-0.8693272921435614,TIME_LIMIT,544933,0,0,9,7
2,8,2.507344e6,-1.0497234478720832,-0.8693272921435614,TIME_LIMIT,544960,0,0,22,26
2,8,2.50754e6,-1.0497233852092434,-0.8693272921435614,TIME_LIMIT,544991,0,0,12,6
2,8,2.507711e6,-1.0497233852092434,-0.8693272921435614,TIME_LIMIT,545009,0,0,15,12
2,8,2.507796e6,-1.0497219059671488,-0.8693272921435614,TIME_LIMIT,545033,0,0,13,2
2,8,2.507841e6,-1.0497219059671488,-0.8693272921435614,TIME_LIMIT,545049,0,0,14,7
2,8,2.507867e6,-1.0497153714800451,-0.8693272921435614,TIME_LIMIT,545066,0,0,7,2
2,8,2.507918e6,-1.0497153714800451,-0.8693272921435614,TIME_LIMIT,545088,0,0,11,7
2,8,2.507956e6,-1.0497120740991508,-0.8693272921435614,TIME_LIMIT,545103,0,0,6,10
2,8,2.507993e6,-1.0497120740991508,-0.8693272921435614,TIME_LIMIT,545121,0,0,17,6
2,8,2.508083e6,-1.0497094963142144,-0.8693272921435614,TIME_LIMIT,545148,0,0,9,8
2,8,2.508291e6,-1.0497094963142144,-0.8693272921435614,TIME_LIMIT,545185,0,0,17,18
2,8,2.508493e6,-1.0497013042946506,-0.8693272921435614,TIME_LIMIT,545207,0,0,14,12
2,8,2.508619e6,-1.0497013042946506,-0.8693272921435614,TIME_LIMIT,545225,0,0,13,23
2,8,2.508821e6,-1.0497008595389672,-0.8693272921435614,TIME_LIMIT,545260,0,0,15,13
2,8,2.508911e6,-1.0497008595389672,-0.8693272921435614,TIME_LIMIT,545278,0,0,12,12
2,8,2.509015e6,-1.049698052880898,-0.8693272921435614,TIME_LIMIT,545306,0,0,14,5
2,8,2.509107e6,-1.049698052880898,-0.8693272921435614,TIME_LIMIT,545325,0,0,17,17
2,8,2.509203e6,-1.0496960411814085,-0.8693272921435614,TIME_LIMIT,545352,0,0,11,5
2,8,2.509309e6,-1.0496960411814085,-0.8693272921435614,TIME_LIMIT,545373,0,0,9,14
2,8,2.50951e6,-1.0496904870832116,-0.8693272921435614,TIME_LIMIT,545408,0,0,14,9
2,8,2.509707e6,-1.0496904870832116,-0.8693272921435614,TIME_LIMIT,545431,0,0,20,10
2,8,2.509892e6,-1.0496897048185327,-0.8693272921435614,TIME_LIMIT,545457,0,0,11,5
2,8,2.510008e6,-1.0496897048185327,-0.8693272921435614,TIME_LIMIT,545483,0,0,15,5
2,8,2.510057e6,-1.0496815595332887,-0.8693272921435614,TIME_LIMIT,545507,0,0,10,11
2,8,2.510141e6,-1.0496815595332887,-0.8693272921435614,TIME_LIMIT,545525,0,0,12,11
2,8,2.510185e6,-1.0496731023644248,-0.8693272921435614,TIME_LIMIT,545548,0,0,6,8
2,8,2.510341e6,-1.0496731023644248,-0.8693272921435614,TIME_LIMIT,545579,0,0,11,5
2,8,2.510415e6,-1.0496726458509942,-0.8693272921435614,TIME_LIMIT,545605,0,0,13,6
2,8,2.510507e6,-1.0496726458509942,-0.8693272921435614,TIME_LIMIT,545621,0,0,9,4
2,8,2.510624e6,-1.0496690624889555,-0.8693272921435614,TIME_LIMIT,545644,0,0,10,4
2,8,2.51077e6,-1.0496690624889555,-0.8693272921435614,TIME_LIMIT,545673,0,0,18,33
2,8,2.51098e6,-1.0496659025601365,-0.8693272921435614,TIME_LIMIT,545706,0,0,18,12
2,8,2.511177e6,-1.0496659025601365,-0.8693272921435614,TIME_LIMIT,545727,0,0,17,13
2,8,2.511257e6,-1.0496606217635414,-0.8693272921435614,TIME_LIMIT,545754,0,0,8,6
2,8,2.511457e6,-1.0496606217635414,-0.8693272921435614,TIME_LIMIT,545779,0,0,22,18
2,8,2.511658e6,-1.049660016511281,-0.8693272921435614,TIME_LIMIT,545812,0,0,16,12
2,8,2.511695e6,-1.049660016511281,-0.8693272921435614,TIME_LIMIT,545829,0,0,6,10
2,8,2.511732e6,-1.0496587083458024,-0.8693272921435614,TIME_LIMIT,545845,0,0,7,8
2,8,2.511935e6,-1.0496587083458024,-0.8693272921435614,TIME_LIMIT,545870,0,0,24,30
2,8,2.512106e6,-1.0496583586503498,-0.8693272921435614,TIME_LIMIT,545907,0,0,12,10
2,8,2.512219e6,-1.0496583586503498,-0.8693272921435614,TIME_LIMIT,545927,0,0,15,12
2,8,2.512298e6,-1.049657493107786,-0.8693272921435614,TIME_LIMIT,545952,0,0,13,6
2,8,2.51243e6,-1.049657493107786,-0.8693272921435614,TIME_LIMIT,545971,0,0,10,17
2,8,2.512573e6,-1.049657194044441,-0.8693272921435614,TIME_LIMIT,546002,0,0,9,9
2,8,2.512663e6,-1.049657194044441,-0.8693272921435614,TIME_LIMIT,546027,0,0,24,34
2,8,2.512787e6,-1.049653535058444,-0.8693272921435614,TIME_LIMIT,546057,0,0,13,9
2,8,2.512851e6,-1.049653535058444,-0.8693272921435614,TIME_LIMIT,546072,0,0,16,10
2,8,2.512885e6,-1.0496531332488355,-0.8693272921435614,TIME_LIMIT,546095,0,0,10,5
2,8,2.512933e6,-1.0496531332488355,-0.8693272921435614,TIME_LIMIT,546106,0,0,7,5
2,8,2.512953e6,-1.0496465131495796,-0.8693272921435614,TIME_LIMIT,546117,0,0,3,1
2,8,2.513152e6,-1.0496465131495796,-0.8693272921435614,TIME_LIMIT,546135,0,0,14,12
2,8,2.513265e6,-1.0496433972650774,-0.8693272921435614,TIME_LIMIT,546155,0,0,19,10
2,8,2.513376e6,-1.0496433972650774,-0.8693272921435614,TIME_LIMIT,546178,0,0,16,9
2,8,2.513558e6,-1.049637972207191,-0.8693272921435614,TIME_LIMIT,546212,0,0,13,9
2,8,2.513664e6,-1.049637972207191,-0.8693272921435614,TIME_LIMIT,546235,0,0,7,12
2,8,2.513714e6,-1.0496347001815827,-0.8693272921435614,TIME_LIMIT,546254,0,0,16,6
2,8,2.513854e6,-1.0496347001815827,-0.8693272921435614,TIME_LIMIT,546278,0,0,13,5
2,8,2.513929e6,-1.0496323731201471,-0.8693272921435614,TIME_LIMIT,546301,0,0,12,5
2,8,2.514126e6,-1.0496323731201471,-0.8693272921435614,TIME_LIMIT,546319,0,0,18,18
2,8,2.514277e6,-1.0496323342502567,-0.8693272921435614,TIME_LIMIT,546359,0,0,18,14
2,8,2.514361e6,-1.0496323342502567,-0.8693272921435614,TIME_LIMIT,546382,0,0,13,12
2,8,2.51444e6,-1.049631025107769,-0.8693272921435614,TIME_LIMIT,546406,0,0,8,4
2,8,2.514623e6,-1.049631025107769,-0.8693272921435614,TIME_LIMIT,546438,0,0,17,24
2,8,2.514823e6,-1.0496212801906264,-0.8693272921435614,TIME_LIMIT,546475,0,0,17,20
2,8,2.51487e6,-1.0496212801906264,-0.8693272921435614,TIME_LIMIT,546491,0,0,12,4
2,8,2.514937e6,-1.0496044600827013,-0.8693272921435614,TIME_LIMIT,546511,0,0,6,2
2,8,2.515036e6,-1.0496044600827013,-0.8693272921435614,TIME_LIMIT,546538,0,0,11,12
2,8,2.515158e6,-1.0496003659367927,-0.8693272921435614,TIME_LIMIT,546573,0,0,15,7
2,8,2.515252e6,-1.0496003659367927,-0.8693272921435614,TIME_LIMIT,546596,0,0,19,16
2,8,2.515345e6,-1.0495998824206307,-0.8693272921435614,TIME_LIMIT,546628,0,0,11,4
2,8,2.515428e6,-1.0495998824206307,-0.8693272921435614,TIME_LIMIT,546647,0,0,12,17
2,8,2.515526e6,-1.0495903361262702,-0.8693272921435614,TIME_LIMIT,546672,0,0,10,15
2,8,2.515642e6,-1.0495903361262702,-0.8693272921435614,TIME_LIMIT,546700,0,0,13,8
2,8,2.51569e6,-1.0495882789224242,-0.8693272921435614,TIME_LIMIT,546719,0,0,13,9
2,8,2.515738e6,-1.0495882789224242,-0.8693272921435614,TIME_LIMIT,546733,0,0,10,10
2,8,2.515827e6,-1.0495855692212679,-0.8693272921435614,TIME_LIMIT,546755,0,0,8,5
2,8,2.515959e6,-1.0495855692212679,-0.8693272921435614,TIME_LIMIT,546786,0,0,21,26
2,8,2.516161e6,-1.0495849170857654,-0.8693272921435614,TIME_LIMIT,546813,0,0,7,7
2,8,2.516266e6,-1.0495849170857654,-0.8693272921435614,TIME_LIMIT,546831,0,0,8,14
2,8,2.516328e6,-1.049582841641545,-0.8693272921435614,TIME_LIMIT,546854,0,0,6,9
2,8,2.516383e6,-1.049582841641545,-0.8693272921435614,TIME_LIMIT,546865,0,0,9,6
2,8,2.516438e6,-1.0495806883804615,-0.8693272921435614,TIME_LIMIT,546888,0,0,9,3
2,8,2.516631e6,-1.0495806883804615,-0.8693272921435614,TIME_LIMIT,546915,0,0,6,29
2,8,2.516836e6,-1.0495804277453729,-0.8693272921435614,TIME_LIMIT,546945,0,0,8,5
2,8,2.516907e6,-1.0495804277453729,-0.8693272921435614,TIME_LIMIT,546967,0,0,16,26
2,8,2.517097e6,-1.0495717718357311,-0.8693272921435614,TIME_LIMIT,547002,0,0,12,5
2,8,2.51716e6,-1.0495717718357311,-0.8693272921435614,TIME_LIMIT,547020,0,0,15,13
2,8,2.51728e6,-1.0495638503218017,-0.8693272921435614,TIME_LIMIT,547061,0,0,9,5
2,8,2.517359e6,-1.0495638503218017,-0.8693272921435614,TIME_LIMIT,547079,0,0,20,27
2,8,2.51744e6,-1.0495578966823962,-0.8693272921435614,TIME_LIMIT,547108,0,0,13,10
2,8,2.517636e6,-1.0495578966823962,-0.8693272921435614,TIME_LIMIT,547130,0,0,20,18
2,8,2.517804e6,-1.0495548289390237,-0.8693272921435614,TIME_LIMIT,547161,0,0,16,8
2,8,2.518012e6,-1.0495548289390237,-0.8693272921435614,TIME_LIMIT,547187,0,0,16,21
2,8,2.518209e6,-1.0495508834407816,-0.8693272921435614,TIME_LIMIT,547221,0,0,18,11
2,8,2.518297e6,-1.0495508834407816,-0.8693272921435614,TIME_LIMIT,547240,0,0,13,11
2,8,2.518503e6,-1.0495451445256736,-0.8693272921435614,TIME_LIMIT,547270,0,0,13,4
2,8,2.518642e6,-1.0495451445256736,-0.8693272921435614,TIME_LIMIT,547298,0,0,19,10
2,8,2.518713e6,-1.0495448561457366,-0.8693272921435614,TIME_LIMIT,547316,0,0,10,8
2,8,2.518911e6,-1.0495448561457366,-0.8693272921435614,TIME_LIMIT,547343,0,0,11,11
2,8,2.518979e6,-1.0495443361978454,-0.8693272921435614,TIME_LIMIT,547360,0,0,13,6
2,8,2.519032e6,-1.0495443361978454,-0.8693272921435614,TIME_LIMIT,547380,0,0,11,10
2,8,2.519093e6,-1.0495435189863755,-0.8693272921435614,TIME_LIMIT,547409,0,0,13,6
2,8,2.519179e6,-1.0495435189863755,-0.8693272921435614,TIME_LIMIT,547431,0,0,14,9
2,8,2.519329e6,-1.0495403920889848,-0.8693272921435614,TIME_LIMIT,547461,0,0,9,15
2,8,2.519404e6,-1.0495403920889848,-0.8693272921435614,TIME_LIMIT,547481,0,0,7,7
2,8,2.519452e6,-1.049539309165188,-0.8693272921435614,TIME_LIMIT,547499,0,0,6,4
2,8,2.519584e6,-1.049539309165188,-0.8693272921435614,TIME_LIMIT,547525,0,0,15,13
2,8,2.51964e6,-1.0495283818081487,-0.8693272921435614,TIME_LIMIT,547550,0,0,11,5
2,8,2.519829e6,-1.0495283818081487,-0.8693272921435614,TIME_LIMIT,547584,0,0,20,8
2,8,2.519972e6,-1.0495184625198595,-0.8693272921435614,TIME_LIMIT,547605,0,0,7,14
2,8,2.520044e6,-1.0495184625198595,-0.8693272921435614,TIME_LIMIT,547622,0,0,15,7
2,8,2.520099e6,-1.0495174742901636,-0.8693272921435614,TIME_LIMIT,547636,0,0,10,3
2,8,2.520293e6,-1.0495174742901636,-0.8693272921435614,TIME_LIMIT,547656,0,0,7,15
2,8,2.520488e6,-1.0495144939683265,-0.8693272921435614,TIME_LIMIT,547687,0,0,14,8
2,8,2.520674e6,-1.0495144939683265,-0.8693272921435614,TIME_LIMIT,547716,0,0,16,20
2,8,2.520797e6,-1.0495139692305906,-0.8693272921435614,TIME_LIMIT,547745,0,0,10,1
2,8,2.520998e6,-1.0495139692305906,-0.8693272921435614,TIME_LIMIT,547772,0,0,26,17
2,8,2.521194e6,-1.0495124632645592,-0.8693272921435614,TIME_LIMIT,547807,0,0,13,6
2,8,2.521395e6,-1.0495124632645592,-0.8693272921435614,TIME_LIMIT,547834,0,0,20,16
2,8,2.521472e6,-1.049509294344391,-0.8693272921435614,TIME_LIMIT,547864,0,0,4,6
2,8,2.521586e6,-1.049509294344391,-0.8693272921435614,TIME_LIMIT,547888,0,0,22,23
2,8,2.521744e6,-1.0495065829694257,-0.8693272921435614,TIME_LIMIT,547923,0,0,15,11
2,8,2.52194e6,-1.0495065829694257,-0.8693272921435614,TIME_LIMIT,547950,0,0,13,19
2,8,2.522088e6,-1.0495023685899496,-0.8693272921435614,TIME_LIMIT,547983,0,0,13,6
2,8,2.522258e6,-1.0495023685899496,-0.8693272921435614,TIME_LIMIT,548010,0,0,15,19
2,8,2.52239e6,-1.0494984204743314,-0.8693272921435614,TIME_LIMIT,548036,0,0,12,7
2,8,2.522448e6,-1.0494984204743314,-0.8693272921435614,TIME_LIMIT,548053,0,0,15,10
2,8,2.52255e6,-1.0494976259105044,-0.8693272921435614,TIME_LIMIT,548083,0,0,12,1
2,8,2.522597e6,-1.0494976259105044,-0.8693272921435614,TIME_LIMIT,548101,0,0,12,4
2,8,2.522631e6,-1.0494966762656424,-0.8693272921435614,TIME_LIMIT,548116,0,0,4,6
2,8,2.522699e6,-1.0494966762656424,-0.8693272921435614,TIME_LIMIT,548134,0,0,6,10
2,8,2.522774e6,-1.0494960848950858,-0.8693272921435614,TIME_LIMIT,548159,0,0,9,7
2,8,2.522855e6,-1.0494960848950858,-0.8693272921435614,TIME_LIMIT,548182,0,0,16,10
2,8,2.522976e6,-1.049488151813966,-0.8693272921435614,TIME_LIMIT,548215,0,0,10,10
2,8,2.523173e6,-1.049488151813966,-0.8693272921435614,TIME_LIMIT,548239,0,0,22,13
2,8,2.523344e6,-1.0494878070737106,-0.8693272921435614,TIME_LIMIT,548272,0,0,16,13
2,8,2.523379e6,-1.0494878070737106,-0.8693272921435614,TIME_LIMIT,548283,0,0,6,9
2,8,2.523403e6,-1.0494870398823681,-0.8693272921435614,TIME_LIMIT,548298,0,0,5,4
2,8,2.523492e6,-1.0494870398823681,-0.8693272921435614,TIME_LIMIT,548321,0,0,14,16
2,8,2.523583e6,-1.0494868547551062,-0.8693272921435614,TIME_LIMIT,548349,0,0,11,10
2,8,2.523767e6,-1.0494868547551062,-0.8693272921435614,TIME_LIMIT,548374,0,0,13,15
2,8,2.523894e6,-1.0494817344689116,-0.8693272921435614,TIME_LIMIT,548406,0,0,15,11
2,8,2.524033e6,-1.0494817344689116,-0.8693272921435614,TIME_LIMIT,548429,0,0,10,13
2,8,2.524108e6,-1.049467682372752,-0.8693272921435614,TIME_LIMIT,548456,0,0,9,5
2,8,2.524158e6,-1.049467682372752,-0.8693272921435614,TIME_LIMIT,548476,0,0,13,5
2,8,2.524198e6,-1.0494659802190243,-0.8693272921435614,TIME_LIMIT,548495,0,0,6,6
2,8,2.524387e6,-1.0494659802190243,-0.8693272921435614,TIME_LIMIT,548518,0,0,18,18
2,8,2.524588e6,-1.049464206599465,-0.8693272921435614,TIME_LIMIT,548550,0,0,14,7
2,8,2.52467e6,-1.049464206599465,-0.8693272921435614,TIME_LIMIT,548573,0,0,12,9
2,8,2.524714e6,-1.0494598877954564,-0.8693272921435614,TIME_LIMIT,548593,0,0,5,6
2,8,2.524829e6,-1.0494598877954564,-0.8693272921435614,TIME_LIMIT,548620,0,0,26,14
2,8,2.525024e6,-1.0494504203775272,-0.8693272921435614,TIME_LIMIT,548659,0,0,16,6
2,8,2.525075e6,-1.0494504203775272,-0.8693272921435614,TIME_LIMIT,548676,0,0,6,13
2,8,2.525122e6,-1.049449723244011,-0.8693272921435614,TIME_LIMIT,548698,0,0,9,4
2,8,2.525264e6,-1.049449723244011,-0.8693272921435614,TIME_LIMIT,548723,0,0,18,9
2,8,2.525306e6,-1.0494407026025587,-0.8693272921435614,TIME_LIMIT,548746,0,0,5,3
2,8,2.525497e6,-1.0494407026025587,-0.8693272921435614,TIME_LIMIT,548770,0,0,20,16
2,8,2.525609e6,-1.0494381518518354,-0.8693272921435614,TIME_LIMIT,548801,0,0,12,15
2,8,2.525784e6,-1.0494381518518354,-0.8693272921435614,TIME_LIMIT,548824,0,0,17,23
2,8,2.525964e6,-1.049437930340593,-0.8693272921435614,TIME_LIMIT,548860,0,0,16,10
2,8,2.526004e6,-1.049437930340593,-0.8693272921435614,TIME_LIMIT,548872,0,0,5,6
2,8,2.526051e6,-1.049426456922212,-0.8693272921435614,TIME_LIMIT,548885,0,0,5,4
2,8,2.526102e6,-1.049426456922212,-0.8693272921435614,TIME_LIMIT,548898,0,0,12,6
2,8,2.526181e6,-1.0494175293146795,-0.8693272921435614,TIME_LIMIT,548924,0,0,7,4
2,8,2.526371e6,-1.0494175293146795,-0.8693272921435614,TIME_LIMIT,548948,0,0,16,44
2,8,2.526578e6,-1.04940329805209,-0.8693272921435614,TIME_LIMIT,548993,0,0,18,25
2,8,2.526777e6,-1.04940329805209,-0.8693272921435614,TIME_LIMIT,549018,0,0,21,9
2,8,2.526958e6,-1.0494006235718518,-0.8693272921435614,TIME_LIMIT,549055,0,0,16,13
2,8,2.527108e6,-1.0494006235718518,-0.8693272921435614,TIME_LIMIT,549079,0,0,6,11
2,8,2.527179e6,-1.0493945877081026,-0.8693272921435614,TIME_LIMIT,549101,0,0,9,2
2,8,2.527265e6,-1.0493945877081026,-0.8693272921435614,TIME_LIMIT,549122,0,0,15,15
2,8,2.52735e6,-1.049386492168678,-0.8693272921435614,TIME_LIMIT,549140,0,0,9,9
2,8,2.527525e6,-1.049386492168678,-0.8693272921435614,TIME_LIMIT,549159,0,0,13,13
2,8,2.527575e6,-1.0493815937159092,-0.8693272921435614,TIME_LIMIT,549183,0,0,12,3
2,8,2.527711e6,-1.0493815937159092,-0.8693272921435614,TIME_LIMIT,549207,0,0,25,25
2,8,2.52791e6,-1.049372142849774,-0.8693272921435614,TIME_LIMIT,549247,0,0,14,12
2,8,2.528106e6,-1.049372142849774,-0.8693272921435614,TIME_LIMIT,549267,0,0,10,4
2,8,2.528216e6,-1.0493716833049063,-0.8693272921435614,TIME_LIMIT,549288,0,0,12,8
2,8,2.528383e6,-1.0493716833049063,-0.8693272921435614,TIME_LIMIT,549312,0,0,4,9
2,8,2.528584e6,-1.0493715789864664,-0.8693272921435614,TIME_LIMIT,549342,0,0,14,10
2,8,2.52872e6,-1.0493715789864664,-0.8693272921435614,TIME_LIMIT,549356,0,0,15,11
2,8,2.52884e6,-1.0493704575054177,-0.8693272921435614,TIME_LIMIT,549381,0,0,11,5
2,8,2.528931e6,-1.0493704575054177,-0.8693272921435614,TIME_LIMIT,549395,0,0,11,12
2,8,2.529128e6,-1.0493697174598111,-0.8693272921435614,TIME_LIMIT,549427,0,0,14,6
2,8,2.529241e6,-1.0493697174598111,-0.8693272921435614,TIME_LIMIT,549452,0,0,21,12
2,8,2.529437e6,-1.0493688102034004,-0.8693272921435614,TIME_LIMIT,549487,0,0,18,6
2,8,2.529493e6,-1.0493688102034004,-0.8693272921435614,TIME_LIMIT,549512,0,0,11,10
2,8,2.529537e6,-1.0493615964284326,-0.8693272921435614,TIME_LIMIT,549529,0,0,8,4
2,8,2.529585e6,-1.0493615964284326,-0.8693272921435614,TIME_LIMIT,549551,0,0,7,4
2,8,2.529607e6,-1.0493607509608365,-0.8693272921435614,TIME_LIMIT,549562,0,0,2,2
2,8,2.529667e6,-1.0493607509608365,-0.8693272921435614,TIME_LIMIT,549584,0,0,20,20
2,8,2.529753e6,-1.049357404083453,-0.8693272921435614,TIME_LIMIT,549615,0,0,9,8
2,8,2.529812e6,-1.049357404083453,-0.8693272921435614,TIME_LIMIT,549634,0,0,17,10
2,8,2.529875e6,-1.0493548753186848,-0.8693272921435614,TIME_LIMIT,549649,0,0,9,12
2,8,2.530023e6,-1.0493548753186848,-0.8693272921435614,TIME_LIMIT,549667,0,0,19,11
2,8,2.530126e6,-1.0493534807198754,-0.8693272921435614,TIME_LIMIT,549701,0,0,17,4
2,8,2.5303e6,-1.0493534807198754,-0.8693272921435614,TIME_LIMIT,549729,0,0,18,12
2,8,2.530497e6,-1.0493394894258108,-0.8693272921435614,TIME_LIMIT,549764,0,0,14,14
2,8,2.530625e6,-1.0493394894258108,-0.8693272921435614,TIME_LIMIT,549785,0,0,17,15
2,8,2.53081e6,-1.0493382789272792,-0.8693272921435614,TIME_LIMIT,549816,0,0,11,14
2,8,2.530942e6,-1.0493382789272792,-0.8693272921435614,TIME_LIMIT,549839,0,0,6,16
2,8,2.531024e6,-1.049334808386747,-0.8693272921435614,TIME_LIMIT,549868,0,0,12,14
2,8,2.531075e6,-1.049334808386747,-0.8693272921435614,TIME_LIMIT,549884,0,0,9,11
2,8,2.531118e6,-1.049330392428492,-0.8693272921435614,TIME_LIMIT,549906,0,0,8,6
2,8,2.531169e6,-1.049330392428492,-0.8693272921435614,TIME_LIMIT,549925,0,0,10,10
2,8,2.53122e6,-1.0493301473231773,-0.8693272921435614,TIME_LIMIT,549948,0,0,9,4
2,8,2.531343e6,-1.0493301473231773,-0.8693272921435614,TIME_LIMIT,549971,0,0,13,6
2,8,2.531419e6,-1.0493300624420205,-0.8693272921435614,TIME_LIMIT,549994,0,0,8,5
2,8,2.531587e6,-1.0493300624420205,-0.8693272921435614,TIME_LIMIT,550020,0,0,20,18
2,8,2.531701e6,-1.0493299407846182,-0.8693272921435614,TIME_LIMIT,550055,0,0,14,7
2,8,2.531903e6,-1.0493299407846182,-0.8693272921435614,TIME_LIMIT,550077,0,0,20,25
2,8,2.53206e6,-1.0493294840882936,-0.8693272921435614,TIME_LIMIT,550117,0,0,16,12
2,8,2.532257e6,-1.0493294840882936,-0.8693272921435614,TIME_LIMIT,550141,0,0,17,17
2,8,2.532377e6,-1.0493287095127841,-0.8693272921435614,TIME_LIMIT,550178,0,0,17,10
2,8,2.532459e6,-1.0493287095127841,-0.8693272921435614,TIME_LIMIT,550203,0,0,14,9
2,8,2.532546e6,-1.0493267984637376,-0.8693272921435614,TIME_LIMIT,550226,0,0,12,9
2,8,2.532661e6,-1.0493267984637376,-0.8693272921435614,TIME_LIMIT,550248,0,0,8,16
2,8,2.532774e6,-1.0493264994628198,-0.8693272921435614,TIME_LIMIT,550276,0,0,16,9
2,8,2.532824e6,-1.0493264994628198,-0.8693272921435614,TIME_LIMIT,550294,0,0,12,8
2,8,2.532892e6,-1.0493195053632027,-0.8693272921435614,TIME_LIMIT,550318,0,0,9,4
2,8,2.533086e6,-1.0493195053632027,-0.8693272921435614,TIME_LIMIT,550341,0,0,10,7
2,8,2.533284e6,-1.0493126372588808,-0.8693272921435614,TIME_LIMIT,550373,0,0,14,12
2,8,2.533469e6,-1.0493126372588808,-0.8693272921435614,TIME_LIMIT,550398,0,0,20,9
2,8,2.533603e6,-1.0493108752896358,-0.8693272921435614,TIME_LIMIT,550434,0,0,16,5
2,8,2.533801e6,-1.0493108752896358,-0.8693272921435614,TIME_LIMIT,550456,0,0,7,13
2,8,2.533973e6,-1.0493083858000758,-0.8693272921435614,TIME_LIMIT,550497,0,0,12,10
2,8,2.534032e6,-1.0493083858000758,-0.8693272921435614,TIME_LIMIT,550518,0,0,17,18
2,8,2.534136e6,-1.0493072407150847,-0.8693272921435614,TIME_LIMIT,550548,0,0,11,8
2,8,2.534189e6,-1.0493072407150847,-0.8693272921435614,TIME_LIMIT,550561,0,0,12,8
2,8,2.53426e6,-1.049305970754279,-0.8693272921435614,TIME_LIMIT,550591,0,0,10,5
2,8,2.534403e6,-1.049305970754279,-0.8693272921435614,TIME_LIMIT,550619,0,0,16,11
2,8,2.534599e6,-1.049304759864051,-0.8693272921435614,TIME_LIMIT,550654,0,0,9,7
2,8,2.534675e6,-1.049304759864051,-0.8693272921435614,TIME_LIMIT,550674,0,0,13,12
2,8,2.534726e6,-1.0493044562763834,-0.8693272921435614,TIME_LIMIT,550696,0,0,10,6
2,8,2.534925e6,-1.0493044562763834,-0.8693272921435614,TIME_LIMIT,550719,0,0,18,24
2,8,2.534996e6,-1.0493030421627632,-0.8693272921435614,TIME_LIMIT,550744,0,0,15,6
2,8,2.535089e6,-1.0493030421627632,-0.8693272921435614,TIME_LIMIT,550768,0,0,18,24
2,8,2.535287e6,-1.0493001519982446,-0.8693272921435614,TIME_LIMIT,550808,0,0,20,9
2,8,2.535458e6,-1.0493001519982446,-0.8693272921435614,TIME_LIMIT,550831,0,0,24,25
2,8,2.53557e6,-1.04929694593058,-0.8693272921435614,TIME_LIMIT,550871,0,0,20,9
2,8,2.535772e6,-1.04929694593058,-0.8693272921435614,TIME_LIMIT,550897,0,0,14,40
2,8,2.53598e6,-1.0492911703651635,-0.8693272921435614,TIME_LIMIT,550930,0,0,9,6
2,8,2.536179e6,-1.0492911703651635,-0.8693272921435614,TIME_LIMIT,550951,0,0,16,16
2,8,2.536309e6,-1.0492875513583466,-0.8693272921435614,TIME_LIMIT,550985,0,0,10,10
2,8,2.536411e6,-1.0492875513583466,-0.8693272921435614,TIME_LIMIT,551006,0,0,12,8
2,8,2.5365e6,-1.0492801456650014,-0.8693272921435614,TIME_LIMIT,551027,0,0,8,4
2,8,2.536576e6,-1.0492801456650014,-0.8693272921435614,TIME_LIMIT,551053,0,0,14,9
2,8,2.536643e6,-1.0492780739174745,-0.8693272921435614,TIME_LIMIT,551073,0,0,16,5
2,8,2.536781e6,-1.0492780739174745,-0.8693272921435614,TIME_LIMIT,551097,0,0,6,20
2,8,2.536974e6,-1.0492711959438452,-0.8693272921435614,TIME_LIMIT,551130,0,0,15,12
2,8,2.537017e6,-1.0492711959438452,-0.8693272921435614,TIME_LIMIT,551155,0,0,16,6
2,8,2.537105e6,-1.0492673763050684,-0.8693272921435614,TIME_LIMIT,551175,0,0,15,11
2,8,2.537153e6,-1.0492673763050684,-0.8693272921435614,TIME_LIMIT,551192,0,0,9,2
2,8,2.537184e6,-1.0492639795361005,-0.8693272921435614,TIME_LIMIT,551204,0,0,6,3
2,8,2.537251e6,-1.0492639795361005,-0.8693272921435614,TIME_LIMIT,551221,0,0,5,17
2,8,2.537288e6,-1.0492618839991203,-0.8693272921435614,TIME_LIMIT,551246,0,0,7,5
2,8,2.537338e6,-1.0492618839991203,-0.8693272921435614,TIME_LIMIT,551260,0,0,13,14
2,8,2.537409e6,-1.0492604479791907,-0.8693272921435614,TIME_LIMIT,551285,0,0,9,4
2,8,2.537473e6,-1.0492604479791907,-0.8693272921435614,TIME_LIMIT,551303,0,0,8,4
2,8,2.53752e6,-1.0492602261457236,-0.8693272921435614,TIME_LIMIT,551321,0,0,9,8
2,8,2.537656e6,-1.0492602261457236,-0.8693272921435614,TIME_LIMIT,551346,0,0,17,24
2,8,2.537846e6,-1.04925775038814,-0.8693272921435614,TIME_LIMIT,551375,0,0,12,5
2,8,2.537889e6,-1.04925775038814,-0.8693272921435614,TIME_LIMIT,551396,0,0,9,10
2,8,2.537922e6,-1.0492572139359049,-0.8693272921435614,TIME_LIMIT,551412,0,0,3,4
2,8,2.538012e6,-1.0492572139359049,-0.8693272921435614,TIME_LIMIT,551437,0,0,15,10
2,8,2.538062e6,-1.0492487193986182,-0.8693272921435614,TIME_LIMIT,551456,0,0,11,6
2,8,2.538157e6,-1.0492487193986182,-0.8693272921435614,TIME_LIMIT,551471,0,0,10,12
2,8,2.53821e6,-1.0492436155521117,-0.8693272921435614,TIME_LIMIT,551493,0,0,8,6
2,8,2.53835e6,-1.0492436155521117,-0.8693272921435614,TIME_LIMIT,551516,0,0,16,11
2,8,2.538476e6,-1.0492399510214097,-0.8693272921435614,TIME_LIMIT,551546,0,0,15,4
2,8,2.538605e6,-1.0492399510214097,-0.8693272921435614,TIME_LIMIT,551571,0,0,8,14
2,8,2.538683e6,-1.0492385279790644,-0.8693272921435614,TIME_LIMIT,551594,0,0,10,6
2,8,2.538825e6,-1.0492385279790644,-0.8693272921435614,TIME_LIMIT,551617,0,0,17,15
2,8,2.538903e6,-1.049222808445737,-0.8693272921435614,TIME_LIMIT,551648,0,0,16,7
2,8,2.539049e6,-1.049222808445737,-0.8693272921435614,TIME_LIMIT,551667,0,0,13,11
2,8,2.53913e6,-1.0492211523963002,-0.8693272921435614,TIME_LIMIT,551689,0,0,8,4
2,8,2.539276e6,-1.0492211523963002,-0.8693272921435614,TIME_LIMIT,551711,0,0,14,6
2,8,2.539438e6,-1.0492142960250102,-0.8693272921435614,TIME_LIMIT,551738,0,0,14,8
2,8,2.53955e6,-1.0492142960250102,-0.8693272921435614,TIME_LIMIT,551761,0,0,18,17
2,8,2.539682e6,-1.0492068536207697,-0.8693272921435614,TIME_LIMIT,551792,0,0,17,6
2,8,2.539766e6,-1.0492068536207697,-0.8693272921435614,TIME_LIMIT,551812,0,0,20,21
2,8,2.539892e6,-1.04920660698154,-0.8693272921435614,TIME_LIMIT,551844,0,0,12,8
2,8,2.53997e6,-1.04920660698154,-0.8693272921435614,TIME_LIMIT,551859,0,0,13,16
2,8,2.54005e6,-1.0492063271200645,-0.8693272921435614,TIME_LIMIT,551883,0,0,7,6
2,8,2.5401e6,-1.0492063271200645,-0.8693272921435614,TIME_LIMIT,551899,0,0,8,3
2,8,2.540119e6,-1.0492005723736992,-0.8693272921435614,TIME_LIMIT,551908,0,0,2,3
2,8,2.540248e6,-1.0492005723736992,-0.8693272921435614,TIME_LIMIT,551925,0,0,12,16
2,8,2.540366e6,-1.049198089031844,-0.8693272921435614,TIME_LIMIT,551958,0,0,14,11
2,8,2.540467e6,-1.049198089031844,-0.8693272921435614,TIME_LIMIT,551977,0,0,21,7
2,8,2.540636e6,-1.0491979662991826,-0.8693272921435614,TIME_LIMIT,552005,0,0,11,9
2,8,2.540839e6,-1.0491979662991826,-0.8693272921435614,TIME_LIMIT,552023,0,0,18,20
2,8,2.540963e6,-1.0491860254622356,-0.8693272921435614,TIME_LIMIT,552060,0,0,10,5
2,8,2.541046e6,-1.0491860254622356,-0.8693272921435614,TIME_LIMIT,552080,0,0,22,16
2,8,2.541245e6,-1.049183174846306,-0.8693272921435614,TIME_LIMIT,552113,0,0,16,8
2,8,2.541361e6,-1.049183174846306,-0.8693272921435614,TIME_LIMIT,552136,0,0,21,12
2,8,2.541432e6,-1.0491783559026402,-0.8693272921435614,TIME_LIMIT,552157,0,0,14,7
2,8,2.54158e6,-1.0491783559026402,-0.8693272921435614,TIME_LIMIT,552178,0,0,7,6
2,8,2.541693e6,-1.0491703519440132,-0.8693272921435614,TIME_LIMIT,552205,0,0,6,3
2,8,2.541744e6,-1.0491703519440132,-0.8693272921435614,TIME_LIMIT,552220,0,0,13,10
2,8,2.541829e6,-1.0491644183214393,-0.8693272921435614,TIME_LIMIT,552246,0,0,13,1
2,8,2.541939e6,-1.0491644183214393,-0.8693272921435614,TIME_LIMIT,552269,0,0,16,12
2,8,2.542033e6,-1.0491643583053056,-0.8693272921435614,TIME_LIMIT,552297,0,0,11,4
2,8,2.54212e6,-1.0491643583053056,-0.8693272921435614,TIME_LIMIT,552320,0,0,19,17
2,8,2.542284e6,-1.0491628358882301,-0.8693272921435614,TIME_LIMIT,552353,0,0,7,9
2,8,2.54238e6,-1.0491628358882301,-0.8693272921435614,TIME_LIMIT,552371,0,0,23,20
2,8,2.542575e6,-1.0491623431816843,-0.8693272921435614,TIME_LIMIT,552407,0,0,14,7
2,8,2.542686e6,-1.0491623431816843,-0.8693272921435614,TIME_LIMIT,552426,0,0,21,25
2,8,2.542889e6,-1.0491572099523765,-0.8693272921435614,TIME_LIMIT,552462,0,0,17,5
2,8,2.542949e6,-1.0491572099523765,-0.8693272921435614,TIME_LIMIT,552482,0,0,14,8
2,8,2.543028e6,-1.0491558626108979,-0.8693272921435614,TIME_LIMIT,552497,0,0,11,5
2,8,2.543219e6,-1.0491558626108979,-0.8693272921435614,TIME_LIMIT,552524,0,0,19,17
2,8,2.543416e6,-1.0491511222971448,-0.8693272921435614,TIME_LIMIT,552556,0,0,17,11
2,8,2.543463e6,-1.0491511222971448,-0.8693272921435614,TIME_LIMIT,552579,0,0,17,3
2,8,2.543553e6,-1.0491486042602638,-0.8693272921435614,TIME_LIMIT,552598,0,0,11,11
2,8,2.54375e6,-1.0491486042602638,-0.8693272921435614,TIME_LIMIT,552625,0,0,18,22
2,8,2.543949e6,-1.049143090502727,-0.8693272921435614,TIME_LIMIT,552660,0,0,18,8
2,8,2.544021e6,-1.049143090502727,-0.8693272921435614,TIME_LIMIT,552681,0,0,17,10
2,8,2.544082e6,-1.0491388384749056,-0.8693272921435614,TIME_LIMIT,552714,0,0,16,8
2,8,2.544206e6,-1.0491388384749056,-0.8693272921435614,TIME_LIMIT,552736,0,0,9,7
2,8,2.544283e6,-1.0491351705007967,-0.8693272921435614,TIME_LIMIT,552764,0,0,10,4
2,8,2.544336e6,-1.0491351705007967,-0.8693272921435614,TIME_LIMIT,552785,0,0,9,13
2,8,2.544531e6,-1.049122196799387,-0.8693272921435614,TIME_LIMIT,552814,0,0,9,9
2,8,2.544652e6,-1.049122196799387,-0.8693272921435614,TIME_LIMIT,552838,0,0,11,12
2,8,2.544755e6,-1.049116187740433,-0.8693272921435614,TIME_LIMIT,552866,0,0,11,5
2,8,2.544844e6,-1.049116187740433,-0.8693272921435614,TIME_LIMIT,552885,0,0,19,8
2,8,2.544971e6,-1.0491076509274904,-0.8693272921435614,TIME_LIMIT,552911,0,0,10,7
2,8,2.54517e6,-1.0491076509274904,-0.8693272921435614,TIME_LIMIT,552936,0,0,21,13
2,8,2.545374e6,-1.0490967605658437,-0.8693272921435614,TIME_LIMIT,552960,0,0,17,10
2,8,2.545548e6,-1.0490967605658437,-0.8693272921435614,TIME_LIMIT,552985,0,0,13,18
2,8,2.545726e6,-1.0490960697912637,-0.8693272921435614,TIME_LIMIT,553023,0,0,17,10
2,8,2.545912e6,-1.0490960697912637,-0.8693272921435614,TIME_LIMIT,553051,0,0,18,9
2,8,2.545984e6,-1.0490905480859638,-0.8693272921435614,TIME_LIMIT,553075,0,0,9,6
2,8,2.546062e6,-1.0490905480859638,-0.8693272921435614,TIME_LIMIT,553094,0,0,7,6
2,8,2.546122e6,-1.0490850752088816,-0.8693272921435614,TIME_LIMIT,553114,0,0,10,6
2,8,2.546318e6,-1.0490850752088816,-0.8693272921435614,TIME_LIMIT,553151,0,0,23,15
2,8,2.546469e6,-1.0490825866781108,-0.8693272921435614,TIME_LIMIT,553176,0,0,17,9
2,8,2.546669e6,-1.0490825866781108,-0.8693272921435614,TIME_LIMIT,553198,0,0,16,20
2,8,2.546867e6,-1.0490714998221828,-0.8693272921435614,TIME_LIMIT,553236,0,0,20,8
2,8,2.546973e6,-1.0490714998221828,-0.8693272921435614,TIME_LIMIT,553261,0,0,9,11
2,8,2.547072e6,-1.0490704069889507,-0.8693272921435614,TIME_LIMIT,553289,0,0,11,7
2,8,2.547162e6,-1.0490704069889507,-0.8693272921435614,TIME_LIMIT,553309,0,0,16,10
2,8,2.54723e6,-1.0490610393675548,-0.8693272921435614,TIME_LIMIT,553338,0,0,7,9
2,8,2.547311e6,-1.0490610393675548,-0.8693272921435614,TIME_LIMIT,553363,0,0,18,9
2,8,2.547413e6,-1.0490599530541236,-0.8693272921435614,TIME_LIMIT,553393,0,0,12,6
2,8,2.547492e6,-1.0490599530541236,-0.8693272921435614,TIME_LIMIT,553416,0,0,15,17
2,8,2.54769e6,-1.0490567195808416,-0.8693272921435614,TIME_LIMIT,553445,0,0,5,3
2,8,2.547786e6,-1.0490567195808416,-0.8693272921435614,TIME_LIMIT,553469,0,0,9,10
2,8,2.547862e6,-1.049054621665991,-0.8693272921435614,TIME_LIMIT,553490,0,0,16,7
2,8,2.548036e6,-1.049054621665991,-0.8693272921435614,TIME_LIMIT,553506,0,0,10,11
2,8,2.548139e6,-1.049052266599507,-0.8693272921435614,TIME_LIMIT,553531,0,0,6,7
2,8,2.5483e6,-1.049052266599507,-0.8693272921435614,TIME_LIMIT,553554,0,0,22,23
2,8,2.54844e6,-1.0490454043257889,-0.8693272921435614,TIME_LIMIT,553588,0,0,16,12
2,8,2.548525e6,-1.0490454043257889,-0.8693272921435614,TIME_LIMIT,553609,0,0,14,13
2,8,2.548607e6,-1.049045104784987,-0.8693272921435614,TIME_LIMIT,553641,0,0,16,5
2,8,2.54863e6,-1.049045104784987,-0.8693272921435614,TIME_LIMIT,553650,0,0,6,3
2,8,2.548681e6,-1.0490445183852755,-0.8693272921435614,TIME_LIMIT,553671,0,0,7,2
2,8,2.548856e6,-1.0490445183852755,-0.8693272921435614,TIME_LIMIT,553695,0,0,14,16
2,8,2.54894e6,-1.0490433470413096,-0.8693272921435614,TIME_LIMIT,553727,0,0,16,9
2,8,2.549052e6,-1.0490433470413096,-0.8693272921435614,TIME_LIMIT,553750,0,0,11,10
2,8,2.549131e6,-1.0490425882011372,-0.8693272921435614,TIME_LIMIT,553779,0,0,13,5
2,8,2.549328e6,-1.0490425882011372,-0.8693272921435614,TIME_LIMIT,553808,0,0,8,11
2,8,2.549457e6,-1.0490418607984684,-0.8693272921435614,TIME_LIMIT,553838,0,0,13,12
2,8,2.549626e6,-1.0490418607984684,-0.8693272921435614,TIME_LIMIT,553865,0,0,12,13
2,8,2.549825e6,-1.0490402003593924,-0.8693272921435614,TIME_LIMIT,553894,0,0,15,4
2,8,2.550018e6,-1.0490402003593924,-0.8693272921435614,TIME_LIMIT,553917,0,0,15,10
2,8,2.550209e6,-1.0490321694899003,-0.8693272921435614,TIME_LIMIT,553941,0,0,16,7
2,8,2.550394e6,-1.0490321694899003,-0.8693272921435614,TIME_LIMIT,553963,0,0,19,27
2,8,2.550498e6,-1.0490317497039898,-0.8693272921435614,TIME_LIMIT,553997,0,0,15,9
2,8,2.550634e6,-1.0490317497039898,-0.8693272921435614,TIME_LIMIT,554019,0,0,15,12
2,8,2.550752e6,-1.0490314479125389,-0.8693272921435614,TIME_LIMIT,554051,0,0,14,7
2,8,2.550948e6,-1.0490314479125389,-0.8693272921435614,TIME_LIMIT,554080,0,0,25,29
2,8,2.551118e6,-1.049030460683228,-0.8693272921435614,TIME_LIMIT,554113,0,0,15,12
2,8,2.551284e6,-1.049030460683228,-0.8693272921435614,TIME_LIMIT,554141,0,0,17,17
2,8,2.551414e6,-1.0490288199534252,-0.8693272921435614,TIME_LIMIT,554172,0,0,9,10
2,8,2.551493e6,-1.0490288199534252,-0.8693272921435614,TIME_LIMIT,554190,0,0,10,5
2,8,2.551548e6,-1.04902360569898,-0.8693272921435614,TIME_LIMIT,554217,0,0,16,3
2,8,2.551739e6,-1.04902360569898,-0.8693272921435614,TIME_LIMIT,554236,0,0,10,10
2,8,2.551881e6,-1.049023218152253,-0.8693272921435614,TIME_LIMIT,554269,0,0,15,5
2,8,2.55209e6,-1.049023218152253,-0.8693272921435614,TIME_LIMIT,554297,0,0,25,20
2,8,2.55229e6,-1.0490226070813555,-0.8693272921435614,TIME_LIMIT,554332,0,0,15,9
2,8,2.552349e6,-1.0490226070813555,-0.8693272921435614,TIME_LIMIT,554357,0,0,15,13
2,8,2.552556e6,-1.0490202211486475,-0.8693272921435614,TIME_LIMIT,554386,0,0,10,9
2,8,2.552687e6,-1.0490202211486475,-0.8693272921435614,TIME_LIMIT,554410,0,0,19,10
2,8,2.552886e6,-1.0490007423709402,-0.8693272921435614,TIME_LIMIT,554440,0,0,16,7
2,8,2.552931e6,-1.0490007423709402,-0.8693272921435614,TIME_LIMIT,554458,0,0,17,8
2,8,2.553037e6,-1.0489994655346622,-0.8693272921435614,TIME_LIMIT,554486,0,0,10,6
2,8,2.553186e6,-1.0489994655346622,-0.8693272921435614,TIME_LIMIT,554507,0,0,17,18
2,8,2.553395e6,-1.0489948636051651,-0.8693272921435614,TIME_LIMIT,554542,0,0,13,7
2,8,2.553438e6,-1.0489948636051651,-0.8693272921435614,TIME_LIMIT,554556,0,0,8,4
2,8,2.553473e6,-1.0489918816186363,-0.8693272921435614,TIME_LIMIT,554578,0,0,4,1
2,8,2.553652e6,-1.0489918816186363,-0.8693272921435614,TIME_LIMIT,554597,0,0,17,12
2,8,2.553848e6,-1.0489899917519332,-0.8693272921435614,TIME_LIMIT,554623,0,0,12,5
2,8,2.55405e6,-1.0489899917519332,-0.8693272921435614,TIME_LIMIT,554647,0,0,21,38
2,8,2.554199e6,-1.048987506158789,-0.8693272921435614,TIME_LIMIT,554686,0,0,15,18
2,8,2.554247e6,-1.048987506158789,-0.8693272921435614,TIME_LIMIT,554706,0,0,8,11
2,8,2.554353e6,-1.0489872582002677,-0.8693272921435614,TIME_LIMIT,554733,0,0,8,4
2,8,2.554434e6,-1.0489872582002677,-0.8693272921435614,TIME_LIMIT,554760,0,0,19,4
2,8,2.554506e6,-1.0489868833626614,-0.8693272921435614,TIME_LIMIT,554786,0,0,17,3
2,8,2.554703e6,-1.0489868833626614,-0.8693272921435614,TIME_LIMIT,554808,0,0,20,26
2,8,2.554787e6,-1.048985401434685,-0.8693272921435614,TIME_LIMIT,554840,0,0,14,7
2,8,2.554842e6,-1.048985401434685,-0.8693272921435614,TIME_LIMIT,554855,0,0,12,6
2,8,2.554882e6,-1.0489821566629085,-0.8693272921435614,TIME_LIMIT,554873,0,0,5,0
2,8,2.554944e6,-1.0489821566629085,-0.8693272921435614,TIME_LIMIT,554892,0,0,15,3
2,8,2.554999e6,-1.048981915638908,-0.8693272921435614,TIME_LIMIT,554915,0,0,6,4
2,8,2.555197e6,-1.048981915638908,-0.8693272921435614,TIME_LIMIT,554936,0,0,20,15
2,8,2.555388e6,-1.0489818442962207,-0.8693272921435614,TIME_LIMIT,554960,0,0,22,17
2,8,2.55543e6,-1.0489818442962207,-0.8693272921435614,TIME_LIMIT,554975,0,0,8,9
2,8,2.555472e6,-1.0489810073953911,-0.8693272921435614,TIME_LIMIT,554995,0,0,7,1
2,8,2.555568e6,-1.0489810073953911,-0.8693272921435614,TIME_LIMIT,555017,0,0,10,14
2,8,2.555663e6,-1.0489685505085942,-0.8693272921435614,TIME_LIMIT,555037,0,0,10,9
2,8,2.55576e6,-1.0489685505085942,-0.8693272921435614,TIME_LIMIT,555062,0,0,15,10
2,8,2.555855e6,-1.0489565514377652,-0.8693272921435614,TIME_LIMIT,555091,0,0,11,12
2,8,2.555945e6,-1.0489565514377652,-0.8693272921435614,TIME_LIMIT,555109,0,0,19,9
2,8,2.556085e6,-1.0489548019490145,-0.8693272921435614,TIME_LIMIT,555143,0,0,14,8
2,8,2.556221e6,-1.0489548019490145,-0.8693272921435614,TIME_LIMIT,555164,0,0,7,22
2,8,2.556296e6,-1.0489520554709912,-0.8693272921435614,TIME_LIMIT,555192,0,0,10,6
2,8,2.556476e6,-1.0489520554709912,-0.8693272921435614,TIME_LIMIT,555217,0,0,16,4
2,8,2.556538e6,-1.0489481111363892,-0.8693272921435614,TIME_LIMIT,555238,0,0,11,11
2,8,2.556605e6,-1.0489481111363892,-0.8693272921435614,TIME_LIMIT,555255,0,0,24,12
2,8,2.556801e6,-1.0489471426331418,-0.8693272921435614,TIME_LIMIT,555293,0,0,18,12
2,8,2.556983e6,-1.0489471426331418,-0.8693272921435614,TIME_LIMIT,555316,0,0,19,16
2,8,2.55711e6,-1.0489394899352182,-0.8693272921435614,TIME_LIMIT,555344,0,0,12,1
2,8,2.557187e6,-1.0489394899352182,-0.8693272921435614,TIME_LIMIT,555363,0,0,14,13
2,8,2.557242e6,-1.0489215686708881,-0.8693272921435614,TIME_LIMIT,555390,0,0,13,2
2,8,2.55735e6,-1.0489215686708881,-0.8693272921435614,TIME_LIMIT,555415,0,0,20,19
2,8,2.557503e6,-1.048918719261232,-0.8693272921435614,TIME_LIMIT,555450,0,0,12,8
2,8,2.55754e6,-1.048918719261232,-0.8693272921435614,TIME_LIMIT,555461,0,0,10,7
2,8,2.557564e6,-1.048910758039473,-0.8693272921435614,TIME_LIMIT,555477,0,0,2,4
2,8,2.557652e6,-1.048910758039473,-0.8693272921435614,TIME_LIMIT,555494,0,0,13,19
2,8,2.557769e6,-1.0489095404824367,-0.8693272921435614,TIME_LIMIT,555515,0,0,5,7
2,8,2.55783e6,-1.0489095404824367,-0.8693272921435614,TIME_LIMIT,555532,0,0,12,6
2,8,2.55786e6,-1.0489089049029166,-0.8693272921435614,TIME_LIMIT,555553,0,0,8,9
2,8,2.557921e6,-1.0489089049029166,-0.8693272921435614,TIME_LIMIT,555573,0,0,5,4
2,8,2.55797e6,-1.0489068519526863,-0.8693272921435614,TIME_LIMIT,555594,0,0,8,2
2,8,2.558009e6,-1.0489068519526863,-0.8693272921435614,TIME_LIMIT,555608,0,0,7,6
2,8,2.558062e6,-1.0488975538705747,-0.8693272921435614,TIME_LIMIT,555628,0,0,7,6
2,8,2.558142e6,-1.0488975538705747,-0.8693272921435614,TIME_LIMIT,555645,0,0,16,13
2,8,2.558183e6,-1.0488916850863825,-0.8693272921435614,TIME_LIMIT,555664,0,0,9,6
2,8,2.558359e6,-1.0488916850863825,-0.8693272921435614,TIME_LIMIT,555693,0,0,22,7
2,8,2.558467e6,-1.0488877794223832,-0.8693272921435614,TIME_LIMIT,555713,0,0,7,4
2,8,2.558613e6,-1.0488877794223832,-0.8693272921435614,TIME_LIMIT,555734,0,0,18,11
2,8,2.558721e6,-1.0488834496369526,-0.8693272921435614,TIME_LIMIT,555758,0,0,9,8
2,8,2.55887e6,-1.0488834496369526,-0.8693272921435614,TIME_LIMIT,555784,0,0,12,14
2,8,2.558976e6,-1.0488804714637456,-0.8693272921435614,TIME_LIMIT,555817,0,0,18,5
2,8,2.559188e6,-1.0488804714637456,-0.8693272921435614,TIME_LIMIT,555845,0,0,8,13
2,8,2.559386e6,-1.0488798478423722,-0.8693272921435614,TIME_LIMIT,555872,0,0,15,10
2,8,2.559593e6,-1.0488798478423722,-0.8693272921435614,TIME_LIMIT,555897,0,0,14,14
2,8,2.559637e6,-1.0488773626412045,-0.8693272921435614,TIME_LIMIT,555914,0,0,7,2
2,8,2.559714e6,-1.0488773626412045,-0.8693272921435614,TIME_LIMIT,555938,0,0,17,3
2,8,2.55975e6,-1.0488753050744626,-0.8693272921435614,TIME_LIMIT,555957,0,0,6,5
2,8,2.559865e6,-1.0488753050744626,-0.8693272921435614,TIME_LIMIT,555979,0,0,14,16
2,8,2.560069e6,-1.0488719738119825,-0.8693272921435614,TIME_LIMIT,556015,0,0,16,10
2,8,2.560157e6,-1.0488719738119825,-0.8693272921435614,TIME_LIMIT,556028,0,0,10,8
2,8,2.560182e6,-1.0488619898232754,-0.8693272921435614,TIME_LIMIT,556044,0,0,4,2
2,8,2.56032e6,-1.0488619898232754,-0.8693272921435614,TIME_LIMIT,556067,0,0,23,16
2,8,2.560476e6,-1.0488591758819503,-0.8693272921435614,TIME_LIMIT,556102,0,0,19,9
2,8,2.560577e6,-1.0488591758819503,-0.8693272921435614,TIME_LIMIT,556123,0,0,13,9
2,8,2.560641e6,-1.0488538347552745,-0.8693272921435614,TIME_LIMIT,556147,0,0,6,6
2,8,2.560846e6,-1.0488538347552745,-0.8693272921435614,TIME_LIMIT,556169,0,0,15,9
2,8,2.560909e6,-1.0488516253807796,-0.8693272921435614,TIME_LIMIT,556196,0,0,10,7
2,8,2.561e6,-1.0488516253807796,-0.8693272921435614,TIME_LIMIT,556220,0,0,17,15
2,8,2.56112e6,-1.0488484854619848,-0.8693272921435614,TIME_LIMIT,556251,0,0,11,6
2,8,2.561263e6,-1.0488484854619848,-0.8693272921435614,TIME_LIMIT,556279,0,0,21,7
2,8,2.561344e6,-1.0488479158039528,-0.8693272921435614,TIME_LIMIT,556298,0,0,10,6
2,8,2.56146e6,-1.0488479158039528,-0.8693272921435614,TIME_LIMIT,556317,0,0,9,11
2,8,2.561529e6,-1.0488453555193415,-0.8693272921435614,TIME_LIMIT,556338,0,0,6,5
2,8,2.56173e6,-1.0488453555193415,-0.8693272921435614,TIME_LIMIT,556363,0,0,19,24
2,8,2.56184e6,-1.0488410331251714,-0.8693272921435614,TIME_LIMIT,556390,0,0,15,13
2,8,2.561917e6,-1.0488410331251714,-0.8693272921435614,TIME_LIMIT,556412,0,0,18,11
2,8,2.562006e6,-1.0488342142211833,-0.8693272921435614,TIME_LIMIT,556442,0,0,11,10
2,8,2.562205e6,-1.0488342142211833,-0.8693272921435614,TIME_LIMIT,556468,0,0,16,8
2,8,2.562253e6,-1.0488312719776425,-0.8693272921435614,TIME_LIMIT,556485,0,0,11,7
2,8,2.562347e6,-1.0488312719776425,-0.8693272921435614,TIME_LIMIT,556506,0,0,6,17
2,8,2.562483e6,-1.0488305950670496,-0.8693272921435614,TIME_LIMIT,556536,0,0,14,6
2,8,2.562542e6,-1.0488305950670496,-0.8693272921435614,TIME_LIMIT,556550,0,0,7,4
2,8,2.562598e6,-1.048826632076619,-0.8693272921435614,TIME_LIMIT,556568,0,0,7,3
2,8,2.562669e6,-1.048826632076619,-0.8693272921435614,TIME_LIMIT,556592,0,0,10,7
2,8,2.562748e6,-1.0488252141637198,-0.8693272921435614,TIME_LIMIT,556614,0,0,10,4
2,8,2.562826e6,-1.0488252141637198,-0.8693272921435614,TIME_LIMIT,556637,0,0,15,5
2,8,2.562889e6,-1.0488224112189561,-0.8693272921435614,TIME_LIMIT,556659,0,0,11,4
2,8,2.562977e6,-1.0488224112189561,-0.8693272921435614,TIME_LIMIT,556674,0,0,9,8
2,8,2.563038e6,-1.0488123790116268,-0.8693272921435614,TIME_LIMIT,556697,0,0,5,3
2,8,2.563106e6,-1.0488123790116268,-0.8693272921435614,TIME_LIMIT,556712,0,0,8,5
2,8,2.563132e6,-1.0488120114362767,-0.8693272921435614,TIME_LIMIT,556727,0,0,5,4
2,8,2.563183e6,-1.0488120114362767,-0.8693272921435614,TIME_LIMIT,556745,0,0,13,6
2,8,2.563234e6,-1.0488095259721675,-0.8693272921435614,TIME_LIMIT,556767,0,0,10,5
2,8,2.563291e6,-1.0488095259721675,-0.8693272921435614,TIME_LIMIT,556786,0,0,11,8
2,8,2.563337e6,-1.048807423692971,-0.8693272921435614,TIME_LIMIT,556809,0,0,9,4
2,8,2.563412e6,-1.048807423692971,-0.8693272921435614,TIME_LIMIT,556830,0,0,9,10
2,8,2.563491e6,-1.0487981605234995,-0.8693272921435614,TIME_LIMIT,556861,0,0,12,8
2,8,2.563561e6,-1.0487981605234995,-0.8693272921435614,TIME_LIMIT,556878,0,0,12,15
2,8,2.563643e6,-1.0487944871223813,-0.8693272921435614,TIME_LIMIT,556906,0,0,13,7
2,8,2.563819e6,-1.0487944871223813,-0.8693272921435614,TIME_LIMIT,556935,0,0,25,32
2,8,2.564022e6,-1.0487937405604804,-0.8693272921435614,TIME_LIMIT,556978,0,0,24,12
2,8,2.564109e6,-1.0487937405604804,-0.8693272921435614,TIME_LIMIT,557003,0,0,19,11
2,8,2.564217e6,-1.0487894935529485,-0.8693272921435614,TIME_LIMIT,557030,0,0,15,7
2,8,2.564413e6,-1.0487894935529485,-0.8693272921435614,TIME_LIMIT,557050,0,0,11,20
2,8,2.564563e6,-1.0487884473453533,-0.8693272921435614,TIME_LIMIT,557083,0,0,11,9
2,8,2.564744e6,-1.0487884473453533,-0.8693272921435614,TIME_LIMIT,557101,0,0,14,11
2,8,2.564797e6,-1.0487882567831268,-0.8693272921435614,TIME_LIMIT,557125,0,0,13,2
2,8,2.564906e6,-1.0487882567831268,-0.8693272921435614,TIME_LIMIT,557146,0,0,23,2
2,8,2.565104e6,-1.0487859252919014,-0.8693272921435614,TIME_LIMIT,557177,0,0,14,6
2,8,2.565196e6,-1.0487859252919014,-0.8693272921435614,TIME_LIMIT,557199,0,0,15,18
2,8,2.565249e6,-1.048785871259712,-0.8693272921435614,TIME_LIMIT,557218,0,0,13,3
2,8,2.565449e6,-1.048785871259712,-0.8693272921435614,TIME_LIMIT,557242,0,0,13,13
2,8,2.565614e6,-1.0487782358916977,-0.8693272921435614,TIME_LIMIT,557282,0,0,14,7
2,8,2.565663e6,-1.0487782358916977,-0.8693272921435614,TIME_LIMIT,557295,0,0,6,8
2,8,2.565692e6,-1.0487719093025651,-0.8693272921435614,TIME_LIMIT,557301,0,0,1,1
2,8,2.565767e6,-1.0487719093025651,-0.8693272921435614,TIME_LIMIT,557321,0,0,8,3
2,8,2.5658e6,-1.0487716844088069,-0.8693272921435614,TIME_LIMIT,557337,0,0,5,2
2,8,2.565868e6,-1.0487716844088069,-0.8693272921435614,TIME_LIMIT,557354,0,0,13,12
2,8,2.565945e6,-1.0487699131682064,-0.8693272921435614,TIME_LIMIT,557384,0,0,9,6
2,8,2.566058e6,-1.0487699131682064,-0.8693272921435614,TIME_LIMIT,557408,0,0,19,20
2,8,2.566261e6,-1.0487689961790732,-0.8693272921435614,TIME_LIMIT,557442,0,0,14,7
2,8,2.566334e6,-1.0487689961790732,-0.8693272921435614,TIME_LIMIT,557461,0,0,17,8
2,8,2.56653e6,-1.0487679049599326,-0.8693272921435614,TIME_LIMIT,557491,0,0,12,9
2,8,2.566615e6,-1.0487679049599326,-0.8693272921435614,TIME_LIMIT,557515,0,0,11,10
2,8,2.566691e6,-1.0487623049262451,-0.8693272921435614,TIME_LIMIT,557533,0,0,9,11
2,8,2.566853e6,-1.0487623049262451,-0.8693272921435614,TIME_LIMIT,557561,0,0,18,9
2,8,2.566981e6,-1.0487595491353874,-0.8693272921435614,TIME_LIMIT,557587,0,0,8,7
2,8,2.567049e6,-1.0487595491353874,-0.8693272921435614,TIME_LIMIT,557598,0,0,12,8
2,8,2.567109e6,-1.0487580727637682,-0.8693272921435614,TIME_LIMIT,557626,0,0,6,4
2,8,2.567238e6,-1.0487580727637682,-0.8693272921435614,TIME_LIMIT,557655,0,0,22,7
2,8,2.567316e6,-1.0487537697181235,-0.8693272921435614,TIME_LIMIT,557675,0,0,13,6
2,8,2.567358e6,-1.0487537697181235,-0.8693272921435614,TIME_LIMIT,557688,0,0,13,10
2,8,2.567403e6,-1.048753274345164,-0.8693272921435614,TIME_LIMIT,557710,0,0,10,3
2,8,2.567475e6,-1.048753274345164,-0.8693272921435614,TIME_LIMIT,557734,0,0,16,10
2,8,2.567516e6,-1.0487425094035234,-0.8693272921435614,TIME_LIMIT,557750,0,0,10,4
2,8,2.567576e6,-1.0487425094035234,-0.8693272921435614,TIME_LIMIT,557769,0,0,15,7
2,8,2.567632e6,-1.048738863931839,-0.8693272921435614,TIME_LIMIT,557794,0,0,9,7
2,8,2.567832e6,-1.048738863931839,-0.8693272921435614,TIME_LIMIT,557823,0,0,21,5
2,8,2.567916e6,-1.0487357670795152,-0.8693272921435614,TIME_LIMIT,557845,0,0,15,1
2,8,2.56807e6,-1.0487357670795152,-0.8693272921435614,TIME_LIMIT,557862,0,0,12,12
2,8,2.568188e6,-1.0487314256219835,-0.8693272921435614,TIME_LIMIT,557890,0,0,10,3
2,8,2.568384e6,-1.0487314256219835,-0.8693272921435614,TIME_LIMIT,557913,0,0,19,7
2,8,2.568581e6,-1.0487131435622041,-0.8693272921435614,TIME_LIMIT,557933,0,0,9,5
2,8,2.568655e6,-1.0487131435622041,-0.8693272921435614,TIME_LIMIT,557954,0,0,13,9
2,8,2.568711e6,-1.0487096179494495,-0.8693272921435614,TIME_LIMIT,557972,0,0,7,4
2,8,2.568787e6,-1.0487096179494495,-0.8693272921435614,TIME_LIMIT,557991,0,0,16,18
2,8,2.568984e6,-1.0487091861145574,-0.8693272921435614,TIME_LIMIT,558023,0,0,12,4
2,8,2.569021e6,-1.0487091861145574,-0.8693272921435614,TIME_LIMIT,558033,0,0,13,13
2,8,2.569217e6,-1.048702348699488,-0.8693272921435614,TIME_LIMIT,558061,0,0,10,7
2,8,2.569276e6,-1.048702348699488,-0.8693272921435614,TIME_LIMIT,558083,0,0,15,11
2,8,2.56943e6,-1.048700746781138,-0.8693272921435614,TIME_LIMIT,558116,0,0,13,6
2,8,2.569506e6,-1.048700746781138,-0.8693272921435614,TIME_LIMIT,558139,0,0,17,21
2,8,2.569695e6,-1.0486991978853064,-0.8693272921435614,TIME_LIMIT,558176,0,0,17,7
2,8,2.569891e6,-1.0486991978853064,-0.8693272921435614,TIME_LIMIT,558197,0,0,12,10
2,8,2.570026e6,-1.048698425180099,-0.8693272921435614,TIME_LIMIT,558217,0,0,6,2
2,8,2.5702e6,-1.048698425180099,-0.8693272921435614,TIME_LIMIT,558246,0,0,20,9
2,8,2.570284e6,-1.0486863269046007,-0.8693272921435614,TIME_LIMIT,558276,0,0,5,9
2,8,2.570417e6,-1.0486863269046007,-0.8693272921435614,TIME_LIMIT,558295,0,0,19,19
2,8,2.570523e6,-1.04868467120119,-0.8693272921435614,TIME_LIMIT,558325,0,0,11,9
2,8,2.570721e6,-1.04868467120119,-0.8693272921435614,TIME_LIMIT,558349,0,0,11,7
2,8,2.570778e6,-1.0486787514347617,-0.8693272921435614,TIME_LIMIT,558370,0,0,8,5
2,8,2.570865e6,-1.0486787514347617,-0.8693272921435614,TIME_LIMIT,558390,0,0,14,9
2,8,2.571044e6,-1.0486784284530284,-0.8693272921435614,TIME_LIMIT,558421,0,0,10,7
2,8,2.571115e6,-1.0486784284530284,-0.8693272921435614,TIME_LIMIT,558439,0,0,15,8
2,8,2.571306e6,-1.0486783579266672,-0.8693272921435614,TIME_LIMIT,558466,0,0,11,4
2,8,2.571443e6,-1.0486783579266672,-0.8693272921435614,TIME_LIMIT,558486,0,0,17,22
2,8,2.571613e6,-1.0486736770332863,-0.8693272921435614,TIME_LIMIT,558523,0,0,20,5
2,8,2.571818e6,-1.0486736770332863,-0.8693272921435614,TIME_LIMIT,558553,0,0,14,6
2,8,2.571933e6,-1.0486730189006668,-0.8693272921435614,TIME_LIMIT,558578,0,0,18,10
2,8,2.572011e6,-1.0486730189006668,-0.8693272921435614,TIME_LIMIT,558595,0,0,8,19
2,8,2.57208e6,-1.0486541639686835,-0.8693272921435614,TIME_LIMIT,558619,0,0,10,6
2,8,2.572272e6,-1.0486541639686835,-0.8693272921435614,TIME_LIMIT,558645,0,0,21,24
2,8,2.572442e6,-1.048649282039074,-0.8693272921435614,TIME_LIMIT,558677,0,0,9,12
2,8,2.572533e6,-1.048649282039074,-0.8693272921435614,TIME_LIMIT,558698,0,0,19,15
2,8,2.572609e6,-1.0486488747699378,-0.8693272921435614,TIME_LIMIT,558724,0,0,14,9
2,8,2.572732e6,-1.0486488747699378,-0.8693272921435614,TIME_LIMIT,558745,0,0,24,17
2,8,2.57282e6,-1.048644389469789,-0.8693272921435614,TIME_LIMIT,558774,0,0,15,10
2,8,2.572879e6,-1.048644389469789,-0.8693272921435614,TIME_LIMIT,558796,0,0,15,7
2,8,2.572943e6,-1.0486417818502691,-0.8693272921435614,TIME_LIMIT,558822,0,0,8,7
2,8,2.573035e6,-1.0486417818502691,-0.8693272921435614,TIME_LIMIT,558848,0,0,10,8
2,8,2.573231e6,-1.0486358797263684,-0.8693272921435614,TIME_LIMIT,558871,0,0,14,11
2,8,2.57326e6,-1.0486358797263684,-0.8693272921435614,TIME_LIMIT,558886,0,0,5,3
2,8,2.573291e6,-1.0486300092980176,-0.8693272921435614,TIME_LIMIT,558897,0,0,2,1
2,8,2.573386e6,-1.0486300092980176,-0.8693272921435614,TIME_LIMIT,558913,0,0,9,6
2,8,2.573413e6,-1.048629828706312,-0.8693272921435614,TIME_LIMIT,558928,0,0,6,2
2,8,2.573604e6,-1.048629828706312,-0.8693272921435614,TIME_LIMIT,558959,0,0,17,39
2,8,2.573807e6,-1.0486289658679215,-0.8693272921435614,TIME_LIMIT,558985,0,0,15,19
2,8,2.57392e6,-1.0486289658679215,-0.8693272921435614,TIME_LIMIT,559007,0,0,13,7
2,8,2.574108e6,-1.0486200680469497,-0.8693272921435614,TIME_LIMIT,559037,0,0,14,4
2,8,2.574301e6,-1.0486200680469497,-0.8693272921435614,TIME_LIMIT,559063,0,0,12,21
2,8,2.574504e6,-1.0486092332382642,-0.8693272921435614,TIME_LIMIT,559099,0,0,19,10
2,8,2.574667e6,-1.0486092332382642,-0.8693272921435614,TIME_LIMIT,559121,0,0,12,15
2,8,2.574815e6,-1.048604529119237,-0.8693272921435614,TIME_LIMIT,559154,0,0,11,14
2,8,2.574865e6,-1.048604529119237,-0.8693272921435614,TIME_LIMIT,559173,0,0,15,7
2,8,2.574922e6,-1.0485995369164807,-0.8693272921435614,TIME_LIMIT,559199,0,0,9,7
2,8,2.575129e6,-1.0485995369164807,-0.8693272921435614,TIME_LIMIT,559222,0,0,15,23
2,8,2.575316e6,-1.0485967483334062,-0.8693272921435614,TIME_LIMIT,559263,0,0,21,9
2,8,2.575396e6,-1.0485967483334062,-0.8693272921435614,TIME_LIMIT,559287,0,0,12,13
2,8,2.575458e6,-1.0485924689594959,-0.8693272921435614,TIME_LIMIT,559307,0,0,9,4
2,8,2.575603e6,-1.0485924689594959,-0.8693272921435614,TIME_LIMIT,559332,0,0,8,23
2,8,2.575753e6,-1.0485898742708863,-0.8693272921435614,TIME_LIMIT,559365,0,0,15,13
2,8,2.575927e6,-1.0485898742708863,-0.8693272921435614,TIME_LIMIT,559388,0,0,17,25
2,8,2.576123e6,-1.0485879910184237,-0.8693272921435614,TIME_LIMIT,559424,0,0,15,17
2,8,2.576295e6,-1.0485879910184237,-0.8693272921435614,TIME_LIMIT,559446,0,0,11,18
2,8,2.576468e6,-1.048587390188441,-0.8693272921435614,TIME_LIMIT,559477,0,0,13,8
2,8,2.576548e6,-1.048587390188441,-0.8693272921435614,TIME_LIMIT,559500,0,0,17,17
2,8,2.576663e6,-1.0485818009845125,-0.8693272921435614,TIME_LIMIT,559533,0,0,17,15
2,8,2.576784e6,-1.0485818009845125,-0.8693272921435614,TIME_LIMIT,559550,0,0,12,14
2,8,2.576956e6,-1.048577257476666,-0.8693272921435614,TIME_LIMIT,559583,0,0,12,6
2,8,2.577143e6,-1.048577257476666,-0.8693272921435614,TIME_LIMIT,559614,0,0,25,21
2,8,2.577345e6,-1.0485755264340397,-0.8693272921435614,TIME_LIMIT,559656,0,0,19,12
2,8,2.577399e6,-1.0485755264340397,-0.8693272921435614,TIME_LIMIT,559675,0,0,8,7
2,8,2.577438e6,-1.048568780050486,-0.8693272921435614,TIME_LIMIT,559691,0,0,5,2
2,8,2.577629e6,-1.048568780050486,-0.8693272921435614,TIME_LIMIT,559712,0,0,18,23
2,8,2.577822e6,-1.0485637103754382,-0.8693272921435614,TIME_LIMIT,559744,0,0,7,6
2,8,2.577937e6,-1.0485637103754382,-0.8693272921435614,TIME_LIMIT,559774,0,0,20,11
2,8,2.578045e6,-1.0485616670742672,-0.8693272921435614,TIME_LIMIT,559800,0,0,8,7
2,8,2.578249e6,-1.0485616670742672,-0.8693272921435614,TIME_LIMIT,559826,0,0,26,17
2,8,2.57845e6,-1.0485578769853465,-0.8693272921435614,TIME_LIMIT,559862,0,0,15,10
2,8,2.578563e6,-1.0485578769853465,-0.8693272921435614,TIME_LIMIT,559888,0,0,25,14
2,8,2.578759e6,-1.0485566474618078,-0.8693272921435614,TIME_LIMIT,559924,0,0,18,9
2,8,2.578804e6,-1.0485566474618078,-0.8693272921435614,TIME_LIMIT,559940,0,0,12,4
2,8,2.578855e6,-1.048556028579715,-0.8693272921435614,TIME_LIMIT,559958,0,0,6,4
2,8,2.578913e6,-1.048556028579715,-0.8693272921435614,TIME_LIMIT,559979,0,0,16,18
2,8,2.579068e6,-1.048552600893004,-0.8693272921435614,TIME_LIMIT,560010,0,0,18,11
2,8,2.579157e6,-1.048552600893004,-0.8693272921435614,TIME_LIMIT,560027,0,0,12,5
2,8,2.579239e6,-1.0485502284868329,-0.8693272921435614,TIME_LIMIT,560055,0,0,10,9
2,8,2.57943e6,-1.0485502284868329,-0.8693272921435614,TIME_LIMIT,560073,0,0,7,15
2,8,2.579624e6,-1.0485453807334975,-0.8693272921435614,TIME_LIMIT,560109,0,0,20,11
2,8,2.579809e6,-1.0485453807334975,-0.8693272921435614,TIME_LIMIT,560129,0,0,19,21
2,8,2.579939e6,-1.0485443659445393,-0.8693272921435614,TIME_LIMIT,560157,0,0,2,8
2,8,2.580132e6,-1.0485443659445393,-0.8693272921435614,TIME_LIMIT,560179,0,0,21,31
2,8,2.58033e6,-1.0485426551119073,-0.8693272921435614,TIME_LIMIT,560215,0,0,18,16
2,8,2.580465e6,-1.0485426551119073,-0.8693272921435614,TIME_LIMIT,560243,0,0,24,19
2,8,2.580563e6,-1.048532392317162,-0.8693272921435614,TIME_LIMIT,560275,0,0,26,14
2,8,2.58063e6,-1.048532392317162,-0.8693272921435614,TIME_LIMIT,560292,0,0,10,9
2,8,2.580715e6,-1.0485321725374686,-0.8693272921435614,TIME_LIMIT,560321,0,0,11,4
2,8,2.580788e6,-1.0485321725374686,-0.8693272921435614,TIME_LIMIT,560334,0,0,12,15
2,8,2.58088e6,-1.0485317455856797,-0.8693272921435614,TIME_LIMIT,560363,0,0,13,8
2,8,2.580931e6,-1.0485317455856797,-0.8693272921435614,TIME_LIMIT,560380,0,0,12,4
2,8,2.581051e6,-1.0485312479385152,-0.8693272921435614,TIME_LIMIT,560401,0,0,10,6
2,8,2.581152e6,-1.0485312479385152,-0.8693272921435614,TIME_LIMIT,560423,0,0,15,9
2,8,2.5812e6,-1.048528911618011,-0.8693272921435614,TIME_LIMIT,560445,0,0,6,5
2,8,2.581398e6,-1.048528911618011,-0.8693272921435614,TIME_LIMIT,560470,0,0,20,12
2,8,2.581575e6,-1.0485230396282026,-0.8693272921435614,TIME_LIMIT,560510,0,0,14,9
2,8,2.581687e6,-1.0485230396282026,-0.8693272921435614,TIME_LIMIT,560529,0,0,7,13
2,8,2.581885e6,-1.0485213380909812,-0.8693272921435614,TIME_LIMIT,560560,0,0,12,6
2,8,2.581948e6,-1.0485213380909812,-0.8693272921435614,TIME_LIMIT,560573,0,0,6,8
2,8,2.581988e6,-1.0485212323447572,-0.8693272921435614,TIME_LIMIT,560589,0,0,4,5
2,8,2.582179e6,-1.0485212323447572,-0.8693272921435614,TIME_LIMIT,560615,0,0,21,8
2,8,2.582312e6,-1.0485212007956775,-0.8693272921435614,TIME_LIMIT,560650,0,0,16,10
2,8,2.582374e6,-1.0485212007956775,-0.8693272921435614,TIME_LIMIT,560663,0,0,11,5
2,8,2.582453e6,-1.048513948659828,-0.8693272921435614,TIME_LIMIT,560696,0,0,14,8
2,8,2.582531e6,-1.048513948659828,-0.8693272921435614,TIME_LIMIT,560714,0,0,14,15
2,8,2.582586e6,-1.0485072675477012,-0.8693272921435614,TIME_LIMIT,560737,0,0,10,4
2,8,2.582641e6,-1.0485072675477012,-0.8693272921435614,TIME_LIMIT,560756,0,0,12,8
2,8,2.582724e6,-1.0485007799333181,-0.8693272921435614,TIME_LIMIT,560778,0,0,9,6
2,8,2.582898e6,-1.0485007799333181,-0.8693272921435614,TIME_LIMIT,560807,0,0,27,20
2,8,2.583098e6,-1.0484986162790833,-0.8693272921435614,TIME_LIMIT,560837,0,0,17,9
2,8,2.583217e6,-1.0484986162790833,-0.8693272921435614,TIME_LIMIT,560860,0,0,19,25
2,8,2.583415e6,-1.0484956568232549,-0.8693272921435614,TIME_LIMIT,560891,0,0,17,6
2,8,2.58346e6,-1.0484956568232549,-0.8693272921435614,TIME_LIMIT,560901,0,0,12,9
2,8,2.583659e6,-1.048495423172785,-0.8693272921435614,TIME_LIMIT,560931,0,0,10,6
2,8,2.583734e6,-1.048495423172785,-0.8693272921435614,TIME_LIMIT,560946,0,0,15,7
2,8,2.583799e6,-1.0484918940201813,-0.8693272921435614,TIME_LIMIT,560969,0,0,10,3
2,8,2.583926e6,-1.0484918940201813,-0.8693272921435614,TIME_LIMIT,560989,0,0,9,10
2,8,2.584003e6,-1.0484904007710896,-0.8693272921435614,TIME_LIMIT,561012,0,0,6,6
2,8,2.58418e6,-1.0484904007710896,-0.8693272921435614,TIME_LIMIT,561043,0,0,13,18
2,8,2.584386e6,-1.048476019632446,-0.8693272921435614,TIME_LIMIT,561070,0,0,12,15
2,8,2.58457e6,-1.048476019632446,-0.8693272921435614,TIME_LIMIT,561091,0,0,15,12
2,8,2.584724e6,-1.0484735355406132,-0.8693272921435614,TIME_LIMIT,561117,0,0,6,6
2,8,2.584799e6,-1.0484735355406132,-0.8693272921435614,TIME_LIMIT,561140,0,0,24,11
2,8,2.584917e6,-1.0484708084449634,-0.8693272921435614,TIME_LIMIT,561172,0,0,16,4
2,8,2.585085e6,-1.0484708084449634,-0.8693272921435614,TIME_LIMIT,561196,0,0,22,17
2,8,2.585231e6,-1.0484687753629625,-0.8693272921435614,TIME_LIMIT,561233,0,0,15,5
2,8,2.585347e6,-1.0484687753629625,-0.8693272921435614,TIME_LIMIT,561255,0,0,11,24
2,8,2.585474e6,-1.0484670788970563,-0.8693272921435614,TIME_LIMIT,561293,0,0,17,7
2,8,2.585585e6,-1.0484670788970563,-0.8693272921435614,TIME_LIMIT,561311,0,0,15,8
2,8,2.585629e6,-1.0484670613902796,-0.8693272921435614,TIME_LIMIT,561328,0,0,12,6
2,8,2.585668e6,-1.0484670613902796,-0.8693272921435614,TIME_LIMIT,561342,0,0,11,12
2,8,2.585732e6,-1.0484620781114466,-0.8693272921435614,TIME_LIMIT,561365,0,0,10,0
2,8,2.585931e6,-1.0484620781114466,-0.8693272921435614,TIME_LIMIT,561388,0,0,24,16
2,8,2.586129e6,-1.0484596948598566,-0.8693272921435614,TIME_LIMIT,561421,0,0,18,5
2,8,2.586253e6,-1.0484596948598566,-0.8693272921435614,TIME_LIMIT,561441,0,0,19,13
2,8,2.586451e6,-1.04845609541586,-0.8693272921435614,TIME_LIMIT,561478,0,0,23,7
2,8,2.586647e6,-1.04845609541586,-0.8693272921435614,TIME_LIMIT,561501,0,0,20,12
2,8,2.586835e6,-1.04845225285305,-0.8693272921435614,TIME_LIMIT,561527,0,0,14,8
2,8,2.586901e6,-1.04845225285305,-0.8693272921435614,TIME_LIMIT,561545,0,0,12,14
2,8,2.587023e6,-1.0484510493846426,-0.8693272921435614,TIME_LIMIT,561567,0,0,9,6
2,8,2.58711e6,-1.0484510493846426,-0.8693272921435614,TIME_LIMIT,561586,0,0,16,15
2,8,2.587308e6,-1.0484486552831465,-0.8693272921435614,TIME_LIMIT,561619,0,0,18,7
2,8,2.587391e6,-1.0484486552831465,-0.8693272921435614,TIME_LIMIT,561643,0,0,13,24
2,8,2.587589e6,-1.0484481821367586,-0.8693272921435614,TIME_LIMIT,561680,0,0,13,11
2,8,2.587785e6,-1.0484481821367586,-0.8693272921435614,TIME_LIMIT,561700,0,0,19,20
2,8,2.587892e6,-1.0484465896570758,-0.8693272921435614,TIME_LIMIT,561735,0,0,7,10
2,8,2.587984e6,-1.0484465896570758,-0.8693272921435614,TIME_LIMIT,561760,0,0,17,8
2,8,2.588067e6,-1.0484415425858886,-0.8693272921435614,TIME_LIMIT,561781,0,0,15,5
2,8,2.588216e6,-1.0484415425858886,-0.8693272921435614,TIME_LIMIT,561804,0,0,15,13
2,8,2.588411e6,-1.0484406624663323,-0.8693272921435614,TIME_LIMIT,561834,0,0,16,9
2,8,2.588579e6,-1.0484406624663323,-0.8693272921435614,TIME_LIMIT,561852,0,0,12,8
2,8,2.588699e6,-1.0484403349976217,-0.8693272921435614,TIME_LIMIT,561878,0,0,11,4
2,8,2.588808e6,-1.0484403349976217,-0.8693272921435614,TIME_LIMIT,561905,0,0,18,8
2,8,2.58888e6,-1.048439453624472,-0.8693272921435614,TIME_LIMIT,561925,0,0,15,6
2,8,2.588927e6,-1.048439453624472,-0.8693272921435614,TIME_LIMIT,561942,0,0,9,5
2,8,2.589017e6,-1.0484348632248046,-0.8693272921435614,TIME_LIMIT,561966,0,0,3,2
2,8,2.589048e6,-1.0484348632248046,-0.8693272921435614,TIME_LIMIT,561981,0,0,9,4
2,8,2.589093e6,-1.0484315563637072,-0.8693272921435614,TIME_LIMIT,561996,0,0,5,3
2,8,2.589205e6,-1.0484315563637072,-0.8693272921435614,TIME_LIMIT,562016,0,0,10,5
2,8,2.589366e6,-1.0484210878317568,-0.8693272921435614,TIME_LIMIT,562044,0,0,11,9
2,8,2.589496e6,-1.0484210878317568,-0.8693272921435614,TIME_LIMIT,562065,0,0,16,6
2,8,2.589562e6,-1.0484196501721823,-0.8693272921435614,TIME_LIMIT,562089,0,0,10,4
2,8,2.589613e6,-1.0484196501721823,-0.8693272921435614,TIME_LIMIT,562110,0,0,15,11
2,8,2.589673e6,-1.0484181008811826,-0.8693272921435614,TIME_LIMIT,562132,0,0,8,4
2,8,2.589808e6,-1.0484181008811826,-0.8693272921435614,TIME_LIMIT,562157,0,0,23,9
2,8,2.590008e6,-1.0484130353709071,-0.8693272921435614,TIME_LIMIT,562184,0,0,12,6
2,8,2.590083e6,-1.0484130353709071,-0.8693272921435614,TIME_LIMIT,562202,0,0,24,10
2,8,2.590279e6,-1.0483990518089703,-0.8693272921435614,TIME_LIMIT,562231,0,0,15,7
2,8,2.590487e6,-1.0483990518089703,-0.8693272921435614,TIME_LIMIT,562257,0,0,11,17
2,8,2.590663e6,-1.0483945720428571,-0.8693272921435614,TIME_LIMIT,562281,0,0,22,12
2,8,2.590715e6,-1.0483945720428571,-0.8693272921435614,TIME_LIMIT,562296,0,0,13,9
2,8,2.590798e6,-1.0483913463612016,-0.8693272921435614,TIME_LIMIT,562322,0,0,13,4
2,8,2.590863e6,-1.0483913463612016,-0.8693272921435614,TIME_LIMIT,562337,0,0,14,10
2,8,2.590926e6,-1.0483888984439211,-0.8693272921435614,TIME_LIMIT,562364,0,0,14,5
2,8,2.591102e6,-1.0483888984439211,-0.8693272921435614,TIME_LIMIT,562393,0,0,20,15
2,8,2.591219e6,-1.0483883173884325,-0.8693272921435614,TIME_LIMIT,562425,0,0,10,9
2,8,2.591378e6,-1.0483883173884325,-0.8693272921435614,TIME_LIMIT,562453,0,0,10,11
2,8,2.591481e6,-1.0483881366036027,-0.8693272921435614,TIME_LIMIT,562476,0,0,6,8
2,8,2.591668e6,-1.0483881366036027,-0.8693272921435614,TIME_LIMIT,562501,0,0,17,17
2,8,2.591859e6,-1.0483800594475596,-0.8693272921435614,TIME_LIMIT,562530,0,0,9,14
2,8,2.591939e6,-1.0483800594475596,-0.8693272921435614,TIME_LIMIT,562546,0,0,16,8
2,8,2.592001e6,-1.04837644208967,-0.8693272921435614,TIME_LIMIT,562572,0,0,10,7
2,8,2.592161e6,-1.04837644208967,-0.8693272921435614,TIME_LIMIT,562608,0,0,17,7
2,8,2.592366e6,-1.0483690379185928,-0.8693272921435614,TIME_LIMIT,562636,0,0,17,7
2,8,2.592443e6,-1.0483690379185928,-0.8693272921435614,TIME_LIMIT,562657,0,0,12,7
2,8,2.592473e6,-1.048365954756563,-0.8693272921435614,TIME_LIMIT,562669,0,0,6,5
2,8,2.59254e6,-1.048365954756563,-0.8693272921435614,TIME_LIMIT,562687,0,0,14,4
2,8,2.592563e6,-1.0483630652653124,-0.8693272921435614,TIME_LIMIT,562700,0,0,5,1
2,8,2.592597e6,-1.0483630652653124,-0.8693272921435614,TIME_LIMIT,562718,0,0,13,7
2,8,2.592681e6,-1.0483554961185995,-0.8693272921435614,TIME_LIMIT,562741,0,0,10,5
2,8,2.592824e6,-1.0483554961185995,-0.8693272921435614,TIME_LIMIT,562758,0,0,16,24
2,8,2.592966e6,-1.048354257266737,-0.8693272921435614,TIME_LIMIT,562790,0,0,13,6
2,8,2.593057e6,-1.048354257266737,-0.8693272921435614,TIME_LIMIT,562809,0,0,13,7
2,8,2.593106e6,-1.0483424259511995,-0.8693272921435614,TIME_LIMIT,562830,0,0,8,5
2,8,2.593208e6,-1.0483424259511995,-0.8693272921435614,TIME_LIMIT,562849,0,0,17,11
2,8,2.593359e6,-1.0483334564222828,-0.8693272921435614,TIME_LIMIT,562881,0,0,16,6
2,8,2.593399e6,-1.0483334564222828,-0.8693272921435614,TIME_LIMIT,562899,0,0,9,2
2,8,2.593423e6,-1.0483328154333527,-0.8693272921435614,TIME_LIMIT,562908,0,0,2,7
2,8,2.59354e6,-1.0483328154333527,-0.8693272921435614,TIME_LIMIT,562932,0,0,15,7
2,8,2.593618e6,-1.0483324901429614,-0.8693272921435614,TIME_LIMIT,562946,0,0,12,7
2,8,2.593676e6,-1.0483324901429614,-0.8693272921435614,TIME_LIMIT,562965,0,0,9,9
2,8,2.593761e6,-1.0483263954417645,-0.8693272921435614,TIME_LIMIT,562987,0,0,8,9
2,8,2.593937e6,-1.0483263954417645,-0.8693272921435614,TIME_LIMIT,563017,0,0,29,17
2,8,2.594132e6,-1.0483246252564262,-0.8693272921435614,TIME_LIMIT,563054,0,0,7,8
2,8,2.594211e6,-1.0483246252564262,-0.8693272921435614,TIME_LIMIT,563070,0,0,9,11
2,8,2.594293e6,-1.0483218949494257,-0.8693272921435614,TIME_LIMIT,563099,0,0,14,8
2,8,2.594489e6,-1.0483218949494257,-0.8693272921435614,TIME_LIMIT,563120,0,0,19,9
2,8,2.5947e6,-1.0483204854575043,-0.8693272921435614,TIME_LIMIT,563154,0,0,13,7
2,8,2.594751e6,-1.0483204854575043,-0.8693272921435614,TIME_LIMIT,563173,0,0,11,2
2,8,2.594791e6,-1.048319885534124,-0.8693272921435614,TIME_LIMIT,563193,0,0,12,5
2,8,2.594856e6,-1.048319885534124,-0.8693272921435614,TIME_LIMIT,563211,0,0,14,9
2,8,2.594922e6,-1.048317023894948,-0.8693272921435614,TIME_LIMIT,563235,0,0,11,2
2,8,2.595012e6,-1.048317023894948,-0.8693272921435614,TIME_LIMIT,563254,0,0,20,11
2,8,2.595101e6,-1.0483159365624348,-0.8693272921435614,TIME_LIMIT,563290,0,0,16,5
2,8,2.595193e6,-1.0483159365624348,-0.8693272921435614,TIME_LIMIT,563312,0,0,7,17
2,8,2.59535e6,-1.0483129932351862,-0.8693272921435614,TIME_LIMIT,563341,0,0,12,4
2,8,2.595503e6,-1.0483129932351862,-0.8693272921435614,TIME_LIMIT,563371,0,0,21,13
2,8,2.595581e6,-1.048312391095713,-0.8693272921435614,TIME_LIMIT,563391,0,0,8,9
2,8,2.59574e6,-1.048312391095713,-0.8693272921435614,TIME_LIMIT,563414,0,0,19,18
2,8,2.595938e6,-1.0483035009824095,-0.8693272921435614,TIME_LIMIT,563449,0,0,16,11
2,8,2.59612e6,-1.0483035009824095,-0.8693272921435614,TIME_LIMIT,563473,0,0,10,11
2,8,2.596199e6,-1.048297532388617,-0.8693272921435614,TIME_LIMIT,563487,0,0,9,7
2,8,2.596276e6,-1.048297532388617,-0.8693272921435614,TIME_LIMIT,563503,0,0,18,11
2,8,2.596333e6,-1.0482936782492391,-0.8693272921435614,TIME_LIMIT,563525,0,0,10,3
2,8,2.596454e6,-1.0482936782492391,-0.8693272921435614,TIME_LIMIT,563544,0,0,13,5
2,8,2.59657e6,-1.0482933628454654,-0.8693272921435614,TIME_LIMIT,563568,0,0,11,7
2,8,2.596634e6,-1.0482933628454654,-0.8693272921435614,TIME_LIMIT,563584,0,0,8,7
2,8,2.59666e6,-1.0482933318927277,-0.8693272921435614,TIME_LIMIT,563601,0,0,6,1
2,8,2.59685e6,-1.0482933318927277,-0.8693272921435614,TIME_LIMIT,563622,0,0,21,21
2,8,2.597046e6,-1.048290974552763,-0.8693272921435614,TIME_LIMIT,563658,0,0,19,6
2,8,2.597177e6,-1.048290974552763,-0.8693272921435614,TIME_LIMIT,563688,0,0,16,7
2,8,2.597297e6,-1.0482856802933105,-0.8693272921435614,TIME_LIMIT,563716,0,0,10,10
2,8,2.597493e6,-1.0482856802933105,-0.8693272921435614,TIME_LIMIT,563744,0,0,25,22
2,8,2.597696e6,-1.048285358312003,-0.8693272921435614,TIME_LIMIT,563774,0,0,22,15
2,8,2.597897e6,-1.048285358312003,-0.8693272921435614,TIME_LIMIT,563801,0,0,16,21
2,8,2.597988e6,-1.0482836798464368,-0.8693272921435614,TIME_LIMIT,563829,0,0,10,4
2,8,2.59818e6,-1.0482836798464368,-0.8693272921435614,TIME_LIMIT,563855,0,0,21,19
2,8,2.598331e6,-1.0482797610127765,-0.8693272921435614,TIME_LIMIT,563891,0,0,18,6
2,8,2.598519e6,-1.0482797610127765,-0.8693272921435614,TIME_LIMIT,563915,0,0,16,15
2,8,2.598628e6,-1.0482780513703975,-0.8693272921435614,TIME_LIMIT,563940,0,0,11,11
2,8,2.598779e6,-1.0482780513703975,-0.8693272921435614,TIME_LIMIT,563963,0,0,16,8
2,8,2.598887e6,-1.0482707481319133,-0.8693272921435614,TIME_LIMIT,563988,0,0,10,12
2,8,2.599042e6,-1.0482707481319133,-0.8693272921435614,TIME_LIMIT,564016,0,0,10,18
2,8,2.599234e6,-1.0482660348461987,-0.8693272921435614,TIME_LIMIT,564057,0,0,9,8
2,8,2.599353e6,-1.0482660348461987,-0.8693272921435614,TIME_LIMIT,564078,0,0,14,16
2,8,2.599457e6,-1.0482519914254693,-0.8693272921435614,TIME_LIMIT,564107,0,0,12,3
2,8,2.599655e6,-1.0482519914254693,-0.8693272921435614,TIME_LIMIT,564126,0,0,18,10
2,8,2.599733e6,-1.0482493821274126,-0.8693272921435614,TIME_LIMIT,564149,0,0,5,3
2,8,2.599898e6,-1.0482493821274126,-0.8693272921435614,TIME_LIMIT,564179,0,0,19,11
2,8,2.600007e6,-1.0482473859572978,-0.8693272921435614,TIME_LIMIT,564213,0,0,17,11
2,8,2.600096e6,-1.0482473859572978,-0.8693272921435614,TIME_LIMIT,564233,0,0,19,12
2,8,2.600243e6,-1.0482448177399384,-0.8693272921435614,TIME_LIMIT,564261,0,0,14,6
2,8,2.600346e6,-1.0482448177399384,-0.8693272921435614,TIME_LIMIT,564279,0,0,8,11
2,8,2.600458e6,-1.0482413702980342,-0.8693272921435614,TIME_LIMIT,564308,0,0,14,10
2,8,2.600509e6,-1.0482413702980342,-0.8693272921435614,TIME_LIMIT,564326,0,0,9,2
2,8,2.60056e6,-1.0482399485375407,-0.8693272921435614,TIME_LIMIT,564342,0,0,9,5
2,8,2.600759e6,-1.0482399485375407,-0.8693272921435614,TIME_LIMIT,564357,0,0,18,19
2,8,2.600845e6,-1.0482387434107636,-0.8693272921435614,TIME_LIMIT,564385,0,0,8,6
2,8,2.601043e6,-1.0482387434107636,-0.8693272921435614,TIME_LIMIT,564407,0,0,21,20
2,8,2.601238e6,-1.0482368468310697,-0.8693272921435614,TIME_LIMIT,564438,0,0,15,6
2,8,2.601404e6,-1.0482368468310697,-0.8693272921435614,TIME_LIMIT,564463,0,0,14,28
2,8,2.601519e6,-1.048228515047484,-0.8693272921435614,TIME_LIMIT,564495,0,0,7,9
2,8,2.601594e6,-1.048228515047484,-0.8693272921435614,TIME_LIMIT,564519,0,0,16,9
2,8,2.601777e6,-1.0482276713804706,-0.8693272921435614,TIME_LIMIT,564551,0,0,14,8
2,8,2.601829e6,-1.0482276713804706,-0.8693272921435614,TIME_LIMIT,564568,0,0,14,9
2,8,2.601881e6,-1.0482203658148865,-0.8693272921435614,TIME_LIMIT,564586,0,0,4,1
2,8,2.602024e6,-1.0482203658148865,-0.8693272921435614,TIME_LIMIT,564617,0,0,16,29
2,8,2.602125e6,-1.0482188599842241,-0.8693272921435614,TIME_LIMIT,564646,0,0,13,6
2,8,2.602228e6,-1.0482188599842241,-0.8693272921435614,TIME_LIMIT,564666,0,0,15,5
2,8,2.602327e6,-1.0482187536373386,-0.8693272921435614,TIME_LIMIT,564695,0,0,14,10
2,8,2.602422e6,-1.0482187536373386,-0.8693272921435614,TIME_LIMIT,564715,0,0,9,12
2,8,2.602512e6,-1.0482127823351548,-0.8693272921435614,TIME_LIMIT,564736,0,0,7,8
2,8,2.602668e6,-1.0482127823351548,-0.8693272921435614,TIME_LIMIT,564761,0,0,19,16
2,8,2.602792e6,-1.0482124098775598,-0.8693272921435614,TIME_LIMIT,564799,0,0,14,9
2,8,2.602925e6,-1.0482124098775598,-0.8693272921435614,TIME_LIMIT,564826,0,0,25,13
2,8,2.603061e6,-1.0482115692655185,-0.8693272921435614,TIME_LIMIT,564866,0,0,16,8
2,8,2.603195e6,-1.0482115692655185,-0.8693272921435614,TIME_LIMIT,564893,0,0,20,11
2,8,2.603241e6,-1.0482066078418992,-0.8693272921435614,TIME_LIMIT,564915,0,0,4,1
2,8,2.603397e6,-1.0482066078418992,-0.8693272921435614,TIME_LIMIT,564942,0,0,18,19
2,8,2.603597e6,-1.0482043291028895,-0.8693272921435614,TIME_LIMIT,564978,0,0,18,6
2,8,2.603739e6,-1.0482043291028895,-0.8693272921435614,TIME_LIMIT,565004,0,0,25,8
2,8,2.603821e6,-1.0481928092346489,-0.8693272921435614,TIME_LIMIT,565037,0,0,17,9
2,8,2.603914e6,-1.0481928092346489,-0.8693272921435614,TIME_LIMIT,565063,0,0,23,14
2,8,2.604113e6,-1.0481911066639704,-0.8693272921435614,TIME_LIMIT,565094,0,0,15,5
2,8,2.604309e6,-1.0481911066639704,-0.8693272921435614,TIME_LIMIT,565118,0,0,19,23
2,8,2.604524e6,-1.04818963579422,-0.8693272921435614,TIME_LIMIT,565156,0,0,14,7
2,8,2.604673e6,-1.04818963579422,-0.8693272921435614,TIME_LIMIT,565184,0,0,12,9
2,8,2.604745e6,-1.0481863699726142,-0.8693272921435614,TIME_LIMIT,565202,0,0,5,4
2,8,2.604793e6,-1.0481863699726142,-0.8693272921435614,TIME_LIMIT,565220,0,0,8,5
2,8,2.604815e6,-1.0481832219302687,-0.8693272921435614,TIME_LIMIT,565232,0,0,5,2
2,8,2.604968e6,-1.0481832219302687,-0.8693272921435614,TIME_LIMIT,565254,0,0,11,22
2,8,2.605137e6,-1.0481823247476543,-0.8693272921435614,TIME_LIMIT,565286,0,0,13,9
2,8,2.605178e6,-1.0481823247476543,-0.8693272921435614,TIME_LIMIT,565296,0,0,10,6
2,8,2.605208e6,-1.0481774250206177,-0.8693272921435614,TIME_LIMIT,565316,0,0,7,2
2,8,2.605316e6,-1.0481774250206177,-0.8693272921435614,TIME_LIMIT,565335,0,0,13,8
2,8,2.605396e6,-1.0481763830979025,-0.8693272921435614,TIME_LIMIT,565363,0,0,13,6
2,8,2.605595e6,-1.0481763830979025,-0.8693272921435614,TIME_LIMIT,565391,0,0,20,24
2,8,2.605787e6,-1.0481748563248017,-0.8693272921435614,TIME_LIMIT,565421,0,0,16,14
2,8,2.60592e6,-1.0481748563248017,-0.8693272921435614,TIME_LIMIT,565439,0,0,6,7
2,8,2.605954e6,-1.0481733187743822,-0.8693272921435614,TIME_LIMIT,565453,0,0,4,2
2,8,2.606134e6,-1.0481733187743822,-0.8693272921435614,TIME_LIMIT,565474,0,0,14,10
2,8,2.606338e6,-1.048170665314991,-0.8693272921435614,TIME_LIMIT,565502,0,0,17,13
2,8,2.606492e6,-1.048170665314991,-0.8693272921435614,TIME_LIMIT,565526,0,0,19,12
2,8,2.606589e6,-1.0481680891835503,-0.8693272921435614,TIME_LIMIT,565549,0,0,16,8
2,8,2.606665e6,-1.0481680891835503,-0.8693272921435614,TIME_LIMIT,565568,0,0,13,7
2,8,2.606759e6,-1.0481674447055607,-0.8693272921435614,TIME_LIMIT,565600,0,0,10,8
2,8,2.606953e6,-1.0481674447055607,-0.8693272921435614,TIME_LIMIT,565621,0,0,18,18
2,8,2.607078e6,-1.0481658270123786,-0.8693272921435614,TIME_LIMIT,565654,0,0,13,9
2,8,2.607153e6,-1.0481658270123786,-0.8693272921435614,TIME_LIMIT,565671,0,0,19,4
2,8,2.607249e6,-1.0481632582618752,-0.8693272921435614,TIME_LIMIT,565700,0,0,8,7
2,8,2.607444e6,-1.0481632582618752,-0.8693272921435614,TIME_LIMIT,565727,0,0,17,15
2,8,2.607527e6,-1.0481607414048393,-0.8693272921435614,TIME_LIMIT,565755,0,0,12,7
2,8,2.607552e6,-1.0481607414048393,-0.8693272921435614,TIME_LIMIT,565766,0,0,10,6
2,8,2.607602e6,-1.0481566476609911,-0.8693272921435614,TIME_LIMIT,565786,0,0,8,4
2,8,2.607724e6,-1.0481566476609911,-0.8693272921435614,TIME_LIMIT,565807,0,0,14,9
2,8,2.607811e6,-1.0481559699594845,-0.8693272921435614,TIME_LIMIT,565833,0,0,8,6
2,8,2.607979e6,-1.0481559699594845,-0.8693272921435614,TIME_LIMIT,565860,0,0,10,12
2,8,2.608085e6,-1.0481496404216752,-0.8693272921435614,TIME_LIMIT,565881,0,0,18,8
2,8,2.608126e6,-1.0481496404216752,-0.8693272921435614,TIME_LIMIT,565894,0,0,8,5
2,8,2.608149e6,-1.0481467472537422,-0.8693272921435614,TIME_LIMIT,565908,0,0,3,1
2,8,2.608255e6,-1.0481467472537422,-0.8693272921435614,TIME_LIMIT,565931,0,0,17,13
2,8,2.608298e6,-1.0481458177887473,-0.8693272921435614,TIME_LIMIT,565955,0,0,8,7
2,8,2.608398e6,-1.0481458177887473,-0.8693272921435614,TIME_LIMIT,565979,0,0,15,5
2,8,2.608602e6,-1.0481342837892662,-0.8693272921435614,TIME_LIMIT,566012,0,0,14,8
2,8,2.608723e6,-1.0481342837892662,-0.8693272921435614,TIME_LIMIT,566033,0,0,11,18
2,8,2.60886e6,-1.04811413528767,-0.8693272921435614,TIME_LIMIT,566066,0,0,18,5
2,8,2.609032e6,-1.04811413528767,-0.8693272921435614,TIME_LIMIT,566086,0,0,15,10
2,8,2.609175e6,-1.0481116479105896,-0.8693272921435614,TIME_LIMIT,566120,0,0,11,8
2,8,2.609266e6,-1.0481116479105896,-0.8693272921435614,TIME_LIMIT,566141,0,0,13,11
2,8,2.609379e6,-1.0481113775661024,-0.8693272921435614,TIME_LIMIT,566165,0,0,8,12
2,8,2.609419e6,-1.0481113775661024,-0.8693272921435614,TIME_LIMIT,566180,0,0,10,5
2,8,2.609446e6,-1.0481107841966895,-0.8693272921435614,TIME_LIMIT,566199,0,0,7,4
2,8,2.609602e6,-1.0481107841966895,-0.8693272921435614,TIME_LIMIT,566222,0,0,14,12
2,8,2.609679e6,-1.0481095735234154,-0.8693272921435614,TIME_LIMIT,566251,0,0,13,7
2,8,2.609761e6,-1.0481095735234154,-0.8693272921435614,TIME_LIMIT,566270,0,0,16,13
2,8,2.609838e6,-1.0480955837956438,-0.8693272921435614,TIME_LIMIT,566295,0,0,10,3
2,8,2.609979e6,-1.0480955837956438,-0.8693272921435614,TIME_LIMIT,566323,0,0,19,22
2,8,2.610179e6,-1.0480879071973495,-0.8693272921435614,TIME_LIMIT,566359,0,0,15,10
2,8,2.610219e6,-1.0480879071973495,-0.8693272921435614,TIME_LIMIT,566370,0,0,12,6
2,8,2.610317e6,-1.0480861677277398,-0.8693272921435614,TIME_LIMIT,566391,0,0,8,3
2,8,2.610399e6,-1.0480861677277398,-0.8693272921435614,TIME_LIMIT,566412,0,0,20,10
2,8,2.610489e6,-1.0480842109104058,-0.8693272921435614,TIME_LIMIT,566442,0,0,16,7
2,8,2.610685e6,-1.0480842109104058,-0.8693272921435614,TIME_LIMIT,566466,0,0,7,20
2,8,2.610885e6,-1.0480827399358925,-0.8693272921435614,TIME_LIMIT,566504,0,0,16,12
2,8,2.611093e6,-1.0480827399358925,-0.8693272921435614,TIME_LIMIT,566531,0,0,16,16
2,8,2.611224e6,-1.0480815875553453,-0.8693272921435614,TIME_LIMIT,566566,0,0,7,10
2,8,2.611412e6,-1.0480815875553453,-0.8693272921435614,TIME_LIMIT,566596,0,0,18,8
2,8,2.61149e6,-1.0480765322228582,-0.8693272921435614,TIME_LIMIT,566619,0,0,18,12
2,8,2.611603e6,-1.0480765322228582,-0.8693272921435614,TIME_LIMIT,566644,0,0,22,19
2,8,2.611772e6,-1.0480611484124833,-0.8693272921435614,TIME_LIMIT,566681,0,0,15,12
2,8,2.611843e6,-1.0480611484124833,-0.8693272921435614,TIME_LIMIT,566705,0,0,12,15
2,8,2.611991e6,-1.0480587199543274,-0.8693272921435614,TIME_LIMIT,566738,0,0,14,12
2,8,2.612077e6,-1.0480587199543274,-0.8693272921435614,TIME_LIMIT,566758,0,0,15,11
2,8,2.612179e6,-1.048046733371899,-0.8693272921435614,TIME_LIMIT,566787,0,0,11,7
2,8,2.612235e6,-1.048046733371899,-0.8693272921435614,TIME_LIMIT,566808,0,0,16,12
2,8,2.612314e6,-1.0480391688273787,-0.8693272921435614,TIME_LIMIT,566839,0,0,13,4
2,8,2.612448e6,-1.0480391688273787,-0.8693272921435614,TIME_LIMIT,566859,0,0,13,9
2,8,2.612515e6,-1.0480322775565574,-0.8693272921435614,TIME_LIMIT,566879,0,0,9,4
2,8,2.612709e6,-1.0480322775565574,-0.8693272921435614,TIME_LIMIT,566905,0,0,19,20
2,8,2.612907e6,-1.048031087358073,-0.8693272921435614,TIME_LIMIT,566939,0,0,15,18
2,8,2.612944e6,-1.048031087358073,-0.8693272921435614,TIME_LIMIT,566954,0,0,9,6
2,8,2.612999e6,-1.0480287244654796,-0.8693272921435614,TIME_LIMIT,566975,0,0,8,2
2,8,2.613107e6,-1.0480287244654796,-0.8693272921435614,TIME_LIMIT,566997,0,0,19,15
2,8,2.613296e6,-1.0480271090732627,-0.8693272921435614,TIME_LIMIT,567025,0,0,14,10
2,8,2.613408e6,-1.0480271090732627,-0.8693272921435614,TIME_LIMIT,567040,0,0,12,21
2,8,2.613491e6,-1.0480252165786663,-0.8693272921435614,TIME_LIMIT,567064,0,0,8,3
2,8,2.613689e6,-1.0480252165786663,-0.8693272921435614,TIME_LIMIT,567086,0,0,19,13
2,8,2.613761e6,-1.0480185426791553,-0.8693272921435614,TIME_LIMIT,567113,0,0,11,3
2,8,2.613847e6,-1.0480185426791553,-0.8693272921435614,TIME_LIMIT,567134,0,0,19,12
2,8,2.613949e6,-1.0480155861449254,-0.8693272921435614,TIME_LIMIT,567163,0,0,10,4
2,8,2.614028e6,-1.0480155861449254,-0.8693272921435614,TIME_LIMIT,567181,0,0,12,24
2,8,2.614143e6,-1.0480130987328267,-0.8693272921435614,TIME_LIMIT,567215,0,0,11,11
2,8,2.614344e6,-1.0480130987328267,-0.8693272921435614,TIME_LIMIT,567241,0,0,25,23
2,8,2.614546e6,-1.0480129272817633,-0.8693272921435614,TIME_LIMIT,567271,0,0,13,10
2,8,2.61463e6,-1.0480129272817633,-0.8693272921435614,TIME_LIMIT,567293,0,0,13,9
2,8,2.614694e6,-1.0480114779779712,-0.8693272921435614,TIME_LIMIT,567320,0,0,10,9
2,8,2.614806e6,-1.0480114779779712,-0.8693272921435614,TIME_LIMIT,567343,0,0,9,11
2,8,2.614997e6,-1.0480049102180868,-0.8693272921435614,TIME_LIMIT,567372,0,0,12,6
2,8,2.61508e6,-1.0480049102180868,-0.8693272921435614,TIME_LIMIT,567390,0,0,12,3
2,8,2.615141e6,-1.0480048698720084,-0.8693272921435614,TIME_LIMIT,567407,0,0,10,5
2,8,2.615264e6,-1.0480048698720084,-0.8693272921435614,TIME_LIMIT,567428,0,0,10,11
2,8,2.615347e6,-1.048003494851408,-0.8693272921435614,TIME_LIMIT,567457,0,0,6,6
2,8,2.615482e6,-1.048003494851408,-0.8693272921435614,TIME_LIMIT,567483,0,0,16,12
2,8,2.615566e6,-1.0480031873596172,-0.8693272921435614,TIME_LIMIT,567513,0,0,16,3
2,8,2.615738e6,-1.0480031873596172,-0.8693272921435614,TIME_LIMIT,567539,0,0,14,11
2,8,2.615786e6,-1.0479927444725665,-0.8693272921435614,TIME_LIMIT,567560,0,0,13,2
2,8,2.615986e6,-1.0479927444725665,-0.8693272921435614,TIME_LIMIT,567578,0,0,15,15
2,8,2.616129e6,-1.0479908412580365,-0.8693272921435614,TIME_LIMIT,567611,0,0,9,3
2,8,2.61626e6,-1.0479908412580365,-0.8693272921435614,TIME_LIMIT,567633,0,0,20,15
2,8,2.616427e6,-1.0479900822450672,-0.8693272921435614,TIME_LIMIT,567669,0,0,16,4
2,8,2.616531e6,-1.0479900822450672,-0.8693272921435614,TIME_LIMIT,567699,0,0,19,14
2,8,2.616628e6,-1.0479873351645788,-0.8693272921435614,TIME_LIMIT,567715,0,0,4,12
2,8,2.61668e6,-1.0479873351645788,-0.8693272921435614,TIME_LIMIT,567731,0,0,12,8
2,8,2.616737e6,-1.0479809431998652,-0.8693272921435614,TIME_LIMIT,567752,0,0,7,7
2,8,2.616906e6,-1.0479809431998652,-0.8693272921435614,TIME_LIMIT,567775,0,0,5,11
2,8,2.61695e6,-1.0479742249046382,-0.8693272921435614,TIME_LIMIT,567795,0,0,3,2
2,8,2.617148e6,-1.0479742249046382,-0.8693272921435614,TIME_LIMIT,567823,0,0,25,19
2,8,2.617345e6,-1.0479701116798013,-0.8693272921435614,TIME_LIMIT,567859,0,0,18,6
2,8,2.617455e6,-1.0479701116798013,-0.8693272921435614,TIME_LIMIT,567877,0,0,5,13
2,8,2.617522e6,-1.0479696490434758,-0.8693272921435614,TIME_LIMIT,567900,0,0,9,5
2,8,2.617712e6,-1.0479696490434758,-0.8693272921435614,TIME_LIMIT,567921,0,0,9,24
2,8,2.617915e6,-1.0479679972836595,-0.8693272921435614,TIME_LIMIT,567952,0,0,5,5
2,8,2.618015e6,-1.0479679972836595,-0.8693272921435614,TIME_LIMIT,567976,0,0,16,19
2,8,2.618123e6,-1.0479622621639857,-0.8693272921435614,TIME_LIMIT,568010,0,0,12,6
2,8,2.618314e6,-1.0479622621639857,-0.8693272921435614,TIME_LIMIT,568037,0,0,11,18
2,8,2.61851e6,-1.0479555000456582,-0.8693272921435614,TIME_LIMIT,568059,0,0,20,10
2,8,2.618596e6,-1.0479555000456582,-0.8693272921435614,TIME_LIMIT,568082,0,0,14,15
2,8,2.618758e6,-1.0479527612434332,-0.8693272921435614,TIME_LIMIT,568116,0,0,13,11
2,8,2.61887e6,-1.0479527612434332,-0.8693272921435614,TIME_LIMIT,568137,0,0,19,28
2,8,2.618993e6,-1.0479456507012976,-0.8693272921435614,TIME_LIMIT,568172,0,0,20,7
2,8,2.61915e6,-1.0479456507012976,-0.8693272921435614,TIME_LIMIT,568198,0,0,19,9
2,8,2.619225e6,-1.047945091102857,-0.8693272921435614,TIME_LIMIT,568220,0,0,10,2
2,8,2.619419e6,-1.047945091102857,-0.8693272921435614,TIME_LIMIT,568242,0,0,14,11
2,8,2.619513e6,-1.0479378291569224,-0.8693272921435614,TIME_LIMIT,568271,0,0,12,4
2,8,2.61957e6,-1.0479378291569224,-0.8693272921435614,TIME_LIMIT,568287,0,0,6,15
2,8,2.619627e6,-1.0479301738612965,-0.8693272921435614,TIME_LIMIT,568309,0,0,7,5
2,8,2.619822e6,-1.0479301738612965,-0.8693272921435614,TIME_LIMIT,568332,0,0,15,11
2,8,2.619904e6,-1.0479294400763077,-0.8693272921435614,TIME_LIMIT,568355,0,0,15,10
2,8,2.619984e6,-1.0479294400763077,-0.8693272921435614,TIME_LIMIT,568379,0,0,9,9
2,8,2.620068e6,-1.047927098404195,-0.8693272921435614,TIME_LIMIT,568401,0,0,13,7
2,8,2.620164e6,-1.047927098404195,-0.8693272921435614,TIME_LIMIT,568422,0,0,16,22
2,8,2.620283e6,-1.0479243254243646,-0.8693272921435614,TIME_LIMIT,568445,0,0,15,5
2,8,2.620385e6,-1.0479243254243646,-0.8693272921435614,TIME_LIMIT,568471,0,0,15,6
2,8,2.620473e6,-1.047923247072463,-0.8693272921435614,TIME_LIMIT,568490,0,0,5,7
2,8,2.620559e6,-1.047923247072463,-0.8693272921435614,TIME_LIMIT,568507,0,0,13,7
2,8,2.620599e6,-1.047922815339584,-0.8693272921435614,TIME_LIMIT,568527,0,0,6,7
2,8,2.620764e6,-1.047922815339584,-0.8693272921435614,TIME_LIMIT,568553,0,0,6,8
2,8,2.62096e6,-1.0479199293636636,-0.8693272921435614,TIME_LIMIT,568580,0,0,16,8
2,8,2.621156e6,-1.0479199293636636,-0.8693272921435614,TIME_LIMIT,568602,0,0,23,28
2,8,2.621351e6,-1.0479197203689816,-0.8693272921435614,TIME_LIMIT,568637,0,0,16,9
2,8,2.621495e6,-1.0479197203689816,-0.8693272921435614,TIME_LIMIT,568665,0,0,28,22
2,8,2.621701e6,-1.0479175117281305,-0.8693272921435614,TIME_LIMIT,568702,0,0,8,3
2,8,2.621808e6,-1.0479175117281305,-0.8693272921435614,TIME_LIMIT,568724,0,0,14,14
2,8,2.621894e6,-1.0479139453530277,-0.8693272921435614,TIME_LIMIT,568749,0,0,9,3
2,8,2.621932e6,-1.0479139453530277,-0.8693272921435614,TIME_LIMIT,568764,0,0,9,10
2,8,2.621985e6,-1.047912734118205,-0.8693272921435614,TIME_LIMIT,568783,0,0,7,4
2,8,2.622081e6,-1.047912734118205,-0.8693272921435614,TIME_LIMIT,568801,0,0,15,6
2,8,2.622194e6,-1.0479015214093923,-0.8693272921435614,TIME_LIMIT,568822,0,0,12,4
2,8,2.622331e6,-1.0479015214093923,-0.8693272921435614,TIME_LIMIT,568843,0,0,13,13
2,8,2.622416e6,-1.047901139308065,-0.8693272921435614,TIME_LIMIT,568865,0,0,10,4
2,8,2.622614e6,-1.047901139308065,-0.8693272921435614,TIME_LIMIT,568886,0,0,15,24
2,8,2.622817e6,-1.047900805310465,-0.8693272921435614,TIME_LIMIT,568921,0,0,16,5
2,8,2.622909e6,-1.047900805310465,-0.8693272921435614,TIME_LIMIT,568938,0,0,12,12
2,8,2.622991e6,-1.0478971541271518,-0.8693272921435614,TIME_LIMIT,568969,0,0,13,7
2,8,2.623143e6,-1.0478971541271518,-0.8693272921435614,TIME_LIMIT,569002,0,0,25,15
2,8,2.623219e6,-1.0478942292827935,-0.8693272921435614,TIME_LIMIT,569025,0,0,17,6
2,8,2.623283e6,-1.0478942292827935,-0.8693272921435614,TIME_LIMIT,569045,0,0,10,10
2,8,2.623423e6,-1.0478888266868285,-0.8693272921435614,TIME_LIMIT,569072,0,0,8,9
2,8,2.62362e6,-1.0478888266868285,-0.8693272921435614,TIME_LIMIT,569094,0,0,30,22
2,8,2.623727e6,-1.0478846927626249,-0.8693272921435614,TIME_LIMIT,569134,0,0,20,8
2,8,2.623882e6,-1.0478846927626249,-0.8693272921435614,TIME_LIMIT,569154,0,0,16,12
2,8,2.623939e6,-1.047880608307354,-0.8693272921435614,TIME_LIMIT,569183,0,0,13,5
2,8,2.624011e6,-1.047880608307354,-0.8693272921435614,TIME_LIMIT,569209,0,0,14,7
2,8,2.624076e6,-1.0478776936111776,-0.8693272921435614,TIME_LIMIT,569226,0,0,14,6
2,8,2.62419e6,-1.0478776936111776,-0.8693272921435614,TIME_LIMIT,569244,0,0,14,4
2,8,2.624243e6,-1.047874853055705,-0.8693272921435614,TIME_LIMIT,569260,0,0,6,2
2,8,2.62435e6,-1.047874853055705,-0.8693272921435614,TIME_LIMIT,569279,0,0,14,22
2,8,2.624443e6,-1.0478695454634168,-0.8693272921435614,TIME_LIMIT,569304,0,0,10,7
2,8,2.624647e6,-1.0478695454634168,-0.8693272921435614,TIME_LIMIT,569332,0,0,21,9
2,8,2.624745e6,-1.0478662323945167,-0.8693272921435614,TIME_LIMIT,569351,0,0,14,7
2,8,2.624819e6,-1.0478662323945167,-0.8693272921435614,TIME_LIMIT,569368,0,0,15,10
2,8,2.624856e6,-1.047860146327769,-0.8693272921435614,TIME_LIMIT,569386,0,0,6,2
2,8,2.625056e6,-1.047860146327769,-0.8693272921435614,TIME_LIMIT,569412,0,0,21,20
2,8,2.62526e6,-1.0478579553088054,-0.8693272921435614,TIME_LIMIT,569443,0,0,18,8
2,8,2.625372e6,-1.0478579553088054,-0.8693272921435614,TIME_LIMIT,569476,0,0,17,7
2,8,2.625453e6,-1.0478568973389486,-0.8693272921435614,TIME_LIMIT,569494,0,0,6,6
2,8,2.62565e6,-1.0478568973389486,-0.8693272921435614,TIME_LIMIT,569519,0,0,30,27
2,8,2.62585e6,-1.047852933351422,-0.8693272921435614,TIME_LIMIT,569552,0,0,16,10
2,8,2.625955e6,-1.047852933351422,-0.8693272921435614,TIME_LIMIT,569572,0,0,20,15
2,8,2.62609e6,-1.0478521550725892,-0.8693272921435614,TIME_LIMIT,569608,0,0,11,8
2,8,2.626144e6,-1.0478521550725892,-0.8693272921435614,TIME_LIMIT,569628,0,0,15,8
2,8,2.626228e6,-1.0478465304092919,-0.8693272921435614,TIME_LIMIT,569654,0,0,10,8
2,8,2.626379e6,-1.0478465304092919,-0.8693272921435614,TIME_LIMIT,569686,0,0,11,11
2,8,2.626452e6,-1.0478453735872315,-0.8693272921435614,TIME_LIMIT,569710,0,0,16,5
2,8,2.626588e6,-1.0478453735872315,-0.8693272921435614,TIME_LIMIT,569733,0,0,12,11
2,8,2.626698e6,-1.0478420290740762,-0.8693272921435614,TIME_LIMIT,569763,0,0,14,8
2,8,2.626889e6,-1.0478420290740762,-0.8693272921435614,TIME_LIMIT,569786,0,0,16,13
2,8,2.627011e6,-1.0478406442009658,-0.8693272921435614,TIME_LIMIT,569816,0,0,8,5
2,8,2.627068e6,-1.0478406442009658,-0.8693272921435614,TIME_LIMIT,569831,0,0,10,6
2,8,2.627118e6,-1.0478402720700946,-0.8693272921435614,TIME_LIMIT,569851,0,0,9,7
2,8,2.627206e6,-1.0478402720700946,-0.8693272921435614,TIME_LIMIT,569877,0,0,11,12
2,8,2.627334e6,-1.0478394816577865,-0.8693272921435614,TIME_LIMIT,569900,0,0,18,9
2,8,2.627471e6,-1.0478394816577865,-0.8693272921435614,TIME_LIMIT,569928,0,0,18,9
2,8,2.627642e6,-1.047832908445125,-0.8693272921435614,TIME_LIMIT,569954,0,0,16,11
2,8,2.6278e6,-1.047832908445125,-0.8693272921435614,TIME_LIMIT,569976,0,0,13,8
2,8,2.62786e6,-1.0478321480076187,-0.8693272921435614,TIME_LIMIT,569998,0,0,6,3
2,8,2.627939e6,-1.0478321480076187,-0.8693272921435614,TIME_LIMIT,570021,0,0,21,9
2,8,2.628118e6,-1.0478307957184185,-0.8693272921435614,TIME_LIMIT,570053,0,0,13,13
2,8,2.628237e6,-1.0478307957184185,-0.8693272921435614,TIME_LIMIT,570077,0,0,18,10
2,8,2.628436e6,-1.0478276374597737,-0.8693272921435614,TIME_LIMIT,570105,0,0,13,11
2,8,2.628527e6,-1.0478276374597737,-0.8693272921435614,TIME_LIMIT,570126,0,0,17,10
2,8,2.628574e6,-1.0478275446966085,-0.8693272921435614,TIME_LIMIT,570147,0,0,7,4
2,8,2.628623e6,-1.0478275446966085,-0.8693272921435614,TIME_LIMIT,570162,0,0,12,13
2,8,2.628723e6,-1.047823538837679,-0.8693272921435614,TIME_LIMIT,570194,0,0,13,7
2,8,2.62881e6,-1.047823538837679,-0.8693272921435614,TIME_LIMIT,570218,0,0,20,12
2,8,2.62893e6,-1.047813245396251,-0.8693272921435614,TIME_LIMIT,570246,0,0,14,5
2,8,2.62903e6,-1.047813245396251,-0.8693272921435614,TIME_LIMIT,570265,0,0,9,10
2,8,2.629188e6,-1.0478122425331078,-0.8693272921435614,TIME_LIMIT,570296,0,0,10,9
2,8,2.629384e6,-1.0478122425331078,-0.8693272921435614,TIME_LIMIT,570313,0,0,20,28
2,8,2.62958e6,-1.0478061635600613,-0.8693272921435614,TIME_LIMIT,570352,0,0,19,9
2,8,2.629668e6,-1.0478061635600613,-0.8693272921435614,TIME_LIMIT,570377,0,0,18,11
2,8,2.629738e6,-1.0478054929808562,-0.8693272921435614,TIME_LIMIT,570401,0,0,7,5
2,8,2.629858e6,-1.0478054929808562,-0.8693272921435614,TIME_LIMIT,570426,0,0,15,12
2,8,2.629913e6,-1.0477995064090255,-0.8693272921435614,TIME_LIMIT,570451,0,0,4,1
2,8,2.629939e6,-1.0477995064090255,-0.8693272921435614,TIME_LIMIT,570463,0,0,10,1
2,8,2.629986e6,-1.047797809553154,-0.8693272921435614,TIME_LIMIT,570478,0,0,5,1
2,8,2.630178e6,-1.047797809553154,-0.8693272921435614,TIME_LIMIT,570498,0,0,5,10
2,8,2.630252e6,-1.047790561374483,-0.8693272921435614,TIME_LIMIT,570527,0,0,12,8
2,8,2.630442e6,-1.047790561374483,-0.8693272921435614,TIME_LIMIT,570553,0,0,21,26
2,8,2.630632e6,-1.0477888193453462,-0.8693272921435614,TIME_LIMIT,570591,0,0,14,14
2,8,2.630812e6,-1.0477888193453462,-0.8693272921435614,TIME_LIMIT,570619,0,0,19,17
2,8,2.630916e6,-1.0477863778917684,-0.8693272921435614,TIME_LIMIT,570646,0,0,12,4
2,8,2.630991e6,-1.0477863778917684,-0.8693272921435614,TIME_LIMIT,570664,0,0,10,16
2,8,2.631024e6,-1.0477860912403174,-0.8693272921435614,TIME_LIMIT,570684,0,0,5,1
2,8,2.631184e6,-1.0477860912403174,-0.8693272921435614,TIME_LIMIT,570708,0,0,17,17
2,8,2.631382e6,-1.0477812142063634,-0.8693272921435614,TIME_LIMIT,570735,0,0,8,8
2,8,2.631463e6,-1.0477812142063634,-0.8693272921435614,TIME_LIMIT,570757,0,0,18,8
2,8,2.631548e6,-1.0477789958658184,-0.8693272921435614,TIME_LIMIT,570788,0,0,11,12
2,8,2.631633e6,-1.0477789958658184,-0.8693272921435614,TIME_LIMIT,570811,0,0,16,5
2,8,2.631679e6,-1.047773512636867,-0.8693272921435614,TIME_LIMIT,570828,0,0,8,3
2,8,2.631825e6,-1.047773512636867,-0.8693272921435614,TIME_LIMIT,570852,0,0,16,29
2,8,2.631952e6,-1.0477703507314915,-0.8693272921435614,TIME_LIMIT,570888,0,0,18,18
2,8,2.632147e6,-1.0477703507314915,-0.8693272921435614,TIME_LIMIT,570912,0,0,22,27
2,8,2.632294e6,-1.0477653488852492,-0.8693272921435614,TIME_LIMIT,570945,0,0,13,13
2,8,2.632409e6,-1.0477653488852492,-0.8693272921435614,TIME_LIMIT,570965,0,0,10,5
2,8,2.632455e6,-1.047765291975391,-0.8693272921435614,TIME_LIMIT,570981,0,0,8,5
2,8,2.632647e6,-1.047765291975391,-0.8693272921435614,TIME_LIMIT,571009,0,0,18,13
2,8,2.632733e6,-1.0477650757384511,-0.8693272921435614,TIME_LIMIT,571038,0,0,6,14
2,8,2.632807e6,-1.0477650757384511,-0.8693272921435614,TIME_LIMIT,571058,0,0,12,19
2,8,2.632911e6,-1.0477646975092143,-0.8693272921435614,TIME_LIMIT,571082,0,0,8,5
2,8,2.633086e6,-1.0477646975092143,-0.8693272921435614,TIME_LIMIT,571100,0,0,11,27
2,8,2.633242e6,-1.0477634686378305,-0.8693272921435614,TIME_LIMIT,571132,0,0,7,5
2,8,2.63329e6,-1.0477634686378305,-0.8693272921435614,TIME_LIMIT,571152,0,0,11,3
2,8,2.633335e6,-1.047761874831913,-0.8693272921435614,TIME_LIMIT,571171,0,0,4,3
2,8,2.633485e6,-1.047761874831913,-0.8693272921435614,TIME_LIMIT,571199,0,0,20,19
2,8,2.633603e6,-1.0477578114485584,-0.8693272921435614,TIME_LIMIT,571231,0,0,12,15
2,8,2.633692e6,-1.0477578114485584,-0.8693272921435614,TIME_LIMIT,571254,0,0,14,9
2,8,2.63381e6,-1.0477576290018278,-0.8693272921435614,TIME_LIMIT,571282,0,0,12,12
2,8,2.633863e6,-1.0477576290018278,-0.8693272921435614,TIME_LIMIT,571296,0,0,8,17
2,8,2.633941e6,-1.0477560561768422,-0.8693272921435614,TIME_LIMIT,571323,0,0,9,3
2,8,2.634056e6,-1.0477560561768422,-0.8693272921435614,TIME_LIMIT,571346,0,0,15,13
2,8,2.634118e6,-1.0477541416861755,-0.8693272921435614,TIME_LIMIT,571367,0,0,10,4
2,8,2.634255e6,-1.0477541416861755,-0.8693272921435614,TIME_LIMIT,571394,0,0,23,15
2,8,2.634408e6,-1.0477507545980869,-0.8693272921435614,TIME_LIMIT,571432,0,0,19,9
2,8,2.63454e6,-1.0477507545980869,-0.8693272921435614,TIME_LIMIT,571451,0,0,16,17
2,8,2.634657e6,-1.0477498910960308,-0.8693272921435614,TIME_LIMIT,571479,0,0,13,5
2,8,2.634835e6,-1.0477498910960308,-0.8693272921435614,TIME_LIMIT,571500,0,0,25,19
2,8,2.635036e6,-1.0477469894636653,-0.8693272921435614,TIME_LIMIT,571534,0,0,16,13
2,8,2.635149e6,-1.0477469894636653,-0.8693272921435614,TIME_LIMIT,571561,0,0,18,11
2,8,2.635203e6,-1.047744532988797,-0.8693272921435614,TIME_LIMIT,571580,0,0,11,8
2,8,2.635318e6,-1.047744532988797,-0.8693272921435614,TIME_LIMIT,571600,0,0,22,17
2,8,2.635449e6,-1.0477428173349108,-0.8693272921435614,TIME_LIMIT,571629,0,0,10,8
2,8,2.635645e6,-1.0477428173349108,-0.8693272921435614,TIME_LIMIT,571649,0,0,21,38
2,8,2.635825e6,-1.047739670983098,-0.8693272921435614,TIME_LIMIT,571699,0,0,23,15
2,8,2.635967e6,-1.047739670983098,-0.8693272921435614,TIME_LIMIT,571720,0,0,19,8
2,8,2.63604e6,-1.04773590737527,-0.8693272921435614,TIME_LIMIT,571742,0,0,10,1
2,8,2.636141e6,-1.04773590737527,-0.8693272921435614,TIME_LIMIT,571767,0,0,16,15
2,8,2.636293e6,-1.0477356876870096,-0.8693272921435614,TIME_LIMIT,571798,0,0,7,3
2,8,2.636386e6,-1.0477356876870096,-0.8693272921435614,TIME_LIMIT,571821,0,0,10,5
2,8,2.636556e6,-1.0477320898664677,-0.8693272921435614,TIME_LIMIT,571851,0,0,14,5
2,8,2.636673e6,-1.0477320898664677,-0.8693272921435614,TIME_LIMIT,571876,0,0,12,8
2,8,2.636757e6,-1.0477272279171104,-0.8693272921435614,TIME_LIMIT,571901,0,0,10,5
2,8,2.636955e6,-1.0477272279171104,-0.8693272921435614,TIME_LIMIT,571927,0,0,22,19
2,8,2.637152e6,-1.0477245026286668,-0.8693272921435614,TIME_LIMIT,571960,0,0,18,11
2,8,2.637347e6,-1.0477245026286668,-0.8693272921435614,TIME_LIMIT,571979,0,0,20,32
2,8,2.637493e6,-1.04771876115938,-0.8693272921435614,TIME_LIMIT,572011,0,0,15,12
2,8,2.637611e6,-1.04771876115938,-0.8693272921435614,TIME_LIMIT,572042,0,0,22,23
2,8,2.637808e6,-1.0477158029930762,-0.8693272921435614,TIME_LIMIT,572075,0,0,16,16
2,8,2.63785e6,-1.0477158029930762,-0.8693272921435614,TIME_LIMIT,572095,0,0,9,5
2,8,2.637876e6,-1.047713720287096,-0.8693272921435614,TIME_LIMIT,572104,0,0,6,9
2,8,2.638076e6,-1.047713720287096,-0.8693272921435614,TIME_LIMIT,572124,0,0,11,5
2,8,2.638137e6,-1.0477092973005928,-0.8693272921435614,TIME_LIMIT,572149,0,0,8,8
2,8,2.638279e6,-1.0477092973005928,-0.8693272921435614,TIME_LIMIT,572171,0,0,15,6
2,8,2.638326e6,-1.047705944223746,-0.8693272921435614,TIME_LIMIT,572189,0,0,8,5
2,8,2.638526e6,-1.047705944223746,-0.8693272921435614,TIME_LIMIT,572211,0,0,9,19
2,8,2.638663e6,-1.0477005739299052,-0.8693272921435614,TIME_LIMIT,572252,0,0,18,9
2,8,2.638867e6,-1.0477005739299052,-0.8693272921435614,TIME_LIMIT,572283,0,0,22,7
2,8,2.639072e6,-1.0476997721537609,-0.8693272921435614,TIME_LIMIT,572305,0,0,17,10
2,8,2.639185e6,-1.0476997721537609,-0.8693272921435614,TIME_LIMIT,572322,0,0,14,4
2,8,2.639242e6,-1.0476992918754555,-0.8693272921435614,TIME_LIMIT,572334,0,0,9,3
2,8,2.639424e6,-1.0476992918754555,-0.8693272921435614,TIME_LIMIT,572353,0,0,12,18
2,8,2.639478e6,-1.0476951926598517,-0.8693272921435614,TIME_LIMIT,572376,0,0,6,5
2,8,2.639676e6,-1.0476951926598517,-0.8693272921435614,TIME_LIMIT,572399,0,0,20,16
2,8,2.639782e6,-1.0476942993082705,-0.8693272921435614,TIME_LIMIT,572430,0,0,15,4
2,8,2.639986e6,-1.0476942993082705,-0.8693272921435614,TIME_LIMIT,572455,0,0,16,13
2,8,2.640097e6,-1.047692769534204,-0.8693272921435614,TIME_LIMIT,572488,0,0,13,8
2,8,2.640178e6,-1.047692769534204,-0.8693272921435614,TIME_LIMIT,572506,0,0,12,9
2,8,2.640214e6,-1.0476854443655215,-0.8693272921435614,TIME_LIMIT,572528,0,0,7,3
2,8,2.640273e6,-1.0476854443655215,-0.8693272921435614,TIME_LIMIT,572547,0,0,11,14
2,8,2.640405e6,-1.0476803785495195,-0.8693272921435614,TIME_LIMIT,572577,0,0,13,8
2,8,2.640503e6,-1.0476803785495195,-0.8693272921435614,TIME_LIMIT,572602,0,0,5,10
2,8,2.6406e6,-1.0476763849371475,-0.8693272921435614,TIME_LIMIT,572626,0,0,7,9
2,8,2.640679e6,-1.0476763849371475,-0.8693272921435614,TIME_LIMIT,572646,0,0,10,13
2,8,2.640737e6,-1.0476751471549852,-0.8693272921435614,TIME_LIMIT,572674,0,0,10,8
2,8,2.640825e6,-1.0476751471549852,-0.8693272921435614,TIME_LIMIT,572690,0,0,13,6
2,8,2.640947e6,-1.0476720835286466,-0.8693272921435614,TIME_LIMIT,572717,0,0,16,3
2,8,2.641027e6,-1.0476720835286466,-0.8693272921435614,TIME_LIMIT,572739,0,0,12,4
2,8,2.64115e6,-1.0476621816235827,-0.8693272921435614,TIME_LIMIT,572765,0,0,15,3
2,8,2.641209e6,-1.0476621816235827,-0.8693272921435614,TIME_LIMIT,572789,0,0,11,11
2,8,2.641346e6,-1.047661910615039,-0.8693272921435614,TIME_LIMIT,572824,0,0,15,10
2,8,2.641542e6,-1.047661910615039,-0.8693272921435614,TIME_LIMIT,572845,0,0,21,30
2,8,2.641708e6,-1.047659687212405,-0.8693272921435614,TIME_LIMIT,572881,0,0,17,6
2,8,2.641815e6,-1.047659687212405,-0.8693272921435614,TIME_LIMIT,572909,0,0,11,18
2,8,2.641884e6,-1.0476567016267753,-0.8693272921435614,TIME_LIMIT,572928,0,0,7,2
2,8,2.641996e6,-1.0476567016267753,-0.8693272921435614,TIME_LIMIT,572951,0,0,14,7
2,8,2.642201e6,-1.047654659277637,-0.8693272921435614,TIME_LIMIT,572981,0,0,13,13
2,8,2.642404e6,-1.047654659277637,-0.8693272921435614,TIME_LIMIT,572997,0,0,18,20
2,8,2.642539e6,-1.0476521350332377,-0.8693272921435614,TIME_LIMIT,573027,0,0,12,5
2,8,2.642615e6,-1.0476521350332377,-0.8693272921435614,TIME_LIMIT,573042,0,0,12,12
2,8,2.642645e6,-1.0476517796080802,-0.8693272921435614,TIME_LIMIT,573059,0,0,4,3
2,8,2.642837e6,-1.0476517796080802,-0.8693272921435614,TIME_LIMIT,573091,0,0,25,18
2,8,2.643034e6,-1.0476508653944727,-0.8693272921435614,TIME_LIMIT,573125,0,0,19,8
2,8,2.6431e6,-1.0476508653944727,-0.8693272921435614,TIME_LIMIT,573145,0,0,19,12
2,8,2.643167e6,-1.0476460863497206,-0.8693272921435614,TIME_LIMIT,573177,0,0,13,9
2,8,2.64336e6,-1.0476460863497206,-0.8693272921435614,TIME_LIMIT,573203,0,0,20,18
2,8,2.643496e6,-1.0476441326624648,-0.8693272921435614,TIME_LIMIT,573238,0,0,13,6
2,8,2.643579e6,-1.0476441326624648,-0.8693272921435614,TIME_LIMIT,573259,0,0,19,13
2,8,2.643677e6,-1.0476441220828394,-0.8693272921435614,TIME_LIMIT,573287,0,0,8,7
2,8,2.643758e6,-1.0476441220828394,-0.8693272921435614,TIME_LIMIT,573309,0,0,11,5
2,8,2.643862e6,-1.0476386151520047,-0.8693272921435614,TIME_LIMIT,573337,0,0,10,4
2,8,2.64406e6,-1.0476386151520047,-0.8693272921435614,TIME_LIMIT,573363,0,0,26,14
2,8,2.64425e6,-1.047637216174007,-0.8693272921435614,TIME_LIMIT,573395,0,0,7,2
2,8,2.644447e6,-1.047637216174007,-0.8693272921435614,TIME_LIMIT,573417,0,0,18,22
2,8,2.644605e6,-1.0476364769437851,-0.8693272921435614,TIME_LIMIT,573452,0,0,16,7
2,8,2.644711e6,-1.0476364769437851,-0.8693272921435614,TIME_LIMIT,573477,0,0,22,15
2,8,2.644804e6,-1.0476359922310237,-0.8693272921435614,TIME_LIMIT,573507,0,0,13,8
2,8,2.645e6,-1.0476359922310237,-0.8693272921435614,TIME_LIMIT,573531,0,0,13,14
2,8,2.645193e6,-1.047631754289013,-0.8693272921435614,TIME_LIMIT,573565,0,0,16,10
2,8,2.64534e6,-1.047631754289013,-0.8693272921435614,TIME_LIMIT,573583,0,0,9,5
2,8,2.645402e6,-1.0476300692969718,-0.8693272921435614,TIME_LIMIT,573605,0,0,5,2
2,8,2.64556e6,-1.0476300692969718,-0.8693272921435614,TIME_LIMIT,573628,0,0,16,30
2,8,2.645767e6,-1.0476300380595558,-0.8693272921435614,TIME_LIMIT,573668,0,0,20,8
2,8,2.645883e6,-1.0476300380595558,-0.8693272921435614,TIME_LIMIT,573693,0,0,23,6
2,8,2.646034e6,-1.0476267185256165,-0.8693272921435614,TIME_LIMIT,573719,0,0,11,6
2,8,2.646074e6,-1.0476267185256165,-0.8693272921435614,TIME_LIMIT,573729,0,0,6,6
2,8,2.64612e6,-1.0476216620403798,-0.8693272921435614,TIME_LIMIT,573750,0,0,7,2
2,8,2.646176e6,-1.0476216620403798,-0.8693272921435614,TIME_LIMIT,573769,0,0,13,6
2,8,2.646273e6,-1.0476179626711541,-0.8693272921435614,TIME_LIMIT,573793,0,0,10,6
2,8,2.646392e6,-1.0476179626711541,-0.8693272921435614,TIME_LIMIT,573811,0,0,16,10
2,8,2.646524e6,-1.047612429779966,-0.8693272921435614,TIME_LIMIT,573839,0,0,21,14
2,8,2.646676e6,-1.047612429779966,-0.8693272921435614,TIME_LIMIT,573867,0,0,23,10
2,8,2.64686e6,-1.0476122227609834,-0.8693272921435614,TIME_LIMIT,573906,0,0,19,11
2,8,2.646933e6,-1.0476122227609834,-0.8693272921435614,TIME_LIMIT,573925,0,0,7,15
2,8,2.647021e6,-1.0476045622924195,-0.8693272921435614,TIME_LIMIT,573952,0,0,9,5
2,8,2.647107e6,-1.0476045622924195,-0.8693272921435614,TIME_LIMIT,573975,0,0,16,10
2,8,2.647155e6,-1.0476035026091153,-0.8693272921435614,TIME_LIMIT,573996,0,0,11,4
2,8,2.647231e6,-1.0476035026091153,-0.8693272921435614,TIME_LIMIT,574017,0,0,14,3
2,8,2.647433e6,-1.0475947172367415,-0.8693272921435614,TIME_LIMIT,574044,0,0,15,8
2,8,2.647569e6,-1.0475947172367415,-0.8693272921435614,TIME_LIMIT,574073,0,0,19,13
2,8,2.647764e6,-1.047594088113517,-0.8693272921435614,TIME_LIMIT,574106,0,0,15,8
2,8,2.647914e6,-1.047594088113517,-0.8693272921435614,TIME_LIMIT,574138,0,0,16,7
2,8,2.648051e6,-1.047592843370356,-0.8693272921435614,TIME_LIMIT,574164,0,0,14,3
2,8,2.648246e6,-1.047592843370356,-0.8693272921435614,TIME_LIMIT,574186,0,0,14,6
2,8,2.64833e6,-1.0475823969024423,-0.8693272921435614,TIME_LIMIT,574210,0,0,14,6
2,8,2.648534e6,-1.0475823969024423,-0.8693272921435614,TIME_LIMIT,574230,0,0,11,10
2,8,2.648595e6,-1.0475821792113367,-0.8693272921435614,TIME_LIMIT,574247,0,0,9,1
2,8,2.648729e6,-1.0475821792113367,-0.8693272921435614,TIME_LIMIT,574269,0,0,13,5
2,8,2.648912e6,-1.0475813862475722,-0.8693272921435614,TIME_LIMIT,574306,0,0,16,7
2,8,2.649026e6,-1.0475813862475722,-0.8693272921435614,TIME_LIMIT,574332,0,0,23,29
2,8,2.649224e6,-1.0475768314664355,-0.8693272921435614,TIME_LIMIT,574367,0,0,18,12
2,8,2.649269e6,-1.0475768314664355,-0.8693272921435614,TIME_LIMIT,574383,0,0,8,7
2,8,2.64933e6,-1.047573274373745,-0.8693272921435614,TIME_LIMIT,574406,0,0,7,4
2,8,2.64945e6,-1.047573274373745,-0.8693272921435614,TIME_LIMIT,574423,0,0,19,11
2,8,2.649531e6,-1.04756928637868,-0.8693272921435614,TIME_LIMIT,574449,0,0,10,6
2,8,2.649645e6,-1.04756928637868,-0.8693272921435614,TIME_LIMIT,574468,0,0,18,12
2,8,2.649765e6,-1.0475653894908334,-0.8693272921435614,TIME_LIMIT,574495,0,0,11,8
2,8,2.649865e6,-1.0475653894908334,-0.8693272921435614,TIME_LIMIT,574519,0,0,11,19
2,8,2.649923e6,-1.0475647466226503,-0.8693272921435614,TIME_LIMIT,574547,0,0,11,8
2,8,2.650073e6,-1.0475647466226503,-0.8693272921435614,TIME_LIMIT,574569,0,0,14,19
2,8,2.650273e6,-1.0475640807893822,-0.8693272921435614,TIME_LIMIT,574599,0,0,15,10
2,8,2.65039e6,-1.0475640807893822,-0.8693272921435614,TIME_LIMIT,574625,0,0,15,11
2,8,2.650472e6,-1.0475640507939135,-0.8693272921435614,TIME_LIMIT,574651,0,0,8,8
2,8,2.650673e6,-1.0475640507939135,-0.8693272921435614,TIME_LIMIT,574675,0,0,15,21
2,8,2.650849e6,-1.047559753757004,-0.8693272921435614,TIME_LIMIT,574701,0,0,13,11
2,8,2.651025e6,-1.047559753757004,-0.8693272921435614,TIME_LIMIT,574729,0,0,11,15
2,8,2.651231e6,-1.0475597358926128,-0.8693272921435614,TIME_LIMIT,574763,0,0,13,10
2,8,2.651434e6,-1.0475597358926128,-0.8693272921435614,TIME_LIMIT,574784,0,0,13,11
2,8,2.651576e6,-1.0475590746002181,-0.8693272921435614,TIME_LIMIT,574818,0,0,20,11
2,8,2.651612e6,-1.0475590746002181,-0.8693272921435614,TIME_LIMIT,574834,0,0,8,8
2,8,2.651661e6,-1.0475583012888052,-0.8693272921435614,TIME_LIMIT,574849,0,0,5,3
2,8,2.651723e6,-1.0475583012888052,-0.8693272921435614,TIME_LIMIT,574868,0,0,19,29
2,8,2.651882e6,-1.0475564518817704,-0.8693272921435614,TIME_LIMIT,574902,0,0,17,6
2,8,2.652018e6,-1.0475564518817704,-0.8693272921435614,TIME_LIMIT,574926,0,0,21,14
2,8,2.652126e6,-1.0475551501898925,-0.8693272921435614,TIME_LIMIT,574959,0,0,12,9
2,8,2.652177e6,-1.0475551501898925,-0.8693272921435614,TIME_LIMIT,574979,0,0,8,13
2,8,2.652221e6,-1.047552211997135,-0.8693272921435614,TIME_LIMIT,574994,0,0,5,2
2,8,2.652308e6,-1.047552211997135,-0.8693272921435614,TIME_LIMIT,575012,0,0,14,8
2,8,2.6524e6,-1.0475449449350323,-0.8693272921435614,TIME_LIMIT,575042,0,0,9,2
2,8,2.65249e6,-1.0475449449350323,-0.8693272921435614,TIME_LIMIT,575064,0,0,12,6
2,8,2.652633e6,-1.047543583664585,-0.8693272921435614,TIME_LIMIT,575094,0,0,16,6
2,8,2.652706e6,-1.047543583664585,-0.8693272921435614,TIME_LIMIT,575122,0,0,13,4
2,8,2.652766e6,-1.0475397498957628,-0.8693272921435614,TIME_LIMIT,575148,0,0,12,6
2,8,2.65282e6,-1.0475397498957628,-0.8693272921435614,TIME_LIMIT,575163,0,0,10,11
2,8,2.652899e6,-1.047539357398636,-0.8693272921435614,TIME_LIMIT,575184,0,0,7,2
2,8,2.653e6,-1.047539357398636,-0.8693272921435614,TIME_LIMIT,575209,0,0,16,4
2,8,2.653205e6,-1.0475383571666343,-0.8693272921435614,TIME_LIMIT,575241,0,0,12,10
2,8,2.653402e6,-1.0475383571666343,-0.8693272921435614,TIME_LIMIT,575267,0,0,25,10
2,8,2.653535e6,-1.0475304405014598,-0.8693272921435614,TIME_LIMIT,575310,0,0,25,12
2,8,2.65358e6,-1.0475304405014598,-0.8693272921435614,TIME_LIMIT,575333,0,0,14,10
2,8,2.653635e6,-1.047520053643897,-0.8693272921435614,TIME_LIMIT,575350,0,0,14,6
2,8,2.653735e6,-1.047520053643897,-0.8693272921435614,TIME_LIMIT,575372,0,0,11,11
2,8,2.653882e6,-1.0475082911796432,-0.8693272921435614,TIME_LIMIT,575397,0,0,12,7
2,8,2.653958e6,-1.0475082911796432,-0.8693272921435614,TIME_LIMIT,575419,0,0,13,3
2,8,2.653986e6,-1.047499050824901,-0.8693272921435614,TIME_LIMIT,575435,0,0,5,6
2,8,2.654077e6,-1.047499050824901,-0.8693272921435614,TIME_LIMIT,575458,0,0,8,8
2,8,2.654127e6,-1.0474977771756229,-0.8693272921435614,TIME_LIMIT,575478,0,0,3,5
2,8,2.654327e6,-1.0474977771756229,-0.8693272921435614,TIME_LIMIT,575499,0,0,13,15
2,8,2.654523e6,-1.047496154750334,-0.8693272921435614,TIME_LIMIT,575531,0,0,11,11
2,8,2.654598e6,-1.047496154750334,-0.8693272921435614,TIME_LIMIT,575549,0,0,13,3
2,8,2.654682e6,-1.0474956191909273,-0.8693272921435614,TIME_LIMIT,575577,0,0,8,5
2,8,2.65476e6,-1.0474956191909273,-0.8693272921435614,TIME_LIMIT,575597,0,0,13,8
2,8,2.654829e6,-1.0474938135045813,-0.8693272921435614,TIME_LIMIT,575626,0,0,13,8
2,8,2.654898e6,-1.0474938135045813,-0.8693272921435614,TIME_LIMIT,575640,0,0,13,10
2,8,2.654969e6,-1.0474918497672319,-0.8693272921435614,TIME_LIMIT,575671,0,0,9,5
2,8,2.655168e6,-1.0474918497672319,-0.8693272921435614,TIME_LIMIT,575693,0,0,24,36
2,8,2.65533e6,-1.0474869753178089,-0.8693272921435614,TIME_LIMIT,575731,0,0,10,5
2,8,2.655484e6,-1.0474869753178089,-0.8693272921435614,TIME_LIMIT,575759,0,0,20,11
2,8,2.655681e6,-1.0474830868964689,-0.8693272921435614,TIME_LIMIT,575793,0,0,14,6
2,8,2.655877e6,-1.0474830868964689,-0.8693272921435614,TIME_LIMIT,575813,0,0,17,11
2,8,2.65596e6,-1.047481407871427,-0.8693272921435614,TIME_LIMIT,575848,0,0,17,4
2,8,2.656041e6,-1.047481407871427,-0.8693272921435614,TIME_LIMIT,575868,0,0,12,7
2,8,2.656088e6,-1.0474803966525277,-0.8693272921435614,TIME_LIMIT,575885,0,0,6,5
2,8,2.656149e6,-1.0474803966525277,-0.8693272921435614,TIME_LIMIT,575902,0,0,10,4
2,8,2.656218e6,-1.0474800257627783,-0.8693272921435614,TIME_LIMIT,575927,0,0,9,8
2,8,2.656418e6,-1.0474800257627783,-0.8693272921435614,TIME_LIMIT,575947,0,0,15,9
2,8,2.656621e6,-1.0474751795265558,-0.8693272921435614,TIME_LIMIT,575985,0,0,14,3
2,8,2.656678e6,-1.0474751795265558,-0.8693272921435614,TIME_LIMIT,576005,0,0,14,10
2,8,2.65676e6,-1.0474722520088922,-0.8693272921435614,TIME_LIMIT,576020,0,0,11,7
2,8,2.656957e6,-1.0474722520088922,-0.8693272921435614,TIME_LIMIT,576048,0,0,12,15
2,8,2.657047e6,-1.0474654528996488,-0.8693272921435614,TIME_LIMIT,576078,0,0,11,5
2,8,2.657247e6,-1.0474654528996488,-0.8693272921435614,TIME_LIMIT,576095,0,0,17,24
2,8,2.657341e6,-1.0474651870871936,-0.8693272921435614,TIME_LIMIT,576131,0,0,18,5
2,8,2.657543e6,-1.0474651870871936,-0.8693272921435614,TIME_LIMIT,576156,0,0,12,14
2,8,2.657675e6,-1.047464722867455,-0.8693272921435614,TIME_LIMIT,576185,0,0,19,17
2,8,2.657873e6,-1.047464722867455,-0.8693272921435614,TIME_LIMIT,576209,0,0,17,16
2,8,2.65798e6,-1.0474587877788237,-0.8693272921435614,TIME_LIMIT,576239,0,0,17,4
2,8,2.658177e6,-1.0474587877788237,-0.8693272921435614,TIME_LIMIT,576259,0,0,17,14
2,8,2.658318e6,-1.047458477206383,-0.8693272921435614,TIME_LIMIT,576293,0,0,15,9
2,8,2.658492e6,-1.047458477206383,-0.8693272921435614,TIME_LIMIT,576319,0,0,22,18
2,8,2.658593e6,-1.0474568426523114,-0.8693272921435614,TIME_LIMIT,576354,0,0,13,6
2,8,2.658663e6,-1.0474568426523114,-0.8693272921435614,TIME_LIMIT,576370,0,0,13,9
2,8,2.658728e6,-1.0474554999035202,-0.8693272921435614,TIME_LIMIT,576394,0,0,11,7
2,8,2.658804e6,-1.0474554999035202,-0.8693272921435614,TIME_LIMIT,576415,0,0,14,9
2,8,2.658898e6,-1.047449066648328,-0.8693272921435614,TIME_LIMIT,576439,0,0,8,7
2,8,2.658953e6,-1.047449066648328,-0.8693272921435614,TIME_LIMIT,576458,0,0,15,5
2,8,2.658996e6,-1.0474434014204959,-0.8693272921435614,TIME_LIMIT,576482,0,0,12,4
2,8,2.659155e6,-1.0474434014204959,-0.8693272921435614,TIME_LIMIT,576506,0,0,11,12
2,8,2.659244e6,-1.0474408100400887,-0.8693272921435614,TIME_LIMIT,576523,0,0,10,10
2,8,2.659368e6,-1.0474408100400887,-0.8693272921435614,TIME_LIMIT,576546,0,0,10,13
2,8,2.659445e6,-1.0474391955908917,-0.8693272921435614,TIME_LIMIT,576572,0,0,10,5
2,8,2.659505e6,-1.0474391955908917,-0.8693272921435614,TIME_LIMIT,576591,0,0,15,6
2,8,2.659586e6,-1.0474377406601874,-0.8693272921435614,TIME_LIMIT,576618,0,0,7,6
2,8,2.659738e6,-1.0474377406601874,-0.8693272921435614,TIME_LIMIT,576639,0,0,6,16
2,8,2.659836e6,-1.0474376978475037,-0.8693272921435614,TIME_LIMIT,576670,0,0,13,7
2,8,2.660033e6,-1.0474376978475037,-0.8693272921435614,TIME_LIMIT,576692,0,0,16,35
2,8,2.660229e6,-1.047436339742271,-0.8693272921435614,TIME_LIMIT,576724,0,0,11,12
2,8,2.660276e6,-1.047436339742271,-0.8693272921435614,TIME_LIMIT,576743,0,0,13,17
2,8,2.660389e6,-1.0474308215191361,-0.8693272921435614,TIME_LIMIT,576776,0,0,7,9
2,8,2.660539e6,-1.0474308215191361,-0.8693272921435614,TIME_LIMIT,576803,0,0,16,15
2,8,2.660666e6,-1.0474286880771926,-0.8693272921435614,TIME_LIMIT,576841,0,0,13,4
2,8,2.660801e6,-1.0474286880771926,-0.8693272921435614,TIME_LIMIT,576866,0,0,19,18
2,8,2.660922e6,-1.047428084882607,-0.8693272921435614,TIME_LIMIT,576896,0,0,13,13
2,8,2.661023e6,-1.047428084882607,-0.8693272921435614,TIME_LIMIT,576922,0,0,19,12
2,8,2.661221e6,-1.0474265718883249,-0.8693272921435614,TIME_LIMIT,576954,0,0,12,9
2,8,2.661378e6,-1.0474265718883249,-0.8693272921435614,TIME_LIMIT,576976,0,0,20,12
2,8,2.661574e6,-1.0474244575705998,-0.8693272921435614,TIME_LIMIT,577009,0,0,16,5
2,8,2.661644e6,-1.0474244575705998,-0.8693272921435614,TIME_LIMIT,577027,0,0,14,7
2,8,2.661678e6,-1.0474169367348787,-0.8693272921435614,TIME_LIMIT,577043,0,0,9,5
2,8,2.661863e6,-1.0474169367348787,-0.8693272921435614,TIME_LIMIT,577067,0,0,19,20
2,8,2.661983e6,-1.047415289739976,-0.8693272921435614,TIME_LIMIT,577107,0,0,17,10
2,8,2.662183e6,-1.047415289739976,-0.8693272921435614,TIME_LIMIT,577128,0,0,21,13
2,8,2.662384e6,-1.047414562869964,-0.8693272921435614,TIME_LIMIT,577162,0,0,17,15
2,8,2.662495e6,-1.047414562869964,-0.8693272921435614,TIME_LIMIT,577186,0,0,18,10
2,8,2.662553e6,-1.0474138013713807,-0.8693272921435614,TIME_LIMIT,577210,0,0,5,5
2,8,2.662677e6,-1.0474138013713807,-0.8693272921435614,TIME_LIMIT,577231,0,0,16,21
2,8,2.662763e6,-1.0474127765841517,-0.8693272921435614,TIME_LIMIT,577258,0,0,7,4
2,8,2.662884e6,-1.0474127765841517,-0.8693272921435614,TIME_LIMIT,577281,0,0,19,18
2,8,2.662999e6,-1.0474068919830928,-0.8693272921435614,TIME_LIMIT,577314,0,0,12,9
2,8,2.663139e6,-1.0474068919830928,-0.8693272921435614,TIME_LIMIT,577342,0,0,17,30
2,8,2.663346e6,-1.047397278235854,-0.8693272921435614,TIME_LIMIT,577377,0,0,18,15
2,8,2.663482e6,-1.047397278235854,-0.8693272921435614,TIME_LIMIT,577401,0,0,18,11
2,8,2.663616e6,-1.047396005164718,-0.8693272921435614,TIME_LIMIT,577427,0,0,11,8
2,8,2.663754e6,-1.047396005164718,-0.8693272921435614,TIME_LIMIT,577448,0,0,16,10
2,8,2.663956e6,-1.0473948734297522,-0.8693272921435614,TIME_LIMIT,577473,0,0,13,6
2,8,2.664019e6,-1.0473948734297522,-0.8693272921435614,TIME_LIMIT,577500,0,0,18,15
2,8,2.664125e6,-1.0473927683901474,-0.8693272921435614,TIME_LIMIT,577524,0,0,8,6
2,8,2.664233e6,-1.0473927683901474,-0.8693272921435614,TIME_LIMIT,577549,0,0,22,15
2,8,2.664369e6,-1.0473855193246513,-0.8693272921435614,TIME_LIMIT,577583,0,0,6,10
2,8,2.664474e6,-1.0473855193246513,-0.8693272921435614,TIME_LIMIT,577606,0,0,12,8
2,8,2.664511e6,-1.0473825477387466,-0.8693272921435614,TIME_LIMIT,577620,0,0,5,3
2,8,2.664613e6,-1.0473825477387466,-0.8693272921435614,TIME_LIMIT,577649,0,0,23,21
2,8,2.664762e6,-1.0473801398991105,-0.8693272921435614,TIME_LIMIT,577682,0,0,15,6
2,8,2.664874e6,-1.0473801398991105,-0.8693272921435614,TIME_LIMIT,577709,0,0,20,14
2,8,2.664948e6,-1.0473749124999605,-0.8693272921435614,TIME_LIMIT,577730,0,0,15,5
2,8,2.665034e6,-1.0473749124999605,-0.8693272921435614,TIME_LIMIT,577757,0,0,10,7
2,8,2.665071e6,-1.0473699538745755,-0.8693272921435614,TIME_LIMIT,577769,0,0,9,10
2,8,2.665164e6,-1.0473699538745755,-0.8693272921435614,TIME_LIMIT,577782,0,0,11,14
2,8,2.665237e6,-1.047365746802115,-0.8693272921435614,TIME_LIMIT,577808,0,0,7,5
2,8,2.665408e6,-1.047365746802115,-0.8693272921435614,TIME_LIMIT,577831,0,0,19,15
2,8,2.66561e6,-1.0473648335607066,-0.8693272921435614,TIME_LIMIT,577867,0,0,17,7
2,8,2.665653e6,-1.0473648335607066,-0.8693272921435614,TIME_LIMIT,577886,0,0,10,5
2,8,2.665706e6,-1.047356883606109,-0.8693272921435614,TIME_LIMIT,577906,0,0,4,5
2,8,2.665883e6,-1.047356883606109,-0.8693272921435614,TIME_LIMIT,577932,0,0,22,9
2,8,2.665946e6,-1.0473480435719142,-0.8693272921435614,TIME_LIMIT,577949,0,0,11,3
2,8,2.666038e6,-1.0473480435719142,-0.8693272921435614,TIME_LIMIT,577971,0,0,18,11
2,8,2.666092e6,-1.0473464123964145,-0.8693272921435614,TIME_LIMIT,577994,0,0,10,11
2,8,2.666158e6,-1.0473464123964145,-0.8693272921435614,TIME_LIMIT,578015,0,0,11,2
2,8,2.666204e6,-1.0473451080794218,-0.8693272921435614,TIME_LIMIT,578030,0,0,7,10
2,8,2.666287e6,-1.0473451080794218,-0.8693272921435614,TIME_LIMIT,578054,0,0,14,10
2,8,2.666326e6,-1.0473301372052446,-0.8693272921435614,TIME_LIMIT,578069,0,0,11,5
2,8,2.666526e6,-1.0473301372052446,-0.8693272921435614,TIME_LIMIT,578095,0,0,19,34
2,8,2.666722e6,-1.0473279294532825,-0.8693272921435614,TIME_LIMIT,578127,0,0,13,5
2,8,2.666811e6,-1.0473279294532825,-0.8693272921435614,TIME_LIMIT,578146,0,0,12,15
2,8,2.666936e6,-1.0473233165005371,-0.8693272921435614,TIME_LIMIT,578173,0,0,10,10
2,8,2.667136e6,-1.0473233165005371,-0.8693272921435614,TIME_LIMIT,578209,0,0,27,17
2,8,2.667284e6,-1.047317449548156,-0.8693272921435614,TIME_LIMIT,578249,0,0,14,10
2,8,2.667366e6,-1.047317449548156,-0.8693272921435614,TIME_LIMIT,578264,0,0,11,8
2,8,2.667427e6,-1.0473155883999332,-0.8693272921435614,TIME_LIMIT,578286,0,0,9,5
2,8,2.667516e6,-1.0473155883999332,-0.8693272921435614,TIME_LIMIT,578307,0,0,11,10
2,8,2.667554e6,-1.0473123100174124,-0.8693272921435614,TIME_LIMIT,578327,0,0,8,1
2,8,2.667705e6,-1.0473123100174124,-0.8693272921435614,TIME_LIMIT,578349,0,0,20,12
2,8,2.667793e6,-1.0473114206571525,-0.8693272921435614,TIME_LIMIT,578375,0,0,9,4
2,8,2.667842e6,-1.0473114206571525,-0.8693272921435614,TIME_LIMIT,578395,0,0,13,6
2,8,2.667894e6,-1.0473056934367035,-0.8693272921435614,TIME_LIMIT,578417,0,0,8,2
2,8,2.668023e6,-1.0473056934367035,-0.8693272921435614,TIME_LIMIT,578431,0,0,17,7
2,8,2.668126e6,-1.047305270988996,-0.8693272921435614,TIME_LIMIT,578459,0,0,3,4
2,8,2.668328e6,-1.047305270988996,-0.8693272921435614,TIME_LIMIT,578482,0,0,22,12
2,8,2.668461e6,-1.0472997428151098,-0.8693272921435614,TIME_LIMIT,578516,0,0,17,8
2,8,2.668554e6,-1.0472997428151098,-0.8693272921435614,TIME_LIMIT,578534,0,0,11,10
2,8,2.668597e6,-1.0472874110696773,-0.8693272921435614,TIME_LIMIT,578556,0,0,11,0
2,8,2.668718e6,-1.0472874110696773,-0.8693272921435614,TIME_LIMIT,578580,0,0,22,12
2,8,2.668918e6,-1.0472872466883094,-0.8693272921435614,TIME_LIMIT,578609,0,0,14,6
2,8,2.669095e6,-1.0472872466883094,-0.8693272921435614,TIME_LIMIT,578633,0,0,7,4
2,8,2.66918e6,-1.0472814448427827,-0.8693272921435614,TIME_LIMIT,578654,0,0,11,6
2,8,2.66924e6,-1.0472814448427827,-0.8693272921435614,TIME_LIMIT,578670,0,0,12,8
2,8,2.669304e6,-1.0472737457252816,-0.8693272921435614,TIME_LIMIT,578696,0,0,7,4
2,8,2.669411e6,-1.0472737457252816,-0.8693272921435614,TIME_LIMIT,578722,0,0,25,12
2,8,2.669586e6,-1.0472734041569962,-0.8693272921435614,TIME_LIMIT,578756,0,0,14,8
2,8,2.669783e6,-1.0472734041569962,-0.8693272921435614,TIME_LIMIT,578778,0,0,18,10
2,8,2.669973e6,-1.0472708746890327,-0.8693272921435614,TIME_LIMIT,578815,0,0,20,14
2,8,2.67017e6,-1.0472708746890327,-0.8693272921435614,TIME_LIMIT,578843,0,0,18,12
2,8,2.670366e6,-1.0472699729322215,-0.8693272921435614,TIME_LIMIT,578868,0,0,19,10
2,8,2.670562e6,-1.0472699729322215,-0.8693272921435614,TIME_LIMIT,578892,0,0,16,9
2,8,2.670651e6,-1.0472621611971196,-0.8693272921435614,TIME_LIMIT,578924,0,0,14,8
2,8,2.670807e6,-1.0472621611971196,-0.8693272921435614,TIME_LIMIT,578949,0,0,22,21
2,8,2.670932e6,-1.0472614579559232,-0.8693272921435614,TIME_LIMIT,578983,0,0,17,6
2,8,2.670989e6,-1.0472614579559232,-0.8693272921435614,TIME_LIMIT,579004,0,0,17,10
2,8,2.671071e6,-1.0472559500319123,-0.8693272921435614,TIME_LIMIT,579030,0,0,10,10
2,8,2.671178e6,-1.0472559500319123,-0.8693272921435614,TIME_LIMIT,579052,0,0,13,11
2,8,2.671254e6,-1.047254471846411,-0.8693272921435614,TIME_LIMIT,579075,0,0,8,3
2,8,2.671345e6,-1.047254471846411,-0.8693272921435614,TIME_LIMIT,579092,0,0,6,17
2,8,2.671502e6,-1.0472537259053252,-0.8693272921435614,TIME_LIMIT,579125,0,0,13,8
2,8,2.67158e6,-1.0472537259053252,-0.8693272921435614,TIME_LIMIT,579143,0,0,13,9
2,8,2.671655e6,-1.0472533720361574,-0.8693272921435614,TIME_LIMIT,579167,0,0,8,4
2,8,2.671748e6,-1.0472533720361574,-0.8693272921435614,TIME_LIMIT,579187,0,0,12,12
2,8,2.671816e6,-1.0472415479296941,-0.8693272921435614,TIME_LIMIT,579210,0,0,10,6
2,8,2.672016e6,-1.0472415479296941,-0.8693272921435614,TIME_LIMIT,579230,0,0,16,30
2,8,2.672131e6,-1.0472415000393647,-0.8693272921435614,TIME_LIMIT,579260,0,0,14,9
2,8,2.672275e6,-1.0472415000393647,-0.8693272921435614,TIME_LIMIT,579283,0,0,12,13
2,8,2.672319e6,-1.0472343821929473,-0.8693272921435614,TIME_LIMIT,579306,0,0,10,5
2,8,2.672442e6,-1.0472343821929473,-0.8693272921435614,TIME_LIMIT,579327,0,0,12,9
2,8,2.672519e6,-1.047234158537056,-0.8693272921435614,TIME_LIMIT,579355,0,0,12,4
2,8,2.67261e6,-1.047234158537056,-0.8693272921435614,TIME_LIMIT,579376,0,0,8,13
2,8,2.672721e6,-1.047231841504002,-0.8693272921435614,TIME_LIMIT,579409,0,0,17,4
2,8,2.672844e6,-1.047231841504002,-0.8693272921435614,TIME_LIMIT,579429,0,0,17,15
2,8,2.672978e6,-1.0472295811390149,-0.8693272921435614,TIME_LIMIT,579464,0,0,19,8
2,8,2.673015e6,-1.0472295811390149,-0.8693272921435614,TIME_LIMIT,579478,0,0,9,3
2,8,2.673036e6,-1.0472291477405937,-0.8693272921435614,TIME_LIMIT,579488,0,0,3,3
2,8,2.673234e6,-1.0472291477405937,-0.8693272921435614,TIME_LIMIT,579517,0,0,22,15
2,8,2.673431e6,-1.0472268573482486,-0.8693272921435614,TIME_LIMIT,579546,0,0,15,11
2,8,2.673558e6,-1.0472268573482486,-0.8693272921435614,TIME_LIMIT,579567,0,0,10,10
2,8,2.673701e6,-1.0472258861424728,-0.8693272921435614,TIME_LIMIT,579601,0,0,11,8
2,8,2.673811e6,-1.0472258861424728,-0.8693272921435614,TIME_LIMIT,579624,0,0,14,13
2,8,2.673998e6,-1.047222529937995,-0.8693272921435614,TIME_LIMIT,579656,0,0,15,7
2,8,2.674073e6,-1.047222529937995,-0.8693272921435614,TIME_LIMIT,579672,0,0,9,6
2,8,2.674123e6,-1.0472212637909588,-0.8693272921435614,TIME_LIMIT,579693,0,0,7,4
2,8,2.67428e6,-1.0472212637909588,-0.8693272921435614,TIME_LIMIT,579715,0,0,17,6
2,8,2.674368e6,-1.0472198724706496,-0.8693272921435614,TIME_LIMIT,579740,0,0,9,8
2,8,2.674431e6,-1.0472198724706496,-0.8693272921435614,TIME_LIMIT,579757,0,0,4,3
2,8,2.674462e6,-1.0472168836346736,-0.8693272921435614,TIME_LIMIT,579767,0,0,2,3
2,8,2.674614e6,-1.0472168836346736,-0.8693272921435614,TIME_LIMIT,579798,0,0,18,7
2,8,2.674756e6,-1.0472127047999367,-0.8693272921435614,TIME_LIMIT,579830,0,0,17,10
2,8,2.674826e6,-1.0472127047999367,-0.8693272921435614,TIME_LIMIT,579850,0,0,15,7
2,8,2.674888e6,-1.0472108181587072,-0.8693272921435614,TIME_LIMIT,579872,0,0,10,1
2,8,2.675087e6,-1.0472108181587072,-0.8693272921435614,TIME_LIMIT,579895,0,0,27,24
2,8,2.67529e6,-1.0472041695776082,-0.8693272921435614,TIME_LIMIT,579932,0,0,21,7
2,8,2.67536e6,-1.0472041695776082,-0.8693272921435614,TIME_LIMIT,579954,0,0,14,10
2,8,2.675422e6,-1.0471998267204885,-0.8693272921435614,TIME_LIMIT,579974,0,0,14,4
2,8,2.675484e6,-1.0471998267204885,-0.8693272921435614,TIME_LIMIT,579990,0,0,5,13
2,8,2.675555e6,-1.04719110609247,-0.8693272921435614,TIME_LIMIT,580017,0,0,8,10
2,8,2.675591e6,-1.04719110609247,-0.8693272921435614,TIME_LIMIT,580033,0,0,13,4
2,8,2.675627e6,-1.047190255244045,-0.8693272921435614,TIME_LIMIT,580050,0,0,5,2
2,8,2.675701e6,-1.047190255244045,-0.8693272921435614,TIME_LIMIT,580069,0,0,14,5
2,8,2.675831e6,-1.0471897631441143,-0.8693272921435614,TIME_LIMIT,580093,0,0,8,4
2,8,2.675889e6,-1.0471897631441143,-0.8693272921435614,TIME_LIMIT,580115,0,0,13,8
2,8,2.67596e6,-1.0471850173864337,-0.8693272921435614,TIME_LIMIT,580138,0,0,10,11
2,8,2.676151e6,-1.0471850173864337,-0.8693272921435614,TIME_LIMIT,580158,0,0,16,20
2,8,2.676275e6,-1.0471846198410093,-0.8693272921435614,TIME_LIMIT,580193,0,0,15,9
2,8,2.67644e6,-1.0471846198410093,-0.8693272921435614,TIME_LIMIT,580216,0,0,19,19
2,8,2.676636e6,-1.0471732823290623,-0.8693272921435614,TIME_LIMIT,580243,0,0,15,7
2,8,2.676715e6,-1.0471732823290623,-0.8693272921435614,TIME_LIMIT,580269,0,0,16,30
2,8,2.676918e6,-1.0471731934537887,-0.8693272921435614,TIME_LIMIT,580300,0,0,14,9
2,8,2.677053e6,-1.0471731934537887,-0.8693272921435614,TIME_LIMIT,580319,0,0,12,11
2,8,2.677138e6,-1.047171456049043,-0.8693272921435614,TIME_LIMIT,580342,0,0,9,9
2,8,2.677224e6,-1.047171456049043,-0.8693272921435614,TIME_LIMIT,580363,0,0,11,1
2,8,2.677315e6,-1.0471617234118686,-0.8693272921435614,TIME_LIMIT,580389,0,0,4,4
2,8,2.677507e6,-1.0471617234118686,-0.8693272921435614,TIME_LIMIT,580419,0,0,17,14
2,8,2.677619e6,-1.0471583159936357,-0.8693272921435614,TIME_LIMIT,580448,0,0,12,5
2,8,2.677736e6,-1.0471583159936357,-0.8693272921435614,TIME_LIMIT,580465,0,0,18,13
2,8,2.677868e6,-1.047157198082205,-0.8693272921435614,TIME_LIMIT,580497,0,0,14,5
2,8,2.677914e6,-1.047157198082205,-0.8693272921435614,TIME_LIMIT,580510,0,0,12,8
2,8,2.677971e6,-1.0471569899013722,-0.8693272921435614,TIME_LIMIT,580532,0,0,8,5
2,8,2.67811e6,-1.0471569899013722,-0.8693272921435614,TIME_LIMIT,580564,0,0,25,13
2,8,2.678308e6,-1.0471559831669455,-0.8693272921435614,TIME_LIMIT,580595,0,0,15,8
2,8,2.678415e6,-1.0471559831669455,-0.8693272921435614,TIME_LIMIT,580612,0,0,3,6
2,8,2.678608e6,-1.0471540820492176,-0.8693272921435614,TIME_LIMIT,580638,0,0,4,5
2,8,2.678738e6,-1.0471540820492176,-0.8693272921435614,TIME_LIMIT,580657,0,0,12,15
2,8,2.678836e6,-1.0471504608823583,-0.8693272921435614,TIME_LIMIT,580686,0,0,14,3
2,8,2.678911e6,-1.0471504608823583,-0.8693272921435614,TIME_LIMIT,580709,0,0,16,14
2,8,2.678982e6,-1.04714936765535,-0.8693272921435614,TIME_LIMIT,580733,0,0,9,4
2,8,2.679062e6,-1.04714936765535,-0.8693272921435614,TIME_LIMIT,580751,0,0,15,20
2,8,2.679211e6,-1.0471435301184633,-0.8693272921435614,TIME_LIMIT,580782,0,0,7,6
2,8,2.679277e6,-1.0471435301184633,-0.8693272921435614,TIME_LIMIT,580798,0,0,8,10
2,8,2.67935e6,-1.0471417426535214,-0.8693272921435614,TIME_LIMIT,580819,0,0,10,6
2,8,2.679431e6,-1.0471417426535214,-0.8693272921435614,TIME_LIMIT,580841,0,0,12,9
2,8,2.679539e6,-1.0471389015528478,-0.8693272921435614,TIME_LIMIT,580871,0,0,13,7
2,8,2.679688e6,-1.0471389015528478,-0.8693272921435614,TIME_LIMIT,580897,0,0,19,22
2,8,2.679887e6,-1.0471386924724428,-0.8693272921435614,TIME_LIMIT,580938,0,0,19,11
2,8,2.680084e6,-1.0471386924724428,-0.8693272921435614,TIME_LIMIT,580958,0,0,20,18
2,8,2.680214e6,-1.0471385838922405,-0.8693272921435614,TIME_LIMIT,580994,0,0,16,6
2,8,2.680293e6,-1.0471385838922405,-0.8693272921435614,TIME_LIMIT,581015,0,0,15,5
2,8,2.680414e6,-1.0471378793860078,-0.8693272921435614,TIME_LIMIT,581036,0,0,13,4
2,8,2.680581e6,-1.0471378793860078,-0.8693272921435614,TIME_LIMIT,581059,0,0,14,10
2,8,2.680637e6,-1.0471265847804425,-0.8693272921435614,TIME_LIMIT,581085,0,0,11,7
2,8,2.680709e6,-1.0471265847804425,-0.8693272921435614,TIME_LIMIT,581106,0,0,11,9
2,8,2.680797e6,-1.047121074742344,-0.8693272921435614,TIME_LIMIT,581134,0,0,12,11
2,8,2.680992e6,-1.047121074742344,-0.8693272921435614,TIME_LIMIT,581149,0,0,11,9
2,8,2.68151e6,-1.0471198295361788,-0.8693272921435614,TIME_LIMIT,581172,0,0,7,4
2,8,2.681579e6,-1.0471198295361788,-0.8693272921435614,TIME_LIMIT,581187,0,0,12,5
2,8,2.68167e6,-1.0471187928107164,-0.8693272921435614,TIME_LIMIT,581207,0,0,10,4
2,8,2.681705e6,-1.0471187928107164,-0.8693272921435614,TIME_LIMIT,581219,0,0,12,7
2,8,2.681756e6,-1.0471173389612702,-0.8693272921435614,TIME_LIMIT,581240,0,0,6,1
2,8,2.681954e6,-1.0471173389612702,-0.8693272921435614,TIME_LIMIT,581258,0,0,8,10
2,8,2.682133e6,-1.047115949317639,-0.8693272921435614,TIME_LIMIT,581292,0,0,16,8
2,8,2.682173e6,-1.047115949317639,-0.8693272921435614,TIME_LIMIT,581310,0,0,12,5
2,8,2.682234e6,-1.0471126960582775,-0.8693272921435614,TIME_LIMIT,581335,0,0,11,2
2,8,2.68241e6,-1.0471126960582775,-0.8693272921435614,TIME_LIMIT,581363,0,0,17,19
2,8,2.682522e6,-1.0471043873225678,-0.8693272921435614,TIME_LIMIT,581394,0,0,17,10
2,8,2.682665e6,-1.0471043873225678,-0.8693272921435614,TIME_LIMIT,581413,0,0,14,15
2,8,2.682876e6,-1.0471021882583393,-0.8693272921435614,TIME_LIMIT,581454,0,0,15,8
2,8,2.683057e6,-1.0471021882583393,-0.8693272921435614,TIME_LIMIT,581480,0,0,26,27
2,8,2.683248e6,-1.0470925393199253,-0.8693272921435614,TIME_LIMIT,581514,0,0,19,9
2,8,2.683333e6,-1.0470925393199253,-0.8693272921435614,TIME_LIMIT,581532,0,0,12,10
2,8,2.683393e6,-1.047091671917547,-0.8693272921435614,TIME_LIMIT,581558,0,0,11,6
2,8,2.683483e6,-1.047091671917547,-0.8693272921435614,TIME_LIMIT,581584,0,0,9,8
2,8,2.68357e6,-1.047090328836187,-0.8693272921435614,TIME_LIMIT,581606,0,0,14,3
2,8,2.68367e6,-1.047090328836187,-0.8693272921435614,TIME_LIMIT,581623,0,0,17,6
2,8,2.683714e6,-1.0470862975304567,-0.8693272921435614,TIME_LIMIT,581645,0,0,6,1
2,8,2.683808e6,-1.0470862975304567,-0.8693272921435614,TIME_LIMIT,581666,0,0,15,10
2,8,2.683873e6,-1.047082076639962,-0.8693272921435614,TIME_LIMIT,581689,0,0,4,1
2,8,2.684001e6,-1.047082076639962,-0.8693272921435614,TIME_LIMIT,581713,0,0,20,13
2,8,2.684188e6,-1.047079991319614,-0.8693272921435614,TIME_LIMIT,581751,0,0,15,11
2,8,2.684387e6,-1.047079991319614,-0.8693272921435614,TIME_LIMIT,581783,0,0,17,7
2,8,2.684442e6,-1.0470630534377903,-0.8693272921435614,TIME_LIMIT,581801,0,0,7,6
2,8,2.684611e6,-1.0470630534377903,-0.8693272921435614,TIME_LIMIT,581819,0,0,9,8
2,8,2.684821e6,-1.0470611445723248,-0.8693272921435614,TIME_LIMIT,581849,0,0,12,7
2,8,2.685033e6,-1.0470611445723248,-0.8693272921435614,TIME_LIMIT,581871,0,0,17,44
2,8,2.685245e6,-1.0470518134888762,-0.8693272921435614,TIME_LIMIT,581905,0,0,14,16
2,8,2.6854e6,-1.0470518134888762,-0.8693272921435614,TIME_LIMIT,581930,0,0,20,27
2,8,2.685614e6,-1.047042425641008,-0.8693272921435614,TIME_LIMIT,581970,0,0,19,5
2,8,2.685692e6,-1.047042425641008,-0.8693272921435614,TIME_LIMIT,581989,0,0,19,11
2,8,2.685897e6,-1.0470375453619385,-0.8693272921435614,TIME_LIMIT,582020,0,0,9,10
2,8,2.685982e6,-1.0470375453619385,-0.8693272921435614,TIME_LIMIT,582044,0,0,7,11
2,8,2.686111e6,-1.0470298566660696,-0.8693272921435614,TIME_LIMIT,582071,0,0,9,14
2,8,2.686295e6,-1.0470298566660696,-0.8693272921435614,TIME_LIMIT,582100,0,0,21,22
2,8,2.686429e6,-1.04702694040355,-0.8693272921435614,TIME_LIMIT,582133,0,0,13,8
2,8,2.686507e6,-1.04702694040355,-0.8693272921435614,TIME_LIMIT,582153,0,0,13,22
2,8,2.686714e6,-1.047026026032201,-0.8693272921435614,TIME_LIMIT,582189,0,0,13,10
2,8,2.686769e6,-1.047026026032201,-0.8693272921435614,TIME_LIMIT,582213,0,0,20,11
2,8,2.686832e6,-1.0470231021836405,-0.8693272921435614,TIME_LIMIT,582235,0,0,8,4
2,8,2.686925e6,-1.0470231021836405,-0.8693272921435614,TIME_LIMIT,582259,0,0,19,11
2,8,2.687089e6,-1.047020088339583,-0.8693272921435614,TIME_LIMIT,582285,0,0,14,7
2,8,2.687181e6,-1.047020088339583,-0.8693272921435614,TIME_LIMIT,582305,0,0,14,5
2,8,2.687237e6,-1.047012403636514,-0.8693272921435614,TIME_LIMIT,582320,0,0,11,8
2,8,2.687449e6,-1.047012403636514,-0.8693272921435614,TIME_LIMIT,582346,0,0,18,18
2,8,2.687646e6,-1.047011153851594,-0.8693272921435614,TIME_LIMIT,582384,0,0,18,7
2,8,2.687825e6,-1.047011153851594,-0.8693272921435614,TIME_LIMIT,582407,0,0,20,26
2,8,2.688035e6,-1.047011049695139,-0.8693272921435614,TIME_LIMIT,582441,0,0,13,9
2,8,2.68812e6,-1.047011049695139,-0.8693272921435614,TIME_LIMIT,582460,0,0,15,11
2,8,2.688189e6,-1.04700700679179,-0.8693272921435614,TIME_LIMIT,582487,0,0,14,5
2,8,2.688338e6,-1.04700700679179,-0.8693272921435614,TIME_LIMIT,582515,0,0,8,19
2,8,2.688504e6,-1.0470024969136262,-0.8693272921435614,TIME_LIMIT,582546,0,0,13,8
2,8,2.68854e6,-1.0470024969136262,-0.8693272921435614,TIME_LIMIT,582558,0,0,6,6
2,8,2.688581e6,-1.0469986307250756,-0.8693272921435614,TIME_LIMIT,582571,0,0,5,2
2,8,2.688672e6,-1.0469986307250756,-0.8693272921435614,TIME_LIMIT,582591,0,0,14,9
2,8,2.688759e6,-1.0469982935140838,-0.8693272921435614,TIME_LIMIT,582618,0,0,11,11
2,8,2.688837e6,-1.0469982935140838,-0.8693272921435614,TIME_LIMIT,582640,0,0,15,22
2,8,2.688931e6,-1.0469943298141609,-0.8693272921435614,TIME_LIMIT,582669,0,0,13,13
2,8,2.689005e6,-1.0469943298141609,-0.8693272921435614,TIME_LIMIT,582683,0,0,13,9
2,8,2.689062e6,-1.0469911219321064,-0.8693272921435614,TIME_LIMIT,582700,0,0,8,4
2,8,2.689166e6,-1.0469911219321064,-0.8693272921435614,TIME_LIMIT,582722,0,0,18,15
2,8,2.689336e6,-1.0469881660395166,-0.8693272921435614,TIME_LIMIT,582756,0,0,14,6
2,8,2.689419e6,-1.0469881660395166,-0.8693272921435614,TIME_LIMIT,582777,0,0,15,9
2,8,2.689542e6,-1.0469758674215193,-0.8693272921435614,TIME_LIMIT,582807,0,0,6,3
2,8,2.689761e6,-1.0469758674215193,-0.8693272921435614,TIME_LIMIT,582827,0,0,20,26
2,8,2.689882e6,-1.0469740602729583,-0.8693272921435614,TIME_LIMIT,582861,0,0,7,5
2,8,2.689976e6,-1.0469740602729583,-0.8693272921435614,TIME_LIMIT,582880,0,0,11,4
2,8,2.690026e6,-1.0469687802421115,-0.8693272921435614,TIME_LIMIT,582899,0,0,7,3
2,8,2.690241e6,-1.0469687802421115,-0.8693272921435614,TIME_LIMIT,582918,0,0,17,15
2,8,2.690438e6,-1.046967809746048,-0.8693272921435614,TIME_LIMIT,582953,0,0,14,8
2,8,2.690499e6,-1.046967809746048,-0.8693272921435614,TIME_LIMIT,582969,0,0,15,6
2,8,2.690557e6,-1.046964331544857,-0.8693272921435614,TIME_LIMIT,582995,0,0,12,9
2,8,2.690649e6,-1.046964331544857,-0.8693272921435614,TIME_LIMIT,583014,0,0,11,14
2,8,2.690733e6,-1.0469595562349396,-0.8693272921435614,TIME_LIMIT,583040,0,0,13,8
2,8,2.690934e6,-1.0469595562349396,-0.8693272921435614,TIME_LIMIT,583064,0,0,14,9
2,8,2.691033e6,-1.0469568949497539,-0.8693272921435614,TIME_LIMIT,583085,0,0,11,3
2,8,2.691248e6,-1.0469568949497539,-0.8693272921435614,TIME_LIMIT,583114,0,0,21,17
2,8,2.691452e6,-1.046953095637835,-0.8693272921435614,TIME_LIMIT,583149,0,0,21,4
2,8,2.691651e6,-1.046953095637835,-0.8693272921435614,TIME_LIMIT,583175,0,0,21,16
2,8,2.691872e6,-1.0469462120515476,-0.8693272921435614,TIME_LIMIT,583205,0,0,9,8
2,8,2.691929e6,-1.0469462120515476,-0.8693272921435614,TIME_LIMIT,583225,0,0,14,6
2,8,2.692049e6,-1.0469365874991508,-0.8693272921435614,TIME_LIMIT,583250,0,0,9,6
2,8,2.692165e6,-1.0469365874991508,-0.8693272921435614,TIME_LIMIT,583271,0,0,12,13
2,8,2.692245e6,-1.0469342412368106,-0.8693272921435614,TIME_LIMIT,583303,0,0,12,16
2,8,2.692446e6,-1.0469342412368106,-0.8693272921435614,TIME_LIMIT,583331,0,0,22,14
2,8,2.692665e6,-1.0469296545675526,-0.8693272921435614,TIME_LIMIT,583366,0,0,12,6
2,8,2.692748e6,-1.0469296545675526,-0.8693272921435614,TIME_LIMIT,583394,0,0,21,14
2,8,2.692811e6,-1.0469220586404724,-0.8693272921435614,TIME_LIMIT,583424,0,0,13,5
2,8,2.69295e6,-1.0469220586404724,-0.8693272921435614,TIME_LIMIT,583443,0,0,13,15
2,8,2.693157e6,-1.0469173788858117,-0.8693272921435614,TIME_LIMIT,583471,0,0,13,7
2,8,2.693288e6,-1.0469173788858117,-0.8693272921435614,TIME_LIMIT,583499,0,0,18,25
2,8,2.693386e6,-1.046905302704383,-0.8693272921435614,TIME_LIMIT,583527,0,0,12,5
2,8,2.693469e6,-1.046905302704383,-0.8693272921435614,TIME_LIMIT,583551,0,0,20,8
2,8,2.693548e6,-1.0469016095000403,-0.8693272921435614,TIME_LIMIT,583582,0,0,13,7
2,8,2.693676e6,-1.0469016095000403,-0.8693272921435614,TIME_LIMIT,583610,0,0,9,12
2,8,2.693807e6,-1.0469001132607847,-0.8693272921435614,TIME_LIMIT,583636,0,0,6,4
2,8,2.694028e6,-1.0469001132607847,-0.8693272921435614,TIME_LIMIT,583658,0,0,20,22
2,8,2.694152e6,-1.0468989029205515,-0.8693272921435614,TIME_LIMIT,583692,0,0,12,15
2,8,2.694367e6,-1.0468989029205515,-0.8693272921435614,TIME_LIMIT,583731,0,0,16,27
2,8,2.694554e6,-1.0468977132954318,-0.8693272921435614,TIME_LIMIT,583753,0,0,8,7
2,8,2.694641e6,-1.0468977132954318,-0.8693272921435614,TIME_LIMIT,583771,0,0,11,16
2,8,2.694699e6,-1.046894817832746,-0.8693272921435614,TIME_LIMIT,583792,0,0,7,2
2,8,2.694901e6,-1.046894817832746,-0.8693272921435614,TIME_LIMIT,583809,0,0,17,12
2,8,2.695113e6,-1.046882339731669,-0.8693272921435614,TIME_LIMIT,583839,0,0,13,8
2,8,2.695199e6,-1.046882339731669,-0.8693272921435614,TIME_LIMIT,583856,0,0,9,6
2,8,2.695303e6,-1.0468815795816488,-0.8693272921435614,TIME_LIMIT,583880,0,0,8,3
2,8,2.695381e6,-1.0468815795816488,-0.8693272921435614,TIME_LIMIT,583896,0,0,13,3
2,8,2.695408e6,-1.0468770147753164,-0.8693272921435614,TIME_LIMIT,583912,0,0,9,3
2,8,2.695571e6,-1.0468770147753164,-0.8693272921435614,TIME_LIMIT,583934,0,0,14,11
2,8,2.695667e6,-1.0468766515527108,-0.8693272921435614,TIME_LIMIT,583961,0,0,12,8
2,8,2.695824e6,-1.0468766515527108,-0.8693272921435614,TIME_LIMIT,583985,0,0,14,10
2,8,2.69591e6,-1.0468755187708825,-0.8693272921435614,TIME_LIMIT,584013,0,0,6,3
2,8,2.695984e6,-1.0468755187708825,-0.8693272921435614,TIME_LIMIT,584033,0,0,17,11
2,8,2.696118e6,-1.0468725183071281,-0.8693272921435614,TIME_LIMIT,584061,0,0,12,11
2,8,2.696316e6,-1.0468725183071281,-0.8693272921435614,TIME_LIMIT,584092,0,0,18,18
2,8,2.69653e6,-1.046871898054944,-0.8693272921435614,TIME_LIMIT,584119,0,0,13,10
2,8,2.69663e6,-1.046871898054944,-0.8693272921435614,TIME_LIMIT,584139,0,0,19,14
2,8,2.696748e6,-1.0468690845109783,-0.8693272921435614,TIME_LIMIT,584173,0,0,6,9
2,8,2.6968e6,-1.0468690845109783,-0.8693272921435614,TIME_LIMIT,584191,0,0,7,2
2,8,2.696857e6,-1.046865050278484,-0.8693272921435614,TIME_LIMIT,584210,0,0,8,6
2,8,2.696936e6,-1.046865050278484,-0.8693272921435614,TIME_LIMIT,584227,0,0,10,9
2,8,2.696994e6,-1.046862002634447,-0.8693272921435614,TIME_LIMIT,584248,0,0,7,7
2,8,2.697209e6,-1.046862002634447,-0.8693272921435614,TIME_LIMIT,584283,0,0,19,22
2,8,2.69737e6,-1.046861805432013,-0.8693272921435614,TIME_LIMIT,584313,0,0,13,11
2,8,2.697462e6,-1.046861805432013,-0.8693272921435614,TIME_LIMIT,584330,0,0,12,7
2,8,2.697501e6,-1.04686125968844,-0.8693272921435614,TIME_LIMIT,584346,0,0,5,1
2,8,2.697653e6,-1.04686125968844,-0.8693272921435614,TIME_LIMIT,584373,0,0,21,29
2,8,2.697815e6,-1.046857413210077,-0.8693272921435614,TIME_LIMIT,584409,0,0,11,6
2,8,2.698022e6,-1.046857413210077,-0.8693272921435614,TIME_LIMIT,584436,0,0,21,8
2,8,2.698222e6,-1.0468502915757583,-0.8693272921435614,TIME_LIMIT,584462,0,0,19,11
2,8,2.698392e6,-1.0468502915757583,-0.8693272921435614,TIME_LIMIT,584489,0,0,14,9
2,8,2.698457e6,-1.0468494589016601,-0.8693272921435614,TIME_LIMIT,584505,0,0,8,15
2,8,2.698664e6,-1.0468494589016601,-0.8693272921435614,TIME_LIMIT,584533,0,0,27,14
2,8,2.698884e6,-1.0468491584141688,-0.8693272921435614,TIME_LIMIT,584564,0,0,12,12
2,8,2.698945e6,-1.0468491584141688,-0.8693272921435614,TIME_LIMIT,584584,0,0,9,1
2,8,2.698989e6,-1.0468448153071748,-0.8693272921435614,TIME_LIMIT,584594,0,0,3,3
2,8,2.699052e6,-1.0468448153071748,-0.8693272921435614,TIME_LIMIT,584611,0,0,8,2
2,8,2.699099e6,-1.0468445265865651,-0.8693272921435614,TIME_LIMIT,584629,0,0,7,3
2,8,2.699173e6,-1.0468445265865651,-0.8693272921435614,TIME_LIMIT,584654,0,0,11,6
2,8,2.699316e6,-1.0468413575793656,-0.8693272921435614,TIME_LIMIT,584680,0,0,6,10
2,8,2.699418e6,-1.0468413575793656,-0.8693272921435614,TIME_LIMIT,584700,0,0,7,13
2,8,2.699567e6,-1.04684130795482,-0.8693272921435614,TIME_LIMIT,584731,0,0,13,5
2,8,2.699728e6,-1.04684130795482,-0.8693272921435614,TIME_LIMIT,584755,0,0,22,23
2,8,2.699847e6,-1.046840589132269,-0.8693272921435614,TIME_LIMIT,584788,0,0,17,7
2,8,2.699938e6,-1.046840589132269,-0.8693272921435614,TIME_LIMIT,584803,0,0,16,11
2,8,2.700024e6,-1.0468386213430452,-0.8693272921435614,TIME_LIMIT,584830,0,0,11,2
2,8,2.700112e6,-1.0468386213430452,-0.8693272921435614,TIME_LIMIT,584853,0,0,6,6
2,8,2.700181e6,-1.0468376316725485,-0.8693272921435614,TIME_LIMIT,584876,0,0,11,8
2,8,2.700332e6,-1.0468376316725485,-0.8693272921435614,TIME_LIMIT,584905,0,0,23,14
2,8,2.700418e6,-1.0468302606460336,-0.8693272921435614,TIME_LIMIT,584935,0,0,11,7
2,8,2.700634e6,-1.0468302606460336,-0.8693272921435614,TIME_LIMIT,584959,0,0,13,14
2,8,2.700842e6,-1.0468291522427613,-0.8693272921435614,TIME_LIMIT,584988,0,0,18,10
2,8,2.700893e6,-1.0468291522427613,-0.8693272921435614,TIME_LIMIT,585002,0,0,14,17
2,8,2.700998e6,-1.0468278349787254,-0.8693272921435614,TIME_LIMIT,585027,0,0,5,4
2,8,2.70119e6,-1.0468278349787254,-0.8693272921435614,TIME_LIMIT,585053,0,0,16,15
2,8,2.701406e6,-1.0468156641694657,-0.8693272921435614,TIME_LIMIT,585082,0,0,10,9
2,8,2.701473e6,-1.0468156641694657,-0.8693272921435614,TIME_LIMIT,585100,0,0,10,8
2,8,2.70155e6,-1.0468126598980625,-0.8693272921435614,TIME_LIMIT,585120,0,0,4,3
2,8,2.701702e6,-1.0468126598980625,-0.8693272921435614,TIME_LIMIT,585145,0,0,8,17
2,8,2.701852e6,-1.046801113840789,-0.8693272921435614,TIME_LIMIT,585181,0,0,16,10
2,8,2.701973e6,-1.046801113840789,-0.8693272921435614,TIME_LIMIT,585207,0,0,8,14
2,8,2.702036e6,-1.046800643840418,-0.8693272921435614,TIME_LIMIT,585232,0,0,9,4
2,8,2.702173e6,-1.046800643840418,-0.8693272921435614,TIME_LIMIT,585254,0,0,13,17
2,8,2.702346e6,-1.0467995550272513,-0.8693272921435614,TIME_LIMIT,585286,0,0,18,6
2,8,2.702557e6,-1.0467995550272513,-0.8693272921435614,TIME_LIMIT,585308,0,0,16,14
2,8,2.702769e6,-1.046792665484241,-0.8693272921435614,TIME_LIMIT,585330,0,0,11,6
2,8,2.70291e6,-1.046792665484241,-0.8693272921435614,TIME_LIMIT,585352,0,0,15,12
2,8,2.702982e6,-1.0467876455800988,-0.8693272921435614,TIME_LIMIT,585381,0,0,16,2
2,8,2.703173e6,-1.0467876455800988,-0.8693272921435614,TIME_LIMIT,585414,0,0,16,17
2,8,2.703317e6,-1.0467866962338226,-0.8693272921435614,TIME_LIMIT,585436,0,0,8,14
2,8,2.703367e6,-1.0467866962338226,-0.8693272921435614,TIME_LIMIT,585455,0,0,13,7
2,8,2.703448e6,-1.0467849282540076,-0.8693272921435614,TIME_LIMIT,585481,0,0,7,2
2,8,2.703515e6,-1.0467849282540076,-0.8693272921435614,TIME_LIMIT,585496,0,0,14,14
2,8,2.703735e6,-1.046784259704836,-0.8693272921435614,TIME_LIMIT,585528,0,0,9,7
2,8,2.703826e6,-1.046784259704836,-0.8693272921435614,TIME_LIMIT,585551,0,0,17,12
2,8,2.70396e6,-1.0467830202659778,-0.8693272921435614,TIME_LIMIT,585585,0,0,8,3
2,8,2.704185e6,-1.0467830202659778,-0.8693272921435614,TIME_LIMIT,585606,0,0,18,18
2,8,2.704405e6,-1.0467817498779768,-0.8693272921435614,TIME_LIMIT,585643,0,0,21,8
2,8,2.7045e6,-1.0467817498779768,-0.8693272921435614,TIME_LIMIT,585663,0,0,8,14
2,8,2.70472e6,-1.046779736888877,-0.8693272921435614,TIME_LIMIT,585689,0,0,4,4
2,8,2.704805e6,-1.046779736888877,-0.8693272921435614,TIME_LIMIT,585710,0,0,18,13
2,8,2.704998e6,-1.046779352166976,-0.8693272921435614,TIME_LIMIT,585740,0,0,9,8
2,8,2.705212e6,-1.046779352166976,-0.8693272921435614,TIME_LIMIT,585765,0,0,13,14
2,8,2.70538e6,-1.0467773217262357,-0.8693272921435614,TIME_LIMIT,585787,0,0,14,12
2,8,2.705598e6,-1.0467773217262357,-0.8693272921435614,TIME_LIMIT,585813,0,0,24,11
2,8,2.70575e6,-1.0467697054731002,-0.8693272921435614,TIME_LIMIT,585844,0,0,21,14
2,8,2.705823e6,-1.0467697054731002,-0.8693272921435614,TIME_LIMIT,585868,0,0,18,5
2,8,2.705851e6,-1.0467675748636776,-0.8693272921435614,TIME_LIMIT,585886,0,0,6,4
2,8,2.705902e6,-1.0467675748636776,-0.8693272921435614,TIME_LIMIT,585901,0,0,8,5
2,8,2.705931e6,-1.0467665282064624,-0.8693272921435614,TIME_LIMIT,585919,0,0,7,1
2,8,2.706058e6,-1.0467665282064624,-0.8693272921435614,TIME_LIMIT,585945,0,0,21,14
2,8,2.706159e6,-1.0467662365547958,-0.8693272921435614,TIME_LIMIT,585971,0,0,6,5
2,8,2.70621e6,-1.0467662365547958,-0.8693272921435614,TIME_LIMIT,585983,0,0,10,3
2,8,2.706293e6,-1.046766197044943,-0.8693272921435614,TIME_LIMIT,586005,0,0,10,3
2,8,2.706352e6,-1.046766197044943,-0.8693272921435614,TIME_LIMIT,586022,0,0,12,5
2,8,2.706391e6,-1.0467568074772367,-0.8693272921435614,TIME_LIMIT,586038,0,0,8,4
2,8,2.70646e6,-1.0467568074772367,-0.8693272921435614,TIME_LIMIT,586055,0,0,13,8
2,8,2.706674e6,-1.0467540279128444,-0.8693272921435614,TIME_LIMIT,586076,0,0,10,4
2,8,2.706782e6,-1.0467540279128444,-0.8693272921435614,TIME_LIMIT,586100,0,0,16,6
2,8,2.706851e6,-1.0467511561975047,-0.8693272921435614,TIME_LIMIT,586125,0,0,18,5
2,8,2.706908e6,-1.0467511561975047,-0.8693272921435614,TIME_LIMIT,586144,0,0,18,13
2,8,2.706962e6,-1.046749451860279,-0.8693272921435614,TIME_LIMIT,586163,0,0,11,7
2,8,2.707051e6,-1.046749451860279,-0.8693272921435614,TIME_LIMIT,586180,0,0,10,15
2,8,2.707151e6,-1.046748304770148,-0.8693272921435614,TIME_LIMIT,586213,0,0,13,9
2,8,2.707372e6,-1.046748304770148,-0.8693272921435614,TIME_LIMIT,586238,0,0,15,19
2,8,2.707512e6,-1.0467468060070608,-0.8693272921435614,TIME_LIMIT,586273,0,0,15,4
2,8,2.707632e6,-1.0467468060070608,-0.8693272921435614,TIME_LIMIT,586293,0,0,11,11
2,8,2.70769e6,-1.046746679232831,-0.8693272921435614,TIME_LIMIT,586316,0,0,9,3
2,8,2.707782e6,-1.046746679232831,-0.8693272921435614,TIME_LIMIT,586341,0,0,9,7
2,8,2.707844e6,-1.0467428059433004,-0.8693272921435614,TIME_LIMIT,586365,0,0,5,7
2,8,2.707919e6,-1.0467428059433004,-0.8693272921435614,TIME_LIMIT,586384,0,0,17,11
2,8,2.707966e6,-1.046738524642876,-0.8693272921435614,TIME_LIMIT,586405,0,0,8,2
2,8,2.708085e6,-1.046738524642876,-0.8693272921435614,TIME_LIMIT,586425,0,0,18,15
2,8,2.70826e6,-1.0467331390149177,-0.8693272921435614,TIME_LIMIT,586457,0,0,14,7
2,8,2.708472e6,-1.0467331390149177,-0.8693272921435614,TIME_LIMIT,586475,0,0,17,17
2,8,2.708686e6,-1.04672730547638,-0.8693272921435614,TIME_LIMIT,586514,0,0,11,7
2,8,2.708824e6,-1.04672730547638,-0.8693272921435614,TIME_LIMIT,586537,0,0,15,14
2,8,2.708913e6,-1.0467250347978876,-0.8693272921435614,TIME_LIMIT,586570,0,0,14,7
2,8,2.709038e6,-1.0467250347978876,-0.8693272921435614,TIME_LIMIT,586598,0,0,20,32
2,8,2.709252e6,-1.046724686871879,-0.8693272921435614,TIME_LIMIT,586632,0,0,19,9
2,8,2.709363e6,-1.046724686871879,-0.8693272921435614,TIME_LIMIT,586657,0,0,17,9
2,8,2.709462e6,-1.0467113016326182,-0.8693272921435614,TIME_LIMIT,586683,0,0,9,9
2,8,2.709561e6,-1.0467113016326182,-0.8693272921435614,TIME_LIMIT,586707,0,0,16,16
2,8,2.709661e6,-1.0467094852957306,-0.8693272921435614,TIME_LIMIT,586732,0,0,9,6
2,8,2.709773e6,-1.0467094852957306,-0.8693272921435614,TIME_LIMIT,586751,0,0,21,17
2,8,2.709974e6,-1.046708296862566,-0.8693272921435614,TIME_LIMIT,586788,0,0,16,11
2,8,2.710165e6,-1.046708296862566,-0.8693272921435614,TIME_LIMIT,586811,0,0,26,21
2,8,2.710379e6,-1.0466994773730343,-0.8693272921435614,TIME_LIMIT,586844,0,0,18,11
2,8,2.710433e6,-1.0466994773730343,-0.8693272921435614,TIME_LIMIT,586861,0,0,6,11
2,8,2.71047e6,-1.046694381275608,-0.8693272921435614,TIME_LIMIT,586871,0,0,3,2
2,8,2.710676e6,-1.046694381275608,-0.8693272921435614,TIME_LIMIT,586890,0,0,21,39
2,8,2.710897e6,-1.0466867218233347,-0.8693272921435614,TIME_LIMIT,586936,0,0,21,13
2,8,2.711058e6,-1.0466867218233347,-0.8693272921435614,TIME_LIMIT,586960,0,0,17,6
2,8,2.711126e6,-1.0466826488597896,-0.8693272921435614,TIME_LIMIT,586977,0,0,15,6
2,8,2.711318e6,-1.0466826488597896,-0.8693272921435614,TIME_LIMIT,587005,0,0,27,14
2,8,2.711533e6,-1.0466798169407938,-0.8693272921435614,TIME_LIMIT,587039,0,0,7,6
2,8,2.711661e6,-1.0466798169407938,-0.8693272921435614,TIME_LIMIT,587063,0,0,19,14
2,8,2.711775e6,-1.0466794912525121,-0.8693272921435614,TIME_LIMIT,587091,0,0,11,3
2,8,2.711887e6,-1.0466794912525121,-0.8693272921435614,TIME_LIMIT,587112,0,0,11,11
2,8,2.712015e6,-1.0466784098375066,-0.8693272921435614,TIME_LIMIT,587139,0,0,11,10
2,8,2.712115e6,-1.0466784098375066,-0.8693272921435614,TIME_LIMIT,587159,0,0,16,14
2,8,2.712213e6,-1.046675714047884,-0.8693272921435614,TIME_LIMIT,587189,0,0,9,2
2,8,2.712374e6,-1.046675714047884,-0.8693272921435614,TIME_LIMIT,587216,0,0,17,16
2,8,2.712479e6,-1.0466728642284728,-0.8693272921435614,TIME_LIMIT,587248,0,0,12,9
2,8,2.712529e6,-1.0466728642284728,-0.8693272921435614,TIME_LIMIT,587263,0,0,10,6
2,8,2.71264e6,-1.0466675953658773,-0.8693272921435614,TIME_LIMIT,587288,0,0,11,5
2,8,2.712701e6,-1.0466675953658773,-0.8693272921435614,TIME_LIMIT,587306,0,0,14,9
2,8,2.712747e6,-1.0466648324482075,-0.8693272921435614,TIME_LIMIT,587322,0,0,7,3
2,8,2.712819e6,-1.0466648324482075,-0.8693272921435614,TIME_LIMIT,587343,0,0,14,15
2,8,2.712909e6,-1.0466644601737676,-0.8693272921435614,TIME_LIMIT,587365,0,0,9,5
2,8,2.713018e6,-1.0466644601737676,-0.8693272921435614,TIME_LIMIT,587387,0,0,11,5
2,8,2.713082e6,-1.046654116920753,-0.8693272921435614,TIME_LIMIT,587406,0,0,7,4
2,8,2.713303e6,-1.046654116920753,-0.8693272921435614,TIME_LIMIT,587431,0,0,18,19
2,8,2.713474e6,-1.0466513769392956,-0.8693272921435614,TIME_LIMIT,587464,0,0,9,13
2,8,2.713695e6,-1.0466513769392956,-0.8693272921435614,TIME_LIMIT,587489,0,0,20,26
2,8,2.713914e6,-1.046647421607914,-0.8693272921435614,TIME_LIMIT,587526,0,0,15,12
2,8,2.714004e6,-1.046647421607914,-0.8693272921435614,TIME_LIMIT,587548,0,0,16,5
2,8,2.714051e6,-1.0466395970610476,-0.8693272921435614,TIME_LIMIT,587572,0,0,7,3
2,8,2.714095e6,-1.0466395970610476,-0.8693272921435614,TIME_LIMIT,587585,0,0,8,7
2,8,2.714195e6,-1.0466394655861748,-0.8693272921435614,TIME_LIMIT,587606,0,0,2,3
2,8,2.714407e6,-1.0466394655861748,-0.8693272921435614,TIME_LIMIT,587624,0,0,18,16
2,8,2.71462e6,-1.0466392345494686,-0.8693272921435614,TIME_LIMIT,587661,0,0,13,10
2,8,2.714711e6,-1.0466392345494686,-0.8693272921435614,TIME_LIMIT,587685,0,0,26,6
2,8,2.714837e6,-1.0466341171733913,-0.8693272921435614,TIME_LIMIT,587719,0,0,16,4
2,8,2.714969e6,-1.0466341171733913,-0.8693272921435614,TIME_LIMIT,587739,0,0,11,11
2,8,2.715181e6,-1.0466326425541057,-0.8693272921435614,TIME_LIMIT,587771,0,0,13,9
2,8,2.715274e6,-1.0466326425541057,-0.8693272921435614,TIME_LIMIT,587794,0,0,15,7
2,8,2.715321e6,-1.0466293755815501,-0.8693272921435614,TIME_LIMIT,587810,0,0,11,7
2,8,2.715376e6,-1.0466293755815501,-0.8693272921435614,TIME_LIMIT,587826,0,0,11,7
2,8,2.715587e6,-1.0466240147537569,-0.8693272921435614,TIME_LIMIT,587855,0,0,13,7
2,8,2.715715e6,-1.0466240147537569,-0.8693272921435614,TIME_LIMIT,587877,0,0,11,9
2,8,2.715821e6,-1.0466171666888129,-0.8693272921435614,TIME_LIMIT,587902,0,0,10,2
2,8,2.715937e6,-1.0466171666888129,-0.8693272921435614,TIME_LIMIT,587928,0,0,16,8
2,8,2.716092e6,-1.0466171630449597,-0.8693272921435614,TIME_LIMIT,587950,0,0,15,6
2,8,2.71624e6,-1.0466171630449597,-0.8693272921435614,TIME_LIMIT,587975,0,0,8,6
2,8,2.716307e6,-1.0466163479750863,-0.8693272921435614,TIME_LIMIT,587990,0,0,9,3
2,8,2.716516e6,-1.0466163479750863,-0.8693272921435614,TIME_LIMIT,588014,0,0,17,21
2,8,2.716736e6,-1.0466157802036828,-0.8693272921435614,TIME_LIMIT,588045,0,0,7,3
2,8,2.716813e6,-1.0466157802036828,-0.8693272921435614,TIME_LIMIT,588064,0,0,13,14
2,8,2.716886e6,-1.0466048792344824,-0.8693272921435614,TIME_LIMIT,588089,0,0,2,1
2,8,2.717117e6,-1.0466048792344824,-0.8693272921435614,TIME_LIMIT,588111,0,0,16,30
2,8,2.717287e6,-1.0466005440833948,-0.8693272921435614,TIME_LIMIT,588147,0,0,20,6
2,8,2.717371e6,-1.0466005440833948,-0.8693272921435614,TIME_LIMIT,588165,0,0,18,19
2,8,2.717429e6,-1.046599197441577,-0.8693272921435614,TIME_LIMIT,588190,0,0,9,7
2,8,2.717645e6,-1.046599197441577,-0.8693272921435614,TIME_LIMIT,588217,0,0,20,18
2,8,2.717846e6,-1.0465985300298355,-0.8693272921435614,TIME_LIMIT,588249,0,0,15,8
2,8,2.717993e6,-1.0465985300298355,-0.8693272921435614,TIME_LIMIT,588274,0,0,19,17
2,8,2.718207e6,-1.0465977587069257,-0.8693272921435614,TIME_LIMIT,588300,0,0,15,6
2,8,2.718368e6,-1.0465977587069257,-0.8693272921435614,TIME_LIMIT,588323,0,0,14,3
2,8,2.718427e6,-1.046594476775062,-0.8693272921435614,TIME_LIMIT,588341,0,0,11,5
2,8,2.718477e6,-1.046594476775062,-0.8693272921435614,TIME_LIMIT,588358,0,0,13,3
2,8,2.718536e6,-1.0465821738789869,-0.8693272921435614,TIME_LIMIT,588382,0,0,10,6
2,8,2.718629e6,-1.0465821738789869,-0.8693272921435614,TIME_LIMIT,588401,0,0,21,15
2,8,2.718839e6,-1.0465797888537525,-0.8693272921435614,TIME_LIMIT,588436,0,0,16,8
2,8,2.718975e6,-1.0465797888537525,-0.8693272921435614,TIME_LIMIT,588462,0,0,21,19
2,8,2.719187e6,-1.0465797083640551,-0.8693272921435614,TIME_LIMIT,588507,0,0,13,5
2,8,2.71931e6,-1.0465797083640551,-0.8693272921435614,TIME_LIMIT,588528,0,0,13,9
2,8,2.719396e6,-1.0465756565944386,-0.8693272921435614,TIME_LIMIT,588552,0,0,8,8
2,8,2.719501e6,-1.0465756565944386,-0.8693272921435614,TIME_LIMIT,588574,0,0,17,13
2,8,2.719617e6,-1.0465747283925684,-0.8693272921435614,TIME_LIMIT,588607,0,0,19,8
2,8,2.71982e6,-1.0465747283925684,-0.8693272921435614,TIME_LIMIT,588634,0,0,19,25
2,8,2.720045e6,-1.0465732557502045,-0.8693272921435614,TIME_LIMIT,588672,0,0,15,12
2,8,2.720135e6,-1.0465732557502045,-0.8693272921435614,TIME_LIMIT,588691,0,0,12,9
2,8,2.720233e6,-1.046571097458429,-0.8693272921435614,TIME_LIMIT,588713,0,0,9,5
2,8,2.720456e6,-1.046571097458429,-0.8693272921435614,TIME_LIMIT,588735,0,0,16,17
2,8,2.720556e6,-1.0465688180075476,-0.8693272921435614,TIME_LIMIT,588764,0,0,10,6
2,8,2.720679e6,-1.0465688180075476,-0.8693272921435614,TIME_LIMIT,588788,0,0,15,21
2,8,2.720793e6,-1.0465613882117792,-0.8693272921435614,TIME_LIMIT,588814,0,0,8,8
2,8,2.721013e6,-1.0465613882117792,-0.8693272921435614,TIME_LIMIT,588838,0,0,14,9
2,8,2.721207e6,-1.046559518859441,-0.8693272921435614,TIME_LIMIT,588858,0,0,11,9
2,8,2.721308e6,-1.046559518859441,-0.8693272921435614,TIME_LIMIT,588883,0,0,19,25
2,8,2.721515e6,-1.0465594730057743,-0.8693272921435614,TIME_LIMIT,588917,0,0,16,9
2,8,2.721597e6,-1.0465594730057743,-0.8693272921435614,TIME_LIMIT,588934,0,0,6,7
2,8,2.721726e6,-1.0465582983974808,-0.8693272921435614,TIME_LIMIT,588962,0,0,12,4
2,8,2.721819e6,-1.0465582983974808,-0.8693272921435614,TIME_LIMIT,588987,0,0,17,8
2,8,2.721883e6,-1.0465508332351878,-0.8693272921435614,TIME_LIMIT,589009,0,0,7,6
2,8,2.722061e6,-1.0465508332351878,-0.8693272921435614,TIME_LIMIT,589034,0,0,8,26
2,8,2.722274e6,-1.0465432338076917,-0.8693272921435614,TIME_LIMIT,589072,0,0,20,20
2,8,2.722316e6,-1.0465432338076917,-0.8693272921435614,TIME_LIMIT,589087,0,0,10,7
2,8,2.722373e6,-1.046541072436546,-0.8693272921435614,TIME_LIMIT,589108,0,0,9,1
2,8,2.722445e6,-1.046541072436546,-0.8693272921435614,TIME_LIMIT,589131,0,0,20,18
2,8,2.722537e6,-1.046526669152604,-0.8693272921435614,TIME_LIMIT,589154,0,0,10,4
2,8,2.72267e6,-1.046526669152604,-0.8693272921435614,TIME_LIMIT,589183,0,0,20,10
2,8,2.72288e6,-1.046523552479414,-0.8693272921435614,TIME_LIMIT,589215,0,0,15,10
2,8,2.722963e6,-1.046523552479414,-0.8693272921435614,TIME_LIMIT,589232,0,0,11,8
2,8,2.723048e6,-1.0465222416987743,-0.8693272921435614,TIME_LIMIT,589261,0,0,10,2
2,8,2.723207e6,-1.0465222416987743,-0.8693272921435614,TIME_LIMIT,589275,0,0,17,9
2,8,2.723261e6,-1.0465201281182508,-0.8693272921435614,TIME_LIMIT,589300,0,0,11,3
2,8,2.723405e6,-1.0465201281182508,-0.8693272921435614,TIME_LIMIT,589322,0,0,20,12
2,8,2.723621e6,-1.046517885733692,-0.8693272921435614,TIME_LIMIT,589362,0,0,19,11
2,8,2.72375e6,-1.046517885733692,-0.8693272921435614,TIME_LIMIT,589386,0,0,17,16
2,8,2.723951e6,-1.0465160360765613,-0.8693272921435614,TIME_LIMIT,589412,0,0,10,7
2,8,2.724166e6,-1.0465160360765613,-0.8693272921435614,TIME_LIMIT,589428,0,0,16,22
2,8,2.724387e6,-1.04651328794493,-0.8693272921435614,TIME_LIMIT,589459,0,0,14,6
2,8,2.724511e6,-1.04651328794493,-0.8693272921435614,TIME_LIMIT,589479,0,0,12,8
2,8,2.724607e6,-1.0465122139233183,-0.8693272921435614,TIME_LIMIT,589508,0,0,9,4
2,8,2.724736e6,-1.0465122139233183,-0.8693272921435614,TIME_LIMIT,589526,0,0,12,9
2,8,2.724824e6,-1.0465109799279069,-0.8693272921435614,TIME_LIMIT,589552,0,0,11,7
2,8,2.725038e6,-1.0465109799279069,-0.8693272921435614,TIME_LIMIT,589577,0,0,23,25
2,8,2.725261e6,-1.0465073931633548,-0.8693272921435614,TIME_LIMIT,589617,0,0,12,9
2,8,2.725417e6,-1.0465073931633548,-0.8693272921435614,TIME_LIMIT,589635,0,0,16,12
2,8,2.725584e6,-1.046506152512925,-0.8693272921435614,TIME_LIMIT,589669,0,0,14,8
2,8,2.725632e6,-1.046506152512925,-0.8693272921435614,TIME_LIMIT,589685,0,0,15,6
2,8,2.725734e6,-1.0464974824500621,-0.8693272921435614,TIME_LIMIT,589711,0,0,14,7
2,8,2.725825e6,-1.0464974824500621,-0.8693272921435614,TIME_LIMIT,589735,0,0,10,5
2,8,2.725894e6,-1.0464938072195198,-0.8693272921435614,TIME_LIMIT,589752,0,0,13,6
2,8,2.725988e6,-1.0464938072195198,-0.8693272921435614,TIME_LIMIT,589766,0,0,16,11
2,8,2.726089e6,-1.0464889092530862,-0.8693272921435614,TIME_LIMIT,589795,0,0,14,7
2,8,2.726208e6,-1.0464889092530862,-0.8693272921435614,TIME_LIMIT,589824,0,0,19,9
2,8,2.726312e6,-1.046483644092596,-0.8693272921435614,TIME_LIMIT,589843,0,0,16,11
2,8,2.726525e6,-1.046483644092596,-0.8693272921435614,TIME_LIMIT,589865,0,0,18,14
2,8,2.726645e6,-1.0464760598298792,-0.8693272921435614,TIME_LIMIT,589897,0,0,13,7
2,8,2.726777e6,-1.0464760598298792,-0.8693272921435614,TIME_LIMIT,589925,0,0,16,10
2,8,2.726827e6,-1.04647177760506,-0.8693272921435614,TIME_LIMIT,589946,0,0,12,4
2,8,2.727044e6,-1.04647177760506,-0.8693272921435614,TIME_LIMIT,589971,0,0,19,9
2,8,2.727132e6,-1.0464702014314082,-0.8693272921435614,TIME_LIMIT,589994,0,0,9,7
2,8,2.727216e6,-1.0464702014314082,-0.8693272921435614,TIME_LIMIT,590017,0,0,18,18
2,8,2.727316e6,-1.0464692599849372,-0.8693272921435614,TIME_LIMIT,590049,0,0,11,11
2,8,2.7275e6,-1.0464692599849372,-0.8693272921435614,TIME_LIMIT,590077,0,0,20,21
2,8,2.727593e6,-1.0464614487052262,-0.8693272921435614,TIME_LIMIT,590101,0,0,6,6
2,8,2.7277e6,-1.0464614487052262,-0.8693272921435614,TIME_LIMIT,590121,0,0,15,8
2,8,2.727788e6,-1.0464547138680902,-0.8693272921435614,TIME_LIMIT,590143,0,0,8,5
2,8,2.727951e6,-1.0464547138680902,-0.8693272921435614,TIME_LIMIT,590162,0,0,12,17
2,8,2.728074e6,-1.0464544853699778,-0.8693272921435614,TIME_LIMIT,590198,0,0,12,5
2,8,2.72829e6,-1.0464544853699778,-0.8693272921435614,TIME_LIMIT,590218,0,0,18,17
2,8,2.728515e6,-1.0464485536809196,-0.8693272921435614,TIME_LIMIT,590248,0,0,14,6
2,8,2.728648e6,-1.0464485536809196,-0.8693272921435614,TIME_LIMIT,590270,0,0,22,20
2,8,2.728732e6,-1.0464449279419994,-0.8693272921435614,TIME_LIMIT,590298,0,0,12,4
2,8,2.728773e6,-1.0464449279419994,-0.8693272921435614,TIME_LIMIT,590310,0,0,8,4
2,8,2.7288e6,-1.0464361072406452,-0.8693272921435614,TIME_LIMIT,590324,0,0,5,1
2,8,2.728895e6,-1.0464361072406452,-0.8693272921435614,TIME_LIMIT,590346,0,0,18,13
2,8,2.729025e6,-1.0464345324336422,-0.8693272921435614,TIME_LIMIT,590371,0,0,12,7
2,8,2.729133e6,-1.0464345324336422,-0.8693272921435614,TIME_LIMIT,590394,0,0,17,16
2,8,2.729227e6,-1.0464343400910334,-0.8693272921435614,TIME_LIMIT,590423,0,0,5,6
2,8,2.729365e6,-1.0464343400910334,-0.8693272921435614,TIME_LIMIT,590447,0,0,13,5
2,8,2.729423e6,-1.0464262628950871,-0.8693272921435614,TIME_LIMIT,590469,0,0,10,4
2,8,2.729545e6,-1.0464262628950871,-0.8693272921435614,TIME_LIMIT,590492,0,0,13,20
2,8,2.72974e6,-1.0464237334012239,-0.8693272921435614,TIME_LIMIT,590529,0,0,18,9
2,8,2.7298e6,-1.0464237334012239,-0.8693272921435614,TIME_LIMIT,590551,0,0,18,6
2,8,2.729845e6,-1.0464211382944875,-0.8693272921435614,TIME_LIMIT,590568,0,0,4,6
2,8,2.72992e6,-1.0464211382944875,-0.8693272921435614,TIME_LIMIT,590587,0,0,12,3
2,8,2.730042e6,-1.0464119484319025,-0.8693272921435614,TIME_LIMIT,590617,0,0,12,6
2,8,2.730134e6,-1.0464119484319025,-0.8693272921435614,TIME_LIMIT,590635,0,0,14,15
2,8,2.730225e6,-1.046408029536059,-0.8693272921435614,TIME_LIMIT,590659,0,0,10,7
2,8,2.730325e6,-1.046408029536059,-0.8693272921435614,TIME_LIMIT,590672,0,0,12,18
2,8,2.730382e6,-1.0464064269719517,-0.8693272921435614,TIME_LIMIT,590698,0,0,13,1
2,8,2.730611e6,-1.0464064269719517,-0.8693272921435614,TIME_LIMIT,590730,0,0,20,18
2,8,2.730822e6,-1.0463969496658612,-0.8693272921435614,TIME_LIMIT,590760,0,0,7,5
2,8,2.730934e6,-1.0463969496658612,-0.8693272921435614,TIME_LIMIT,590780,0,0,11,4
2,8,2.730977e6,-1.0463876277209896,-0.8693272921435614,TIME_LIMIT,590793,0,0,6,3
2,8,2.731114e6,-1.0463876277209896,-0.8693272921435614,TIME_LIMIT,590819,0,0,9,40
2,8,2.731329e6,-1.0463810546177772,-0.8693272921435614,TIME_LIMIT,590850,0,0,13,8
2,8,2.731396e6,-1.0463810546177772,-0.8693272921435614,TIME_LIMIT,590864,0,0,7,13
2,8,2.731462e6,-1.0463784881375058,-0.8693272921435614,TIME_LIMIT,590887,0,0,4,4
2,8,2.731632e6,-1.0463784881375058,-0.8693272921435614,TIME_LIMIT,590910,0,0,19,22
2,8,2.731849e6,-1.0463754943507593,-0.8693272921435614,TIME_LIMIT,590950,0,0,18,9
2,8,2.732023e6,-1.0463754943507593,-0.8693272921435614,TIME_LIMIT,590970,0,0,18,19
2,8,2.732255e6,-1.046375043737502,-0.8693272921435614,TIME_LIMIT,591006,0,0,21,9
2,8,2.732432e6,-1.046375043737502,-0.8693272921435614,TIME_LIMIT,591028,0,0,14,11
2,8,2.732522e6,-1.0463739806417673,-0.8693272921435614,TIME_LIMIT,591045,0,0,11,13
2,8,2.732588e6,-1.0463739806417673,-0.8693272921435614,TIME_LIMIT,591063,0,0,14,9
2,8,2.732653e6,-1.0463729367338548,-0.8693272921435614,TIME_LIMIT,591086,0,0,11,5
2,8,2.732745e6,-1.0463729367338548,-0.8693272921435614,TIME_LIMIT,591105,0,0,12,15
2,8,2.732875e6,-1.0463714284813195,-0.8693272921435614,TIME_LIMIT,591134,0,0,11,8
2,8,2.733078e6,-1.0463714284813195,-0.8693272921435614,TIME_LIMIT,591159,0,0,18,14
2,8,2.733165e6,-1.04637129632503,-0.8693272921435614,TIME_LIMIT,591188,0,0,12,5
2,8,2.733296e6,-1.04637129632503,-0.8693272921435614,TIME_LIMIT,591212,0,0,15,16
2,8,2.733517e6,-1.0463680516176233,-0.8693272921435614,TIME_LIMIT,591231,0,0,12,9
2,8,2.733557e6,-1.0463680516176233,-0.8693272921435614,TIME_LIMIT,591242,0,0,9,10
2,8,2.733583e6,-1.046367929845769,-0.8693272921435614,TIME_LIMIT,591258,0,0,4,3
2,8,2.733775e6,-1.046367929845769,-0.8693272921435614,TIME_LIMIT,591280,0,0,16,13
2,8,2.733887e6,-1.0463658473335735,-0.8693272921435614,TIME_LIMIT,591315,0,0,18,5
2,8,2.73394e6,-1.0463658473335735,-0.8693272921435614,TIME_LIMIT,591334,0,0,12,9
2,8,2.733992e6,-1.0463630975138738,-0.8693272921435614,TIME_LIMIT,591354,0,0,5,0
2,8,2.734064e6,-1.0463630975138738,-0.8693272921435614,TIME_LIMIT,591369,0,0,13,13
2,8,2.734253e6,-1.0463609629780493,-0.8693272921435614,TIME_LIMIT,591392,0,0,9,6
2,8,2.734326e6,-1.0463609629780493,-0.8693272921435614,TIME_LIMIT,591411,0,0,13,5
2,8,2.734393e6,-1.0463590176042106,-0.8693272921435614,TIME_LIMIT,591432,0,0,5,5
2,8,2.73452e6,-1.0463590176042106,-0.8693272921435614,TIME_LIMIT,591449,0,0,10,15
2,8,2.734681e6,-1.0463578900132382,-0.8693272921435614,TIME_LIMIT,591472,0,0,11,8
2,8,2.734735e6,-1.0463578900132382,-0.8693272921435614,TIME_LIMIT,591486,0,0,13,10
2,8,2.734788e6,-1.0463552087185932,-0.8693272921435614,TIME_LIMIT,591507,0,0,7,5
2,8,2.734904e6,-1.0463552087185932,-0.8693272921435614,TIME_LIMIT,591526,0,0,4,10
2,8,2.734989e6,-1.0463534522758928,-0.8693272921435614,TIME_LIMIT,591547,0,0,8,8
2,8,2.735058e6,-1.0463534522758928,-0.8693272921435614,TIME_LIMIT,591567,0,0,10,9
2,8,2.735266e6,-1.0463517649124867,-0.8693272921435614,TIME_LIMIT,591595,0,0,13,5
2,8,2.735484e6,-1.0463517649124867,-0.8693272921435614,TIME_LIMIT,591611,0,0,18,13
2,8,2.735627e6,-1.0463513928991115,-0.8693272921435614,TIME_LIMIT,591642,0,0,15,4
2,8,2.735851e6,-1.0463513928991115,-0.8693272921435614,TIME_LIMIT,591670,0,0,25,15
2,8,2.736072e6,-1.0463511844905473,-0.8693272921435614,TIME_LIMIT,591703,0,0,12,9
2,8,2.736135e6,-1.0463511844905473,-0.8693272921435614,TIME_LIMIT,591720,0,0,14,4
2,8,2.736177e6,-1.0463506788311137,-0.8693272921435614,TIME_LIMIT,591737,0,0,6,7
2,8,2.736393e6,-1.0463506788311137,-0.8693272921435614,TIME_LIMIT,591762,0,0,17,9
2,8,2.736557e6,-1.0463477556320777,-0.8693272921435614,TIME_LIMIT,591790,0,0,12,9
2,8,2.736737e6,-1.0463477556320777,-0.8693272921435614,TIME_LIMIT,591810,0,0,11,14
2,8,2.736836e6,-1.046340287191891,-0.8693272921435614,TIME_LIMIT,591835,0,0,5,1
2,8,2.736989e6,-1.046340287191891,-0.8693272921435614,TIME_LIMIT,591857,0,0,14,10
2,8,2.737092e6,-1.0463372153184034,-0.8693272921435614,TIME_LIMIT,591889,0,0,14,10
2,8,2.737318e6,-1.0463372153184034,-0.8693272921435614,TIME_LIMIT,591911,0,0,14,19
2,8,2.737537e6,-1.0463359475005563,-0.8693272921435614,TIME_LIMIT,591950,0,0,8,11
2,8,2.73764e6,-1.0463359475005563,-0.8693272921435614,TIME_LIMIT,591973,0,0,20,13
2,8,2.73782e6,-1.0463356882597075,-0.8693272921435614,TIME_LIMIT,592002,0,0,11,8
2,8,2.738011e6,-1.0463356882597075,-0.8693272921435614,TIME_LIMIT,592028,0,0,20,16
2,8,2.738237e6,-1.0463257961700476,-0.8693272921435614,TIME_LIMIT,592062,0,0,14,9
2,8,2.738449e6,-1.0463257961700476,-0.8693272921435614,TIME_LIMIT,592084,0,0,8,15
2,8,2.738542e6,-1.0463216851148065,-0.8693272921435614,TIME_LIMIT,592118,0,0,3,3
2,8,2.738635e6,-1.0463216851148065,-0.8693272921435614,TIME_LIMIT,592140,0,0,6,4
2,8,2.738739e6,-1.0463103452458697,-0.8693272921435614,TIME_LIMIT,592162,0,0,2,3
2,8,2.738956e6,-1.0463103452458697,-0.8693272921435614,TIME_LIMIT,592184,0,0,28,17
2,8,2.73908e6,-1.0463065778628398,-0.8693272921435614,TIME_LIMIT,592220,0,0,15,5
2,8,2.739173e6,-1.0463065778628398,-0.8693272921435614,TIME_LIMIT,592242,0,0,20,11
2,8,2.739271e6,-1.0463058977726138,-0.8693272921435614,TIME_LIMIT,592277,0,0,15,8
2,8,2.739471e6,-1.0463058977726138,-0.8693272921435614,TIME_LIMIT,592300,0,0,18,15
2,8,2.739699e6,-1.046303884083549,-0.8693272921435614,TIME_LIMIT,592336,0,0,20,9
2,8,2.739825e6,-1.046303884083549,-0.8693272921435614,TIME_LIMIT,592356,0,0,9,15
2,8,2.740027e6,-1.046303270219743,-0.8693272921435614,TIME_LIMIT,592386,0,0,11,11
2,8,2.740107e6,-1.046303270219743,-0.8693272921435614,TIME_LIMIT,592401,0,0,11,4
2,8,2.740152e6,-1.0462984357064502,-0.8693272921435614,TIME_LIMIT,592415,0,0,6,1
2,8,2.740323e6,-1.0462984357064502,-0.8693272921435614,TIME_LIMIT,592436,0,0,12,16
2,8,2.740425e6,-1.0462981436660068,-0.8693272921435614,TIME_LIMIT,592470,0,0,17,7
2,8,2.740579e6,-1.0462981436660068,-0.8693272921435614,TIME_LIMIT,592494,0,0,16,15
2,8,2.740801e6,-1.0462970276695467,-0.8693272921435614,TIME_LIMIT,592531,0,0,20,6
2,8,2.741017e6,-1.0462970276695467,-0.8693272921435614,TIME_LIMIT,592553,0,0,15,11
2,8,2.741186e6,-1.0462887866991868,-0.8693272921435614,TIME_LIMIT,592581,0,0,13,3
2,8,2.741403e6,-1.0462887866991868,-0.8693272921435614,TIME_LIMIT,592601,0,0,7,18
2,8,2.741496e6,-1.0462872040035123,-0.8693272921435614,TIME_LIMIT,592627,0,0,6,3
2,8,2.741654e6,-1.0462872040035123,-0.8693272921435614,TIME_LIMIT,592649,0,0,22,17
2,8,2.741751e6,-1.046281739423168,-0.8693272921435614,TIME_LIMIT,592690,0,0,23,3
2,8,2.741965e6,-1.046281739423168,-0.8693272921435614,TIME_LIMIT,592712,0,0,18,19
2,8,2.742186e6,-1.0462801025881676,-0.8693272921435614,TIME_LIMIT,592728,0,0,11,8
2,8,2.742407e6,-1.0462801025881676,-0.8693272921435614,TIME_LIMIT,592751,0,0,14,11
2,8,2.742597e6,-1.0462787418448163,-0.8693272921435614,TIME_LIMIT,592777,0,0,6,5
2,8,2.742817e6,-1.0462787418448163,-0.8693272921435614,TIME_LIMIT,592801,0,0,17,25
2,8,2.74297e6,-1.0462744407945945,-0.8693272921435614,TIME_LIMIT,592825,0,0,16,6
2,8,2.743187e6,-1.0462744407945945,-0.8693272921435614,TIME_LIMIT,592850,0,0,11,9
2,8,2.743328e6,-1.0462731850461002,-0.8693272921435614,TIME_LIMIT,592881,0,0,4,4
2,8,2.743395e6,-1.0462731850461002,-0.8693272921435614,TIME_LIMIT,592900,0,0,16,16
2,8,2.743606e6,-1.0462721689173797,-0.8693272921435614,TIME_LIMIT,592928,0,0,7,9
2,8,2.743818e6,-1.0462721689173797,-0.8693272921435614,TIME_LIMIT,592947,0,0,24,15
2,8,2.744035e6,-1.0462607742148844,-0.8693272921435614,TIME_LIMIT,592986,0,0,18,10
2,8,2.744185e6,-1.0462607742148844,-0.8693272921435614,TIME_LIMIT,593008,0,0,13,8
2,8,2.744262e6,-1.0462558607920713,-0.8693272921435614,TIME_LIMIT,593031,0,0,10,7
2,8,2.74441e6,-1.0462558607920713,-0.8693272921435614,TIME_LIMIT,593053,0,0,17,27
2,8,2.744509e6,-1.0462535228760594,-0.8693272921435614,TIME_LIMIT,593083,0,0,9,6
2,8,2.744604e6,-1.0462535228760594,-0.8693272921435614,TIME_LIMIT,593108,0,0,22,11
2,8,2.744753e6,-1.0462460786453338,-0.8693272921435614,TIME_LIMIT,593138,0,0,12,7
2,8,2.744815e6,-1.0462460786453338,-0.8693272921435614,TIME_LIMIT,593156,0,0,17,12
2,8,2.744897e6,-1.0462399111913254,-0.8693272921435614,TIME_LIMIT,593185,0,0,14,5
2,8,2.745006e6,-1.0462399111913254,-0.8693272921435614,TIME_LIMIT,593207,0,0,12,8
2,8,2.745116e6,-1.046235479816583,-0.8693272921435614,TIME_LIMIT,593231,0,0,10,4
2,8,2.745243e6,-1.046235479816583,-0.8693272921435614,TIME_LIMIT,593256,0,0,5,9
2,8,2.745327e6,-1.0462326357439609,-0.8693272921435614,TIME_LIMIT,593277,0,0,9,7
2,8,2.745458e6,-1.0462326357439609,-0.8693272921435614,TIME_LIMIT,593298,0,0,15,6
2,8,2.745514e6,-1.0462265402463988,-0.8693272921435614,TIME_LIMIT,593321,0,0,10,7
2,8,2.745736e6,-1.0462265402463988,-0.8693272921435614,TIME_LIMIT,593344,0,0,20,19
2,8,2.745839e6,-1.0462246030760984,-0.8693272921435614,TIME_LIMIT,593377,0,0,14,10
2,8,2.745974e6,-1.0462246030760984,-0.8693272921435614,TIME_LIMIT,593394,0,0,14,27
2,8,2.74607e6,-1.0462218286833953,-0.8693272921435614,TIME_LIMIT,593424,0,0,11,8
2,8,2.746135e6,-1.0462218286833953,-0.8693272921435614,TIME_LIMIT,593448,0,0,11,16
2,8,2.7462e6,-1.0462195932641274,-0.8693272921435614,TIME_LIMIT,593466,0,0,4,4
2,8,2.746336e6,-1.0462195932641274,-0.8693272921435614,TIME_LIMIT,593490,0,0,18,16
2,8,2.74648e6,-1.0462156919205041,-0.8693272921435614,TIME_LIMIT,593519,0,0,17,9
2,8,2.746591e6,-1.0462156919205041,-0.8693272921435614,TIME_LIMIT,593540,0,0,11,11
2,8,2.746646e6,-1.0462129798503557,-0.8693272921435614,TIME_LIMIT,593563,0,0,9,6
2,8,2.746801e6,-1.0462129798503557,-0.8693272921435614,TIME_LIMIT,593585,0,0,19,14
2,8,2.746896e6,-1.0462026690420543,-0.8693272921435614,TIME_LIMIT,593615,0,0,13,4
2,8,2.747024e6,-1.0462026690420543,-0.8693272921435614,TIME_LIMIT,593635,0,0,17,3
2,8,2.747064e6,-1.0462024925004676,-0.8693272921435614,TIME_LIMIT,593654,0,0,7,1
2,8,2.747171e6,-1.0462024925004676,-0.8693272921435614,TIME_LIMIT,593673,0,0,13,5
2,8,2.747229e6,-1.0461928249721946,-0.8693272921435614,TIME_LIMIT,593693,0,0,11,2
2,8,2.747335e6,-1.0461928249721946,-0.8693272921435614,TIME_LIMIT,593709,0,0,14,7
2,8,2.74748e6,-1.0461910081577064,-0.8693272921435614,TIME_LIMIT,593736,0,0,10,8
2,8,2.747693e6,-1.0461910081577064,-0.8693272921435614,TIME_LIMIT,593761,0,0,20,19
2,8,2.7478e6,-1.046190121218861,-0.8693272921435614,TIME_LIMIT,593789,0,0,9,6
2,8,2.747863e6,-1.046190121218861,-0.8693272921435614,TIME_LIMIT,593808,0,0,11,19
2,8,2.747946e6,-1.0461884991774388,-0.8693272921435614,TIME_LIMIT,593834,0,0,12,16
2,8,2.748033e6,-1.0461884991774388,-0.8693272921435614,TIME_LIMIT,593853,0,0,20,13
2,8,2.748184e6,-1.0461868203164268,-0.8693272921435614,TIME_LIMIT,593885,0,0,13,6
2,8,2.748271e6,-1.0461868203164268,-0.8693272921435614,TIME_LIMIT,593907,0,0,20,17
2,8,2.748334e6,-1.0461793930002332,-0.8693272921435614,TIME_LIMIT,593935,0,0,15,10
2,8,2.748484e6,-1.0461793930002332,-0.8693272921435614,TIME_LIMIT,593955,0,0,14,21
2,8,2.748576e6,-1.0461782615565904,-0.8693272921435614,TIME_LIMIT,593987,0,0,13,10
2,8,2.748704e6,-1.0461782615565904,-0.8693272921435614,TIME_LIMIT,594009,0,0,14,17
2,8,2.748787e6,-1.0461753208661666,-0.8693272921435614,TIME_LIMIT,594039,0,0,14,4
2,8,2.748842e6,-1.0461753208661666,-0.8693272921435614,TIME_LIMIT,594052,0,0,10,8
2,8,2.748896e6,-1.0461747710762945,-0.8693272921435614,TIME_LIMIT,594074,0,0,8,3
2,8,2.749117e6,-1.0461747710762945,-0.8693272921435614,TIME_LIMIT,594092,0,0,17,22
2,8,2.749266e6,-1.046174088843184,-0.8693272921435614,TIME_LIMIT,594125,0,0,12,10
2,8,2.749353e6,-1.046174088843184,-0.8693272921435614,TIME_LIMIT,594146,0,0,20,9
2,8,2.749447e6,-1.046172786535699,-0.8693272921435614,TIME_LIMIT,594164,0,0,11,5
2,8,2.749535e6,-1.046172786535699,-0.8693272921435614,TIME_LIMIT,594186,0,0,20,10
2,8,2.749675e6,-1.0461695078684823,-0.8693272921435614,TIME_LIMIT,594215,0,0,13,5
2,8,2.749799e6,-1.0461695078684823,-0.8693272921435614,TIME_LIMIT,594235,0,0,15,11
2,8,2.749939e6,-1.0461694898878378,-0.8693272921435614,TIME_LIMIT,594260,0,0,12,6
2,8,2.750029e6,-1.0461694898878378,-0.8693272921435614,TIME_LIMIT,594291,0,0,12,9
2,8,2.750104e6,-1.0461667247524649,-0.8693272921435614,TIME_LIMIT,594308,0,0,8,9
2,8,2.75022e6,-1.0461667247524649,-0.8693272921435614,TIME_LIMIT,594331,0,0,16,21
2,8,2.75036e6,-1.0461612590123535,-0.8693272921435614,TIME_LIMIT,594365,0,0,13,14
2,8,2.750574e6,-1.0461612590123535,-0.8693272921435614,TIME_LIMIT,594387,0,0,13,15
2,8,2.750694e6,-1.046161234210698,-0.8693272921435614,TIME_LIMIT,594420,0,0,13,12
2,8,2.750916e6,-1.046161234210698,-0.8693272921435614,TIME_LIMIT,594450,0,0,19,19
2,8,2.751068e6,-1.0461593925688715,-0.8693272921435614,TIME_LIMIT,594486,0,0,12,5
2,8,2.751271e6,-1.0461593925688715,-0.8693272921435614,TIME_LIMIT,594514,0,0,16,13
2,8,2.751391e6,-1.0461549065904316,-0.8693272921435614,TIME_LIMIT,594537,0,0,12,2
2,8,2.751475e6,-1.0461549065904316,-0.8693272921435614,TIME_LIMIT,594560,0,0,18,9
2,8,2.751643e6,-1.0461545463857744,-0.8693272921435614,TIME_LIMIT,594580,0,0,11,7
2,8,2.751844e6,-1.0461545463857744,-0.8693272921435614,TIME_LIMIT,594603,0,0,21,19
2,8,2.752011e6,-1.046153529129013,-0.8693272921435614,TIME_LIMIT,594633,0,0,17,3
2,8,2.752132e6,-1.046153529129013,-0.8693272921435614,TIME_LIMIT,594654,0,0,16,6
2,8,2.752198e6,-1.0461506881045954,-0.8693272921435614,TIME_LIMIT,594682,0,0,14,5
2,8,2.752258e6,-1.0461506881045954,-0.8693272921435614,TIME_LIMIT,594699,0,0,13,13
2,8,2.752464e6,-1.046147114654823,-0.8693272921435614,TIME_LIMIT,594728,0,0,10,8
2,8,2.752536e6,-1.046147114654823,-0.8693272921435614,TIME_LIMIT,594745,0,0,9,8
2,8,2.752597e6,-1.046144661395597,-0.8693272921435614,TIME_LIMIT,594764,0,0,4,3
2,8,2.752743e6,-1.046144661395597,-0.8693272921435614,TIME_LIMIT,594788,0,0,7,14
2,8,2.752889e6,-1.0461391324393152,-0.8693272921435614,TIME_LIMIT,594814,0,0,10,10
2,8,2.753059e6,-1.0461391324393152,-0.8693272921435614,TIME_LIMIT,594840,0,0,17,9
2,8,2.753263e6,-1.0461336468440368,-0.8693272921435614,TIME_LIMIT,594873,0,0,16,10
2,8,2.753477e6,-1.0461336468440368,-0.8693272921435614,TIME_LIMIT,594896,0,0,19,7
2,8,2.753654e6,-1.0461306519933304,-0.8693272921435614,TIME_LIMIT,594923,0,0,11,8
2,8,2.753814e6,-1.0461306519933304,-0.8693272921435614,TIME_LIMIT,594945,0,0,16,6
2,8,2.754014e6,-1.0461237175368048,-0.8693272921435614,TIME_LIMIT,594964,0,0,16,5
2,8,2.754066e6,-1.0461237175368048,-0.8693272921435614,TIME_LIMIT,594991,0,0,14,8
2,8,2.754194e6,-1.0461215625438411,-0.8693272921435614,TIME_LIMIT,595014,0,0,17,15
2,8,2.754417e6,-1.0461215625438411,-0.8693272921435614,TIME_LIMIT,595045,0,0,18,24
2,8,2.754636e6,-1.0461136067430508,-0.8693272921435614,TIME_LIMIT,595080,0,0,18,14
2,8,2.754858e6,-1.0461136067430508,-0.8693272921435614,TIME_LIMIT,595108,0,0,17,20
2,8,2.755087e6,-1.0461124749039565,-0.8693272921435614,TIME_LIMIT,595142,0,0,13,14
2,8,2.755151e6,-1.0461124749039565,-0.8693272921435614,TIME_LIMIT,595161,0,0,12,10
2,8,2.755214e6,-1.0461108833522426,-0.8693272921435614,TIME_LIMIT,595183,0,0,8,2
2,8,2.755405e6,-1.0461108833522426,-0.8693272921435614,TIME_LIMIT,595207,0,0,20,14
2,8,2.755625e6,-1.0461083266017546,-0.8693272921435614,TIME_LIMIT,595241,0,0,14,10
2,8,2.755838e6,-1.0461083266017546,-0.8693272921435614,TIME_LIMIT,595259,0,0,16,24
2,8,2.756041e6,-1.0461076735173074,-0.8693272921435614,TIME_LIMIT,595300,0,0,21,11
2,8,2.756123e6,-1.0461076735173074,-0.8693272921435614,TIME_LIMIT,595320,0,0,14,18
2,8,2.756232e6,-1.0461045471091874,-0.8693272921435614,TIME_LIMIT,595351,0,0,15,6
2,8,2.75644e6,-1.0461045471091874,-0.8693272921435614,TIME_LIMIT,595377,0,0,23,18
2,8,2.756581e6,-1.0460918394752459,-0.8693272921435614,TIME_LIMIT,595406,0,0,10,6
2,8,2.756709e6,-1.0460918394752459,-0.8693272921435614,TIME_LIMIT,595428,0,0,11,11
2,8,2.756781e6,-1.0460916667867242,-0.8693272921435614,TIME_LIMIT,595448,0,0,3,5
2,8,2.756919e6,-1.0460916667867242,-0.8693272921435614,TIME_LIMIT,595469,0,0,10,7
2,8,2.757053e6,-1.046081036193291,-0.8693272921435614,TIME_LIMIT,595490,0,0,14,3
2,8,2.757271e6,-1.046081036193291,-0.8693272921435614,TIME_LIMIT,595507,0,0,21,24
2,8,2.757492e6,-1.046076340929273,-0.8693272921435614,TIME_LIMIT,595545,0,0,18,10
2,8,2.757714e6,-1.046076340929273,-0.8693272921435614,TIME_LIMIT,595565,0,0,10,25
2,8,2.757939e6,-1.0460756592683444,-0.8693272921435614,TIME_LIMIT,595599,0,0,18,4
2,8,2.758165e6,-1.0460756592683444,-0.8693272921435614,TIME_LIMIT,595622,0,0,18,13
2,8,2.758391e6,-1.0460739632361478,-0.8693272921435614,TIME_LIMIT,595655,0,0,12,9
2,8,2.758579e6,-1.0460739632361478,-0.8693272921435614,TIME_LIMIT,595677,0,0,12,19
2,8,2.758742e6,-1.046066220961238,-0.8693272921435614,TIME_LIMIT,595706,0,0,12,6
2,8,2.758848e6,-1.046066220961238,-0.8693272921435614,TIME_LIMIT,595731,0,0,16,8
2,8,2.758947e6,-1.046065754977569,-0.8693272921435614,TIME_LIMIT,595759,0,0,11,11
2,8,2.759033e6,-1.046065754977569,-0.8693272921435614,TIME_LIMIT,595778,0,0,11,10
2,8,2.759125e6,-1.0460652292655919,-0.8693272921435614,TIME_LIMIT,595807,0,0,7,5
2,8,2.759194e6,-1.0460652292655919,-0.8693272921435614,TIME_LIMIT,595824,0,0,9,3
2,8,2.759287e6,-1.046063793486009,-0.8693272921435614,TIME_LIMIT,595849,0,0,6,2
2,8,2.75939e6,-1.046063793486009,-0.8693272921435614,TIME_LIMIT,595870,0,0,13,9
2,8,2.759444e6,-1.0460567563686265,-0.8693272921435614,TIME_LIMIT,595890,0,0,11,6
2,8,2.759533e6,-1.0460567563686265,-0.8693272921435614,TIME_LIMIT,595912,0,0,17,12
2,8,2.759639e6,-1.0460559389599846,-0.8693272921435614,TIME_LIMIT,595941,0,0,10,5
2,8,2.759708e6,-1.0460559389599846,-0.8693272921435614,TIME_LIMIT,595964,0,0,15,16
2,8,2.759772e6,-1.046054982082203,-0.8693272921435614,TIME_LIMIT,595993,0,0,14,5
2,8,2.759953e6,-1.046054982082203,-0.8693272921435614,TIME_LIMIT,596014,0,0,15,10
2,8,2.760046e6,-1.0460448518633352,-0.8693272921435614,TIME_LIMIT,596039,0,0,13,4
2,8,2.760273e6,-1.0460448518633352,-0.8693272921435614,TIME_LIMIT,596055,0,0,12,18
2,8,2.760444e6,-1.0460444289330995,-0.8693272921435614,TIME_LIMIT,596088,0,0,12,3
2,8,2.760663e6,-1.0460444289330995,-0.8693272921435614,TIME_LIMIT,596111,0,0,20,24
2,8,2.760893e6,-1.0460397918111601,-0.8693272921435614,TIME_LIMIT,596144,0,0,17,12
2,8,2.76098e6,-1.0460397918111601,-0.8693272921435614,TIME_LIMIT,596166,0,0,20,17
2,8,2.761203e6,-1.0460385078583843,-0.8693272921435614,TIME_LIMIT,596201,0,0,20,7
2,8,2.761249e6,-1.0460385078583843,-0.8693272921435614,TIME_LIMIT,596221,0,0,13,18
2,8,2.761346e6,-1.0460359579858833,-0.8693272921435614,TIME_LIMIT,596253,0,0,13,9
2,8,2.761398e6,-1.0460359579858833,-0.8693272921435614,TIME_LIMIT,596266,0,0,5,3
2,8,2.761419e6,-1.0460342150245934,-0.8693272921435614,TIME_LIMIT,596275,0,0,2,0
2,8,2.761503e6,-1.0460342150245934,-0.8693272921435614,TIME_LIMIT,596302,0,0,7,15
2,8,2.761662e6,-1.0460316963045346,-0.8693272921435614,TIME_LIMIT,596331,0,0,9,10
2,8,2.761713e6,-1.0460316963045346,-0.8693272921435614,TIME_LIMIT,596345,0,0,10,6
2,8,2.761764e6,-1.0460314190165247,-0.8693272921435614,TIME_LIMIT,596363,0,0,8,5
2,8,2.761861e6,-1.0460314190165247,-0.8693272921435614,TIME_LIMIT,596388,0,0,16,12
2,8,2.761961e6,-1.046031213022733,-0.8693272921435614,TIME_LIMIT,596420,0,0,10,5
2,8,2.762088e6,-1.046031213022733,-0.8693272921435614,TIME_LIMIT,596438,0,0,11,6
2,8,2.762144e6,-1.0460249523531775,-0.8693272921435614,TIME_LIMIT,596455,0,0,6,5
2,8,2.76232e6,-1.0460249523531775,-0.8693272921435614,TIME_LIMIT,596483,0,0,19,3
2,8,2.762415e6,-1.04601565852191,-0.8693272921435614,TIME_LIMIT,596502,0,0,12,4
2,8,2.762522e6,-1.04601565852191,-0.8693272921435614,TIME_LIMIT,596522,0,0,14,14
2,8,2.762637e6,-1.0460094630028287,-0.8693272921435614,TIME_LIMIT,596558,0,0,17,3
2,8,2.762693e6,-1.0460094630028287,-0.8693272921435614,TIME_LIMIT,596577,0,0,19,24
2,8,2.762914e6,-1.0460094449798918,-0.8693272921435614,TIME_LIMIT,596617,0,0,17,11
2,8,2.763143e6,-1.0460094449798918,-0.8693272921435614,TIME_LIMIT,596638,0,0,9,11
2,8,2.763364e6,-1.0460084232710882,-0.8693272921435614,TIME_LIMIT,596672,0,0,17,7
2,8,2.763586e6,-1.0460084232710882,-0.8693272921435614,TIME_LIMIT,596696,0,0,17,6
2,8,2.763805e6,-1.0460078952166594,-0.8693272921435614,TIME_LIMIT,596723,0,0,10,8
2,8,2.763997e6,-1.0460078952166594,-0.8693272921435614,TIME_LIMIT,596745,0,0,22,13
2,8,2.764197e6,-1.0460056590163864,-0.8693272921435614,TIME_LIMIT,596788,0,0,20,6
2,8,2.764258e6,-1.0460056590163864,-0.8693272921435614,TIME_LIMIT,596808,0,0,18,10
2,8,2.764339e6,-1.0460036539510948,-0.8693272921435614,TIME_LIMIT,596837,0,0,13,3
2,8,2.764401e6,-1.0460036539510948,-0.8693272921435614,TIME_LIMIT,596854,0,0,12,10
2,8,2.764452e6,-1.0459991470225798,-0.8693272921435614,TIME_LIMIT,596876,0,0,9,4
2,8,2.764599e6,-1.0459991470225798,-0.8693272921435614,TIME_LIMIT,596899,0,0,19,18
2,8,2.764652e6,-1.0459932300871204,-0.8693272921435614,TIME_LIMIT,596927,0,0,10,11
2,8,2.764766e6,-1.0459932300871204,-0.8693272921435614,TIME_LIMIT,596947,0,0,12,5
2,8,2.764811e6,-1.0459863620488021,-0.8693272921435614,TIME_LIMIT,596963,0,0,6,1
2,8,2.764993e6,-1.0459863620488021,-0.8693272921435614,TIME_LIMIT,596993,0,0,22,10
2,8,2.76509e6,-1.0459851170444272,-0.8693272921435614,TIME_LIMIT,597017,0,0,16,12
2,8,2.765186e6,-1.0459851170444272,-0.8693272921435614,TIME_LIMIT,597035,0,0,12,8
2,8,2.765232e6,-1.0459846436393612,-0.8693272921435614,TIME_LIMIT,597054,0,0,7,2
2,8,2.76539e6,-1.0459846436393612,-0.8693272921435614,TIME_LIMIT,597077,0,0,22,31
2,8,2.765507e6,-1.0459845082482329,-0.8693272921435614,TIME_LIMIT,597109,0,0,16,13
2,8,2.765727e6,-1.0459845082482329,-0.8693272921435614,TIME_LIMIT,597128,0,0,20,19
2,8,2.765947e6,-1.045981600265697,-0.8693272921435614,TIME_LIMIT,597162,0,0,14,3
2,8,2.766039e6,-1.045981600265697,-0.8693272921435614,TIME_LIMIT,597179,0,0,13,10
2,8,2.766132e6,-1.0459776364366333,-0.8693272921435614,TIME_LIMIT,597207,0,0,9,6
2,8,2.766351e6,-1.0459776364366333,-0.8693272921435614,TIME_LIMIT,597231,0,0,17,3
2,8,2.766568e6,-1.0459730072509785,-0.8693272921435614,TIME_LIMIT,597265,0,0,18,9
2,8,2.766684e6,-1.0459730072509785,-0.8693272921435614,TIME_LIMIT,597287,0,0,13,17
2,8,2.766762e6,-1.0459721657445917,-0.8693272921435614,TIME_LIMIT,597313,0,0,9,5
2,8,2.766875e6,-1.0459721657445917,-0.8693272921435614,TIME_LIMIT,597335,0,0,12,13
2,8,2.766958e6,-1.0459719899905084,-0.8693272921435614,TIME_LIMIT,597357,0,0,8,5
2,8,2.767171e6,-1.0459719899905084,-0.8693272921435614,TIME_LIMIT,597383,0,0,27,29
2,8,2.767403e6,-1.0459714925150716,-0.8693272921435614,TIME_LIMIT,597424,0,0,21,9
2,8,2.767554e6,-1.0459714925150716,-0.8693272921435614,TIME_LIMIT,597453,0,0,14,3
2,8,2.767609e6,-1.0459645831493463,-0.8693272921435614,TIME_LIMIT,597467,0,0,9,7
2,8,2.767817e6,-1.0459645831493463,-0.8693272921435614,TIME_LIMIT,597499,0,0,24,39
2,8,2.768035e6,-1.0459644463237519,-0.8693272921435614,TIME_LIMIT,597534,0,0,20,6
2,8,2.768255e6,-1.0459644463237519,-0.8693272921435614,TIME_LIMIT,597564,0,0,25,13
2,8,2.768404e6,-1.0459612829523879,-0.8693272921435614,TIME_LIMIT,597603,0,0,15,8
2,8,2.768554e6,-1.0459612829523879,-0.8693272921435614,TIME_LIMIT,597626,0,0,8,7
2,8,2.768766e6,-1.0459609498864868,-0.8693272921435614,TIME_LIMIT,597655,0,0,3,3
2,8,2.768934e6,-1.0459609498864868,-0.8693272921435614,TIME_LIMIT,597677,0,0,19,12
2,8,2.769098e6,-1.0459505486812595,-0.8693272921435614,TIME_LIMIT,597711,0,0,16,6
2,8,2.769248e6,-1.0459505486812595,-0.8693272921435614,TIME_LIMIT,597733,0,0,17,34
2,8,2.769359e6,-1.0459497067930839,-0.8693272921435614,TIME_LIMIT,597759,0,0,10,6
2,8,2.769455e6,-1.0459497067930839,-0.8693272921435614,TIME_LIMIT,597778,0,0,17,6
2,8,2.76956e6,-1.0459488520214917,-0.8693272921435614,TIME_LIMIT,597814,0,0,15,11
2,8,2.769657e6,-1.0459488520214917,-0.8693272921435614,TIME_LIMIT,597836,0,0,11,18
2,8,2.769799e6,-1.0459413046149024,-0.8693272921435614,TIME_LIMIT,597865,0,0,14,8
2,8,2.76993e6,-1.0459413046149024,-0.8693272921435614,TIME_LIMIT,597890,0,0,17,19
2,8,2.770085e6,-1.0459368480139695,-0.8693272921435614,TIME_LIMIT,597924,0,0,20,16
2,8,2.770174e6,-1.0459368480139695,-0.8693272921435614,TIME_LIMIT,597945,0,0,16,12
2,8,2.770258e6,-1.0459343910475385,-0.8693272921435614,TIME_LIMIT,597968,0,0,10,2
2,8,2.770325e6,-1.0459343910475385,-0.8693272921435614,TIME_LIMIT,597979,0,0,13,7
2,8,2.770442e6,-1.0459330731169258,-0.8693272921435614,TIME_LIMIT,598004,0,0,10,3
2,8,2.770484e6,-1.0459330731169258,-0.8693272921435614,TIME_LIMIT,598020,0,0,11,5
2,8,2.77054e6,-1.0459299448975958,-0.8693272921435614,TIME_LIMIT,598037,0,0,6,4
2,8,2.770666e6,-1.0459299448975958,-0.8693272921435614,TIME_LIMIT,598061,0,0,16,11
2,8,2.770755e6,-1.0459289273715289,-0.8693272921435614,TIME_LIMIT,598082,0,0,9,5
2,8,2.770908e6,-1.0459289273715289,-0.8693272921435614,TIME_LIMIT,598111,0,0,19,18
2,8,2.77108e6,-1.0459271424302818,-0.8693272921435614,TIME_LIMIT,598148,0,0,13,10
2,8,2.771307e6,-1.0459271424302818,-0.8693272921435614,TIME_LIMIT,598169,0,0,14,33
2,8,2.771527e6,-1.0459255023754248,-0.8693272921435614,TIME_LIMIT,598201,0,0,15,6
2,8,2.771605e6,-1.0459255023754248,-0.8693272921435614,TIME_LIMIT,598222,0,0,6,10
2,8,2.771685e6,-1.0459202603784257,-0.8693272921435614,TIME_LIMIT,598247,0,0,6,6
2,8,2.771913e6,-1.0459202603784257,-0.8693272921435614,TIME_LIMIT,598272,0,0,19,10
2,8,2.772032e6,-1.045919165507029,-0.8693272921435614,TIME_LIMIT,598291,0,0,15,7
2,8,2.772135e6,-1.045919165507029,-0.8693272921435614,TIME_LIMIT,598306,0,0,15,12
2,8,2.772234e6,-1.0459175330773403,-0.8693272921435614,TIME_LIMIT,598337,0,0,11,6
2,8,2.772362e6,-1.0459175330773403,-0.8693272921435614,TIME_LIMIT,598361,0,0,18,7
2,8,2.772491e6,-1.0459137721934433,-0.8693272921435614,TIME_LIMIT,598387,0,0,14,2
2,8,2.77254e6,-1.0459137721934433,-0.8693272921435614,TIME_LIMIT,598403,0,0,10,4
2,8,2.772708e6,-1.045913147231837,-0.8693272921435614,TIME_LIMIT,598429,0,0,11,9
2,8,2.772789e6,-1.045913147231837,-0.8693272921435614,TIME_LIMIT,598442,0,0,7,17
2,8,2.772828e6,-1.045908816459432,-0.8693272921435614,TIME_LIMIT,598463,0,0,10,3
2,8,2.77299e6,-1.045908816459432,-0.8693272921435614,TIME_LIMIT,598490,0,0,13,15
2,8,2.773188e6,-1.045908528864845,-0.8693272921435614,TIME_LIMIT,598520,0,0,12,11
2,8,2.773391e6,-1.045908528864845,-0.8693272921435614,TIME_LIMIT,598545,0,0,13,20
2,8,2.77361e6,-1.045904395573464,-0.8693272921435614,TIME_LIMIT,598582,0,0,14,9
2,8,2.773777e6,-1.045904395573464,-0.8693272921435614,TIME_LIMIT,598607,0,0,10,20
2,8,2.773901e6,-1.045903485322805,-0.8693272921435614,TIME_LIMIT,598630,0,0,12,9
2,8,2.77409e6,-1.045903485322805,-0.8693272921435614,TIME_LIMIT,598652,0,0,12,21
2,8,2.774266e6,-1.0459026507995801,-0.8693272921435614,TIME_LIMIT,598690,0,0,4,10
2,8,2.774348e6,-1.0459026507995801,-0.8693272921435614,TIME_LIMIT,598714,0,0,17,5
2,8,2.774412e6,-1.0459003825459952,-0.8693272921435614,TIME_LIMIT,598737,0,0,12,7
2,8,2.774486e6,-1.0459003825459952,-0.8693272921435614,TIME_LIMIT,598757,0,0,14,6
2,8,2.77456e6,-1.0458999188107883,-0.8693272921435614,TIME_LIMIT,598782,0,0,12,4
2,8,2.774664e6,-1.0458999188107883,-0.8693272921435614,TIME_LIMIT,598799,0,0,20,7
2,8,2.774723e6,-1.0458998534405062,-0.8693272921435614,TIME_LIMIT,598828,0,0,10,3
2,8,2.77494e6,-1.0458998534405062,-0.8693272921435614,TIME_LIMIT,598849,0,0,21,14
2,8,2.77511e6,-1.0458896484030178,-0.8693272921435614,TIME_LIMIT,598886,0,0,16,7
2,8,2.775253e6,-1.0458896484030178,-0.8693272921435614,TIME_LIMIT,598915,0,0,17,15
2,8,2.775309e6,-1.045889588022653,-0.8693272921435614,TIME_LIMIT,598936,0,0,13,4
2,8,2.775532e6,-1.045889588022653,-0.8693272921435614,TIME_LIMIT,598963,0,0,9,15
2,8,2.775764e6,-1.0458890474489182,-0.8693272921435614,TIME_LIMIT,598993,0,0,17,12
2,8,2.775842e6,-1.0458890474489182,-0.8693272921435614,TIME_LIMIT,599012,0,0,11,5
2,8,2.775904e6,-1.04588855461165,-0.8693272921435614,TIME_LIMIT,599030,0,0,5,3
2,8,2.776137e6,-1.04588855461165,-0.8693272921435614,TIME_LIMIT,599056,0,0,13,33
2,8,2.77636e6,-1.0458885296917289,-0.8693272921435614,TIME_LIMIT,599091,0,0,18,4
2,8,2.776581e6,-1.0458885296917289,-0.8693272921435614,TIME_LIMIT,599111,0,0,23,17
2,8,2.776809e6,-1.0458878538968475,-0.8693272921435614,TIME_LIMIT,599145,0,0,25,7
2,8,2.777028e6,-1.0458878538968475,-0.8693272921435614,TIME_LIMIT,599170,0,0,19,15
2,8,2.777212e6,-1.0458854149700825,-0.8693272921435614,TIME_LIMIT,599200,0,0,14,4
2,8,2.777252e6,-1.0458854149700825,-0.8693272921435614,TIME_LIMIT,599217,0,0,14,2
2,8,2.77732e6,-1.0458852361130497,-0.8693272921435614,TIME_LIMIT,599241,0,0,9,7
2,8,2.777434e6,-1.0458852361130497,-0.8693272921435614,TIME_LIMIT,599265,0,0,14,13
2,8,2.777652e6,-1.045884823584148,-0.8693272921435614,TIME_LIMIT,599300,0,0,20,7
2,8,2.777733e6,-1.045884823584148,-0.8693272921435614,TIME_LIMIT,599321,0,0,18,5
2,8,2.777778e6,-1.0458792589691495,-0.8693272921435614,TIME_LIMIT,599340,0,0,8,3
2,8,2.777818e6,-1.0458792589691495,-0.8693272921435614,TIME_LIMIT,599358,0,0,8,8
2,8,2.777902e6,-1.0458784586984615,-0.8693272921435614,TIME_LIMIT,599382,0,0,10,4
2,8,2.777973e6,-1.0458784586984615,-0.8693272921435614,TIME_LIMIT,599404,0,0,15,7
2,8,2.778027e6,-1.0458780694763607,-0.8693272921435614,TIME_LIMIT,599425,0,0,7,4
2,8,2.778164e6,-1.0458780694763607,-0.8693272921435614,TIME_LIMIT,599445,0,0,12,6
2,8,2.778226e6,-1.045876429910233,-0.8693272921435614,TIME_LIMIT,599468,0,0,10,4
2,8,2.778291e6,-1.045876429910233,-0.8693272921435614,TIME_LIMIT,599484,0,0,12,19
2,8,2.77848e6,-1.045875800664386,-0.8693272921435614,TIME_LIMIT,599512,0,0,7,7
2,8,2.778535e6,-1.045875800664386,-0.8693272921435614,TIME_LIMIT,599530,0,0,15,7
2,8,2.77859e6,-1.0458727412170168,-0.8693272921435614,TIME_LIMIT,599547,0,0,6,6
2,8,2.778647e6,-1.0458727412170168,-0.8693272921435614,TIME_LIMIT,599565,0,0,14,8
2,8,2.778795e6,-1.0458717198086593,-0.8693272921435614,TIME_LIMIT,599591,0,0,9,3
2,8,2.77894e6,-1.0458717198086593,-0.8693272921435614,TIME_LIMIT,599613,0,0,16,14
2,8,2.779171e6,-1.0458505359047972,-0.8693272921435614,TIME_LIMIT,599646,0,0,16,13
2,8,2.779298e6,-1.0458505359047972,-0.8693272921435614,TIME_LIMIT,599670,0,0,20,19
2,8,2.779446e6,-1.0458482943532594,-0.8693272921435614,TIME_LIMIT,599704,0,0,17,11
2,8,2.779661e6,-1.0458482943532594,-0.8693272921435614,TIME_LIMIT,599729,0,0,22,13
2,8,2.779888e6,-1.045846115588045,-0.8693272921435614,TIME_LIMIT,599759,0,0,20,16
2,8,2.78003e6,-1.045846115588045,-0.8693272921435614,TIME_LIMIT,599781,0,0,19,11
2,8,2.780258e6,-1.0458447180358998,-0.8693272921435614,TIME_LIMIT,599809,0,0,13,4
2,8,2.780378e6,-1.0458447180358998,-0.8693272921435614,TIME_LIMIT,599832,0,0,14,21
2,8,2.780503e6,-1.04584298212922,-0.8693272921435614,TIME_LIMIT,599861,0,0,12,8
2,8,2.780656e6,-1.04584298212922,-0.8693272921435614,TIME_LIMIT,599887,0,0,22,21
2,8,2.780781e6,-1.0458277084778413,-0.8693272921435614,TIME_LIMIT,599922,0,0,14,10
2,8,2.780934e6,-1.0458277084778413,-0.8693272921435614,TIME_LIMIT,599953,0,0,26,21
2,8,2.781129e6,-1.0458277004561918,-0.8693272921435614,TIME_LIMIT,599990,0,0,19,16
2,8,2.781231e6,-1.0458277004561918,-0.8693272921435614,TIME_LIMIT,600017,0,0,5,12
2,8,2.78132e6,-1.045827080092026,-0.8693272921435614,TIME_LIMIT,600040,0,0,9,10
2,8,2.781395e6,-1.045827080092026,-0.8693272921435614,TIME_LIMIT,600060,0,0,11,12
2,8,2.781555e6,-1.0458239267300575,-0.8693272921435614,TIME_LIMIT,600082,0,0,15,4
2,8,2.781784e6,-1.0458239267300575,-0.8693272921435614,TIME_LIMIT,600105,0,0,7,19
2,8,2.782012e6,-1.0458156598530965,-0.8693272921435614,TIME_LIMIT,600137,0,0,16,8
2,8,2.782162e6,-1.0458156598530965,-0.8693272921435614,TIME_LIMIT,600165,0,0,19,17
2,8,2.782339e6,-1.045814236691137,-0.8693272921435614,TIME_LIMIT,600189,0,0,21,3
2,8,2.782415e6,-1.045814236691137,-0.8693272921435614,TIME_LIMIT,600210,0,0,9,7
2,8,2.782451e6,-1.045811800607142,-0.8693272921435614,TIME_LIMIT,600219,0,0,7,5
2,8,2.782679e6,-1.045811800607142,-0.8693272921435614,TIME_LIMIT,600245,0,0,20,20
2,8,2.782831e6,-1.0458085125390129,-0.8693272921435614,TIME_LIMIT,600278,0,0,12,14
2,8,2.783051e6,-1.0458085125390129,-0.8693272921435614,TIME_LIMIT,600296,0,0,16,12
2,8,2.783198e6,-1.0458043520489824,-0.8693272921435614,TIME_LIMIT,600332,0,0,16,6
2,8,2.783422e6,-1.0458043520489824,-0.8693272921435614,TIME_LIMIT,600356,0,0,16,18
2,8,2.783534e6,-1.0458035125516392,-0.8693272921435614,TIME_LIMIT,600383,0,0,9,6
2,8,2.783751e6,-1.0458035125516392,-0.8693272921435614,TIME_LIMIT,600396,0,0,12,17
2,8,2.783836e6,-1.045802277112721,-0.8693272921435614,TIME_LIMIT,600422,0,0,12,2
2,8,2.783888e6,-1.045802277112721,-0.8693272921435614,TIME_LIMIT,600437,0,0,8,7
2,8,2.783948e6,-1.0458020587443109,-0.8693272921435614,TIME_LIMIT,600458,0,0,7,7
2,8,2.78406e6,-1.0458020587443109,-0.8693272921435614,TIME_LIMIT,600475,0,0,15,17
2,8,2.784124e6,-1.0457993753110737,-0.8693272921435614,TIME_LIMIT,600497,0,0,6,2
2,8,2.784348e6,-1.0457993753110737,-0.8693272921435614,TIME_LIMIT,600522,0,0,15,18
2,8,2.784478e6,-1.0457954083316514,-0.8693272921435614,TIME_LIMIT,600550,0,0,11,6
2,8,2.784562e6,-1.0457954083316514,-0.8693272921435614,TIME_LIMIT,600571,0,0,14,16
2,8,2.784742e6,-1.0457923995225427,-0.8693272921435614,TIME_LIMIT,600599,0,0,9,6
2,8,2.7849e6,-1.0457923995225427,-0.8693272921435614,TIME_LIMIT,600621,0,0,11,13
2,8,2.785026e6,-1.0457887902814007,-0.8693272921435614,TIME_LIMIT,600650,0,0,9,2
2,8,2.785109e6,-1.0457887902814007,-0.8693272921435614,TIME_LIMIT,600672,0,0,18,11
2,8,2.785211e6,-1.045784100685072,-0.8693272921435614,TIME_LIMIT,600702,0,0,11,5
2,8,2.785304e6,-1.045784100685072,-0.8693272921435614,TIME_LIMIT,600716,0,0,16,13
2,8,2.785407e6,-1.0457829692367646,-0.8693272921435614,TIME_LIMIT,600744,0,0,14,3
2,8,2.785633e6,-1.0457829692367646,-0.8693272921435614,TIME_LIMIT,600768,0,0,12,15
2,8,2.785867e6,-1.0457824554277537,-0.8693272921435614,TIME_LIMIT,600805,0,0,20,14
2,8,2.786054e6,-1.0457824554277537,-0.8693272921435614,TIME_LIMIT,600830,0,0,24,24
2,8,2.786291e6,-1.0457818820833475,-0.8693272921435614,TIME_LIMIT,600864,0,0,18,11
2,8,2.786386e6,-1.0457818820833475,-0.8693272921435614,TIME_LIMIT,600887,0,0,15,18
2,8,2.786497e6,-1.045780411101073,-0.8693272921435614,TIME_LIMIT,600922,0,0,12,8
2,8,2.786581e6,-1.045780411101073,-0.8693272921435614,TIME_LIMIT,600944,0,0,19,12
2,8,2.786741e6,-1.045777629967748,-0.8693272921435614,TIME_LIMIT,600972,0,0,9,5
2,8,2.786891e6,-1.045777629967748,-0.8693272921435614,TIME_LIMIT,600993,0,0,14,8
2,8,2.787018e6,-1.0457737597456487,-0.8693272921435614,TIME_LIMIT,601018,0,0,6,2
2,8,2.787071e6,-1.0457737597456487,-0.8693272921435614,TIME_LIMIT,601036,0,0,11,9
2,8,2.787121e6,-1.0457676661799251,-0.8693272921435614,TIME_LIMIT,601052,0,0,5,1
2,8,2.787236e6,-1.0457676661799251,-0.8693272921435614,TIME_LIMIT,601075,0,0,17,17
2,8,2.78742e6,-1.0457669162781467,-0.8693272921435614,TIME_LIMIT,601108,0,0,16,10
2,8,2.787539e6,-1.0457669162781467,-0.8693272921435614,TIME_LIMIT,601133,0,0,23,13
2,8,2.787753e6,-1.0457641565901201,-0.8693272921435614,TIME_LIMIT,601165,0,0,12,9
2,8,2.787984e6,-1.0457641565901201,-0.8693272921435614,TIME_LIMIT,601191,0,0,15,27
2,8,2.788208e6,-1.045761387684905,-0.8693272921435614,TIME_LIMIT,601219,0,0,13,7
2,8,2.788386e6,-1.045761387684905,-0.8693272921435614,TIME_LIMIT,601249,0,0,19,10
2,8,2.788611e6,-1.0457584680960426,-0.8693272921435614,TIME_LIMIT,601282,0,0,15,9
2,8,2.788716e6,-1.0457584680960426,-0.8693272921435614,TIME_LIMIT,601307,0,0,14,23
2,8,2.788807e6,-1.0457578896945532,-0.8693272921435614,TIME_LIMIT,601336,0,0,14,11
2,8,2.788953e6,-1.0457578896945532,-0.8693272921435614,TIME_LIMIT,601358,0,0,19,16
2,8,2.789136e6,-1.0457527518762277,-0.8693272921435614,TIME_LIMIT,601390,0,0,12,7
2,8,2.789268e6,-1.0457527518762277,-0.8693272921435614,TIME_LIMIT,601410,0,0,18,8
2,8,2.789315e6,-1.0457503337971867,-0.8693272921435614,TIME_LIMIT,601433,0,0,8,2
2,8,2.789535e6,-1.0457503337971867,-0.8693272921435614,TIME_LIMIT,601453,0,0,13,15
2,8,2.789678e6,-1.0457412319003163,-0.8693272921435614,TIME_LIMIT,601490,0,0,18,8
2,8,2.789861e6,-1.0457412319003163,-0.8693272921435614,TIME_LIMIT,601513,0,0,13,15
2,8,2.789949e6,-1.0457410397127864,-0.8693272921435614,TIME_LIMIT,601537,0,0,14,7
2,8,2.790094e6,-1.0457410397127864,-0.8693272921435614,TIME_LIMIT,601555,0,0,14,14
2,8,2.790159e6,-1.0457281035875747,-0.8693272921435614,TIME_LIMIT,601578,0,0,6,9
2,8,2.790235e6,-1.0457281035875747,-0.8693272921435614,TIME_LIMIT,601596,0,0,3,2
2,8,2.790256e6,-1.045725082262733,-0.8693272921435614,TIME_LIMIT,601604,0,0,2,2
2,8,2.790311e6,-1.045725082262733,-0.8693272921435614,TIME_LIMIT,601619,0,0,13,11
2,8,2.790388e6,-1.045723324318888,-0.8693272921435614,TIME_LIMIT,601646,0,0,10,6
2,8,2.790499e6,-1.045723324318888,-0.8693272921435614,TIME_LIMIT,601666,0,0,16,16
2,8,2.790656e6,-1.0457183695879313,-0.8693272921435614,TIME_LIMIT,601697,0,0,15,6
2,8,2.790753e6,-1.0457183695879313,-0.8693272921435614,TIME_LIMIT,601718,0,0,15,14
2,8,2.790963e6,-1.0457121350052405,-0.8693272921435614,TIME_LIMIT,601748,0,0,14,6
2,8,2.79105e6,-1.0457121350052405,-0.8693272921435614,TIME_LIMIT,601769,0,0,11,7
2,8,2.791077e6,-1.0457102420100417,-0.8693272921435614,TIME_LIMIT,601782,0,0,4,4
2,8,2.791171e6,-1.0457102420100417,-0.8693272921435614,TIME_LIMIT,601801,0,0,14,6
2,8,2.791366e6,-1.04570299724671,-0.8693272921435614,TIME_LIMIT,601828,0,0,12,7
2,8,2.791457e6,-1.04570299724671,-0.8693272921435614,TIME_LIMIT,601848,0,0,16,11
2,8,2.791597e6,-1.0457008266396575,-0.8693272921435614,TIME_LIMIT,601872,0,0,10,6
2,8,2.791825e6,-1.0457008266396575,-0.8693272921435614,TIME_LIMIT,601893,0,0,18,17
2,8,2.791928e6,-1.0456947030099757,-0.8693272921435614,TIME_LIMIT,601918,0,0,8,7
2,8,2.792031e6,-1.0456947030099757,-0.8693272921435614,TIME_LIMIT,601941,0,0,18,17
2,8,2.792215e6,-1.0456864928639544,-0.8693272921435614,TIME_LIMIT,601978,0,0,17,11
2,8,2.79244e6,-1.0456864928639544,-0.8693272921435614,TIME_LIMIT,602001,0,0,16,12
2,8,2.792542e6,-1.045686420044361,-0.8693272921435614,TIME_LIMIT,602026,0,0,17,6
2,8,2.79258e6,-1.045686420044361,-0.8693272921435614,TIME_LIMIT,602041,0,0,6,2
2,8,2.792602e6,-1.0456826351064774,-0.8693272921435614,TIME_LIMIT,602051,0,0,3,1
2,8,2.792817e6,-1.0456826351064774,-0.8693272921435614,TIME_LIMIT,602078,0,0,18,15
2,8,2.792954e6,-1.0456808038753982,-0.8693272921435614,TIME_LIMIT,602116,0,0,18,12
2,8,2.793042e6,-1.0456808038753982,-0.8693272921435614,TIME_LIMIT,602136,0,0,14,13
2,8,2.793192e6,-1.0456787702548287,-0.8693272921435614,TIME_LIMIT,602161,0,0,13,4
2,8,2.793324e6,-1.0456787702548287,-0.8693272921435614,TIME_LIMIT,602174,0,0,14,14
2,8,2.793519e6,-1.0456779174267603,-0.8693272921435614,TIME_LIMIT,602205,0,0,11,8
2,8,2.793639e6,-1.0456779174267603,-0.8693272921435614,TIME_LIMIT,602225,0,0,15,10
2,8,2.793762e6,-1.0456766249828986,-0.8693272921435614,TIME_LIMIT,602260,0,0,18,12
2,8,2.793881e6,-1.0456766249828986,-0.8693272921435614,TIME_LIMIT,602284,0,0,6,22
2,8,2.794007e6,-1.0456760512928036,-0.8693272921435614,TIME_LIMIT,602311,0,0,13,7
2,8,2.794162e6,-1.0456760512928036,-0.8693272921435614,TIME_LIMIT,602335,0,0,18,10
2,8,2.794255e6,-1.0456702322913505,-0.8693272921435614,TIME_LIMIT,602358,0,0,15,8
2,8,2.794329e6,-1.0456702322913505,-0.8693272921435614,TIME_LIMIT,602370,0,0,9,3
2,8,2.794386e6,-1.0456681119225795,-0.8693272921435614,TIME_LIMIT,602392,0,0,5,5
2,8,2.794597e6,-1.0456681119225795,-0.8693272921435614,TIME_LIMIT,602412,0,0,13,8
2,8,2.79477e6,-1.045666859000561,-0.8693272921435614,TIME_LIMIT,602445,0,0,9,15
2,8,2.794937e6,-1.045666859000561,-0.8693272921435614,TIME_LIMIT,602461,0,0,7,23
2,8,2.79507e6,-1.045664021627109,-0.8693272921435614,TIME_LIMIT,602491,0,0,10,4
2,8,2.795236e6,-1.045664021627109,-0.8693272921435614,TIME_LIMIT,602515,0,0,21,35
2,8,2.79546e6,-1.045663303257792,-0.8693272921435614,TIME_LIMIT,602553,0,0,17,11
2,8,2.79555e6,-1.045663303257792,-0.8693272921435614,TIME_LIMIT,602574,0,0,16,5
2,8,2.79561e6,-1.0456617330186508,-0.8693272921435614,TIME_LIMIT,602599,0,0,10,5
2,8,2.795812e6,-1.0456617330186508,-0.8693272921435614,TIME_LIMIT,602617,0,0,15,18
2,8,2.795939e6,-1.0456611230238233,-0.8693272921435614,TIME_LIMIT,602649,0,0,14,6
2,8,2.796018e6,-1.0456611230238233,-0.8693272921435614,TIME_LIMIT,602665,0,0,14,6
2,8,2.79605e6,-1.0456608649340349,-0.8693272921435614,TIME_LIMIT,602682,0,0,7,5
2,8,2.796147e6,-1.0456608649340349,-0.8693272921435614,TIME_LIMIT,602705,0,0,17,16
2,8,2.796261e6,-1.0456539811167245,-0.8693272921435614,TIME_LIMIT,602735,0,0,11,12
2,8,2.796318e6,-1.0456539811167245,-0.8693272921435614,TIME_LIMIT,602752,0,0,9,7
2,8,2.796401e6,-1.0456512149036006,-0.8693272921435614,TIME_LIMIT,602779,0,0,11,6
2,8,2.796616e6,-1.0456512149036006,-0.8693272921435614,TIME_LIMIT,602801,0,0,11,10
2,8,2.796806e6,-1.0456505727424137,-0.8693272921435614,TIME_LIMIT,602837,0,0,14,12
2,8,2.796972e6,-1.0456505727424137,-0.8693272921435614,TIME_LIMIT,602857,0,0,27,16
2,8,2.797199e6,-1.0456498765998634,-0.8693272921435614,TIME_LIMIT,602892,0,0,14,13
2,8,2.797415e6,-1.0456498765998634,-0.8693272921435614,TIME_LIMIT,602914,0,0,15,16
2,8,2.797623e6,-1.0456485497566659,-0.8693272921435614,TIME_LIMIT,602950,0,0,14,12
2,8,2.797753e6,-1.0456485497566659,-0.8693272921435614,TIME_LIMIT,602980,0,0,26,19
2,8,2.797904e6,-1.0456388118313669,-0.8693272921435614,TIME_LIMIT,603018,0,0,15,6
2,8,2.798133e6,-1.0456388118313669,-0.8693272921435614,TIME_LIMIT,603044,0,0,22,17
2,8,2.798291e6,-1.0456347768749583,-0.8693272921435614,TIME_LIMIT,603080,0,0,8,4
2,8,2.798378e6,-1.0456347768749583,-0.8693272921435614,TIME_LIMIT,603103,0,0,10,3
2,8,2.798438e6,-1.045629341173628,-0.8693272921435614,TIME_LIMIT,603128,0,0,8,9
2,8,2.798663e6,-1.045629341173628,-0.8693272921435614,TIME_LIMIT,603148,0,0,17,16
2,8,2.798884e6,-1.0456250868170158,-0.8693272921435614,TIME_LIMIT,603175,0,0,12,5
2,8,2.798976e6,-1.0456250868170158,-0.8693272921435614,TIME_LIMIT,603192,0,0,14,19
2,8,2.799124e6,-1.0456246735735744,-0.8693272921435614,TIME_LIMIT,603221,0,0,15,5
2,8,2.799341e6,-1.0456246735735744,-0.8693272921435614,TIME_LIMIT,603243,0,0,12,17
2,8,2.799531e6,-1.0456244344942114,-0.8693272921435614,TIME_LIMIT,603280,0,0,13,9
2,8,2.799631e6,-1.0456244344942114,-0.8693272921435614,TIME_LIMIT,603298,0,0,9,17
2,8,2.799683e6,-1.0456215519935408,-0.8693272921435614,TIME_LIMIT,603316,0,0,6,4
2,8,2.799898e6,-1.0456215519935408,-0.8693272921435614,TIME_LIMIT,603342,0,0,21,7
2,8,2.799993e6,-1.045621338234255,-0.8693272921435614,TIME_LIMIT,603370,0,0,11,4
2,8,2.800123e6,-1.045621338234255,-0.8693272921435614,TIME_LIMIT,603393,0,0,18,18
2,8,2.800229e6,-1.045614093359637,-0.8693272921435614,TIME_LIMIT,603421,0,0,12,9
2,8,2.800407e6,-1.045614093359637,-0.8693272921435614,TIME_LIMIT,603447,0,0,17,11
2,8,2.800517e6,-1.0456122423594076,-0.8693272921435614,TIME_LIMIT,603466,0,0,17,7
2,8,2.800736e6,-1.0456122423594076,-0.8693272921435614,TIME_LIMIT,603485,0,0,19,16
2,8,2.800897e6,-1.0456114211583079,-0.8693272921435614,TIME_LIMIT,603516,0,0,15,7
2,8,2.801025e6,-1.0456114211583079,-0.8693272921435614,TIME_LIMIT,603536,0,0,17,17
2,8,2.801116e6,-1.0456033777556684,-0.8693272921435614,TIME_LIMIT,603561,0,0,8,5
2,8,2.801335e6,-1.0456033777556684,-0.8693272921435614,TIME_LIMIT,603587,0,0,21,10
2,8,2.801559e6,-1.0456029978995764,-0.8693272921435614,TIME_LIMIT,603620,0,0,16,9
2,8,2.801783e6,-1.0456029978995764,-0.8693272921435614,TIME_LIMIT,603648,0,0,15,8
2,8,2.801922e6,-1.0455915629483652,-0.8693272921435614,TIME_LIMIT,603681,0,0,9,14
2,8,2.802151e6,-1.0455915629483652,-0.8693272921435614,TIME_LIMIT,603705,0,0,13,8
2,8,2.802256e6,-1.0455870681668658,-0.8693272921435614,TIME_LIMIT,603738,0,0,16,6
2,8,2.80248e6,-1.0455870681668658,-0.8693272921435614,TIME_LIMIT,603769,0,0,24,17
2,8,2.802707e6,-1.045584990423832,-0.8693272921435614,TIME_LIMIT,603801,0,0,18,7
2,8,2.802902e6,-1.045584990423832,-0.8693272921435614,TIME_LIMIT,603826,0,0,13,10
2,8,2.802959e6,-1.0455820148149213,-0.8693272921435614,TIME_LIMIT,603844,0,0,11,9
2,8,2.803169e6,-1.0455820148149213,-0.8693272921435614,TIME_LIMIT,603869,0,0,23,20
2,8,2.803391e6,-1.0455787455409733,-0.8693272921435614,TIME_LIMIT,603900,0,0,18,7
2,8,2.803539e6,-1.0455787455409733,-0.8693272921435614,TIME_LIMIT,603923,0,0,16,14
2,8,2.803609e6,-1.0455775864523378,-0.8693272921435614,TIME_LIMIT,603941,0,0,11,3
2,8,2.803719e6,-1.0455775864523378,-0.8693272921435614,TIME_LIMIT,603961,0,0,10,6
2,8,2.803788e6,-1.0455726182219376,-0.8693272921435614,TIME_LIMIT,603984,0,0,8,5
2,8,2.803875e6,-1.0455726182219376,-0.8693272921435614,TIME_LIMIT,604002,0,0,10,19
2,8,2.803947e6,-1.0455703409238595,-0.8693272921435614,TIME_LIMIT,604027,0,0,11,3
2,8,2.804102e6,-1.0455703409238595,-0.8693272921435614,TIME_LIMIT,604047,0,0,17,10
2,8,2.804207e6,-1.0455658433203108,-0.8693272921435614,TIME_LIMIT,604078,0,0,12,8
2,8,2.804289e6,-1.0455658433203108,-0.8693272921435614,TIME_LIMIT,604096,0,0,6,6
2,8,2.804318e6,-1.0455634197442412,-0.8693272921435614,TIME_LIMIT,604113,0,0,6,1
2,8,2.804533e6,-1.0455634197442412,-0.8693272921435614,TIME_LIMIT,604139,0,0,19,18
2,8,2.804593e6,-1.0455556690641954,-0.8693272921435614,TIME_LIMIT,604165,0,0,13,1
2,8,2.804648e6,-1.0455556690641954,-0.8693272921435614,TIME_LIMIT,604182,0,0,10,1
2,8,2.804702e6,-1.0455505808396288,-0.8693272921435614,TIME_LIMIT,604203,0,0,9,1
2,8,2.80484e6,-1.0455505808396288,-0.8693272921435614,TIME_LIMIT,604221,0,0,14,7
2,8,2.804887e6,-1.045547656117677,-0.8693272921435614,TIME_LIMIT,604240,0,0,9,1
2,8,2.805095e6,-1.045547656117677,-0.8693272921435614,TIME_LIMIT,604256,0,0,16,14
2,8,2.80532e6,-1.045546807706101,-0.8693272921435614,TIME_LIMIT,604284,0,0,9,11
2,8,2.805484e6,-1.045546807706101,-0.8693272921435614,TIME_LIMIT,604304,0,0,8,9
2,8,2.805583e6,-1.045542239543566,-0.8693272921435614,TIME_LIMIT,604332,0,0,14,5
2,8,2.805816e6,-1.045542239543566,-0.8693272921435614,TIME_LIMIT,604350,0,0,12,11
2,8,2.805996e6,-1.0455393923941945,-0.8693272921435614,TIME_LIMIT,604383,0,0,16,7
2,8,2.806147e6,-1.0455393923941945,-0.8693272921435614,TIME_LIMIT,604407,0,0,16,8
2,8,2.806369e6,-1.0455300553675855,-0.8693272921435614,TIME_LIMIT,604431,0,0,4,3
2,8,2.806429e6,-1.0455300553675855,-0.8693272921435614,TIME_LIMIT,604453,0,0,20,14
2,8,2.806548e6,-1.0455293796745315,-0.8693272921435614,TIME_LIMIT,604480,0,0,12,4
2,8,2.806689e6,-1.0455293796745315,-0.8693272921435614,TIME_LIMIT,604502,0,0,5,18
2,8,2.806741e6,-1.0455244147492007,-0.8693272921435614,TIME_LIMIT,604523,0,0,10,2
2,8,2.806966e6,-1.0455244147492007,-0.8693272921435614,TIME_LIMIT,604559,0,0,11,22
2,8,2.807138e6,-1.045521567264859,-0.8693272921435614,TIME_LIMIT,604593,0,0,13,19
2,8,2.807361e6,-1.045521567264859,-0.8693272921435614,TIME_LIMIT,604621,0,0,23,13
2,8,2.807596e6,-1.0455204907710565,-0.8693272921435614,TIME_LIMIT,604652,0,0,5,12
2,8,2.807771e6,-1.0455204907710565,-0.8693272921435614,TIME_LIMIT,604670,0,0,13,11
2,8,2.807859e6,-1.045516098580991,-0.8693272921435614,TIME_LIMIT,604698,0,0,15,12
2,8,2.807995e6,-1.045516098580991,-0.8693272921435614,TIME_LIMIT,604728,0,0,20,15
2,8,2.808178e6,-1.0455125146502562,-0.8693272921435614,TIME_LIMIT,604763,0,0,14,12
2,8,2.808361e6,-1.0455125146502562,-0.8693272921435614,TIME_LIMIT,604786,0,0,15,6
2,8,2.808474e6,-1.0455124233430917,-0.8693272921435614,TIME_LIMIT,604814,0,0,12,7
2,8,2.808704e6,-1.0455124233430917,-0.8693272921435614,TIME_LIMIT,604837,0,0,18,18
2,8,2.808799e6,-1.0455040517384337,-0.8693272921435614,TIME_LIMIT,604870,0,0,11,9
2,8,2.808855e6,-1.0455040517384337,-0.8693272921435614,TIME_LIMIT,604878,0,0,9,10
2,8,2.808935e6,-1.0454961084333774,-0.8693272921435614,TIME_LIMIT,604901,0,0,11,1
2,8,2.809161e6,-1.0454961084333774,-0.8693272921435614,TIME_LIMIT,604924,0,0,14,9
2,8,2.809246e6,-1.0454954136088168,-0.8693272921435614,TIME_LIMIT,604944,0,0,14,7
2,8,2.809416e6,-1.0454954136088168,-0.8693272921435614,TIME_LIMIT,604967,0,0,10,12
2,8,2.809495e6,-1.0454954106672765,-0.8693272921435614,TIME_LIMIT,604992,0,0,9,4
2,8,2.809608e6,-1.0454954106672765,-0.8693272921435614,TIME_LIMIT,605010,0,0,10,9
2,8,2.809664e6,-1.045490854211714,-0.8693272921435614,TIME_LIMIT,605029,0,0,3,3
2,8,2.809802e6,-1.045490854211714,-0.8693272921435614,TIME_LIMIT,605051,0,0,5,11
2,8,2.809978e6,-1.0454890459669186,-0.8693272921435614,TIME_LIMIT,605076,0,0,10,4
2,8,2.810109e6,-1.0454890459669186,-0.8693272921435614,TIME_LIMIT,605096,0,0,15,6
2,8,2.810166e6,-1.0454890229675133,-0.8693272921435614,TIME_LIMIT,605121,0,0,10,4
2,8,2.8103e6,-1.0454890229675133,-0.8693272921435614,TIME_LIMIT,605141,0,0,19,13
2,8,2.810393e6,-1.045478888643408,-0.8693272921435614,TIME_LIMIT,605174,0,0,16,7
2,8,2.810553e6,-1.045478888643408,-0.8693272921435614,TIME_LIMIT,605193,0,0,19,14
2,8,2.81077e6,-1.0454783347887324,-0.8693272921435614,TIME_LIMIT,605226,0,0,18,6
2,8,2.8109e6,-1.0454783347887324,-0.8693272921435614,TIME_LIMIT,605245,0,0,18,10
2,8,2.811044e6,-1.0454780099157241,-0.8693272921435614,TIME_LIMIT,605273,0,0,13,7
2,8,2.811153e6,-1.0454780099157241,-0.8693272921435614,TIME_LIMIT,605290,0,0,15,11
2,8,2.811358e6,-1.0454778465857617,-0.8693272921435614,TIME_LIMIT,605321,0,0,14,7
2,8,2.811461e6,-1.0454778465857617,-0.8693272921435614,TIME_LIMIT,605345,0,0,24,14
2,8,2.811585e6,-1.0454772914625348,-0.8693272921435614,TIME_LIMIT,605376,0,0,12,6
2,8,2.811709e6,-1.0454772914625348,-0.8693272921435614,TIME_LIMIT,605395,0,0,7,8
2,8,2.811766e6,-1.0454771012560107,-0.8693272921435614,TIME_LIMIT,605418,0,0,10,2
2,8,2.811984e6,-1.0454771012560107,-0.8693272921435614,TIME_LIMIT,605446,0,0,20,16
2,8,2.812102e6,-1.045474530020365,-0.8693272921435614,TIME_LIMIT,605473,0,0,12,7
2,8,2.812153e6,-1.045474530020365,-0.8693272921435614,TIME_LIMIT,605490,0,0,6,4
2,8,2.812181e6,-1.04547406837632,-0.8693272921435614,TIME_LIMIT,605506,0,0,3,2
2,8,2.812394e6,-1.04547406837632,-0.8693272921435614,TIME_LIMIT,605539,0,0,20,18
2,8,2.812603e6,-1.0454728912071742,-0.8693272921435614,TIME_LIMIT,605573,0,0,19,19
2,8,2.812663e6,-1.0454728912071742,-0.8693272921435614,TIME_LIMIT,605592,0,0,3,9
2,8,2.812737e6,-1.0454718109496492,-0.8693272921435614,TIME_LIMIT,605613,0,0,9,2
2,8,2.812872e6,-1.0454718109496492,-0.8693272921435614,TIME_LIMIT,605632,0,0,14,14
2,8,2.812966e6,-1.0454708641088317,-0.8693272921435614,TIME_LIMIT,605659,0,0,10,5
2,8,2.813146e6,-1.0454708641088317,-0.8693272921435614,TIME_LIMIT,605680,0,0,19,26
2,8,2.813375e6,-1.0454688732003636,-0.8693272921435614,TIME_LIMIT,605712,0,0,15,10
2,8,2.813594e6,-1.0454688732003636,-0.8693272921435614,TIME_LIMIT,605735,0,0,17,14
2,8,2.813665e6,-1.0454674472954153,-0.8693272921435614,TIME_LIMIT,605758,0,0,10,2
2,8,2.813815e6,-1.0454674472954153,-0.8693272921435614,TIME_LIMIT,605784,0,0,12,13
2,8,2.813971e6,-1.0454671967347158,-0.8693272921435614,TIME_LIMIT,605805,0,0,11,11
2,8,2.814081e6,-1.0454671967347158,-0.8693272921435614,TIME_LIMIT,605831,0,0,19,22
2,8,2.814196e6,-1.0454626453588092,-0.8693272921435614,TIME_LIMIT,605859,0,0,6,5
2,8,2.814425e6,-1.0454626453588092,-0.8693272921435614,TIME_LIMIT,605886,0,0,8,19
2,8,2.814656e6,-1.0454625811046694,-0.8693272921435614,TIME_LIMIT,605921,0,0,9,8
2,8,2.814792e6,-1.0454625811046694,-0.8693272921435614,TIME_LIMIT,605949,0,0,17,10
2,8,2.814899e6,-1.0454604400398972,-0.8693272921435614,TIME_LIMIT,605981,0,0,6,4
2,8,2.81495e6,-1.0454604400398972,-0.8693272921435614,TIME_LIMIT,605998,0,0,16,12
2,8,2.814996e6,-1.0454541842125438,-0.8693272921435614,TIME_LIMIT,606018,0,0,4,3
2,8,2.815085e6,-1.0454541842125438,-0.8693272921435614,TIME_LIMIT,606040,0,0,15,7
2,8,2.815148e6,-1.0454521159534385,-0.8693272921435614,TIME_LIMIT,606062,0,0,4,4
2,8,2.815377e6,-1.0454521159534385,-0.8693272921435614,TIME_LIMIT,606081,0,0,15,17
2,8,2.815489e6,-1.0454459212809744,-0.8693272921435614,TIME_LIMIT,606116,0,0,18,5
2,8,2.815567e6,-1.0454459212809744,-0.8693272921435614,TIME_LIMIT,606137,0,0,15,19
2,8,2.815786e6,-1.0454436887343475,-0.8693272921435614,TIME_LIMIT,606176,0,0,19,10
2,8,2.815865e6,-1.0454436887343475,-0.8693272921435614,TIME_LIMIT,606194,0,0,12,16
2,8,2.815933e6,-1.0454436873183282,-0.8693272921435614,TIME_LIMIT,606220,0,0,12,6
2,8,2.815966e6,-1.0454436873183282,-0.8693272921435614,TIME_LIMIT,606236,0,0,16,4
2,8,2.816076e6,-1.0454424116798977,-0.8693272921435614,TIME_LIMIT,606260,0,0,11,4
2,8,2.816242e6,-1.0454424116798977,-0.8693272921435614,TIME_LIMIT,606285,0,0,14,24
2,8,2.816392e6,-1.0454372982934537,-0.8693272921435614,TIME_LIMIT,606321,0,0,18,5
2,8,2.816485e6,-1.0454372982934537,-0.8693272921435614,TIME_LIMIT,606342,0,0,19,11
2,8,2.816599e6,-1.0454317706371392,-0.8693272921435614,TIME_LIMIT,606370,0,0,9,3
2,8,2.816837e6,-1.0454317706371392,-0.8693272921435614,TIME_LIMIT,606393,0,0,8,19
2,8,2.817061e6,-1.045428600484517,-0.8693272921435614,TIME_LIMIT,606427,0,0,12,9
2,8,2.817279e6,-1.045428600484517,-0.8693272921435614,TIME_LIMIT,606457,0,0,20,28
2,8,2.817509e6,-1.0454277834018106,-0.8693272921435614,TIME_LIMIT,606483,0,0,18,7
2,8,2.817571e6,-1.0454277834018106,-0.8693272921435614,TIME_LIMIT,606506,0,0,18,8
2,8,2.817802e6,-1.0454222762766217,-0.8693272921435614,TIME_LIMIT,606526,0,0,12,6
2,8,2.818029e6,-1.0454222762766217,-0.8693272921435614,TIME_LIMIT,606546,0,0,19,23
2,8,2.818203e6,-1.0454144513934547,-0.8693272921435614,TIME_LIMIT,606589,0,0,13,11
2,8,2.818305e6,-1.0454144513934547,-0.8693272921435614,TIME_LIMIT,606607,0,0,19,17
2,8,2.818455e6,-1.045413139357401,-0.8693272921435614,TIME_LIMIT,606637,0,0,14,15
2,8,2.818679e6,-1.045413139357401,-0.8693272921435614,TIME_LIMIT,606660,0,0,21,19
2,8,2.818875e6,-1.0454115346687538,-0.8693272921435614,TIME_LIMIT,606694,0,0,14,6
2,8,2.818922e6,-1.0454115346687538,-0.8693272921435614,TIME_LIMIT,606704,0,0,7,8
2,8,2.818996e6,-1.045409428987973,-0.8693272921435614,TIME_LIMIT,606728,0,0,8,4
2,8,2.819054e6,-1.045409428987973,-0.8693272921435614,TIME_LIMIT,606750,0,0,17,4
2,8,2.819102e6,-1.0454072387585829,-0.8693272921435614,TIME_LIMIT,606768,0,0,12,5
2,8,2.819328e6,-1.0454072387585829,-0.8693272921435614,TIME_LIMIT,606789,0,0,18,26
2,8,2.819552e6,-1.0453968460588672,-0.8693272921435614,TIME_LIMIT,606824,0,0,11,7
2,8,2.819722e6,-1.0453968460588672,-0.8693272921435614,TIME_LIMIT,606844,0,0,14,23
2,8,2.819857e6,-1.0453967519999696,-0.8693272921435614,TIME_LIMIT,606877,0,0,13,6
2,8,2.819915e6,-1.0453967519999696,-0.8693272921435614,TIME_LIMIT,606895,0,0,8,10
2,8,2.820024e6,-1.0453945689491622,-0.8693272921435614,TIME_LIMIT,606920,0,0,8,8
2,8,2.820253e6,-1.0453945689491622,-0.8693272921435614,TIME_LIMIT,606938,0,0,22,10
2,8,2.82043e6,-1.045389553363341,-0.8693272921435614,TIME_LIMIT,606973,0,0,18,3
2,8,2.820554e6,-1.045389553363341,-0.8693272921435614,TIME_LIMIT,606997,0,0,18,21
2,8,2.820662e6,-1.0453889492114417,-0.8693272921435614,TIME_LIMIT,607027,0,0,12,10
2,8,2.820894e6,-1.0453889492114417,-0.8693272921435614,TIME_LIMIT,607047,0,0,19,20
2,8,2.821112e6,-1.0453802739687845,-0.8693272921435614,TIME_LIMIT,607076,0,0,14,15
2,8,2.821252e6,-1.0453802739687845,-0.8693272921435614,TIME_LIMIT,607101,0,0,20,9
2,8,2.821344e6,-1.0453797591102383,-0.8693272921435614,TIME_LIMIT,607123,0,0,17,10
2,8,2.821569e6,-1.0453797591102383,-0.8693272921435614,TIME_LIMIT,607146,0,0,20,4
2,8,2.821694e6,-1.045373441922557,-0.8693272921435614,TIME_LIMIT,607173,0,0,11,5
2,8,2.821808e6,-1.045373441922557,-0.8693272921435614,TIME_LIMIT,607190,0,0,8,13
2,8,2.822e6,-1.045371290382684,-0.8693272921435614,TIME_LIMIT,607222,0,0,13,4
2,8,2.822192e6,-1.045371290382684,-0.8693272921435614,TIME_LIMIT,607252,0,0,24,17
2,8,2.822401e6,-1.0453678444223748,-0.8693272921435614,TIME_LIMIT,607280,0,0,17,11
2,8,2.82249e6,-1.0453678444223748,-0.8693272921435614,TIME_LIMIT,607297,0,0,12,15
2,8,2.822631e6,-1.0453647270944284,-0.8693272921435614,TIME_LIMIT,607332,0,0,13,13
2,8,2.8227e6,-1.0453647270944284,-0.8693272921435614,TIME_LIMIT,607349,0,0,11,9
2,8,2.822757e6,-1.0453607415866304,-0.8693272921435614,TIME_LIMIT,607370,0,0,8,1
2,8,2.822856e6,-1.0453607415866304,-0.8693272921435614,TIME_LIMIT,607382,0,0,15,21
2,8,2.823032e6,-1.0453590181460215,-0.8693272921435614,TIME_LIMIT,607413,0,0,11,7
2,8,2.823208e6,-1.0453590181460215,-0.8693272921435614,TIME_LIMIT,607438,0,0,21,14
2,8,2.823297e6,-1.0453590106197859,-0.8693272921435614,TIME_LIMIT,607469,0,0,16,6
2,8,2.823529e6,-1.0453590106197859,-0.8693272921435614,TIME_LIMIT,607494,0,0,18,19
2,8,2.823659e6,-1.0453552115994982,-0.8693272921435614,TIME_LIMIT,607527,0,0,18,8
2,8,2.823718e6,-1.0453552115994982,-0.8693272921435614,TIME_LIMIT,607542,0,0,11,9
2,8,2.823772e6,-1.0453544811861626,-0.8693272921435614,TIME_LIMIT,607563,0,0,8,2
2,8,2.823924e6,-1.0453544811861626,-0.8693272921435614,TIME_LIMIT,607583,0,0,11,11
2,8,2.823981e6,-1.0453435859146234,-0.8693272921435614,TIME_LIMIT,607609,0,0,10,9
2,8,2.824206e6,-1.0453435859146234,-0.8693272921435614,TIME_LIMIT,607638,0,0,16,11
2,8,2.824353e6,-1.045343419586809,-0.8693272921435614,TIME_LIMIT,607662,0,0,16,5
2,8,2.824511e6,-1.045343419586809,-0.8693272921435614,TIME_LIMIT,607689,0,0,19,6
2,8,2.824599e6,-1.0453421602828412,-0.8693272921435614,TIME_LIMIT,607713,0,0,15,4
2,8,2.824749e6,-1.0453421602828412,-0.8693272921435614,TIME_LIMIT,607738,0,0,9,12
2,8,2.824894e6,-1.0453395766875708,-0.8693272921435614,TIME_LIMIT,607763,0,0,2,6
2,8,2.824989e6,-1.0453395766875708,-0.8693272921435614,TIME_LIMIT,607789,0,0,20,16
2,8,2.825207e6,-1.0453355807661011,-0.8693272921435614,TIME_LIMIT,607822,0,0,15,7
2,8,2.825385e6,-1.0453355807661011,-0.8693272921435614,TIME_LIMIT,607853,0,0,13,23
2,8,2.825477e6,-1.0453327325416915,-0.8693272921435614,TIME_LIMIT,607881,0,0,4,6
2,8,2.8256e6,-1.0453327325416915,-0.8693272921435614,TIME_LIMIT,607900,0,0,14,12
2,8,2.825793e6,-1.045326803361533,-0.8693272921435614,TIME_LIMIT,607930,0,0,15,12
2,8,2.825917e6,-1.045326803361533,-0.8693272921435614,TIME_LIMIT,607947,0,0,7,8
2,8,2.825966e6,-1.0453229039519674,-0.8693272921435614,TIME_LIMIT,607963,0,0,4,1
2,8,2.826058e6,-1.0453229039519674,-0.8693272921435614,TIME_LIMIT,607982,0,0,15,17
2,8,2.82616e6,-1.0453120836313603,-0.8693272921435614,TIME_LIMIT,608009,0,0,7,6
2,8,2.826197e6,-1.0453120836313603,-0.8693272921435614,TIME_LIMIT,608022,0,0,13,8
2,8,2.826253e6,-1.0453105076902007,-0.8693272921435614,TIME_LIMIT,608045,0,0,8,1
2,8,2.826434e6,-1.0453105076902007,-0.8693272921435614,TIME_LIMIT,608073,0,0,21,8
2,8,2.826648e6,-1.0453098977446682,-0.8693272921435614,TIME_LIMIT,608107,0,0,13,7
2,8,2.826881e6,-1.0453098977446682,-0.8693272921435614,TIME_LIMIT,608126,0,0,18,23
2,8,2.827078e6,-1.045305130585717,-0.8693272921435614,TIME_LIMIT,608166,0,0,20,8
2,8,2.827123e6,-1.045305130585717,-0.8693272921435614,TIME_LIMIT,608181,0,0,9,5
2,8,2.827171e6,-1.0452977908569294,-0.8693272921435614,TIME_LIMIT,608197,0,0,7,3
2,8,2.827391e6,-1.0452977908569294,-0.8693272921435614,TIME_LIMIT,608225,0,0,17,20
2,8,2.827553e6,-1.045295382444913,-0.8693272921435614,TIME_LIMIT,608261,0,0,13,10
2,8,2.827683e6,-1.045295382444913,-0.8693272921435614,TIME_LIMIT,608281,0,0,12,4
2,8,2.827785e6,-1.0452950830877321,-0.8693272921435614,TIME_LIMIT,608311,0,0,14,11
2,8,2.827883e6,-1.0452950830877321,-0.8693272921435614,TIME_LIMIT,608330,0,0,16,7
2,8,2.828026e6,-1.0452936042102363,-0.8693272921435614,TIME_LIMIT,608360,0,0,9,4
2,8,2.828081e6,-1.0452936042102363,-0.8693272921435614,TIME_LIMIT,608382,0,0,10,9
2,8,2.828133e6,-1.0452876573478158,-0.8693272921435614,TIME_LIMIT,608396,0,0,9,3
2,8,2.828206e6,-1.0452876573478158,-0.8693272921435614,TIME_LIMIT,608411,0,0,11,10
2,8,2.828261e6,-1.045286942982873,-0.8693272921435614,TIME_LIMIT,608432,0,0,2,1
2,8,2.828444e6,-1.045286942982873,-0.8693272921435614,TIME_LIMIT,608455,0,0,20,23
2,8,2.828678e6,-1.045284253446999,-0.8693272921435614,TIME_LIMIT,608487,0,0,11,9
2,8,2.828905e6,-1.045284253446999,-0.8693272921435614,TIME_LIMIT,608513,0,0,18,25
2,8,2.82913e6,-1.0452834634407897,-0.8693272921435614,TIME_LIMIT,608538,0,0,16,11
2,8,2.829355e6,-1.0452834634407897,-0.8693272921435614,TIME_LIMIT,608564,0,0,16,15
2,8,2.829546e6,-1.0452806091026605,-0.8693272921435614,TIME_LIMIT,608599,0,0,12,7
2,8,2.82971e6,-1.0452806091026605,-0.8693272921435614,TIME_LIMIT,608625,0,0,15,13
2,8,2.829807e6,-1.0452794403386867,-0.8693272921435614,TIME_LIMIT,608647,0,0,8,3
2,8,2.829995e6,-1.0452794403386867,-0.8693272921435614,TIME_LIMIT,608667,0,0,7,17
2,8,2.830179e6,-1.0452792396725956,-0.8693272921435614,TIME_LIMIT,608695,0,0,10,9
2,8,2.830276e6,-1.0452792396725956,-0.8693272921435614,TIME_LIMIT,608727,0,0,23,13
2,8,2.830446e6,-1.0452774437018775,-0.8693272921435614,TIME_LIMIT,608745,0,0,13,18
2,8,2.830632e6,-1.0452774437018775,-0.8693272921435614,TIME_LIMIT,608771,0,0,14,7
2,8,2.830729e6,-1.0452759678899222,-0.8693272921435614,TIME_LIMIT,608799,0,0,7,2
2,8,2.830848e6,-1.0452759678899222,-0.8693272921435614,TIME_LIMIT,608819,0,0,17,13
2,8,2.831074e6,-1.0452689295543158,-0.8693272921435614,TIME_LIMIT,608854,0,0,17,5
2,8,2.831194e6,-1.0452689295543158,-0.8693272921435614,TIME_LIMIT,608873,0,0,10,12
2,8,2.831263e6,-1.0452671397239395,-0.8693272921435614,TIME_LIMIT,608894,0,0,10,11
2,8,2.831329e6,-1.0452671397239395,-0.8693272921435614,TIME_LIMIT,608918,0,0,19,9
2,8,2.831436e6,-1.0452597445090261,-0.8693272921435614,TIME_LIMIT,608940,0,0,8,6
2,8,2.831523e6,-1.0452597445090261,-0.8693272921435614,TIME_LIMIT,608959,0,0,9,4
2,8,2.831562e6,-1.0452594077222184,-0.8693272921435614,TIME_LIMIT,608979,0,0,2,2
2,8,2.831793e6,-1.0452594077222184,-0.8693272921435614,TIME_LIMIT,609005,0,0,26,33
2,8,2.83203e6,-1.045259299140403,-0.8693272921435614,TIME_LIMIT,609041,0,0,15,12
2,8,2.832162e6,-1.045259299140403,-0.8693272921435614,TIME_LIMIT,609065,0,0,19,12
2,8,2.83239e6,-1.0452541597243847,-0.8693272921435614,TIME_LIMIT,609094,0,0,14,8
2,8,2.832478e6,-1.0452541597243847,-0.8693272921435614,TIME_LIMIT,609122,0,0,11,7
2,8,2.832573e6,-1.0452385503051134,-0.8693272921435614,TIME_LIMIT,609145,0,0,15,9
2,8,2.832763e6,-1.0452385503051134,-0.8693272921435614,TIME_LIMIT,609170,0,0,17,9
2,8,2.83283e6,-1.045235915922436,-0.8693272921435614,TIME_LIMIT,609188,0,0,11,6
2,8,2.83307e6,-1.045235915922436,-0.8693272921435614,TIME_LIMIT,609213,0,0,20,25
2,8,2.833268e6,-1.045235717396587,-0.8693272921435614,TIME_LIMIT,609248,0,0,11,10
2,8,2.83333e6,-1.045235717396587,-0.8693272921435614,TIME_LIMIT,609264,0,0,6,4
2,8,2.833363e6,-1.0452353525978393,-0.8693272921435614,TIME_LIMIT,609281,0,0,3,2
2,8,2.833453e6,-1.0452353525978393,-0.8693272921435614,TIME_LIMIT,609301,0,0,8,10
2,8,2.83354e6,-1.045231846408669,-0.8693272921435614,TIME_LIMIT,609330,0,0,13,6
2,8,2.833611e6,-1.045231846408669,-0.8693272921435614,TIME_LIMIT,609352,0,0,20,13
2,8,2.833709e6,-1.0452292269839312,-0.8693272921435614,TIME_LIMIT,609379,0,0,5,3
2,8,2.833776e6,-1.0452292269839312,-0.8693272921435614,TIME_LIMIT,609394,0,0,5,4
2,8,2.833834e6,-1.0452128821293813,-0.8693272921435614,TIME_LIMIT,609417,0,0,4,2
2,8,2.833895e6,-1.0452128821293813,-0.8693272921435614,TIME_LIMIT,609436,0,0,6,9
2,8,2.833921e6,-1.0452128630858737,-0.8693272921435614,TIME_LIMIT,609450,0,0,4,1
2,8,2.83415e6,-1.0452128630858737,-0.8693272921435614,TIME_LIMIT,609478,0,0,10,4
2,8,2.834265e6,-1.0452110921568791,-0.8693272921435614,TIME_LIMIT,609502,0,0,17,9
2,8,2.834365e6,-1.0452110921568791,-0.8693272921435614,TIME_LIMIT,609518,0,0,9,8
2,8,2.834464e6,-1.045208843569474,-0.8693272921435614,TIME_LIMIT,609541,0,0,8,5
2,8,2.834582e6,-1.045208843569474,-0.8693272921435614,TIME_LIMIT,609563,0,0,13,17
2,8,2.834672e6,-1.0452081471196566,-0.8693272921435614,TIME_LIMIT,609587,0,0,6,11
2,8,2.834761e6,-1.0452081471196566,-0.8693272921435614,TIME_LIMIT,609609,0,0,14,13
2,8,2.834897e6,-1.0452042395732193,-0.8693272921435614,TIME_LIMIT,609640,0,0,10,10
2,8,2.835118e6,-1.0452042395732193,-0.8693272921435614,TIME_LIMIT,609657,0,0,9,13
2,8,2.835345e6,-1.045202723339143,-0.8693272921435614,TIME_LIMIT,609691,0,0,16,7
2,8,2.835448e6,-1.045202723339143,-0.8693272921435614,TIME_LIMIT,609712,0,0,18,12
2,8,2.835539e6,-1.0452018823107538,-0.8693272921435614,TIME_LIMIT,609738,0,0,12,4
2,8,2.835639e6,-1.0452018823107538,-0.8693272921435614,TIME_LIMIT,609760,0,0,15,16
2,8,2.835839e6,-1.0451986971546339,-0.8693272921435614,TIME_LIMIT,609784,0,0,2,3
2,8,2.835902e6,-1.0451986971546339,-0.8693272921435614,TIME_LIMIT,609797,0,0,7,11
2,8,2.835959e6,-1.045192630792279,-0.8693272921435614,TIME_LIMIT,609819,0,0,11,3
2,8,2.836082e6,-1.045192630792279,-0.8693272921435614,TIME_LIMIT,609843,0,0,16,12
2,8,2.836267e6,-1.0451884295326623,-0.8693272921435614,TIME_LIMIT,609879,0,0,17,11
2,8,2.836353e6,-1.0451884295326623,-0.8693272921435614,TIME_LIMIT,609895,0,0,10,7
2,8,2.836419e6,-1.0451877615248837,-0.8693272921435614,TIME_LIMIT,609917,0,0,11,4
2,8,2.836565e6,-1.0451877615248837,-0.8693272921435614,TIME_LIMIT,609938,0,0,22,16
2,8,2.8367e6,-1.0451815145447192,-0.8693272921435614,TIME_LIMIT,609972,0,0,16,5
2,8,2.836933e6,-1.0451815145447192,-0.8693272921435614,TIME_LIMIT,609995,0,0,23,22
2,8,2.83716e6,-1.0451788720788502,-0.8693272921435614,TIME_LIMIT,610041,0,0,26,9
2,8,2.837244e6,-1.0451788720788502,-0.8693272921435614,TIME_LIMIT,610056,0,0,8,14
2,8,2.837284e6,-1.0451728958292887,-0.8693272921435614,TIME_LIMIT,610078,0,0,9,4
2,8,2.837409e6,-1.0451728958292887,-0.8693272921435614,TIME_LIMIT,610101,0,0,17,13
2,8,2.837512e6,-1.045172839270701,-0.8693272921435614,TIME_LIMIT,610126,0,0,9,3
2,8,2.837681e6,-1.045172839270701,-0.8693272921435614,TIME_LIMIT,610151,0,0,20,18
2,8,2.837866e6,-1.0451665124207437,-0.8693272921435614,TIME_LIMIT,610179,0,0,15,10
2,8,2.837962e6,-1.0451665124207437,-0.8693272921435614,TIME_LIMIT,610203,0,0,22,7
2,8,2.838058e6,-1.0451659800338817,-0.8693272921435614,TIME_LIMIT,610232,0,0,10,11
2,8,2.838157e6,-1.0451659800338817,-0.8693272921435614,TIME_LIMIT,610259,0,0,23,20
2,8,2.838247e6,-1.0451649010984667,-0.8693272921435614,TIME_LIMIT,610288,0,0,11,4
2,8,2.838334e6,-1.0451649010984667,-0.8693272921435614,TIME_LIMIT,610308,0,0,12,11
2,8,2.838494e6,-1.0451645102024194,-0.8693272921435614,TIME_LIMIT,610338,0,0,11,5
2,8,2.838716e6,-1.0451645102024194,-0.8693272921435614,TIME_LIMIT,610358,0,0,19,15
2,8,2.838865e6,-1.0451638598546826,-0.8693272921435614,TIME_LIMIT,610393,0,0,7,5
2,8,2.838952e6,-1.0451638598546826,-0.8693272921435614,TIME_LIMIT,610418,0,0,16,26
2,8,2.839024e6,-1.0451608811629822,-0.8693272921435614,TIME_LIMIT,610441,0,0,14,7
2,8,2.839115e6,-1.0451608811629822,-0.8693272921435614,TIME_LIMIT,610461,0,0,11,8
2,8,2.839164e6,-1.0451602107313744,-0.8693272921435614,TIME_LIMIT,610483,0,0,8,6
2,8,2.839386e6,-1.0451602107313744,-0.8693272921435614,TIME_LIMIT,610503,0,0,15,17
2,8,2.83962e6,-1.0451588566442094,-0.8693272921435614,TIME_LIMIT,610533,0,0,8,4
2,8,2.83975e6,-1.0451588566442094,-0.8693272921435614,TIME_LIMIT,610557,0,0,16,14
2,8,2.839894e6,-1.0451566427686216,-0.8693272921435614,TIME_LIMIT,610593,0,0,6,8
2,8,2.839979e6,-1.0451566427686216,-0.8693272921435614,TIME_LIMIT,610617,0,0,23,22
2,8,2.840201e6,-1.0451525415746812,-0.8693272921435614,TIME_LIMIT,610651,0,0,15,13
2,8,2.84042e6,-1.0451525415746812,-0.8693272921435614,TIME_LIMIT,610672,0,0,21,12
2,8,2.840639e6,-1.045151555577206,-0.8693272921435614,TIME_LIMIT,610707,0,0,18,8
2,8,2.840869e6,-1.045151555577206,-0.8693272921435614,TIME_LIMIT,610730,0,0,12,10
2,8,2.841068e6,-1.0451503207292334,-0.8693272921435614,TIME_LIMIT,610764,0,0,11,7
2,8,2.841156e6,-1.0451503207292334,-0.8693272921435614,TIME_LIMIT,610782,0,0,13,11
2,8,2.841265e6,-1.0451502864611641,-0.8693272921435614,TIME_LIMIT,610807,0,0,6,5
2,8,2.841399e6,-1.0451502864611641,-0.8693272921435614,TIME_LIMIT,610834,0,0,15,9
2,8,2.841637e6,-1.0451355342688897,-0.8693272921435614,TIME_LIMIT,610860,0,0,14,7
2,8,2.841763e6,-1.0451355342688897,-0.8693272921435614,TIME_LIMIT,610877,0,0,11,5
2,8,2.841853e6,-1.0451310430120024,-0.8693272921435614,TIME_LIMIT,610898,0,0,8,8
2,8,2.841989e6,-1.0451310430120024,-0.8693272921435614,TIME_LIMIT,610927,0,0,20,16
2,8,2.842148e6,-1.0451289140735494,-0.8693272921435614,TIME_LIMIT,610962,0,0,14,12
2,8,2.842245e6,-1.0451289140735494,-0.8693272921435614,TIME_LIMIT,610987,0,0,14,5
2,8,2.842331e6,-1.0451225061483387,-0.8693272921435614,TIME_LIMIT,611013,0,0,12,7
2,8,2.842487e6,-1.0451225061483387,-0.8693272921435614,TIME_LIMIT,611035,0,0,15,27
2,8,2.842723e6,-1.0451216521771383,-0.8693272921435614,TIME_LIMIT,611072,0,0,8,10
2,8,2.842812e6,-1.0451216521771383,-0.8693272921435614,TIME_LIMIT,611095,0,0,18,18
2,8,2.842971e6,-1.0451129393108327,-0.8693272921435614,TIME_LIMIT,611125,0,0,10,9
2,8,2.843119e6,-1.0451129393108327,-0.8693272921435614,TIME_LIMIT,611147,0,0,17,18
2,8,2.843245e6,-1.0451125062648032,-0.8693272921435614,TIME_LIMIT,611181,0,0,16,4
2,8,2.84329e6,-1.0451125062648032,-0.8693272921435614,TIME_LIMIT,611199,0,0,14,4
2,8,2.843352e6,-1.0451073351689804,-0.8693272921435614,TIME_LIMIT,611227,0,0,6,4
2,8,2.843487e6,-1.0451073351689804,-0.8693272921435614,TIME_LIMIT,611249,0,0,13,14
2,8,2.843552e6,-1.045101521395969,-0.8693272921435614,TIME_LIMIT,611277,0,0,6,9
2,8,2.843788e6,-1.045101521395969,-0.8693272921435614,TIME_LIMIT,611298,0,0,20,21
2,8,2.843916e6,-1.0450964272400802,-0.8693272921435614,TIME_LIMIT,611336,0,0,17,10
2,8,2.844038e6,-1.0450964272400802,-0.8693272921435614,TIME_LIMIT,611361,0,0,18,14
2,8,2.844162e6,-1.0450925193129108,-0.8693272921435614,TIME_LIMIT,611396,0,0,17,8
2,8,2.844262e6,-1.0450925193129108,-0.8693272921435614,TIME_LIMIT,611418,0,0,23,11
2,8,2.844418e6,-1.0450874002066541,-0.8693272921435614,TIME_LIMIT,611450,0,0,5,8
2,8,2.844647e6,-1.0450874002066541,-0.8693272921435614,TIME_LIMIT,611473,0,0,20,26
2,8,2.844742e6,-1.045078901863465,-0.8693272921435614,TIME_LIMIT,611503,0,0,12,11
2,8,2.844915e6,-1.045078901863465,-0.8693272921435614,TIME_LIMIT,611524,0,0,17,22
2,8,2.845143e6,-1.045073002229457,-0.8693272921435614,TIME_LIMIT,611554,0,0,14,7
2,8,2.84523e6,-1.045073002229457,-0.8693272921435614,TIME_LIMIT,611573,0,0,12,7
2,8,2.8453e6,-1.045070188115187,-0.8693272921435614,TIME_LIMIT,611592,0,0,7,6
2,8,2.845382e6,-1.045070188115187,-0.8693272921435614,TIME_LIMIT,611610,0,0,9,8
2,8,2.845429e6,-1.045067615802167,-0.8693272921435614,TIME_LIMIT,611624,0,0,4,3
2,8,2.845568e6,-1.045067615802167,-0.8693272921435614,TIME_LIMIT,611647,0,0,18,15
2,8,2.845753e6,-1.045061761975282,-0.8693272921435614,TIME_LIMIT,611677,0,0,17,8
2,8,2.845911e6,-1.045061761975282,-0.8693272921435614,TIME_LIMIT,611698,0,0,14,14
2,8,2.845966e6,-1.0450592996088686,-0.8693272921435614,TIME_LIMIT,611717,0,0,6,4
2,8,2.846101e6,-1.0450592996088686,-0.8693272921435614,TIME_LIMIT,611740,0,0,16,9
2,8,2.846236e6,-1.0450590416916996,-0.8693272921435614,TIME_LIMIT,611774,0,0,8,9
2,8,2.846318e6,-1.0450590416916996,-0.8693272921435614,TIME_LIMIT,611790,0,0,9,7
2,8,2.846354e6,-1.0450573966898533,-0.8693272921435614,TIME_LIMIT,611804,0,0,6,4
2,8,2.846439e6,-1.0450573966898533,-0.8693272921435614,TIME_LIMIT,611828,0,0,6,20
2,8,2.846589e6,-1.045057390195615,-0.8693272921435614,TIME_LIMIT,611861,0,0,11,16
2,8,2.846636e6,-1.045057390195615,-0.8693272921435614,TIME_LIMIT,611881,0,0,19,11
2,8,2.846739e6,-1.0450559691861976,-0.8693272921435614,TIME_LIMIT,611909,0,0,12,10
2,8,2.84696e6,-1.0450559691861976,-0.8693272921435614,TIME_LIMIT,611933,0,0,25,19
2,8,2.847083e6,-1.045055599623223,-0.8693272921435614,TIME_LIMIT,611966,0,0,17,5
2,8,2.847265e6,-1.045055599623223,-0.8693272921435614,TIME_LIMIT,611996,0,0,22,17
2,8,2.847426e6,-1.045055370187534,-0.8693272921435614,TIME_LIMIT,612027,0,0,13,7
2,8,2.847656e6,-1.045055370187534,-0.8693272921435614,TIME_LIMIT,612052,0,0,20,15
2,8,2.847759e6,-1.0450540258779102,-0.8693272921435614,TIME_LIMIT,612082,0,0,15,8
2,8,2.847865e6,-1.0450540258779102,-0.8693272921435614,TIME_LIMIT,612101,0,0,11,10
2,8,2.848062e6,-1.0450520030137591,-0.8693272921435614,TIME_LIMIT,612131,0,0,16,8
2,8,2.848121e6,-1.0450520030137591,-0.8693272921435614,TIME_LIMIT,612148,0,0,17,18
2,8,2.848225e6,-1.045049183694836,-0.8693272921435614,TIME_LIMIT,612180,0,0,14,4
2,8,2.84845e6,-1.045049183694836,-0.8693272921435614,TIME_LIMIT,612205,0,0,22,15
2,8,2.848649e6,-1.0450384643743527,-0.8693272921435614,TIME_LIMIT,612239,0,0,17,8
2,8,2.848696e6,-1.0450384643743527,-0.8693272921435614,TIME_LIMIT,612256,0,0,11,9
2,8,2.848724e6,-1.0450380212868722,-0.8693272921435614,TIME_LIMIT,612268,0,0,4,1
2,8,2.848813e6,-1.0450380212868722,-0.8693272921435614,TIME_LIMIT,612283,0,0,16,8
2,8,2.848882e6,-1.045029224918907,-0.8693272921435614,TIME_LIMIT,612307,0,0,11,1
2,8,2.849075e6,-1.045029224918907,-0.8693272921435614,TIME_LIMIT,612332,0,0,16,8
2,8,2.849201e6,-1.0450241844996002,-0.8693272921435614,TIME_LIMIT,612355,0,0,21,7
2,8,2.849407e6,-1.0450241844996002,-0.8693272921435614,TIME_LIMIT,612387,0,0,22,19
2,8,2.849644e6,-1.0450220346411858,-0.8693272921435614,TIME_LIMIT,612414,0,0,12,6
2,8,2.849746e6,-1.0450220346411858,-0.8693272921435614,TIME_LIMIT,612437,0,0,14,8
2,8,2.849848e6,-1.0450214045290516,-0.8693272921435614,TIME_LIMIT,612460,0,0,8,8
2,8,2.849945e6,-1.0450214045290516,-0.8693272921435614,TIME_LIMIT,612479,0,0,17,13
2,8,2.850032e6,-1.0450189925315865,-0.8693272921435614,TIME_LIMIT,612503,0,0,13,3
2,8,2.85026e6,-1.0450189925315865,-0.8693272921435614,TIME_LIMIT,612520,0,0,10,21
2,8,2.850414e6,-1.045018759037824,-0.8693272921435614,TIME_LIMIT,612558,0,0,14,7
2,8,2.850452e6,-1.045018759037824,-0.8693272921435614,TIME_LIMIT,612570,0,0,10,6
2,8,2.850477e6,-1.0450173665731533,-0.8693272921435614,TIME_LIMIT,612583,0,0,4,2
2,8,2.850547e6,-1.0450173665731533,-0.8693272921435614,TIME_LIMIT,612602,0,0,13,9
2,8,2.850597e6,-1.0450087142244833,-0.8693272921435614,TIME_LIMIT,612623,0,0,9,4
2,8,2.850667e6,-1.0450087142244833,-0.8693272921435614,TIME_LIMIT,612643,0,0,12,7
2,8,2.850721e6,-1.0450056769194915,-0.8693272921435614,TIME_LIMIT,612665,0,0,11,2
2,8,2.850953e6,-1.0450056769194915,-0.8693272921435614,TIME_LIMIT,612690,0,0,16,19
2,8,2.851152e6,-1.0450013888445329,-0.8693272921435614,TIME_LIMIT,612721,0,0,11,9
2,8,2.851281e6,-1.0450013888445329,-0.8693272921435614,TIME_LIMIT,612745,0,0,16,15
2,8,2.851389e6,-1.0449982834004827,-0.8693272921435614,TIME_LIMIT,612773,0,0,10,8
2,8,2.851518e6,-1.0449982834004827,-0.8693272921435614,TIME_LIMIT,612791,0,0,13,7
2,8,2.851595e6,-1.0449925129994058,-0.8693272921435614,TIME_LIMIT,612813,0,0,8,3
2,8,2.851812e6,-1.0449925129994058,-0.8693272921435614,TIME_LIMIT,612841,0,0,22,16
2,8,2.852047e6,-1.0449913963512147,-0.8693272921435614,TIME_LIMIT,612869,0,0,12,8
2,8,2.852151e6,-1.0449913963512147,-0.8693272921435614,TIME_LIMIT,612894,0,0,19,19
2,8,2.85225e6,-1.0449831339858737,-0.8693272921435614,TIME_LIMIT,612923,0,0,13,8
2,8,2.85234e6,-1.0449831339858737,-0.8693272921435614,TIME_LIMIT,612941,0,0,3,5
2,8,2.852412e6,-1.044977051394429,-0.8693272921435614,TIME_LIMIT,612961,0,0,7,4
2,8,2.852523e6,-1.044977051394429,-0.8693272921435614,TIME_LIMIT,612984,0,0,12,15
2,8,2.852694e6,-1.0449760152089564,-0.8693272921435614,TIME_LIMIT,613012,0,0,11,8
2,8,2.852871e6,-1.0449760152089564,-0.8693272921435614,TIME_LIMIT,613037,0,0,17,13
2,8,2.853096e6,-1.0449697923320902,-0.8693272921435614,TIME_LIMIT,613072,0,0,15,14
2,8,2.853312e6,-1.0449697923320902,-0.8693272921435614,TIME_LIMIT,613100,0,0,11,8
2,8,2.853439e6,-1.0449694840415191,-0.8693272921435614,TIME_LIMIT,613127,0,0,14,11
2,8,2.853495e6,-1.0449694840415191,-0.8693272921435614,TIME_LIMIT,613149,0,0,14,14
2,8,2.853617e6,-1.0449672331505526,-0.8693272921435614,TIME_LIMIT,613179,0,0,13,7
2,8,2.853847e6,-1.0449672331505526,-0.8693272921435614,TIME_LIMIT,613201,0,0,13,19
2,8,2.854047e6,-1.0449669550876668,-0.8693272921435614,TIME_LIMIT,613234,0,0,14,8
2,8,2.854283e6,-1.0449669550876668,-0.8693272921435614,TIME_LIMIT,613256,0,0,17,27
2,8,2.85447e6,-1.0449658046851424,-0.8693272921435614,TIME_LIMIT,613294,0,0,15,9
2,8,2.854516e6,-1.0449658046851424,-0.8693272921435614,TIME_LIMIT,613308,0,0,8,8
2,8,2.854552e6,-1.0449538711124413,-0.8693272921435614,TIME_LIMIT,613327,0,0,7,2
2,8,2.854715e6,-1.0449538711124413,-0.8693272921435614,TIME_LIMIT,613359,0,0,20,32
2,8,2.854902e6,-1.0449521073681236,-0.8693272921435614,TIME_LIMIT,613388,0,0,17,12
2,8,2.855048e6,-1.0449521073681236,-0.8693272921435614,TIME_LIMIT,613412,0,0,17,5
2,8,2.855148e6,-1.044944653452587,-0.8693272921435614,TIME_LIMIT,613444,0,0,10,4
2,8,2.855342e6,-1.044944653452587,-0.8693272921435614,TIME_LIMIT,613465,0,0,17,20
2,8,2.855461e6,-1.0449423518117884,-0.8693272921435614,TIME_LIMIT,613498,0,0,17,5
2,8,2.855637e6,-1.0449423518117884,-0.8693272921435614,TIME_LIMIT,613526,0,0,19,28
2,8,2.855767e6,-1.0449299559779281,-0.8693272921435614,TIME_LIMIT,613555,0,0,11,11
2,8,2.855814e6,-1.0449299559779281,-0.8693272921435614,TIME_LIMIT,613573,0,0,9,6
2,8,2.855881e6,-1.0449281234382544,-0.8693272921435614,TIME_LIMIT,613594,0,0,9,2
2,8,2.855942e6,-1.0449281234382544,-0.8693272921435614,TIME_LIMIT,613608,0,0,5,5
2,8,2.856004e6,-1.0449261259325033,-0.8693272921435614,TIME_LIMIT,613628,0,0,7,1
2,8,2.856121e6,-1.0449261259325033,-0.8693272921435614,TIME_LIMIT,613644,0,0,12,11
2,8,2.856189e6,-1.0449230003242533,-0.8693272921435614,TIME_LIMIT,613667,0,0,3,1
2,8,2.856268e6,-1.0449230003242533,-0.8693272921435614,TIME_LIMIT,613688,0,0,19,22
2,8,2.856485e6,-1.0449179444602146,-0.8693272921435614,TIME_LIMIT,613721,0,0,12,10
2,8,2.856631e6,-1.0449179444602146,-0.8693272921435614,TIME_LIMIT,613744,0,0,12,18
2,8,2.856804e6,-1.044916660741896,-0.8693272921435614,TIME_LIMIT,613778,0,0,14,10
2,8,2.857033e6,-1.044916660741896,-0.8693272921435614,TIME_LIMIT,613797,0,0,16,14
2,8,2.857075e6,-1.0449123680203871,-0.8693272921435614,TIME_LIMIT,613814,0,0,7,4
2,8,2.857157e6,-1.0449123680203871,-0.8693272921435614,TIME_LIMIT,613835,0,0,10,4
2,8,2.857284e6,-1.044910835635339,-0.8693272921435614,TIME_LIMIT,613866,0,0,10,7
2,8,2.857513e6,-1.044910835635339,-0.8693272921435614,TIME_LIMIT,613897,0,0,15,15
2,8,2.857624e6,-1.0449094736672717,-0.8693272921435614,TIME_LIMIT,613912,0,0,11,12
2,8,2.857769e6,-1.0449094736672717,-0.8693272921435614,TIME_LIMIT,613931,0,0,11,13
2,8,2.857879e6,-1.0449021466457582,-0.8693272921435614,TIME_LIMIT,613966,0,0,18,8
2,8,2.857973e6,-1.0449021466457582,-0.8693272921435614,TIME_LIMIT,613990,0,0,11,8
2,8,2.85815e6,-1.0449019307546399,-0.8693272921435614,TIME_LIMIT,614018,0,0,5,6
2,8,2.858203e6,-1.0449019307546399,-0.8693272921435614,TIME_LIMIT,614032,0,0,8,2
2,8,2.858256e6,-1.0449009270645417,-0.8693272921435614,TIME_LIMIT,614053,0,0,8,6
2,8,2.858323e6,-1.0449009270645417,-0.8693272921435614,TIME_LIMIT,614069,0,0,18,18
2,8,2.858463e6,-1.0449005847487176,-0.8693272921435614,TIME_LIMIT,614110,0,0,18,9
2,8,2.858563e6,-1.0449005847487176,-0.8693272921435614,TIME_LIMIT,614135,0,0,18,6
2,8,2.858657e6,-1.044889199057386,-0.8693272921435614,TIME_LIMIT,614160,0,0,9,6
2,8,2.858783e6,-1.044889199057386,-0.8693272921435614,TIME_LIMIT,614182,0,0,8,8
2,8,2.858838e6,-1.044888896705415,-0.8693272921435614,TIME_LIMIT,614211,0,0,14,7
2,8,2.858888e6,-1.044888896705415,-0.8693272921435614,TIME_LIMIT,614223,0,0,12,2
2,8,2.858945e6,-1.0448863385039335,-0.8693272921435614,TIME_LIMIT,614244,0,0,7,2
2,8,2.859066e6,-1.0448863385039335,-0.8693272921435614,TIME_LIMIT,614265,0,0,16,8
2,8,2.85916e6,-1.0448642051040253,-0.8693272921435614,TIME_LIMIT,614290,0,0,13,2
2,8,2.859271e6,-1.0448642051040253,-0.8693272921435614,TIME_LIMIT,614312,0,0,14,23
2,8,2.859387e6,-1.0448633819849968,-0.8693272921435614,TIME_LIMIT,614343,0,0,6,5
2,8,2.859527e6,-1.0448633819849968,-0.8693272921435614,TIME_LIMIT,614372,0,0,18,1
2,8,2.859577e6,-1.0448621329735666,-0.8693272921435614,TIME_LIMIT,614389,0,0,10,5
2,8,2.859704e6,-1.0448621329735666,-0.8693272921435614,TIME_LIMIT,614411,0,0,13,9
2,8,2.85976e6,-1.0448598050893425,-0.8693272921435614,TIME_LIMIT,614436,0,0,10,7
2,8,2.859863e6,-1.0448598050893425,-0.8693272921435614,TIME_LIMIT,614454,0,0,13,14
2,8,2.859961e6,-1.0448593255462886,-0.8693272921435614,TIME_LIMIT,614481,0,0,11,8
2,8,2.860112e6,-1.0448593255462886,-0.8693272921435614,TIME_LIMIT,614506,0,0,22,23
2,8,2.860316e6,-1.0448573731226345,-0.8693272921435614,TIME_LIMIT,614539,0,0,11,7
2,8,2.860546e6,-1.0448573731226345,-0.8693272921435614,TIME_LIMIT,614568,0,0,14,11
2,8,2.860718e6,-1.0448475588227542,-0.8693272921435614,TIME_LIMIT,614589,0,0,7,11
2,8,2.86093e6,-1.0448475588227542,-0.8693272921435614,TIME_LIMIT,614606,0,0,13,12
2,8,2.861039e6,-1.044845705587416,-0.8693272921435614,TIME_LIMIT,614634,0,0,8,5
2,8,2.861091e6,-1.044845705587416,-0.8693272921435614,TIME_LIMIT,614648,0,0,9,4
2,8,2.861116e6,-1.044844816956616,-0.8693272921435614,TIME_LIMIT,614660,0,0,3,0
2,8,2.861202e6,-1.044844816956616,-0.8693272921435614,TIME_LIMIT,614680,0,0,13,2
2,8,2.861234e6,-1.0448436632500169,-0.8693272921435614,TIME_LIMIT,614692,0,0,8,6
2,8,2.86132e6,-1.0448436632500169,-0.8693272921435614,TIME_LIMIT,614714,0,0,14,9
2,8,2.861416e6,-1.044841488277743,-0.8693272921435614,TIME_LIMIT,614742,0,0,4,5
2,8,2.861507e6,-1.044841488277743,-0.8693272921435614,TIME_LIMIT,614757,0,0,7,11
2,8,2.861623e6,-1.0448375145473277,-0.8693272921435614,TIME_LIMIT,614786,0,0,15,9
2,8,2.861844e6,-1.0448375145473277,-0.8693272921435614,TIME_LIMIT,614810,0,0,19,8
2,8,2.861963e6,-1.044837402524082,-0.8693272921435614,TIME_LIMIT,614842,0,0,11,4
2,8,2.862189e6,-1.044837402524082,-0.8693272921435614,TIME_LIMIT,614864,0,0,22,16
2,8,2.862405e6,-1.0448349184559147,-0.8693272921435614,TIME_LIMIT,614899,0,0,12,5
2,8,2.862502e6,-1.0448349184559147,-0.8693272921435614,TIME_LIMIT,614916,0,0,9,4
2,8,2.862546e6,-1.044832465978145,-0.8693272921435614,TIME_LIMIT,614934,0,0,9,3
2,8,2.862686e6,-1.044832465978145,-0.8693272921435614,TIME_LIMIT,614954,0,0,14,14
2,8,2.862784e6,-1.044831937788434,-0.8693272921435614,TIME_LIMIT,614981,0,0,11,8
2,8,2.862868e6,-1.044831937788434,-0.8693272921435614,TIME_LIMIT,614999,0,0,10,15
2,8,2.863014e6,-1.0448315032620654,-0.8693272921435614,TIME_LIMIT,615035,0,0,20,6
2,8,2.863089e6,-1.0448315032620654,-0.8693272921435614,TIME_LIMIT,615050,0,0,5,10
2,8,2.863125e6,-1.0448308609451318,-0.8693272921435614,TIME_LIMIT,615070,0,0,8,5
2,8,2.863319e6,-1.0448308609451318,-0.8693272921435614,TIME_LIMIT,615109,0,0,13,38
2,8,2.863558e6,-1.044829820307116,-0.8693272921435614,TIME_LIMIT,615143,0,0,14,9
2,8,2.863682e6,-1.044829820307116,-0.8693272921435614,TIME_LIMIT,615162,0,0,13,11
2,8,2.863842e6,-1.0448237134054295,-0.8693272921435614,TIME_LIMIT,615187,0,0,8,6
2,8,2.863944e6,-1.0448237134054295,-0.8693272921435614,TIME_LIMIT,615218,0,0,17,11
2,8,2.864141e6,-1.0448171849679253,-0.8693272921435614,TIME_LIMIT,615240,0,0,12,7
2,8,2.86434e6,-1.0448171849679253,-0.8693272921435614,TIME_LIMIT,615267,0,0,19,13
2,8,2.864539e6,-1.0448135109410999,-0.8693272921435614,TIME_LIMIT,615300,0,0,18,10
2,8,2.86471e6,-1.0448135109410999,-0.8693272921435614,TIME_LIMIT,615321,0,0,12,27
2,8,2.86489e6,-1.0448077315505282,-0.8693272921435614,TIME_LIMIT,615353,0,0,12,11
2,8,2.86494e6,-1.0448077315505282,-0.8693272921435614,TIME_LIMIT,615371,0,0,11,7
2,8,2.865015e6,-1.0447989083265659,-0.8693272921435614,TIME_LIMIT,615402,0,0,7,3
2,8,2.865242e6,-1.0447989083265659,-0.8693272921435614,TIME_LIMIT,615430,0,0,24,12
2,8,2.865417e6,-1.0447942566158903,-0.8693272921435614,TIME_LIMIT,615462,0,0,8,10
2,8,2.865511e6,-1.0447942566158903,-0.8693272921435614,TIME_LIMIT,615480,0,0,6,17
2,8,2.865738e6,-1.04478814221607,-0.8693272921435614,TIME_LIMIT,615516,0,0,3,7
2,8,2.865877e6,-1.04478814221607,-0.8693272921435614,TIME_LIMIT,615536,0,0,15,9
2,8,2.865993e6,-1.044786430056263,-0.8693272921435614,TIME_LIMIT,615561,0,0,13,7
2,8,2.866053e6,-1.044786430056263,-0.8693272921435614,TIME_LIMIT,615578,0,0,11,3
2,8,2.866164e6,-1.0447859761863052,-0.8693272921435614,TIME_LIMIT,615602,0,0,8,5
2,8,2.866389e6,-1.0447859761863052,-0.8693272921435614,TIME_LIMIT,615628,0,0,6,13
2,8,2.866616e6,-1.044778351615622,-0.8693272921435614,TIME_LIMIT,615659,0,0,15,16
2,8,2.866816e6,-1.044778351615622,-0.8693272921435614,TIME_LIMIT,615688,0,0,6,3
2,8,2.86697e6,-1.0447772804105455,-0.8693272921435614,TIME_LIMIT,615714,0,0,17,9
2,8,2.867199e6,-1.0447772804105455,-0.8693272921435614,TIME_LIMIT,615741,0,0,19,22
2,8,2.867426e6,-1.0447720961100437,-0.8693272921435614,TIME_LIMIT,615776,0,0,17,10
2,8,2.86752e6,-1.0447720961100437,-0.8693272921435614,TIME_LIMIT,615788,0,0,14,21
2,8,2.867752e6,-1.0447681202341281,-0.8693272921435614,TIME_LIMIT,615820,0,0,12,8
2,8,2.867804e6,-1.0447681202341281,-0.8693272921435614,TIME_LIMIT,615837,0,0,14,9
2,8,2.867836e6,-1.044766364518635,-0.8693272921435614,TIME_LIMIT,615855,0,0,8,2
2,8,2.868053e6,-1.044766364518635,-0.8693272921435614,TIME_LIMIT,615885,0,0,21,32
2,8,2.868283e6,-1.044762205161469,-0.8693272921435614,TIME_LIMIT,615925,0,0,22,9
2,8,2.868397e6,-1.044762205161469,-0.8693272921435614,TIME_LIMIT,615949,0,0,12,11
2,8,2.868613e6,-1.0447485026001764,-0.8693272921435614,TIME_LIMIT,615977,0,0,11,3
2,8,2.868775e6,-1.0447485026001764,-0.8693272921435614,TIME_LIMIT,616002,0,0,16,18
2,8,2.868843e6,-1.0447475587160446,-0.8693272921435614,TIME_LIMIT,616030,0,0,9,9
2,8,2.86895e6,-1.0447475587160446,-0.8693272921435614,TIME_LIMIT,616055,0,0,14,10
2,8,2.869009e6,-1.0447472226129704,-0.8693272921435614,TIME_LIMIT,616072,0,0,6,8
2,8,2.869125e6,-1.0447472226129704,-0.8693272921435614,TIME_LIMIT,616093,0,0,14,14
2,8,2.869342e6,-1.044742683166589,-0.8693272921435614,TIME_LIMIT,616127,0,0,15,10
2,8,2.869416e6,-1.044742683166589,-0.8693272921435614,TIME_LIMIT,616139,0,0,7,5
2,8,2.869449e6,-1.0447400030937515,-0.8693272921435614,TIME_LIMIT,616155,0,0,6,2
2,8,2.869587e6,-1.0447400030937515,-0.8693272921435614,TIME_LIMIT,616176,0,0,13,15
2,8,2.869774e6,-1.0447392528976924,-0.8693272921435614,TIME_LIMIT,616212,0,0,11,2
2,8,2.869877e6,-1.0447392528976924,-0.8693272921435614,TIME_LIMIT,616237,0,0,20,12
2,8,2.870028e6,-1.0447389130640357,-0.8693272921435614,TIME_LIMIT,616266,0,0,11,3
2,8,2.870201e6,-1.0447389130640357,-0.8693272921435614,TIME_LIMIT,616289,0,0,15,5
2,8,2.870247e6,-1.044738363296259,-0.8693272921435614,TIME_LIMIT,616309,0,0,9,8
2,8,2.870354e6,-1.044738363296259,-0.8693272921435614,TIME_LIMIT,616335,0,0,20,10
2,8,2.870573e6,-1.0447368393914318,-0.8693272921435614,TIME_LIMIT,616366,0,0,12,9
2,8,2.87079e6,-1.0447368393914318,-0.8693272921435614,TIME_LIMIT,616390,0,0,20,14
2,8,2.870939e6,-1.0447363547965294,-0.8693272921435614,TIME_LIMIT,616420,0,0,8,3
2,8,2.871091e6,-1.0447363547965294,-0.8693272921435614,TIME_LIMIT,616453,0,0,19,3
2,8,2.871178e6,-1.0447327249028007,-0.8693272921435614,TIME_LIMIT,616479,0,0,19,12
2,8,2.871352e6,-1.0447327249028007,-0.8693272921435614,TIME_LIMIT,616504,0,0,8,7
2,8,2.871551e6,-1.0447310875537412,-0.8693272921435614,TIME_LIMIT,616531,0,0,10,6
2,8,2.871676e6,-1.0447310875537412,-0.8693272921435614,TIME_LIMIT,616555,0,0,18,12
2,8,2.871894e6,-1.04472798093889,-0.8693272921435614,TIME_LIMIT,616580,0,0,14,11
2,8,2.872116e6,-1.04472798093889,-0.8693272921435614,TIME_LIMIT,616602,0,0,18,14
2,8,2.87231e6,-1.0447242185916548,-0.8693272921435614,TIME_LIMIT,616633,0,0,17,8
2,8,2.872491e6,-1.0447242185916548,-0.8693272921435614,TIME_LIMIT,616662,0,0,21,16
2,8,2.872722e6,-1.0447241842923876,-0.8693272921435614,TIME_LIMIT,616692,0,0,16,7
2,8,2.872948e6,-1.0447241842923876,-0.8693272921435614,TIME_LIMIT,616731,0,0,8,20
2,8,2.873048e6,-1.0447224537156088,-0.8693272921435614,TIME_LIMIT,616753,0,0,12,11
2,8,2.87311e6,-1.0447224537156088,-0.8693272921435614,TIME_LIMIT,616767,0,0,9,6
2,8,2.87315e6,-1.0447195857695908,-0.8693272921435614,TIME_LIMIT,616782,0,0,5,4
2,8,2.873222e6,-1.0447195857695908,-0.8693272921435614,TIME_LIMIT,616809,0,0,12,2
2,8,2.873284e6,-1.044716505185309,-0.8693272921435614,TIME_LIMIT,616832,0,0,6,5
2,8,2.873511e6,-1.044716505185309,-0.8693272921435614,TIME_LIMIT,616850,0,0,16,18
2,8,2.873614e6,-1.0447138606569841,-0.8693272921435614,TIME_LIMIT,616885,0,0,17,9
2,8,2.873815e6,-1.0447138606569841,-0.8693272921435614,TIME_LIMIT,616905,0,0,14,11
2,8,2.873893e6,-1.0447131255856492,-0.8693272921435614,TIME_LIMIT,616932,0,0,11,9
2,8,2.873957e6,-1.0447131255856492,-0.8693272921435614,TIME_LIMIT,616951,0,0,16,20
2,8,2.874171e6,-1.0447118062589256,-0.8693272921435614,TIME_LIMIT,616983,0,0,12,7
2,8,2.874312e6,-1.0447118062589256,-0.8693272921435614,TIME_LIMIT,617008,0,0,7,13
2,8,2.874399e6,-1.0447085589199328,-0.8693272921435614,TIME_LIMIT,617030,0,0,10,8
2,8,2.874466e6,-1.0447085589199328,-0.8693272921435614,TIME_LIMIT,617043,0,0,9,9
2,8,2.87454e6,-1.044703027498635,-0.8693272921435614,TIME_LIMIT,617067,0,0,10,8
2,8,2.874784e6,-1.044703027498635,-0.8693272921435614,TIME_LIMIT,617096,0,0,24,12
2,8,2.874886e6,-1.044701447658074,-0.8693272921435614,TIME_LIMIT,617117,0,0,19,12
2,8,2.875113e6,-1.044701447658074,-0.8693272921435614,TIME_LIMIT,617148,0,0,14,37
2,8,2.875235e6,-1.0446972114833526,-0.8693272921435614,TIME_LIMIT,617177,0,0,7,14
2,8,2.875391e6,-1.0446972114833526,-0.8693272921435614,TIME_LIMIT,617195,0,0,18,17
2,8,2.875615e6,-1.0446862135134365,-0.8693272921435614,TIME_LIMIT,617225,0,0,17,5
2,8,2.87584e6,-1.0446862135134365,-0.8693272921435614,TIME_LIMIT,617250,0,0,20,17
2,8,2.876066e6,-1.0446829408361933,-0.8693272921435614,TIME_LIMIT,617294,0,0,21,11
2,8,2.876221e6,-1.0446829408361933,-0.8693272921435614,TIME_LIMIT,617310,0,0,17,10
2,8,2.876283e6,-1.0446805124386853,-0.8693272921435614,TIME_LIMIT,617336,0,0,12,5
2,8,2.876511e6,-1.0446805124386853,-0.8693272921435614,TIME_LIMIT,617366,0,0,21,16
2,8,2.876736e6,-1.0446780416917223,-0.8693272921435614,TIME_LIMIT,617389,0,0,11,7
2,8,2.876918e6,-1.0446780416917223,-0.8693272921435614,TIME_LIMIT,617416,0,0,17,16
2,8,2.877149e6,-1.0446760415414356,-0.8693272921435614,TIME_LIMIT,617452,0,0,9,10
2,8,2.877339e6,-1.0446760415414356,-0.8693272921435614,TIME_LIMIT,617480,0,0,20,6
2,8,2.877562e6,-1.0446736360466353,-0.8693272921435614,TIME_LIMIT,617512,0,0,9,13
2,8,2.877656e6,-1.0446736360466353,-0.8693272921435614,TIME_LIMIT,617540,0,0,14,9
2,8,2.877761e6,-1.044672828123596,-0.8693272921435614,TIME_LIMIT,617566,0,0,7,7
2,8,2.877887e6,-1.044672828123596,-0.8693272921435614,TIME_LIMIT,617582,0,0,10,14
2,8,2.878023e6,-1.044672263107642,-0.8693272921435614,TIME_LIMIT,617608,0,0,12,4
2,8,2.878246e6,-1.044672263107642,-0.8693272921435614,TIME_LIMIT,617636,0,0,24,12
2,8,2.878421e6,-1.0446721630317324,-0.8693272921435614,TIME_LIMIT,617671,0,0,14,5
2,8,2.878482e6,-1.0446721630317324,-0.8693272921435614,TIME_LIMIT,617684,0,0,9,8
2,8,2.878628e6,-1.044671133928058,-0.8693272921435614,TIME_LIMIT,617712,0,0,11,5
2,8,2.878753e6,-1.044671133928058,-0.8693272921435614,TIME_LIMIT,617730,0,0,12,14
2,8,2.878981e6,-1.0446686165080283,-0.8693272921435614,TIME_LIMIT,617758,0,0,11,7
2,8,2.879197e6,-1.0446686165080283,-0.8693272921435614,TIME_LIMIT,617787,0,0,13,14
2,8,2.879243e6,-1.044667311659166,-0.8693272921435614,TIME_LIMIT,617803,0,0,13,10
2,8,2.879338e6,-1.044667311659166,-0.8693272921435614,TIME_LIMIT,617819,0,0,3,5
2,8,2.879387e6,-1.044666350518821,-0.8693272921435614,TIME_LIMIT,617835,0,0,4,2
2,8,2.879604e6,-1.044666350518821,-0.8693272921435614,TIME_LIMIT,617865,0,0,24,19
2,8,2.879802e6,-1.04466411909146,-0.8693272921435614,TIME_LIMIT,617897,0,0,12,11
2,8,2.880031e6,-1.04466411909146,-0.8693272921435614,TIME_LIMIT,617914,0,0,22,26
2,8,2.880255e6,-1.0446617583603475,-0.8693272921435614,TIME_LIMIT,617952,0,0,16,5
2,8,2.880297e6,-1.0446617583603475,-0.8693272921435614,TIME_LIMIT,617965,0,0,8,3
2,8,2.880329e6,-1.044655998081307,-0.8693272921435614,TIME_LIMIT,617983,0,0,6,1
2,8,2.880545e6,-1.044655998081307,-0.8693272921435614,TIME_LIMIT,618012,0,0,20,13
2,8,2.880766e6,-1.0446512669507086,-0.8693272921435614,TIME_LIMIT,618042,0,0,11,9
2,8,2.880822e6,-1.0446512669507086,-0.8693272921435614,TIME_LIMIT,618065,0,0,16,10
2,8,2.880943e6,-1.0446494761080714,-0.8693272921435614,TIME_LIMIT,618091,0,0,9,6
2,8,2.881162e6,-1.0446494761080714,-0.8693272921435614,TIME_LIMIT,618118,0,0,15,26
2,8,2.881324e6,-1.0446472327502883,-0.8693272921435614,TIME_LIMIT,618152,0,0,14,13
2,8,2.881424e6,-1.0446472327502883,-0.8693272921435614,TIME_LIMIT,618174,0,0,13,10
2,8,2.881592e6,-1.044645228002382,-0.8693272921435614,TIME_LIMIT,618200,0,0,7,6
2,8,2.881652e6,-1.044645228002382,-0.8693272921435614,TIME_LIMIT,618224,0,0,15,14
2,8,2.881714e6,-1.0446442489000807,-0.8693272921435614,TIME_LIMIT,618246,0,0,6,9
2,8,2.881799e6,-1.0446442489000807,-0.8693272921435614,TIME_LIMIT,618267,0,0,18,5
2,8,2.881858e6,-1.0446421261996828,-0.8693272921435614,TIME_LIMIT,618292,0,0,12,7
2,8,2.882076e6,-1.0446421261996828,-0.8693272921435614,TIME_LIMIT,618314,0,0,20,21
2,8,2.882251e6,-1.0446325918030421,-0.8693272921435614,TIME_LIMIT,618347,0,0,7,11
2,8,2.882473e6,-1.0446325918030421,-0.8693272921435614,TIME_LIMIT,618367,0,0,16,22
2,8,2.882695e6,-1.04463106602704,-0.8693272921435614,TIME_LIMIT,618400,0,0,8,8
2,8,2.882832e6,-1.04463106602704,-0.8693272921435614,TIME_LIMIT,618416,0,0,16,19
2,8,2.882967e6,-1.044629727241578,-0.8693272921435614,TIME_LIMIT,618446,0,0,13,8
2,8,2.883041e6,-1.044629727241578,-0.8693272921435614,TIME_LIMIT,618462,0,0,16,15
2,8,2.883136e6,-1.0446285213644684,-0.8693272921435614,TIME_LIMIT,618491,0,0,8,5
2,8,2.883193e6,-1.0446285213644684,-0.8693272921435614,TIME_LIMIT,618514,0,0,13,6
2,8,2.883307e6,-1.0446228024602087,-0.8693272921435614,TIME_LIMIT,618534,0,0,11,13
2,8,2.883465e6,-1.0446228024602087,-0.8693272921435614,TIME_LIMIT,618555,0,0,5,11
2,8,2.883582e6,-1.0446193141835205,-0.8693272921435614,TIME_LIMIT,618583,0,0,8,4
2,8,2.883614e6,-1.0446193141835205,-0.8693272921435614,TIME_LIMIT,618595,0,0,7,4
2,8,2.883648e6,-1.0446129074738637,-0.8693272921435614,TIME_LIMIT,618605,0,0,2,1
2,8,2.883865e6,-1.0446129074738637,-0.8693272921435614,TIME_LIMIT,618626,0,0,10,16
2,8,2.884087e6,-1.044605941108299,-0.8693272921435614,TIME_LIMIT,618665,0,0,18,6
2,8,2.884184e6,-1.044605941108299,-0.8693272921435614,TIME_LIMIT,618691,0,0,19,22
2,8,2.8843e6,-1.044602891419986,-0.8693272921435614,TIME_LIMIT,618718,0,0,8,0
2,8,2.884408e6,-1.044602891419986,-0.8693272921435614,TIME_LIMIT,618740,0,0,18,9
2,8,2.884472e6,-1.0445977703078149,-0.8693272921435614,TIME_LIMIT,618763,0,0,9,6
2,8,2.8846e6,-1.0445977703078149,-0.8693272921435614,TIME_LIMIT,618790,0,0,22,16
2,8,2.884824e6,-1.0445944084369176,-0.8693272921435614,TIME_LIMIT,618818,0,0,15,11
2,8,2.884914e6,-1.0445944084369176,-0.8693272921435614,TIME_LIMIT,618836,0,0,15,10
2,8,2.885003e6,-1.0445931818209406,-0.8693272921435614,TIME_LIMIT,618864,0,0,14,3
2,8,2.885042e6,-1.0445931818209406,-0.8693272921435614,TIME_LIMIT,618882,0,0,18,6
2,8,2.885157e6,-1.0445908607439136,-0.8693272921435614,TIME_LIMIT,618911,0,0,14,7
2,8,2.885284e6,-1.0445908607439136,-0.8693272921435614,TIME_LIMIT,618932,0,0,13,7
2,8,2.885388e6,-1.0445843266423789,-0.8693272921435614,TIME_LIMIT,618958,0,0,10,4
2,8,2.885488e6,-1.0445843266423789,-0.8693272921435614,TIME_LIMIT,618989,0,0,28,8
2,8,2.885588e6,-1.044583843782052,-0.8693272921435614,TIME_LIMIT,619012,0,0,15,5
2,8,2.885813e6,-1.044583843782052,-0.8693272921435614,TIME_LIMIT,619032,0,0,20,17
2,8,2.885941e6,-1.04458297157367,-0.8693272921435614,TIME_LIMIT,619065,0,0,14,7
2,8,2.886022e6,-1.04458297157367,-0.8693272921435614,TIME_LIMIT,619085,0,0,9,7
2,8,2.886094e6,-1.0445829343065745,-0.8693272921435614,TIME_LIMIT,619105,0,0,6,3
2,8,2.886177e6,-1.0445829343065745,-0.8693272921435614,TIME_LIMIT,619121,0,0,17,17
2,8,2.886282e6,-1.0445769174952093,-0.8693272921435614,TIME_LIMIT,619151,0,0,11,9
2,8,2.886507e6,-1.0445769174952093,-0.8693272921435614,TIME_LIMIT,619173,0,0,22,13
2,8,2.886652e6,-1.04457666108522,-0.8693272921435614,TIME_LIMIT,619207,0,0,26,11
2,8,2.886729e6,-1.04457666108522,-0.8693272921435614,TIME_LIMIT,619226,0,0,11,5
2,8,2.886759e6,-1.0445741366141577,-0.8693272921435614,TIME_LIMIT,619241,0,0,4,3
2,8,2.886917e6,-1.0445741366141577,-0.8693272921435614,TIME_LIMIT,619260,0,0,12,6
2,8,2.887061e6,-1.0445722337763934,-0.8693272921435614,TIME_LIMIT,619289,0,0,8,7
2,8,2.887224e6,-1.0445722337763934,-0.8693272921435614,TIME_LIMIT,619314,0,0,17,15
2,8,2.887446e6,-1.0445701400078913,-0.8693272921435614,TIME_LIMIT,619359,0,0,20,13
2,8,2.88752e6,-1.0445701400078913,-0.8693272921435614,TIME_LIMIT,619374,0,0,15,19
2,8,2.88769e6,-1.0445694766380957,-0.8693272921435614,TIME_LIMIT,619406,0,0,9,12
2,8,2.887871e6,-1.0445694766380957,-0.8693272921435614,TIME_LIMIT,619432,0,0,20,11
2,8,2.888093e6,-1.0445690879396003,-0.8693272921435614,TIME_LIMIT,619463,0,0,14,18
2,8,2.888182e6,-1.0445690879396003,-0.8693272921435614,TIME_LIMIT,619489,0,0,13,16
2,8,2.888312e6,-1.04456682352465,-0.8693272921435614,TIME_LIMIT,619518,0,0,10,9
2,8,2.888509e6,-1.04456682352465,-0.8693272921435614,TIME_LIMIT,619541,0,0,19,19
2,8,2.888667e6,-1.0445624365330555,-0.8693272921435614,TIME_LIMIT,619573,0,0,13,10
2,8,2.8888e6,-1.0445624365330555,-0.8693272921435614,TIME_LIMIT,619602,0,0,24,16
2,8,2.888986e6,-1.0445613624042047,-0.8693272921435614,TIME_LIMIT,619635,0,0,17,14
2,8,2.889177e6,-1.0445613624042047,-0.8693272921435614,TIME_LIMIT,619662,0,0,13,8
2,8,2.889388e6,-1.044553667592785,-0.8693272921435614,TIME_LIMIT,619698,0,0,18,14
2,8,2.889492e6,-1.044553667592785,-0.8693272921435614,TIME_LIMIT,619722,0,0,16,16
2,8,2.889543e6,-1.044544206462493,-0.8693272921435614,TIME_LIMIT,619742,0,0,6,5
2,8,2.889744e6,-1.044544206462493,-0.8693272921435614,TIME_LIMIT,619765,0,0,17,7
2,8,2.88988e6,-1.0445342136199731,-0.8693272921435614,TIME_LIMIT,619784,0,0,9,7
2,8,2.890023e6,-1.0445342136199731,-0.8693272921435614,TIME_LIMIT,619804,0,0,15,20
2,8,2.89012e6,-1.0445298705725228,-0.8693272921435614,TIME_LIMIT,619833,0,0,10,12
2,8,2.890225e6,-1.0445298705725228,-0.8693272921435614,TIME_LIMIT,619855,0,0,16,11
2,8,2.890348e6,-1.0445272579755165,-0.8693272921435614,TIME_LIMIT,619882,0,0,8,7
2,8,2.890433e6,-1.0445272579755165,-0.8693272921435614,TIME_LIMIT,619899,0,0,11,1
2,8,2.890474e6,-1.0445271944750194,-0.8693272921435614,TIME_LIMIT,619912,0,0,4,0
2,8,2.890689e6,-1.0445271944750194,-0.8693272921435614,TIME_LIMIT,619936,0,0,20,12
2,8,2.890786e6,-1.0445229701059948,-0.8693272921435614,TIME_LIMIT,619963,0,0,18,5
2,8,2.89083e6,-1.0445229701059948,-0.8693272921435614,TIME_LIMIT,619974,0,0,8,5
2,8,2.890885e6,-1.0445227886018738,-0.8693272921435614,TIME_LIMIT,619992,0,0,8,5
2,8,2.891113e6,-1.0445227886018738,-0.8693272921435614,TIME_LIMIT,620015,0,0,24,17
2,8,2.891268e6,-1.0445135172466382,-0.8693272921435614,TIME_LIMIT,620048,0,0,17,8
2,8,2.891501e6,-1.0445135172466382,-0.8693272921435614,TIME_LIMIT,620066,0,0,14,11
2,8,2.891553e6,-1.0445117319576087,-0.8693272921435614,TIME_LIMIT,620089,0,0,9,5
2,8,2.891701e6,-1.0445117319576087,-0.8693272921435614,TIME_LIMIT,620111,0,0,11,14
2,8,2.891748e6,-1.0445110733822607,-0.8693272921435614,TIME_LIMIT,620134,0,0,9,2
2,8,2.891965e6,-1.0445110733822607,-0.8693272921435614,TIME_LIMIT,620149,0,0,16,19
2,8,2.892132e6,-1.0445105034274562,-0.8693272921435614,TIME_LIMIT,620180,0,0,16,5
2,8,2.892213e6,-1.0445105034274562,-0.8693272921435614,TIME_LIMIT,620202,0,0,17,9
2,8,2.89229e6,-1.0445091748378363,-0.8693272921435614,TIME_LIMIT,620228,0,0,10,4
2,8,2.892369e6,-1.0445091748378363,-0.8693272921435614,TIME_LIMIT,620248,0,0,17,13
2,8,2.892477e6,-1.0445030287243335,-0.8693272921435614,TIME_LIMIT,620282,0,0,15,8
2,8,2.892691e6,-1.0445030287243335,-0.8693272921435614,TIME_LIMIT,620308,0,0,20,25
2,8,2.8928e6,-1.04449873708666,-0.8693272921435614,TIME_LIMIT,620336,0,0,10,4
2,8,2.892857e6,-1.04449873708666,-0.8693272921435614,TIME_LIMIT,620357,0,0,10,7
2,8,2.89291e6,-1.0444981517179162,-0.8693272921435614,TIME_LIMIT,620378,0,0,6,4
2,8,2.893064e6,-1.0444981517179162,-0.8693272921435614,TIME_LIMIT,620401,0,0,16,9
2,8,2.893157e6,-1.0444957030228008,-0.8693272921435614,TIME_LIMIT,620426,0,0,12,5
2,8,2.893316e6,-1.0444957030228008,-0.8693272921435614,TIME_LIMIT,620455,0,0,11,13
2,8,2.893436e6,-1.0444861150868612,-0.8693272921435614,TIME_LIMIT,620486,0,0,12,10
2,8,2.893533e6,-1.0444861150868612,-0.8693272921435614,TIME_LIMIT,620505,0,0,15,10
2,8,2.893591e6,-1.0444708705423804,-0.8693272921435614,TIME_LIMIT,620527,0,0,11,5
2,8,2.893671e6,-1.0444708705423804,-0.8693272921435614,TIME_LIMIT,620549,0,0,9,10
2,8,2.893736e6,-1.0444704534006584,-0.8693272921435614,TIME_LIMIT,620572,0,0,4,4
2,8,2.893945e6,-1.0444704534006584,-0.8693272921435614,TIME_LIMIT,620598,0,0,21,26
2,8,2.89417e6,-1.0444621182342906,-0.8693272921435614,TIME_LIMIT,620634,0,0,13,7
2,8,2.894345e6,-1.0444621182342906,-0.8693272921435614,TIME_LIMIT,620656,0,0,22,19
2,8,2.894511e6,-1.0444495607328113,-0.8693272921435614,TIME_LIMIT,620695,0,0,19,13
2,8,2.894629e6,-1.0444495607328113,-0.8693272921435614,TIME_LIMIT,620716,0,0,16,9
2,8,2.894816e6,-1.044449146730905,-0.8693272921435614,TIME_LIMIT,620746,0,0,11,6
2,8,2.894978e6,-1.044449146730905,-0.8693272921435614,TIME_LIMIT,620767,0,0,16,13
2,8,2.895077e6,-1.0444451195149629,-0.8693272921435614,TIME_LIMIT,620799,0,0,15,4
2,8,2.895127e6,-1.0444451195149629,-0.8693272921435614,TIME_LIMIT,620816,0,0,11,5
2,8,2.89517e6,-1.044444790870453,-0.8693272921435614,TIME_LIMIT,620839,0,0,12,1
2,8,2.895352e6,-1.044444790870453,-0.8693272921435614,TIME_LIMIT,620859,0,0,15,16
2,8,2.895573e6,-1.0444419957205304,-0.8693272921435614,TIME_LIMIT,620893,0,0,11,10
2,8,2.895717e6,-1.0444419957205304,-0.8693272921435614,TIME_LIMIT,620918,0,0,19,13
2,8,2.895907e6,-1.0444396049626752,-0.8693272921435614,TIME_LIMIT,620948,0,0,9,12
2,8,2.896041e6,-1.0444396049626752,-0.8693272921435614,TIME_LIMIT,620966,0,0,11,16
2,8,2.896263e6,-1.044438748675221,-0.8693272921435614,TIME_LIMIT,621005,0,0,21,6
2,8,2.896455e6,-1.044438748675221,-0.8693272921435614,TIME_LIMIT,621032,0,0,22,7
2,8,2.89665e6,-1.0444366220605956,-0.8693272921435614,TIME_LIMIT,621065,0,0,12,9
2,8,2.896825e6,-1.0444366220605956,-0.8693272921435614,TIME_LIMIT,621093,0,0,15,17
2,8,2.897034e6,-1.0444267676662637,-0.8693272921435614,TIME_LIMIT,621132,0,0,17,14
2,8,2.897245e6,-1.0444267676662637,-0.8693272921435614,TIME_LIMIT,621160,0,0,21,11
2,8,2.897362e6,-1.0444210397964286,-0.8693272921435614,TIME_LIMIT,621187,0,0,15,5
2,8,2.897471e6,-1.0444210397964286,-0.8693272921435614,TIME_LIMIT,621200,0,0,14,12
2,8,2.897597e6,-1.0444172297702141,-0.8693272921435614,TIME_LIMIT,621232,0,0,16,6
2,8,2.89765e6,-1.0444172297702141,-0.8693272921435614,TIME_LIMIT,621251,0,0,10,3
2,8,2.897681e6,-1.0444089550657984,-0.8693272921435614,TIME_LIMIT,621266,0,0,6,2
2,8,2.897767e6,-1.0444089550657984,-0.8693272921435614,TIME_LIMIT,621287,0,0,16,11
2,8,2.897909e6,-1.044408801516254,-0.8693272921435614,TIME_LIMIT,621320,0,0,14,14
2,8,2.898019e6,-1.044408801516254,-0.8693272921435614,TIME_LIMIT,621344,0,0,12,14
2,8,2.89814e6,-1.0444014363740481,-0.8693272921435614,TIME_LIMIT,621370,0,0,10,10
2,8,2.898189e6,-1.0444014363740481,-0.8693272921435614,TIME_LIMIT,621379,0,0,6,8
2,8,2.898235e6,-1.0444001058889956,-0.8693272921435614,TIME_LIMIT,621398,0,0,6,5
2,8,2.89841e6,-1.0444001058889956,-0.8693272921435614,TIME_LIMIT,621418,0,0,13,11
2,8,2.898497e6,-1.0443979512193544,-0.8693272921435614,TIME_LIMIT,621442,0,0,9,5
2,8,2.898686e6,-1.0443979512193544,-0.8693272921435614,TIME_LIMIT,621472,0,0,24,16
2,8,2.898767e6,-1.0443972631633218,-0.8693272921435614,TIME_LIMIT,621501,0,0,14,11
2,8,2.898854e6,-1.0443972631633218,-0.8693272921435614,TIME_LIMIT,621520,0,0,17,8
2,8,2.898894e6,-1.0443965564464257,-0.8693272921435614,TIME_LIMIT,621537,0,0,10,5
2,8,2.898996e6,-1.0443965564464257,-0.8693272921435614,TIME_LIMIT,621554,0,0,6,5
2,8,2.899055e6,-1.0443964763264688,-0.8693272921435614,TIME_LIMIT,621575,0,0,5,1
2,8,2.89916e6,-1.0443964763264688,-0.8693272921435614,TIME_LIMIT,621597,0,0,7,7
2,8,2.899339e6,-1.04438871048992,-0.8693272921435614,TIME_LIMIT,621629,0,0,9,7
2,8,2.89941e6,-1.04438871048992,-0.8693272921435614,TIME_LIMIT,621652,0,0,13,8
2,8,2.899575e6,-1.0443816677919933,-0.8693272921435614,TIME_LIMIT,621681,0,0,15,4
2,8,2.899711e6,-1.0443816677919933,-0.8693272921435614,TIME_LIMIT,621703,0,0,13,12
2,8,2.899777e6,-1.0443631309138814,-0.8693272921435614,TIME_LIMIT,621724,0,0,11,5
2,8,2.899886e6,-1.0443631309138814,-0.8693272921435614,TIME_LIMIT,621741,0,0,9,19
2,8,2.900017e6,-1.0443592455756079,-0.8693272921435614,TIME_LIMIT,621770,0,0,13,8
2,8,2.90024e6,-1.0443592455756079,-0.8693272921435614,TIME_LIMIT,621796,0,0,14,7
2,8,2.900324e6,-1.0443590497564326,-0.8693272921435614,TIME_LIMIT,621815,0,0,13,6
2,8,2.900419e6,-1.0443590497564326,-0.8693272921435614,TIME_LIMIT,621833,0,0,9,5
2,8,2.900527e6,-1.0443575259691997,-0.8693272921435614,TIME_LIMIT,621863,0,0,10,2
2,8,2.900618e6,-1.0443575259691997,-0.8693272921435614,TIME_LIMIT,621892,0,0,18,7
2,8,2.900722e6,-1.0443548474937585,-0.8693272921435614,TIME_LIMIT,621912,0,0,11,11
2,8,2.900851e6,-1.0443548474937585,-0.8693272921435614,TIME_LIMIT,621929,0,0,13,20
2,8,2.900962e6,-1.0443547370106252,-0.8693272921435614,TIME_LIMIT,621960,0,0,14,6
2,8,2.901057e6,-1.0443547370106252,-0.8693272921435614,TIME_LIMIT,621975,0,0,11,11
2,8,2.901269e6,-1.0443542112278235,-0.8693272921435614,TIME_LIMIT,622006,0,0,13,6
2,8,2.901329e6,-1.0443542112278235,-0.8693272921435614,TIME_LIMIT,622024,0,0,7,4
2,8,2.90138e6,-1.0443518638506402,-0.8693272921435614,TIME_LIMIT,622044,0,0,10,7
2,8,2.901446e6,-1.0443518638506402,-0.8693272921435614,TIME_LIMIT,622063,0,0,17,7
2,8,2.901617e6,-1.0443471546625807,-0.8693272921435614,TIME_LIMIT,622095,0,0,12,6
2,8,2.901696e6,-1.0443471546625807,-0.8693272921435614,TIME_LIMIT,622117,0,0,8,8
2,8,2.901872e6,-1.0443340704607862,-0.8693272921435614,TIME_LIMIT,622146,0,0,14,6
2,8,2.902093e6,-1.0443340704607862,-0.8693272921435614,TIME_LIMIT,622172,0,0,16,14
2,8,2.902189e6,-1.0443333060769247,-0.8693272921435614,TIME_LIMIT,622192,0,0,15,3
2,8,2.90241e6,-1.0443333060769247,-0.8693272921435614,TIME_LIMIT,622216,0,0,17,9
2,8,2.902456e6,-1.044329362226056,-0.8693272921435614,TIME_LIMIT,622236,0,0,9,4
2,8,2.902669e6,-1.044329362226056,-0.8693272921435614,TIME_LIMIT,622262,0,0,22,17
2,8,2.902889e6,-1.0443286387923747,-0.8693272921435614,TIME_LIMIT,622295,0,0,16,9
2,8,2.902946e6,-1.0443286387923747,-0.8693272921435614,TIME_LIMIT,622312,0,0,13,14
2,8,2.903081e6,-1.0443264042549336,-0.8693272921435614,TIME_LIMIT,622343,0,0,4,4
2,8,2.903177e6,-1.0443264042549336,-0.8693272921435614,TIME_LIMIT,622362,0,0,15,11
2,8,2.903232e6,-1.0443226948291904,-0.8693272921435614,TIME_LIMIT,622386,0,0,9,4
2,8,2.903417e6,-1.0443226948291904,-0.8693272921435614,TIME_LIMIT,622414,0,0,24,12
2,8,2.903533e6,-1.0443212430381692,-0.8693272921435614,TIME_LIMIT,622450,0,0,15,8
2,8,2.903662e6,-1.0443212430381692,-0.8693272921435614,TIME_LIMIT,622476,0,0,16,19
2,8,2.903758e6,-1.0443195983149902,-0.8693272921435614,TIME_LIMIT,622506,0,0,12,5
2,8,2.903914e6,-1.0443195983149902,-0.8693272921435614,TIME_LIMIT,622532,0,0,14,13
2,8,2.904152e6,-1.0443189972901274,-0.8693272921435614,TIME_LIMIT,622557,0,0,19,16
2,8,2.904284e6,-1.0443189972901274,-0.8693272921435614,TIME_LIMIT,622579,0,0,12,5
2,8,2.904339e6,-1.04431891585117,-0.8693272921435614,TIME_LIMIT,622595,0,0,8,5
2,8,2.904479e6,-1.04431891585117,-0.8693272921435614,TIME_LIMIT,622609,0,0,8,8
2,8,2.904577e6,-1.044313272527312,-0.8693272921435614,TIME_LIMIT,622640,0,0,9,4
2,8,2.904663e6,-1.044313272527312,-0.8693272921435614,TIME_LIMIT,622661,0,0,12,11
2,8,2.904723e6,-1.0443125879942068,-0.8693272921435614,TIME_LIMIT,622681,0,0,3,3
2,8,2.904904e6,-1.0443125879942068,-0.8693272921435614,TIME_LIMIT,622700,0,0,18,13
2,8,2.905001e6,-1.0443104759425201,-0.8693272921435614,TIME_LIMIT,622729,0,0,12,7
2,8,2.905088e6,-1.0443104759425201,-0.8693272921435614,TIME_LIMIT,622747,0,0,15,13
2,8,2.905183e6,-1.0443053353293956,-0.8693272921435614,TIME_LIMIT,622759,0,0,11,3
2,8,2.905404e6,-1.0443053353293956,-0.8693272921435614,TIME_LIMIT,622775,0,0,13,23
2,8,2.905622e6,-1.0443048946456859,-0.8693272921435614,TIME_LIMIT,622809,0,0,14,8
2,8,2.905809e6,-1.0443048946456859,-0.8693272921435614,TIME_LIMIT,622836,0,0,18,8
2,8,2.905864e6,-1.0443039264692398,-0.8693272921435614,TIME_LIMIT,622861,0,0,9,6
2,8,2.906009e6,-1.0443039264692398,-0.8693272921435614,TIME_LIMIT,622889,0,0,18,18
2,8,2.906234e6,-1.0442988515755873,-0.8693272921435614,TIME_LIMIT,622929,0,0,15,23
2,8,2.906431e6,-1.0442988515755873,-0.8693272921435614,TIME_LIMIT,622959,0,0,16,31
2,8,2.906554e6,-1.0442874576221244,-0.8693272921435614,TIME_LIMIT,622989,0,0,14,10
2,8,2.90661e6,-1.0442874576221244,-0.8693272921435614,TIME_LIMIT,623004,0,0,15,7
2,8,2.906736e6,-1.0442871661961037,-0.8693272921435614,TIME_LIMIT,623028,0,0,8,3
2,8,2.90684e6,-1.0442871661961037,-0.8693272921435614,TIME_LIMIT,623050,0,0,11,7
2,8,2.906901e6,-1.0442791518650996,-0.8693272921435614,TIME_LIMIT,623073,0,0,3,5
2,8,2.906953e6,-1.0442791518650996,-0.8693272921435614,TIME_LIMIT,623094,0,0,6,8
2,8,2.907018e6,-1.0442679288613874,-0.8693272921435614,TIME_LIMIT,623108,0,0,8,1
2,8,2.907134e6,-1.0442679288613874,-0.8693272921435614,TIME_LIMIT,623127,0,0,10,17
2,8,2.907361e6,-1.044263220186083,-0.8693272921435614,TIME_LIMIT,623166,0,0,15,11
2,8,2.90759e6,-1.044263220186083,-0.8693272921435614,TIME_LIMIT,623189,0,0,21,20
2,8,2.90781e6,-1.0442629836210844,-0.8693272921435614,TIME_LIMIT,623225,0,0,21,10
2,8,2.907858e6,-1.0442629836210844,-0.8693272921435614,TIME_LIMIT,623244,0,0,10,4
2,8,2.907883e6,-1.0442573376028372,-0.8693272921435614,TIME_LIMIT,623256,0,0,3,3
2,8,2.907989e6,-1.0442573376028372,-0.8693272921435614,TIME_LIMIT,623281,0,0,17,14
2,8,2.908074e6,-1.0442523973162166,-0.8693272921435614,TIME_LIMIT,623300,0,0,14,17
2,8,2.908179e6,-1.0442523973162166,-0.8693272921435614,TIME_LIMIT,623317,0,0,10,13
2,8,2.908341e6,-1.0442486779259954,-0.8693272921435614,TIME_LIMIT,623348,0,0,15,8
2,8,2.908424e6,-1.0442486779259954,-0.8693272921435614,TIME_LIMIT,623368,0,0,11,6
2,8,2.908524e6,-1.0442479533099107,-0.8693272921435614,TIME_LIMIT,623390,0,0,8,7
2,8,2.908667e6,-1.0442479533099107,-0.8693272921435614,TIME_LIMIT,623418,0,0,17,14
2,8,2.908768e6,-1.0442449621377525,-0.8693272921435614,TIME_LIMIT,623441,0,0,19,6
2,8,2.908936e6,-1.0442449621377525,-0.8693272921435614,TIME_LIMIT,623463,0,0,13,14
2,8,2.909059e6,-1.0442418697576885,-0.8693272921435614,TIME_LIMIT,623492,0,0,11,6
2,8,2.909152e6,-1.0442418697576885,-0.8693272921435614,TIME_LIMIT,623506,0,0,6,7
2,8,2.909282e6,-1.0442302004353199,-0.8693272921435614,TIME_LIMIT,623535,0,0,5,5
2,8,2.90933e6,-1.0442302004353199,-0.8693272921435614,TIME_LIMIT,623553,0,0,11,12
2,8,2.909364e6,-1.044226214120621,-0.8693272921435614,TIME_LIMIT,623568,0,0,5,2
2,8,2.909454e6,-1.044226214120621,-0.8693272921435614,TIME_LIMIT,623596,0,0,17,9
2,8,2.909526e6,-1.0442106715794002,-0.8693272921435614,TIME_LIMIT,623616,0,0,10,13
2,8,2.909656e6,-1.0442106715794002,-0.8693272921435614,TIME_LIMIT,623637,0,0,18,19
2,8,2.909887e6,-1.044209854020595,-0.8693272921435614,TIME_LIMIT,623670,0,0,16,7
2,8,2.909979e6,-1.044209854020595,-0.8693272921435614,TIME_LIMIT,623693,0,0,11,10
2,8,2.91013e6,-1.0442074193498618,-0.8693272921435614,TIME_LIMIT,623725,0,0,7,10
2,8,2.910357e6,-1.0442074193498618,-0.8693272921435614,TIME_LIMIT,623750,0,0,14,12
2,8,2.910583e6,-1.0442071338927306,-0.8693272921435614,TIME_LIMIT,623778,0,0,14,7
2,8,2.910806e6,-1.0442071338927306,-0.8693272921435614,TIME_LIMIT,623804,0,0,18,13
2,8,2.911025e6,-1.0442024098967302,-0.8693272921435614,TIME_LIMIT,623828,0,0,15,17
2,8,2.911244e6,-1.0442024098967302,-0.8693272921435614,TIME_LIMIT,623848,0,0,15,17
2,8,2.911463e6,-1.0442014999406908,-0.8693272921435614,TIME_LIMIT,623874,0,0,12,13
2,8,2.911615e6,-1.0442014999406908,-0.8693272921435614,TIME_LIMIT,623899,0,0,22,14
2,8,2.911743e6,-1.0441980605084114,-0.8693272921435614,TIME_LIMIT,623926,0,0,5,7
2,8,2.911905e6,-1.0441980605084114,-0.8693272921435614,TIME_LIMIT,623950,0,0,21,11
2,8,2.912086e6,-1.0441962824723667,-0.8693272921435614,TIME_LIMIT,623980,0,0,9,10
2,8,2.912133e6,-1.0441962824723667,-0.8693272921435614,TIME_LIMIT,623996,0,0,8,9
2,8,2.912178e6,-1.0441885688660402,-0.8693272921435614,TIME_LIMIT,624011,0,0,2,3
2,8,2.91228e6,-1.0441885688660402,-0.8693272921435614,TIME_LIMIT,624034,0,0,5,12
2,8,2.91242e6,-1.0441882324873035,-0.8693272921435614,TIME_LIMIT,624058,0,0,10,5
2,8,2.912567e6,-1.0441882324873035,-0.8693272921435614,TIME_LIMIT,624087,0,0,18,21
2,8,2.912761e6,-1.0441843704570126,-0.8693272921435614,TIME_LIMIT,624116,0,0,20,18
2,8,2.912993e6,-1.0441843704570126,-0.8693272921435614,TIME_LIMIT,624135,0,0,14,14
2,8,2.913143e6,-1.0441810238394535,-0.8693272921435614,TIME_LIMIT,624166,0,0,13,10
2,8,2.913231e6,-1.0441810238394535,-0.8693272921435614,TIME_LIMIT,624186,0,0,21,19
2,8,2.913419e6,-1.0441776978245518,-0.8693272921435614,TIME_LIMIT,624226,0,0,9,6
2,8,2.913566e6,-1.0441776978245518,-0.8693272921435614,TIME_LIMIT,624250,0,0,19,13
2,8,2.913681e6,-1.0441753576307131,-0.8693272921435614,TIME_LIMIT,624282,0,0,14,13
2,8,2.91375e6,-1.0441753576307131,-0.8693272921435614,TIME_LIMIT,624296,0,0,17,7
2,8,2.913828e6,-1.0441751732447697,-0.8693272921435614,TIME_LIMIT,624323,0,0,14,7
2,8,2.914039e6,-1.0441751732447697,-0.8693272921435614,TIME_LIMIT,624346,0,0,15,16
2,8,2.914207e6,-1.0441721885774728,-0.8693272921435614,TIME_LIMIT,624367,0,0,12,5
2,8,2.914284e6,-1.0441721885774728,-0.8693272921435614,TIME_LIMIT,624385,0,0,7,5
2,8,2.91441e6,-1.0441678989321614,-0.8693272921435614,TIME_LIMIT,624416,0,0,12,10
2,8,2.914596e6,-1.0441678989321614,-0.8693272921435614,TIME_LIMIT,624444,0,0,13,10
2,8,2.914676e6,-1.0441626997023203,-0.8693272921435614,TIME_LIMIT,624465,0,0,13,8
2,8,2.914768e6,-1.0441626997023203,-0.8693272921435614,TIME_LIMIT,624483,0,0,18,10
2,8,2.914905e6,-1.0441579435646249,-0.8693272921435614,TIME_LIMIT,624507,0,0,12,6
2,8,2.915011e6,-1.0441579435646249,-0.8693272921435614,TIME_LIMIT,624530,0,0,15,8
2,8,2.915235e6,-1.044157856708074,-0.8693272921435614,TIME_LIMIT,624558,0,0,11,5
2,8,2.915372e6,-1.044157856708074,-0.8693272921435614,TIME_LIMIT,624576,0,0,8,8
2,8,2.915476e6,-1.044156458469425,-0.8693272921435614,TIME_LIMIT,624598,0,0,9,4
2,8,2.91561e6,-1.044156458469425,-0.8693272921435614,TIME_LIMIT,624619,0,0,13,11
2,8,2.915844e6,-1.0441556873365363,-0.8693272921435614,TIME_LIMIT,624648,0,0,12,4
2,8,2.916056e6,-1.0441556873365363,-0.8693272921435614,TIME_LIMIT,624679,0,0,18,19
2,8,2.916206e6,-1.0441544023804303,-0.8693272921435614,TIME_LIMIT,624716,0,0,20,9
2,8,2.916297e6,-1.0441544023804303,-0.8693272921435614,TIME_LIMIT,624734,0,0,9,6
2,8,2.916375e6,-1.0441519292323855,-0.8693272921435614,TIME_LIMIT,624758,0,0,10,8
2,8,2.916447e6,-1.0441519292323855,-0.8693272921435614,TIME_LIMIT,624778,0,0,14,7
2,8,2.916594e6,-1.0441478197166907,-0.8693272921435614,TIME_LIMIT,624809,0,0,7,6
2,8,2.916689e6,-1.0441478197166907,-0.8693272921435614,TIME_LIMIT,624828,0,0,11,9
2,8,2.916758e6,-1.0441439145439984,-0.8693272921435614,TIME_LIMIT,624857,0,0,13,5
2,8,2.916978e6,-1.0441439145439984,-0.8693272921435614,TIME_LIMIT,624876,0,0,15,13
2,8,2.917078e6,-1.0441406555216681,-0.8693272921435614,TIME_LIMIT,624904,0,0,12,5
2,8,2.917176e6,-1.0441406555216681,-0.8693272921435614,TIME_LIMIT,624926,0,0,17,24
2,8,2.917385e6,-1.0441324815831794,-0.8693272921435614,TIME_LIMIT,624961,0,0,17,4
2,8,2.917501e6,-1.0441324815831794,-0.8693272921435614,TIME_LIMIT,624983,0,0,16,17
2,8,2.917639e6,-1.0441303447562738,-0.8693272921435614,TIME_LIMIT,625014,0,0,10,5
2,8,2.917716e6,-1.0441303447562738,-0.8693272921435614,TIME_LIMIT,625035,0,0,16,10
2,8,2.91779e6,-1.0441303317892183,-0.8693272921435614,TIME_LIMIT,625063,0,0,12,5
2,8,2.917846e6,-1.0441303317892183,-0.8693272921435614,TIME_LIMIT,625076,0,0,6,3
2,8,2.917911e6,-1.0441280690704962,-0.8693272921435614,TIME_LIMIT,625098,0,0,2,0
2,8,2.918128e6,-1.0441280690704962,-0.8693272921435614,TIME_LIMIT,625122,0,0,23,28
2,8,2.918351e6,-1.0441222592210253,-0.8693272921435614,TIME_LIMIT,625154,0,0,17,12
2,8,2.918429e6,-1.0441222592210253,-0.8693272921435614,TIME_LIMIT,625167,0,0,7,6
2,8,2.918513e6,-1.0441128529712052,-0.8693272921435614,TIME_LIMIT,625189,0,0,9,7
2,8,2.918607e6,-1.0441128529712052,-0.8693272921435614,TIME_LIMIT,625205,0,0,6,14
2,8,2.918685e6,-1.044112478249788,-0.8693272921435614,TIME_LIMIT,625238,0,0,15,7
2,8,2.918822e6,-1.044112478249788,-0.8693272921435614,TIME_LIMIT,625266,0,0,18,12
2,8,2.919058e6,-1.0441100969620023,-0.8693272921435614,TIME_LIMIT,625290,0,0,18,10
2,8,2.919245e6,-1.0441100969620023,-0.8693272921435614,TIME_LIMIT,625312,0,0,13,12
2,8,2.919391e6,-1.044107995463263,-0.8693272921435614,TIME_LIMIT,625339,0,0,13,4
2,8,2.919446e6,-1.044107995463263,-0.8693272921435614,TIME_LIMIT,625364,0,0,22,10
2,8,2.919533e6,-1.0441056568391485,-0.8693272921435614,TIME_LIMIT,625390,0,0,13,6
2,8,2.919632e6,-1.0441056568391485,-0.8693272921435614,TIME_LIMIT,625410,0,0,8,7
2,8,2.919695e6,-1.044103420135564,-0.8693272921435614,TIME_LIMIT,625427,0,0,12,4
2,8,2.919872e6,-1.044103420135564,-0.8693272921435614,TIME_LIMIT,625452,0,0,7,22
2,8,2.920017e6,-1.0440981940534078,-0.8693272921435614,TIME_LIMIT,625481,0,0,9,6
2,8,2.920185e6,-1.0440981940534078,-0.8693272921435614,TIME_LIMIT,625508,0,0,22,22
2,8,2.920302e6,-1.0440948613511694,-0.8693272921435614,TIME_LIMIT,625534,0,0,9,4
2,8,2.920433e6,-1.0440948613511694,-0.8693272921435614,TIME_LIMIT,625558,0,0,12,18
2,8,2.920475e6,-1.0440919502562722,-0.8693272921435614,TIME_LIMIT,625576,0,0,6,3
2,8,2.920687e6,-1.0440919502562722,-0.8693272921435614,TIME_LIMIT,625598,0,0,20,16
2,8,2.920789e6,-1.0440888441020955,-0.8693272921435614,TIME_LIMIT,625630,0,0,13,6
2,8,2.920901e6,-1.0440888441020955,-0.8693272921435614,TIME_LIMIT,625645,0,0,10,10
2,8,2.920991e6,-1.0440859673506342,-0.8693272921435614,TIME_LIMIT,625671,0,0,8,10
2,8,2.921041e6,-1.0440859673506342,-0.8693272921435614,TIME_LIMIT,625687,0,0,12,10
2,8,2.921085e6,-1.0440852457249674,-0.8693272921435614,TIME_LIMIT,625706,0,0,5,6
2,8,2.921291e6,-1.0440852457249674,-0.8693272921435614,TIME_LIMIT,625726,0,0,17,20
2,8,2.921513e6,-1.0440836418201633,-0.8693272921435614,TIME_LIMIT,625756,0,0,14,6
2,8,2.921611e6,-1.0440836418201633,-0.8693272921435614,TIME_LIMIT,625779,0,0,15,7
2,8,2.921659e6,-1.0440810370217242,-0.8693272921435614,TIME_LIMIT,625796,0,0,4,1
2,8,2.921772e6,-1.0440810370217242,-0.8693272921435614,TIME_LIMIT,625819,0,0,12,5
2,8,2.921817e6,-1.0440805290241102,-0.8693272921435614,TIME_LIMIT,625839,0,0,9,1
2,8,2.92202e6,-1.0440805290241102,-0.8693272921435614,TIME_LIMIT,625870,0,0,16,25
2,8,2.922255e6,-1.0440683579736798,-0.8693272921435614,TIME_LIMIT,625903,0,0,12,8
2,8,2.922344e6,-1.0440683579736798,-0.8693272921435614,TIME_LIMIT,625924,0,0,15,12
2,8,2.92248e6,-1.044067489957702,-0.8693272921435614,TIME_LIMIT,625953,0,0,13,9
2,8,2.922542e6,-1.044067489957702,-0.8693272921435614,TIME_LIMIT,625969,0,0,14,23
2,8,2.922592e6,-1.0440667708034397,-0.8693272921435614,TIME_LIMIT,625990,0,0,8,4
2,8,2.922714e6,-1.0440667708034397,-0.8693272921435614,TIME_LIMIT,626017,0,0,10,6
2,8,2.922765e6,-1.0440604300591882,-0.8693272921435614,TIME_LIMIT,626037,0,0,5,1
2,8,2.922976e6,-1.0440604300591882,-0.8693272921435614,TIME_LIMIT,626064,0,0,12,17
2,8,2.923193e6,-1.0440518869502606,-0.8693272921435614,TIME_LIMIT,626087,0,0,12,5
2,8,2.923411e6,-1.0440518869502606,-0.8693272921435614,TIME_LIMIT,626120,0,0,12,2
2,8,2.923628e6,-1.0440501951490897,-0.8693272921435614,TIME_LIMIT,626144,0,0,19,12
2,8,2.923734e6,-1.0440501951490897,-0.8693272921435614,TIME_LIMIT,626167,0,0,12,12
2,8,2.923945e6,-1.0440365885876808,-0.8693272921435614,TIME_LIMIT,626205,0,0,13,7
2,8,2.924027e6,-1.0440365885876808,-0.8693272921435614,TIME_LIMIT,626227,0,0,12,10
2,8,2.92415e6,-1.0440309145820867,-0.8693272921435614,TIME_LIMIT,626255,0,0,7,5
2,8,2.924214e6,-1.0440309145820867,-0.8693272921435614,TIME_LIMIT,626273,0,0,9,7
2,8,2.92426e6,-1.04403046006388,-0.8693272921435614,TIME_LIMIT,626291,0,0,5,5
2,8,2.924454e6,-1.04403046006388,-0.8693272921435614,TIME_LIMIT,626322,0,0,24,32
2,8,2.924638e6,-1.0440228484112406,-0.8693272921435614,TIME_LIMIT,626358,0,0,19,10
2,8,2.924679e6,-1.0440228484112406,-0.8693272921435614,TIME_LIMIT,626366,0,0,6,0
2,8,2.924708e6,-1.0440220736286756,-0.8693272921435614,TIME_LIMIT,626380,0,0,5,2
2,8,2.924799e6,-1.0440220736286756,-0.8693272921435614,TIME_LIMIT,626396,0,0,10,8
2,8,2.924911e6,-1.0440202869104906,-0.8693272921435614,TIME_LIMIT,626422,0,0,10,4
2,8,2.925059e6,-1.0440202869104906,-0.8693272921435614,TIME_LIMIT,626448,0,0,13,18
2,8,2.925113e6,-1.0440187846713282,-0.8693272921435614,TIME_LIMIT,626472,0,0,6,3
2,8,2.92514e6,-1.0440187846713282,-0.8693272921435614,TIME_LIMIT,626484,0,0,4,9
2,8,2.925188e6,-1.0440079985014425,-0.8693272921435614,TIME_LIMIT,626503,0,0,7,3
2,8,2.92531e6,-1.0440079985014425,-0.8693272921435614,TIME_LIMIT,626532,0,0,20,10
2,8,2.925391e6,-1.044006490620764,-0.8693272921435614,TIME_LIMIT,626561,0,0,12,8
2,8,2.9255e6,-1.044006490620764,-0.8693272921435614,TIME_LIMIT,626578,0,0,13,22
2,8,2.925627e6,-1.0440060603422174,-0.8693272921435614,TIME_LIMIT,626605,0,0,10,6
2,8,2.925838e6,-1.0440060603422174,-0.8693272921435614,TIME_LIMIT,626623,0,0,13,18
2,8,2.925925e6,-1.044003675916685,-0.8693272921435614,TIME_LIMIT,626648,0,0,8,7
2,8,2.926094e6,-1.044003675916685,-0.8693272921435614,TIME_LIMIT,626679,0,0,22,11
2,8,2.926222e6,-1.0439991214509412,-0.8693272921435614,TIME_LIMIT,626715,0,0,16,6
2,8,2.926272e6,-1.0439991214509412,-0.8693272921435614,TIME_LIMIT,626731,0,0,8,2
2,8,2.926314e6,-1.0439968080220854,-0.8693272921435614,TIME_LIMIT,626749,0,0,4,3
2,8,2.926488e6,-1.0439968080220854,-0.8693272921435614,TIME_LIMIT,626780,0,0,28,13
2,8,2.926678e6,-1.0439935644802252,-0.8693272921435614,TIME_LIMIT,626811,0,0,15,5
2,8,2.926793e6,-1.0439935644802252,-0.8693272921435614,TIME_LIMIT,626826,0,0,14,5
2,8,2.926883e6,-1.0439920816996684,-0.8693272921435614,TIME_LIMIT,626849,0,0,8,3
2,8,2.927095e6,-1.0439920816996684,-0.8693272921435614,TIME_LIMIT,626880,0,0,17,13
2,8,2.927262e6,-1.0439873549772059,-0.8693272921435614,TIME_LIMIT,626912,0,0,8,13
2,8,2.927378e6,-1.0439873549772059,-0.8693272921435614,TIME_LIMIT,626938,0,0,18,13
2,8,2.927511e6,-1.043983203705139,-0.8693272921435614,TIME_LIMIT,626968,0,0,14,13
2,8,2.927731e6,-1.043983203705139,-0.8693272921435614,TIME_LIMIT,626987,0,0,10,8
2,8,2.927807e6,-1.0439807085892507,-0.8693272921435614,TIME_LIMIT,627015,0,0,11,9
2,8,2.927972e6,-1.0439807085892507,-0.8693272921435614,TIME_LIMIT,627039,0,0,20,4
2,8,2.928044e6,-1.0439792256124139,-0.8693272921435614,TIME_LIMIT,627059,0,0,11,7
2,8,2.928107e6,-1.0439792256124139,-0.8693272921435614,TIME_LIMIT,627081,0,0,10,6
2,8,2.92816e6,-1.0439699926298054,-0.8693272921435614,TIME_LIMIT,627096,0,0,8,7
2,8,2.928237e6,-1.0439699926298054,-0.8693272921435614,TIME_LIMIT,627112,0,0,14,9
2,8,2.928279e6,-1.0439663861825608,-0.8693272921435614,TIME_LIMIT,627134,0,0,8,2
2,8,2.928334e6,-1.0439663861825608,-0.8693272921435614,TIME_LIMIT,627152,0,0,13,7
2,8,2.928452e6,-1.0439621610884688,-0.8693272921435614,TIME_LIMIT,627177,0,0,8,4
2,8,2.928582e6,-1.0439621610884688,-0.8693272921435614,TIME_LIMIT,627202,0,0,15,28
2,8,2.928801e6,-1.0439580634486556,-0.8693272921435614,TIME_LIMIT,627237,0,0,16,7
2,8,2.928964e6,-1.0439580634486556,-0.8693272921435614,TIME_LIMIT,627265,0,0,19,17
2,8,2.929181e6,-1.0439561618815083,-0.8693272921435614,TIME_LIMIT,627301,0,0,15,8
2,8,2.929324e6,-1.0439561618815083,-0.8693272921435614,TIME_LIMIT,627318,0,0,5,13
2,8,2.929469e6,-1.0439538440920695,-0.8693272921435614,TIME_LIMIT,627344,0,0,10,6
2,8,2.929688e6,-1.0439538440920695,-0.8693272921435614,TIME_LIMIT,627365,0,0,11,22
2,8,2.9299e6,-1.043952759202596,-0.8693272921435614,TIME_LIMIT,627399,0,0,18,10
2,8,2.930088e6,-1.043952759202596,-0.8693272921435614,TIME_LIMIT,627427,0,0,9,16
2,8,2.930284e6,-1.0439516613748112,-0.8693272921435614,TIME_LIMIT,627458,0,0,5,7
2,8,2.930377e6,-1.0439516613748112,-0.8693272921435614,TIME_LIMIT,627479,0,0,10,7
2,8,2.930471e6,-1.0439484816961264,-0.8693272921435614,TIME_LIMIT,627505,0,0,12,6
2,8,2.930559e6,-1.0439484816961264,-0.8693272921435614,TIME_LIMIT,627522,0,0,8,6
2,8,2.930591e6,-1.0439476917956294,-0.8693272921435614,TIME_LIMIT,627539,0,0,5,3
2,8,2.930693e6,-1.0439476917956294,-0.8693272921435614,TIME_LIMIT,627560,0,0,10,8
2,8,2.930839e6,-1.0439469868265177,-0.8693272921435614,TIME_LIMIT,627593,0,0,17,4
2,8,2.931065e6,-1.0439469868265177,-0.8693272921435614,TIME_LIMIT,627615,0,0,18,16
2,8,2.931284e6,-1.043937960247274,-0.8693272921435614,TIME_LIMIT,627651,0,0,17,11
2,8,2.931432e6,-1.043937960247274,-0.8693272921435614,TIME_LIMIT,627673,0,0,15,12
2,8,2.931598e6,-1.043917981580858,-0.8693272921435614,TIME_LIMIT,627702,0,0,6,6
2,8,2.93171e6,-1.043917981580858,-0.8693272921435614,TIME_LIMIT,627726,0,0,10,8
2,8,2.931858e6,-1.0439160598933375,-0.8693272921435614,TIME_LIMIT,627748,0,0,16,7
2,8,2.931963e6,-1.0439160598933375,-0.8693272921435614,TIME_LIMIT,627772,0,0,20,16
2,8,2.932054e6,-1.0439152000873364,-0.8693272921435614,TIME_LIMIT,627803,0,0,16,6
2,8,2.932272e6,-1.0439152000873364,-0.8693272921435614,TIME_LIMIT,627829,0,0,13,22
2,8,2.932408e6,-1.0439129231950701,-0.8693272921435614,TIME_LIMIT,627858,0,0,8,11
2,8,2.932553e6,-1.0439129231950701,-0.8693272921435614,TIME_LIMIT,627882,0,0,12,12
2,8,2.932693e6,-1.0439102946027112,-0.8693272921435614,TIME_LIMIT,627913,0,0,12,13
2,8,2.932894e6,-1.0439102946027112,-0.8693272921435614,TIME_LIMIT,627942,0,0,24,12
2,8,2.93311e6,-1.0439100644818933,-0.8693272921435614,TIME_LIMIT,627975,0,0,15,9
2,8,2.933193e6,-1.0439100644818933,-0.8693272921435614,TIME_LIMIT,627997,0,0,12,4
2,8,2.93325e6,-1.04390763262325,-0.8693272921435614,TIME_LIMIT,628023,0,0,14,4
2,8,2.933352e6,-1.04390763262325,-0.8693272921435614,TIME_LIMIT,628043,0,0,16,19
2,8,2.933569e6,-1.0439071252795231,-0.8693272921435614,TIME_LIMIT,628069,0,0,12,10
2,8,2.933657e6,-1.0439071252795231,-0.8693272921435614,TIME_LIMIT,628090,0,0,16,12
2,8,2.933731e6,-1.0439042771228735,-0.8693272921435614,TIME_LIMIT,628120,0,0,15,6
2,8,2.933787e6,-1.0439042771228735,-0.8693272921435614,TIME_LIMIT,628133,0,0,9,15
2,8,2.933837e6,-1.0439010725370999,-0.8693272921435614,TIME_LIMIT,628151,0,0,7,5
2,8,2.933908e6,-1.0439010725370999,-0.8693272921435614,TIME_LIMIT,628170,0,0,14,4
2,8,2.933965e6,-1.04390011448664,-0.8693272921435614,TIME_LIMIT,628192,0,0,11,5
2,8,2.934012e6,-1.04390011448664,-0.8693272921435614,TIME_LIMIT,628209,0,0,11,8
2,8,2.934079e6,-1.0439000650568522,-0.8693272921435614,TIME_LIMIT,628229,0,0,7,3
2,8,2.93416e6,-1.0439000650568522,-0.8693272921435614,TIME_LIMIT,628245,0,0,7,13
2,8,2.934216e6,-1.0438995306076422,-0.8693272921435614,TIME_LIMIT,628267,0,0,7,0
2,8,2.934268e6,-1.0438995306076422,-0.8693272921435614,TIME_LIMIT,628282,0,0,8,8
2,8,2.93434e6,-1.04389206247294,-0.8693272921435614,TIME_LIMIT,628303,0,0,11,7
2,8,2.934423e6,-1.04389206247294,-0.8693272921435614,TIME_LIMIT,628325,0,0,20,9
2,8,2.934551e6,-1.043887739528563,-0.8693272921435614,TIME_LIMIT,628359,0,0,13,9
2,8,2.934635e6,-1.043887739528563,-0.8693272921435614,TIME_LIMIT,628379,0,0,12,9
2,8,2.934688e6,-1.0438837812155997,-0.8693272921435614,TIME_LIMIT,628403,0,0,7,4
2,8,2.934907e6,-1.0438837812155997,-0.8693272921435614,TIME_LIMIT,628424,0,0,16,25
2,8,2.935127e6,-1.0438836086664756,-0.8693272921435614,TIME_LIMIT,628456,0,0,10,12
2,8,2.93526e6,-1.0438836086664756,-0.8693272921435614,TIME_LIMIT,628484,0,0,14,10
2,8,2.935346e6,-1.0438779499068473,-0.8693272921435614,TIME_LIMIT,628506,0,0,15,13
2,8,2.935413e6,-1.0438779499068473,-0.8693272921435614,TIME_LIMIT,628528,0,0,11,9
2,8,2.935478e6,-1.0438758617398305,-0.8693272921435614,TIME_LIMIT,628544,0,0,4,3
2,8,2.935637e6,-1.0438758617398305,-0.8693272921435614,TIME_LIMIT,628570,0,0,18,15
2,8,2.93569e6,-1.043874769953013,-0.8693272921435614,TIME_LIMIT,628597,0,0,13,4
2,8,2.93589e6,-1.043874769953013,-0.8693272921435614,TIME_LIMIT,628620,0,0,20,34
2,8,2.936013e6,-1.0438712679737416,-0.8693272921435614,TIME_LIMIT,628655,0,0,14,10
2,8,2.93624e6,-1.0438712679737416,-0.8693272921435614,TIME_LIMIT,628680,0,0,23,21
2,8,2.936456e6,-1.04386547630574,-0.8693272921435614,TIME_LIMIT,628713,0,0,17,8
2,8,2.936676e6,-1.04386547630574,-0.8693272921435614,TIME_LIMIT,628746,0,0,25,13
2,8,2.936804e6,-1.043864496392614,-0.8693272921435614,TIME_LIMIT,628781,0,0,18,8
2,8,2.936913e6,-1.043864496392614,-0.8693272921435614,TIME_LIMIT,628805,0,0,7,12
2,8,2.937099e6,-1.0438615302705099,-0.8693272921435614,TIME_LIMIT,628838,0,0,15,11
2,8,2.937159e6,-1.0438615302705099,-0.8693272921435614,TIME_LIMIT,628857,0,0,16,18
2,8,2.937257e6,-1.0438611422365751,-0.8693272921435614,TIME_LIMIT,628887,0,0,11,7
2,8,2.937373e6,-1.0438611422365751,-0.8693272921435614,TIME_LIMIT,628909,0,0,19,5
2,8,2.937471e6,-1.0438607573471055,-0.8693272921435614,TIME_LIMIT,628938,0,0,10,11
2,8,2.937577e6,-1.0438607573471055,-0.8693272921435614,TIME_LIMIT,628959,0,0,16,10
2,8,2.937682e6,-1.043858932988211,-0.8693272921435614,TIME_LIMIT,628991,0,0,13,7
2,8,2.937886e6,-1.043858932988211,-0.8693272921435614,TIME_LIMIT,629013,0,0,17,16
2,8,2.937931e6,-1.043855616474405,-0.8693272921435614,TIME_LIMIT,629037,0,0,8,3
2,8,2.938045e6,-1.043855616474405,-0.8693272921435614,TIME_LIMIT,629054,0,0,16,11
2,8,2.938131e6,-1.0438544496465658,-0.8693272921435614,TIME_LIMIT,629082,0,0,9,6
2,8,2.938285e6,-1.0438544496465658,-0.8693272921435614,TIME_LIMIT,629103,0,0,18,4
2,8,2.938462e6,-1.0438535104886677,-0.8693272921435614,TIME_LIMIT,629135,0,0,3,8
2,8,2.938634e6,-1.0438535104886677,-0.8693272921435614,TIME_LIMIT,629157,0,0,11,7
2,8,2.938694e6,-1.0438521703876231,-0.8693272921435614,TIME_LIMIT,629181,0,0,8,10
2,8,2.938793e6,-1.0438521703876231,-0.8693272921435614,TIME_LIMIT,629204,0,0,17,10
2,8,2.93893e6,-1.0438464395282012,-0.8693272921435614,TIME_LIMIT,629231,0,0,5,5
2,8,2.93904e6,-1.0438464395282012,-0.8693272921435614,TIME_LIMIT,629252,0,0,14,15
2,8,2.939214e6,-1.0438460196662342,-0.8693272921435614,TIME_LIMIT,629286,0,0,18,10
2,8,2.939288e6,-1.0438460196662342,-0.8693272921435614,TIME_LIMIT,629306,0,0,12,19
2,8,2.939427e6,-1.043841056660771,-0.8693272921435614,TIME_LIMIT,629324,0,0,9,5
2,8,2.939632e6,-1.043841056660771,-0.8693272921435614,TIME_LIMIT,629348,0,0,15,14
2,8,2.939728e6,-1.0438375997548124,-0.8693272921435614,TIME_LIMIT,629376,0,0,8,4
2,8,2.939832e6,-1.0438375997548124,-0.8693272921435614,TIME_LIMIT,629398,0,0,8,9
2,8,2.939973e6,-1.0438375455112383,-0.8693272921435614,TIME_LIMIT,629424,0,0,12,16
2,8,2.940122e6,-1.0438375455112383,-0.8693272921435614,TIME_LIMIT,629449,0,0,16,13
2,8,2.940227e6,-1.043836479486386,-0.8693272921435614,TIME_LIMIT,629477,0,0,10,12
2,8,2.940323e6,-1.043836479486386,-0.8693272921435614,TIME_LIMIT,629495,0,0,12,5
2,8,2.940462e6,-1.0438330108151077,-0.8693272921435614,TIME_LIMIT,629530,0,0,16,7
2,8,2.940583e6,-1.0438330108151077,-0.8693272921435614,TIME_LIMIT,629549,0,0,8,7
2,8,2.940639e6,-1.0438236301196682,-0.8693272921435614,TIME_LIMIT,629570,0,0,9,8
2,8,2.940848e6,-1.0438236301196682,-0.8693272921435614,TIME_LIMIT,629592,0,0,22,16
2,8,2.941063e6,-1.04382256388616,-0.8693272921435614,TIME_LIMIT,629624,0,0,12,8
2,8,2.94112e6,-1.04382256388616,-0.8693272921435614,TIME_LIMIT,629645,0,0,7,14
2,8,2.941154e6,-1.0438133523566175,-0.8693272921435614,TIME_LIMIT,629655,0,0,3,1
2,8,2.941293e6,-1.0438133523566175,-0.8693272921435614,TIME_LIMIT,629686,0,0,17,5
2,8,2.941424e6,-1.0438096694682182,-0.8693272921435614,TIME_LIMIT,629709,0,0,16,11
2,8,2.9415e6,-1.0438096694682182,-0.8693272921435614,TIME_LIMIT,629729,0,0,9,16
2,8,2.941595e6,-1.043807552575079,-0.8693272921435614,TIME_LIMIT,629753,0,0,5,8
2,8,2.941664e6,-1.043807552575079,-0.8693272921435614,TIME_LIMIT,629775,0,0,11,11
2,8,2.941722e6,-1.0438066872664278,-0.8693272921435614,TIME_LIMIT,629789,0,0,8,7
2,8,2.941782e6,-1.0438066872664278,-0.8693272921435614,TIME_LIMIT,629799,0,0,12,7
2,8,2.941855e6,-1.043806635144315,-0.8693272921435614,TIME_LIMIT,629818,0,0,5,4
2,8,2.941975e6,-1.043806635144315,-0.8693272921435614,TIME_LIMIT,629847,0,0,11,3
2,8,2.942034e6,-1.0438018545434025,-0.8693272921435614,TIME_LIMIT,629866,0,0,15,2
2,8,2.942106e6,-1.0438018545434025,-0.8693272921435614,TIME_LIMIT,629883,0,0,11,8
2,8,2.942183e6,-1.0437946377593357,-0.8693272921435614,TIME_LIMIT,629909,0,0,11,5
2,8,2.942408e6,-1.0437946377593357,-0.8693272921435614,TIME_LIMIT,629929,0,0,16,15
2,8,2.942532e6,-1.0437933445091678,-0.8693272921435614,TIME_LIMIT,629957,0,0,11,8
2,8,2.942638e6,-1.0437933445091678,-0.8693272921435614,TIME_LIMIT,629980,0,0,16,14
2,8,2.942776e6,-1.0437902074364338,-0.8693272921435614,TIME_LIMIT,630016,0,0,18,5
2,8,2.942891e6,-1.0437902074364338,-0.8693272921435614,TIME_LIMIT,630039,0,0,15,10
2,8,2.942945e6,-1.0437900141490555,-0.8693272921435614,TIME_LIMIT,630064,0,0,7,2
2,8,2.943163e6,-1.0437900141490555,-0.8693272921435614,TIME_LIMIT,630088,0,0,16,10
2,8,2.94326e6,-1.0437835174769337,-0.8693272921435614,TIME_LIMIT,630116,0,0,14,9
2,8,2.943439e6,-1.0437835174769337,-0.8693272921435614,TIME_LIMIT,630142,0,0,20,29
2,8,2.943663e6,-1.0437803816103144,-0.8693272921435614,TIME_LIMIT,630172,0,0,13,9
2,8,2.943786e6,-1.0437803816103144,-0.8693272921435614,TIME_LIMIT,630186,0,0,14,13
2,8,2.944001e6,-1.0437781379844526,-0.8693272921435614,TIME_LIMIT,630217,0,0,14,4
2,8,2.944131e6,-1.0437781379844526,-0.8693272921435614,TIME_LIMIT,630235,0,0,14,7
2,8,2.94427e6,-1.04377425565854,-0.8693272921435614,TIME_LIMIT,630263,0,0,11,6
2,8,2.944336e6,-1.04377425565854,-0.8693272921435614,TIME_LIMIT,630279,0,0,15,12
2,8,2.944462e6,-1.0437708178421328,-0.8693272921435614,TIME_LIMIT,630312,0,0,14,5
2,8,2.944579e6,-1.0437708178421328,-0.8693272921435614,TIME_LIMIT,630328,0,0,10,15
2,8,2.944722e6,-1.043770094963243,-0.8693272921435614,TIME_LIMIT,630356,0,0,13,4
2,8,2.944807e6,-1.043770094963243,-0.8693272921435614,TIME_LIMIT,630379,0,0,19,15
2,8,2.944879e6,-1.0437695798246316,-0.8693272921435614,TIME_LIMIT,630405,0,0,10,5
2,8,2.945055e6,-1.0437695798246316,-0.8693272921435614,TIME_LIMIT,630426,0,0,20,15
2,8,2.945266e6,-1.0437687546433945,-0.8693272921435614,TIME_LIMIT,630459,0,0,15,10
2,8,2.945384e6,-1.0437687546433945,-0.8693272921435614,TIME_LIMIT,630475,0,0,16,17
2,8,2.945596e6,-1.043767663727313,-0.8693272921435614,TIME_LIMIT,630519,0,0,9,4
2,8,2.945772e6,-1.043767663727313,-0.8693272921435614,TIME_LIMIT,630546,0,0,16,15
2,8,2.945963e6,-1.0437662762933262,-0.8693272921435614,TIME_LIMIT,630579,0,0,14,8
2,8,2.946173e6,-1.0437662762933262,-0.8693272921435614,TIME_LIMIT,630603,0,0,14,13
2,8,2.946296e6,-1.0437661784154177,-0.8693272921435614,TIME_LIMIT,630641,0,0,17,9
2,8,2.946461e6,-1.0437661784154177,-0.8693272921435614,TIME_LIMIT,630668,0,0,10,16
2,8,2.946547e6,-1.0437621587991361,-0.8693272921435614,TIME_LIMIT,630696,0,0,13,3
2,8,2.946699e6,-1.0437621587991361,-0.8693272921435614,TIME_LIMIT,630723,0,0,18,16
2,8,2.946802e6,-1.0437579646200978,-0.8693272921435614,TIME_LIMIT,630747,0,0,17,7
2,8,2.947024e6,-1.0437579646200978,-0.8693272921435614,TIME_LIMIT,630775,0,0,16,14
2,8,2.947115e6,-1.0437575772194634,-0.8693272921435614,TIME_LIMIT,630801,0,0,10,5
2,8,2.947323e6,-1.0437575772194634,-0.8693272921435614,TIME_LIMIT,630820,0,0,12,10
2,8,2.947466e6,-1.0437565816838643,-0.8693272921435614,TIME_LIMIT,630849,0,0,12,4
2,8,2.947634e6,-1.0437565816838643,-0.8693272921435614,TIME_LIMIT,630871,0,0,14,18
2,8,2.947769e6,-1.0437562846924273,-0.8693272921435614,TIME_LIMIT,630906,0,0,13,7
2,8,2.947986e6,-1.0437562846924273,-0.8693272921435614,TIME_LIMIT,630930,0,0,16,15
2,8,2.948117e6,-1.0437548170355813,-0.8693272921435614,TIME_LIMIT,630965,0,0,12,9
2,8,2.948276e6,-1.0437548170355813,-0.8693272921435614,TIME_LIMIT,630995,0,0,23,17
2,8,2.948495e6,-1.0437542848742734,-0.8693272921435614,TIME_LIMIT,631033,0,0,16,9
2,8,2.948724e6,-1.0437542848742734,-0.8693272921435614,TIME_LIMIT,631062,0,0,21,34
2,8,2.948922e6,-1.043753493841659,-0.8693272921435614,TIME_LIMIT,631104,0,0,15,6
2,8,2.949071e6,-1.043753493841659,-0.8693272921435614,TIME_LIMIT,631126,0,0,13,10
2,8,2.949129e6,-1.0437496455245694,-0.8693272921435614,TIME_LIMIT,631150,0,0,11,4
2,8,2.949191e6,-1.0437496455245694,-0.8693272921435614,TIME_LIMIT,631165,0,0,9,9
2,8,2.949295e6,-1.043748801007847,-0.8693272921435614,TIME_LIMIT,631192,0,0,8,6
2,8,2.949448e6,-1.043748801007847,-0.8693272921435614,TIME_LIMIT,631218,0,0,10,20
2,8,2.949672e6,-1.0437420407350957,-0.8693272921435614,TIME_LIMIT,631255,0,0,14,10
2,8,2.949868e6,-1.0437420407350957,-0.8693272921435614,TIME_LIMIT,631282,0,0,20,10
2,8,2.95001e6,-1.0437324575575164,-0.8693272921435614,TIME_LIMIT,631317,0,0,15,7
2,8,2.950115e6,-1.0437324575575164,-0.8693272921435614,TIME_LIMIT,631335,0,0,12,8
2,8,2.950155e6,-1.0437316370602612,-0.8693272921435614,TIME_LIMIT,631353,0,0,6,3
2,8,2.950295e6,-1.0437316370602612,-0.8693272921435614,TIME_LIMIT,631375,0,0,8,8
2,8,2.950415e6,-1.0437304735905903,-0.8693272921435614,TIME_LIMIT,631402,0,0,13,6
2,8,2.950498e6,-1.0437304735905903,-0.8693272921435614,TIME_LIMIT,631422,0,0,14,9
2,8,2.950551e6,-1.0437219204454258,-0.8693272921435614,TIME_LIMIT,631441,0,0,12,7
2,8,2.950675e6,-1.0437219204454258,-0.8693272921435614,TIME_LIMIT,631457,0,0,8,18
2,8,2.950892e6,-1.0437213713195352,-0.8693272921435614,TIME_LIMIT,631492,0,0,17,18
2,8,2.950953e6,-1.0437213713195352,-0.8693272921435614,TIME_LIMIT,631509,0,0,14,11
2,8,2.951004e6,-1.0437201190059509,-0.8693272921435614,TIME_LIMIT,631528,0,0,6,3
2,8,2.951212e6,-1.0437201190059509,-0.8693272921435614,TIME_LIMIT,631556,0,0,14,22
2,8,2.951354e6,-1.0437169064210317,-0.8693272921435614,TIME_LIMIT,631584,0,0,13,7
2,8,2.951436e6,-1.0437169064210317,-0.8693272921435614,TIME_LIMIT,631605,0,0,17,9
2,8,2.951564e6,-1.0437123142014308,-0.8693272921435614,TIME_LIMIT,631633,0,0,9,4
2,8,2.951777e6,-1.0437123142014308,-0.8693272921435614,TIME_LIMIT,631662,0,0,23,21
2,8,2.951994e6,-1.0437020591384871,-0.8693272921435614,TIME_LIMIT,631699,0,0,17,10
2,8,2.952211e6,-1.0437020591384871,-0.8693272921435614,TIME_LIMIT,631720,0,0,19,16
2,8,2.952366e6,-1.0436991353190659,-0.8693272921435614,TIME_LIMIT,631758,0,0,20,6
2,8,2.952459e6,-1.0436991353190659,-0.8693272921435614,TIME_LIMIT,631779,0,0,13,3
2,8,2.952538e6,-1.0436953227992116,-0.8693272921435614,TIME_LIMIT,631797,0,0,9,4
2,8,2.952639e6,-1.0436953227992116,-0.8693272921435614,TIME_LIMIT,631817,0,0,6,4
2,8,2.952699e6,-1.0436944945304432,-0.8693272921435614,TIME_LIMIT,631841,0,0,13,5
2,8,2.952914e6,-1.0436944945304432,-0.8693272921435614,TIME_LIMIT,631862,0,0,17,11
2,8,2.953006e6,-1.0436940019385956,-0.8693272921435614,TIME_LIMIT,631893,0,0,12,4
2,8,2.953071e6,-1.0436940019385956,-0.8693272921435614,TIME_LIMIT,631915,0,0,10,6
2,8,2.953123e6,-1.0436899288525638,-0.8693272921435614,TIME_LIMIT,631932,0,0,11,8
2,8,2.953334e6,-1.0436899288525638,-0.8693272921435614,TIME_LIMIT,631948,0,0,13,10
2,8,2.953439e6,-1.0436895738073082,-0.8693272921435614,TIME_LIMIT,631978,0,0,16,3
2,8,2.953499e6,-1.0436895738073082,-0.8693272921435614,TIME_LIMIT,631993,0,0,8,6
2,8,2.953549e6,-1.0436790349337353,-0.8693272921435614,TIME_LIMIT,632016,0,0,9,4
2,8,2.953622e6,-1.0436790349337353,-0.8693272921435614,TIME_LIMIT,632041,0,0,17,4
2,8,2.953672e6,-1.043678086729269,-0.8693272921435614,TIME_LIMIT,632061,0,0,9,8
2,8,2.953732e6,-1.043678086729269,-0.8693272921435614,TIME_LIMIT,632076,0,0,10,10
2,8,2.953815e6,-1.0436777929864427,-0.8693272921435614,TIME_LIMIT,632100,0,0,8,3
2,8,2.953871e6,-1.0436777929864427,-0.8693272921435614,TIME_LIMIT,632112,0,0,10,4
2,8,2.95391e6,-1.0436775249374006,-0.8693272921435614,TIME_LIMIT,632133,0,0,8,4
2,8,2.953994e6,-1.0436775249374006,-0.8693272921435614,TIME_LIMIT,632151,0,0,14,11
2,8,2.954082e6,-1.0436750028596964,-0.8693272921435614,TIME_LIMIT,632182,0,0,13,7
2,8,2.954209e6,-1.0436750028596964,-0.8693272921435614,TIME_LIMIT,632207,0,0,20,17
2,8,2.95439e6,-1.043672602407149,-0.8693272921435614,TIME_LIMIT,632242,0,0,17,9
2,8,2.954445e6,-1.043672602407149,-0.8693272921435614,TIME_LIMIT,632261,0,0,9,9
2,8,2.9545e6,-1.0436725505280582,-0.8693272921435614,TIME_LIMIT,632275,0,0,8,3
2,8,2.954622e6,-1.0436725505280582,-0.8693272921435614,TIME_LIMIT,632295,0,0,9,14
2,8,2.954774e6,-1.0436700094044757,-0.8693272921435614,TIME_LIMIT,632332,0,0,12,9
2,8,2.954935e6,-1.0436700094044757,-0.8693272921435614,TIME_LIMIT,632363,0,0,21,8
2,8,2.954994e6,-1.0436688036114923,-0.8693272921435614,TIME_LIMIT,632383,0,0,8,9
2,8,2.955215e6,-1.0436688036114923,-0.8693272921435614,TIME_LIMIT,632406,0,0,13,56
2,8,2.955429e6,-1.0436678909511095,-0.8693272921435614,TIME_LIMIT,632445,0,0,20,8
2,8,2.955572e6,-1.0436678909511095,-0.8693272921435614,TIME_LIMIT,632472,0,0,18,16
2,8,2.955755e6,-1.043662521222142,-0.8693272921435614,TIME_LIMIT,632492,0,0,10,8
2,8,2.955814e6,-1.043662521222142,-0.8693272921435614,TIME_LIMIT,632514,0,0,10,6
2,8,2.955853e6,-1.043651985448768,-0.8693272921435614,TIME_LIMIT,632526,0,0,3,3
2,8,2.955915e6,-1.043651985448768,-0.8693272921435614,TIME_LIMIT,632543,0,0,13,4
2,8,2.955951e6,-1.043650319242141,-0.8693272921435614,TIME_LIMIT,632560,0,0,7,3
2,8,2.956047e6,-1.043650319242141,-0.8693272921435614,TIME_LIMIT,632580,0,0,5,6
2,8,2.956077e6,-1.0436486043618398,-0.8693272921435614,TIME_LIMIT,632595,0,0,3,6
2,8,2.956198e6,-1.0436486043618398,-0.8693272921435614,TIME_LIMIT,632613,0,0,11,7
2,8,2.956265e6,-1.0436397661122436,-0.8693272921435614,TIME_LIMIT,632639,0,0,10,6
2,8,2.956383e6,-1.0436397661122436,-0.8693272921435614,TIME_LIMIT,632661,0,0,18,9
2,8,2.956436e6,-1.043639161862759,-0.8693272921435614,TIME_LIMIT,632686,0,0,10,4
2,8,2.95659e6,-1.043639161862759,-0.8693272921435614,TIME_LIMIT,632717,0,0,12,23
2,8,2.956666e6,-1.0436390168288208,-0.8693272921435614,TIME_LIMIT,632739,0,0,6,2
2,8,2.956778e6,-1.0436390168288208,-0.8693272921435614,TIME_LIMIT,632760,0,0,15,13
2,8,2.956878e6,-1.043637528063782,-0.8693272921435614,TIME_LIMIT,632783,0,0,10,6
2,8,2.957031e6,-1.043637528063782,-0.8693272921435614,TIME_LIMIT,632802,0,0,16,8
2,8,2.957196e6,-1.0436358842878417,-0.8693272921435614,TIME_LIMIT,632835,0,0,4,6
2,8,2.957245e6,-1.0436358842878417,-0.8693272921435614,TIME_LIMIT,632849,0,0,12,14
2,8,2.957302e6,-1.0436251409294495,-0.8693272921435614,TIME_LIMIT,632878,0,0,7,3
2,8,2.957395e6,-1.0436251409294495,-0.8693272921435614,TIME_LIMIT,632901,0,0,17,12
2,8,2.9576e6,-1.0436210409099833,-0.8693272921435614,TIME_LIMIT,632940,0,0,19,12
2,8,2.957817e6,-1.0436210409099833,-0.8693272921435614,TIME_LIMIT,632966,0,0,19,17
2,8,2.957952e6,-1.0436180616246928,-0.8693272921435614,TIME_LIMIT,632990,0,0,12,10
2,8,2.958168e6,-1.0436180616246928,-0.8693272921435614,TIME_LIMIT,633018,0,0,16,13
2,8,2.958384e6,-1.0436170518779222,-0.8693272921435614,TIME_LIMIT,633047,0,0,16,4
2,8,2.958495e6,-1.0436170518779222,-0.8693272921435614,TIME_LIMIT,633063,0,0,8,4
2,8,2.95854e6,-1.0436168418532394,-0.8693272921435614,TIME_LIMIT,633079,0,0,5,5
2,8,2.958683e6,-1.0436168418532394,-0.8693272921435614,TIME_LIMIT,633102,0,0,12,12
2,8,2.958901e6,-1.0436083074476252,-0.8693272921435614,TIME_LIMIT,633129,0,0,14,8
2,8,2.959075e6,-1.0436083074476252,-0.8693272921435614,TIME_LIMIT,633159,0,0,19,20
2,8,2.959135e6,-1.0436052519578227,-0.8693272921435614,TIME_LIMIT,633184,0,0,10,7
2,8,2.959248e6,-1.0436052519578227,-0.8693272921435614,TIME_LIMIT,633206,0,0,20,3
2,8,2.959347e6,-1.0435922013538494,-0.8693272921435614,TIME_LIMIT,633232,0,0,11,5
2,8,2.959486e6,-1.0435922013538494,-0.8693272921435614,TIME_LIMIT,633256,0,0,16,8
2,8,2.959537e6,-1.04359112761562,-0.8693272921435614,TIME_LIMIT,633279,0,0,10,4
2,8,2.959758e6,-1.04359112761562,-0.8693272921435614,TIME_LIMIT,633303,0,0,9,19
2,8,2.95993e6,-1.0435900285277975,-0.8693272921435614,TIME_LIMIT,633337,0,0,18,11
2,8,2.960106e6,-1.0435900285277975,-0.8693272921435614,TIME_LIMIT,633365,0,0,14,10
2,8,2.96029e6,-1.0435892247623124,-0.8693272921435614,TIME_LIMIT,633401,0,0,10,5
2,8,2.960402e6,-1.0435892247623124,-0.8693272921435614,TIME_LIMIT,633418,0,0,14,15
2,8,2.960629e6,-1.0435856270447723,-0.8693272921435614,TIME_LIMIT,633446,0,0,9,7
2,8,2.960685e6,-1.0435856270447723,-0.8693272921435614,TIME_LIMIT,633464,0,0,10,9
2,8,2.960775e6,-1.0435760945506332,-0.8693272921435614,TIME_LIMIT,633491,0,0,10,4
2,8,2.961003e6,-1.0435760945506332,-0.8693272921435614,TIME_LIMIT,633510,0,0,20,13
2,8,2.96122e6,-1.0435717145339516,-0.8693272921435614,TIME_LIMIT,633543,0,0,16,6
2,8,2.961356e6,-1.0435717145339516,-0.8693272921435614,TIME_LIMIT,633566,0,0,22,9
2,8,2.961516e6,-1.043568742671897,-0.8693272921435614,TIME_LIMIT,633600,0,0,15,4
2,8,2.961731e6,-1.043568742671897,-0.8693272921435614,TIME_LIMIT,633628,0,0,25,30
2,8,2.961906e6,-1.0435664767819322,-0.8693272921435614,TIME_LIMIT,633666,0,0,19,10
2,8,2.96204e6,-1.0435664767819322,-0.8693272921435614,TIME_LIMIT,633685,0,0,18,12
2,8,2.962257e6,-1.0435623429959926,-0.8693272921435614,TIME_LIMIT,633717,0,0,12,5
2,8,2.96245e6,-1.0435623429959926,-0.8693272921435614,TIME_LIMIT,633741,0,0,25,13
2,8,2.962596e6,-1.043561948385805,-0.8693272921435614,TIME_LIMIT,633772,0,0,13,10
2,8,2.962794e6,-1.043561948385805,-0.8693272921435614,TIME_LIMIT,633799,0,0,17,9
2,8,2.962875e6,-1.0435613478229493,-0.8693272921435614,TIME_LIMIT,633830,0,0,16,11
2,8,2.962937e6,-1.0435613478229493,-0.8693272921435614,TIME_LIMIT,633851,0,0,15,11
2,8,2.963072e6,-1.0435589437844133,-0.8693272921435614,TIME_LIMIT,633881,0,0,12,8
2,8,2.963182e6,-1.0435589437844133,-0.8693272921435614,TIME_LIMIT,633904,0,0,14,7
2,8,2.963248e6,-1.0435545818988898,-0.8693272921435614,TIME_LIMIT,633933,0,0,3,6
2,8,2.963378e6,-1.0435545818988898,-0.8693272921435614,TIME_LIMIT,633956,0,0,8,17
2,8,2.963473e6,-1.043553631688618,-0.8693272921435614,TIME_LIMIT,633983,0,0,11,4
2,8,2.963523e6,-1.043553631688618,-0.8693272921435614,TIME_LIMIT,633998,0,0,11,5
2,8,2.963573e6,-1.0435527384668473,-0.8693272921435614,TIME_LIMIT,634017,0,0,11,2
2,8,2.963678e6,-1.0435527384668473,-0.8693272921435614,TIME_LIMIT,634040,0,0,14,3
2,8,2.96374e6,-1.043550536763788,-0.8693272921435614,TIME_LIMIT,634060,0,0,6,5
2,8,2.96381e6,-1.043550536763788,-0.8693272921435614,TIME_LIMIT,634076,0,0,5,21
2,8,2.96388e6,-1.0435486330766173,-0.8693272921435614,TIME_LIMIT,634103,0,0,11,5
2,8,2.963959e6,-1.0435486330766173,-0.8693272921435614,TIME_LIMIT,634128,0,0,17,29
2,8,2.964143e6,-1.0435470842482681,-0.8693272921435614,TIME_LIMIT,634163,0,0,6,7
2,8,2.964227e6,-1.0435470842482681,-0.8693272921435614,TIME_LIMIT,634175,0,0,14,5
2,8,2.964275e6,-1.0435422753561678,-0.8693272921435614,TIME_LIMIT,634194,0,0,9,1
2,8,2.964378e6,-1.0435422753561678,-0.8693272921435614,TIME_LIMIT,634214,0,0,15,11
2,8,2.964561e6,-1.0435400934421675,-0.8693272921435614,TIME_LIMIT,634235,0,0,8,8
2,8,2.964722e6,-1.0435400934421675,-0.8693272921435614,TIME_LIMIT,634254,0,0,16,13
2,8,2.964825e6,-1.0435394802117843,-0.8693272921435614,TIME_LIMIT,634279,0,0,13,2
2,8,2.965034e6,-1.0435394802117843,-0.8693272921435614,TIME_LIMIT,634299,0,0,16,12
2,8,2.965088e6,-1.0435366447344365,-0.8693272921435614,TIME_LIMIT,634320,0,0,7,2
2,8,2.965311e6,-1.0435366447344365,-0.8693272921435614,TIME_LIMIT,634351,0,0,22,17
2,8,2.965427e6,-1.0435309422172345,-0.8693272921435614,TIME_LIMIT,634386,0,0,15,6
2,8,2.965557e6,-1.0435309422172345,-0.8693272921435614,TIME_LIMIT,634405,0,0,13,17
2,8,2.96565e6,-1.0435295357938563,-0.8693272921435614,TIME_LIMIT,634429,0,0,13,6
2,8,2.965745e6,-1.0435295357938563,-0.8693272921435614,TIME_LIMIT,634451,0,0,19,9
2,8,2.965825e6,-1.0435252248300873,-0.8693272921435614,TIME_LIMIT,634478,0,0,10,6
2,8,2.965862e6,-1.0435252248300873,-0.8693272921435614,TIME_LIMIT,634488,0,0,10,13
2,8,2.965964e6,-1.0435202684664797,-0.8693272921435614,TIME_LIMIT,634515,0,0,3,4
2,8,2.966144e6,-1.0435202684664797,-0.8693272921435614,TIME_LIMIT,634534,0,0,18,19
2,8,2.966362e6,-1.0435172020480605,-0.8693272921435614,TIME_LIMIT,634569,0,0,11,13
2,8,2.966393e6,-1.0435172020480605,-0.8693272921435614,TIME_LIMIT,634581,0,0,7,5
2,8,2.966432e6,-1.0435160160199217,-0.8693272921435614,TIME_LIMIT,634596,0,0,6,0
2,8,2.966513e6,-1.0435160160199217,-0.8693272921435614,TIME_LIMIT,634621,0,0,17,7
2,8,2.966603e6,-1.0435130545817624,-0.8693272921435614,TIME_LIMIT,634650,0,0,3,3
2,8,2.966693e6,-1.0435130545817624,-0.8693272921435614,TIME_LIMIT,634676,0,0,16,12
2,8,2.96679e6,-1.0435125573375104,-0.8693272921435614,TIME_LIMIT,634696,0,0,11,10
2,8,2.966967e6,-1.0435125573375104,-0.8693272921435614,TIME_LIMIT,634718,0,0,15,16
2,8,2.967092e6,-1.0435034735655542,-0.8693272921435614,TIME_LIMIT,634749,0,0,14,8
2,8,2.967197e6,-1.0435034735655542,-0.8693272921435614,TIME_LIMIT,634762,0,0,10,6
2,8,2.967247e6,-1.0435022525388118,-0.8693272921435614,TIME_LIMIT,634780,0,0,8,1
2,8,2.967333e6,-1.0435022525388118,-0.8693272921435614,TIME_LIMIT,634803,0,0,17,8
2,8,2.967381e6,-1.0434990375310949,-0.8693272921435614,TIME_LIMIT,634827,0,0,10,3
2,8,2.967507e6,-1.0434990375310949,-0.8693272921435614,TIME_LIMIT,634853,0,0,21,11
2,8,2.967612e6,-1.0434963285783514,-0.8693272921435614,TIME_LIMIT,634880,0,0,14,4
2,8,2.967641e6,-1.0434963285783514,-0.8693272921435614,TIME_LIMIT,634896,0,0,10,6
2,8,2.967684e6,-1.0434952039108798,-0.8693272921435614,TIME_LIMIT,634911,0,0,2,2
2,8,2.967774e6,-1.0434952039108798,-0.8693272921435614,TIME_LIMIT,634935,0,0,10,15
2,8,2.967936e6,-1.04349325776103,-0.8693272921435614,TIME_LIMIT,634969,0,0,14,10
2,8,2.968152e6,-1.04349325776103,-0.8693272921435614,TIME_LIMIT,634994,0,0,26,27
2,8,2.968366e6,-1.0434906262693593,-0.8693272921435614,TIME_LIMIT,635034,0,0,17,9
2,8,2.968503e6,-1.0434906262693593,-0.8693272921435614,TIME_LIMIT,635060,0,0,10,12
2,8,2.968718e6,-1.0434898256268896,-0.8693272921435614,TIME_LIMIT,635093,0,0,12,4
2,8,2.968835e6,-1.0434898256268896,-0.8693272921435614,TIME_LIMIT,635116,0,0,9,10
2,8,2.968885e6,-1.0434879312121268,-0.8693272921435614,TIME_LIMIT,635136,0,0,9,3
2,8,2.969022e6,-1.0434879312121268,-0.8693272921435614,TIME_LIMIT,635156,0,0,15,13
2,8,2.969151e6,-1.0434876404605764,-0.8693272921435614,TIME_LIMIT,635188,0,0,12,4
2,8,2.969283e6,-1.0434876404605764,-0.8693272921435614,TIME_LIMIT,635212,0,0,17,9
2,8,2.969339e6,-1.0434873277257535,-0.8693272921435614,TIME_LIMIT,635229,0,0,10,8
2,8,2.969483e6,-1.0434873277257535,-0.8693272921435614,TIME_LIMIT,635253,0,0,16,11
2,8,2.9697e6,-1.0434782512800274,-0.8693272921435614,TIME_LIMIT,635285,0,0,17,9
2,8,2.9698e6,-1.0434782512800274,-0.8693272921435614,TIME_LIMIT,635299,0,0,19,9
2,8,2.96994e6,-1.0434745436156168,-0.8693272921435614,TIME_LIMIT,635328,0,0,8,1
2,8,2.970125e6,-1.0434745436156168,-0.8693272921435614,TIME_LIMIT,635356,0,0,15,5
2,8,2.970271e6,-1.0434721278641346,-0.8693272921435614,TIME_LIMIT,635381,0,0,13,14
2,8,2.970403e6,-1.0434721278641346,-0.8693272921435614,TIME_LIMIT,635399,0,0,5,9
2,8,2.970451e6,-1.0434635696320482,-0.8693272921435614,TIME_LIMIT,635419,0,0,8,5
2,8,2.970502e6,-1.0434635696320482,-0.8693272921435614,TIME_LIMIT,635431,0,0,13,7
2,8,2.970568e6,-1.0434613964135073,-0.8693272921435614,TIME_LIMIT,635456,0,0,9,2
2,8,2.970747e6,-1.0434613964135073,-0.8693272921435614,TIME_LIMIT,635481,0,0,15,21
2,8,2.970873e6,-1.0434559604074365,-0.8693272921435614,TIME_LIMIT,635510,0,0,15,8
2,8,2.971027e6,-1.0434559604074365,-0.8693272921435614,TIME_LIMIT,635532,0,0,20,9
2,8,2.971091e6,-1.0434530238431527,-0.8693272921435614,TIME_LIMIT,635552,0,0,9,1
2,8,2.971174e6,-1.0434530238431527,-0.8693272921435614,TIME_LIMIT,635577,0,0,18,7
2,8,2.97124e6,-1.0434456077789984,-0.8693272921435614,TIME_LIMIT,635596,0,0,9,6
2,8,2.971407e6,-1.0434456077789984,-0.8693272921435614,TIME_LIMIT,635619,0,0,24,22
2,8,2.971615e6,-1.0434417389430544,-0.8693272921435614,TIME_LIMIT,635660,0,0,6,9
2,8,2.971713e6,-1.0434417389430544,-0.8693272921435614,TIME_LIMIT,635677,0,0,11,6
2,8,2.971773e6,-1.0434342020451641,-0.8693272921435614,TIME_LIMIT,635697,0,0,9,5
2,8,2.971977e6,-1.0434342020451641,-0.8693272921435614,TIME_LIMIT,635722,0,0,12,12
2,8,2.972076e6,-1.0434326737048385,-0.8693272921435614,TIME_LIMIT,635745,0,0,11,8
2,8,2.972161e6,-1.0434326737048385,-0.8693272921435614,TIME_LIMIT,635767,0,0,13,12
2,8,2.972353e6,-1.043430371590929,-0.8693272921435614,TIME_LIMIT,635797,0,0,14,7
2,8,2.972547e6,-1.043430371590929,-0.8693272921435614,TIME_LIMIT,635825,0,0,12,12
2,8,2.972781e6,-1.0434301694391293,-0.8693272921435614,TIME_LIMIT,635851,0,0,11,8
2,8,2.972955e6,-1.0434301694391293,-0.8693272921435614,TIME_LIMIT,635880,0,0,20,12
2,8,2.973105e6,-1.0434242701093082,-0.8693272921435614,TIME_LIMIT,635908,0,0,11,12
2,8,2.973227e6,-1.0434242701093082,-0.8693272921435614,TIME_LIMIT,635933,0,0,22,20
2,8,2.973437e6,-1.0434227474134519,-0.8693272921435614,TIME_LIMIT,635966,0,0,17,5
2,8,2.973529e6,-1.0434227474134519,-0.8693272921435614,TIME_LIMIT,635986,0,0,15,16
2,8,2.973661e6,-1.0434219664482842,-0.8693272921435614,TIME_LIMIT,636015,0,0,11,3
2,8,2.973734e6,-1.0434219664482842,-0.8693272921435614,TIME_LIMIT,636033,0,0,8,5
2,8,2.973766e6,-1.0434212846541588,-0.8693272921435614,TIME_LIMIT,636047,0,0,6,6
2,8,2.973866e6,-1.0434212846541588,-0.8693272921435614,TIME_LIMIT,636065,0,0,13,12
2,8,2.974029e6,-1.0434077649895526,-0.8693272921435614,TIME_LIMIT,636095,0,0,10,4
2,8,2.974245e6,-1.0434077649895526,-0.8693272921435614,TIME_LIMIT,636116,0,0,17,38
2,8,2.974459e6,-1.0434034154174174,-0.8693272921435614,TIME_LIMIT,636147,0,0,14,11
2,8,2.974548e6,-1.0434034154174174,-0.8693272921435614,TIME_LIMIT,636167,0,0,18,12
2,8,2.974643e6,-1.0434020815090457,-0.8693272921435614,TIME_LIMIT,636193,0,0,12,6
2,8,2.974758e6,-1.0434020815090457,-0.8693272921435614,TIME_LIMIT,636211,0,0,19,11
2,8,2.974973e6,-1.0434010633650894,-0.8693272921435614,TIME_LIMIT,636252,0,0,16,7
2,8,2.975094e6,-1.0434010633650894,-0.8693272921435614,TIME_LIMIT,636271,0,0,15,15
2,8,2.975282e6,-1.0433936429329511,-0.8693272921435614,TIME_LIMIT,636306,0,0,11,5
2,8,2.975359e6,-1.0433936429329511,-0.8693272921435614,TIME_LIMIT,636332,0,0,11,7
2,8,2.975466e6,-1.0433874652435646,-0.8693272921435614,TIME_LIMIT,636352,0,0,8,7
2,8,2.975613e6,-1.0433874652435646,-0.8693272921435614,TIME_LIMIT,636375,0,0,9,10
2,8,2.975777e6,-1.0433836163476222,-0.8693272921435614,TIME_LIMIT,636408,0,0,13,8
2,8,2.975831e6,-1.0433836163476222,-0.8693272921435614,TIME_LIMIT,636425,0,0,12,14
2,8,2.975934e6,-1.043382600114241,-0.8693272921435614,TIME_LIMIT,636452,0,0,16,5
2,8,2.976011e6,-1.043382600114241,-0.8693272921435614,TIME_LIMIT,636472,0,0,13,7
2,8,2.976111e6,-1.0433703328811637,-0.8693272921435614,TIME_LIMIT,636496,0,0,9,4
2,8,2.976251e6,-1.0433703328811637,-0.8693272921435614,TIME_LIMIT,636525,0,0,20,15
2,8,2.976348e6,-1.043366719444629,-0.8693272921435614,TIME_LIMIT,636555,0,0,16,2
2,8,2.976438e6,-1.043366719444629,-0.8693272921435614,TIME_LIMIT,636576,0,0,20,11
2,8,2.976646e6,-1.0433645092893138,-0.8693272921435614,TIME_LIMIT,636605,0,0,10,2
2,8,2.976743e6,-1.0433645092893138,-0.8693272921435614,TIME_LIMIT,636620,0,0,10,16
2,8,2.97681e6,-1.0433612611482164,-0.8693272921435614,TIME_LIMIT,636648,0,0,12,6
2,8,2.977027e6,-1.0433612611482164,-0.8693272921435614,TIME_LIMIT,636670,0,0,19,18
2,8,2.977248e6,-1.043360778641102,-0.8693272921435614,TIME_LIMIT,636700,0,0,12,11
2,8,2.977367e6,-1.043360778641102,-0.8693272921435614,TIME_LIMIT,636722,0,0,18,16
2,8,2.977483e6,-1.043359913276051,-0.8693272921435614,TIME_LIMIT,636744,0,0,15,6
2,8,2.977697e6,-1.043359913276051,-0.8693272921435614,TIME_LIMIT,636765,0,0,18,18
2,8,2.977911e6,-1.043359026168851,-0.8693272921435614,TIME_LIMIT,636797,0,0,10,7
2,8,2.977997e6,-1.043359026168851,-0.8693272921435614,TIME_LIMIT,636820,0,0,10,23
2,8,2.978101e6,-1.04335355211375,-0.8693272921435614,TIME_LIMIT,636840,0,0,9,5
2,8,2.978233e6,-1.04335355211375,-0.8693272921435614,TIME_LIMIT,636861,0,0,20,17
2,8,2.978458e6,-1.0433534294722944,-0.8693272921435614,TIME_LIMIT,636891,0,0,15,5
2,8,2.978523e6,-1.0433534294722944,-0.8693272921435614,TIME_LIMIT,636913,0,0,8,8
2,8,2.978611e6,-1.0433525013248124,-0.8693272921435614,TIME_LIMIT,636943,0,0,11,13
2,8,2.978755e6,-1.0433525013248124,-0.8693272921435614,TIME_LIMIT,636963,0,0,7,21
2,8,2.978864e6,-1.0433521713456506,-0.8693272921435614,TIME_LIMIT,636996,0,0,15,7
2,8,2.978964e6,-1.0433521713456506,-0.8693272921435614,TIME_LIMIT,637016,0,0,14,17
2,8,2.979062e6,-1.0433513826013638,-0.8693272921435614,TIME_LIMIT,637048,0,0,14,7
2,8,2.979283e6,-1.0433513826013638,-0.8693272921435614,TIME_LIMIT,637075,0,0,23,13
2,8,2.979432e6,-1.0433392791323652,-0.8693272921435614,TIME_LIMIT,637112,0,0,14,10
2,8,2.979553e6,-1.0433392791323652,-0.8693272921435614,TIME_LIMIT,637134,0,0,14,16
2,8,2.979671e6,-1.0433370831611721,-0.8693272921435614,TIME_LIMIT,637161,0,0,12,7
2,8,2.97976e6,-1.0433370831611721,-0.8693272921435614,TIME_LIMIT,637189,0,0,16,4
2,8,2.979814e6,-1.043335798307764,-0.8693272921435614,TIME_LIMIT,637209,0,0,10,8
2,8,2.97988e6,-1.043335798307764,-0.8693272921435614,TIME_LIMIT,637224,0,0,14,8
2,8,2.979994e6,-1.0433341906785398,-0.8693272921435614,TIME_LIMIT,637254,0,0,16,3
2,8,2.980063e6,-1.0433341906785398,-0.8693272921435614,TIME_LIMIT,637269,0,0,7,4
2,8,2.980113e6,-1.0433283470686798,-0.8693272921435614,TIME_LIMIT,637288,0,0,4,1
2,8,2.98022e6,-1.0433283470686798,-0.8693272921435614,TIME_LIMIT,637310,0,0,16,14
2,8,2.980389e6,-1.0433280826261386,-0.8693272921435614,TIME_LIMIT,637342,0,0,16,10
2,8,2.980486e6,-1.0433280826261386,-0.8693272921435614,TIME_LIMIT,637367,0,0,21,12
2,8,2.980584e6,-1.0433258984241967,-0.8693272921435614,TIME_LIMIT,637395,0,0,12,7
2,8,2.980799e6,-1.0433258984241967,-0.8693272921435614,TIME_LIMIT,637413,0,0,24,21
2,8,2.981028e6,-1.0433256895363665,-0.8693272921435614,TIME_LIMIT,637447,0,0,13,7
2,8,2.981162e6,-1.0433256895363665,-0.8693272921435614,TIME_LIMIT,637470,0,0,14,16
2,8,2.981291e6,-1.043323642947648,-0.8693272921435614,TIME_LIMIT,637502,0,0,6,8
2,8,2.981368e6,-1.043323642947648,-0.8693272921435614,TIME_LIMIT,637524,0,0,5,10
2,8,2.981434e6,-1.0433220396867684,-0.8693272921435614,TIME_LIMIT,637546,0,0,11,5
2,8,2.981643e6,-1.0433220396867684,-0.8693272921435614,TIME_LIMIT,637562,0,0,18,3
2,8,2.981764e6,-1.04332019516365,-0.8693272921435614,TIME_LIMIT,637586,0,0,10,7
2,8,2.981988e6,-1.04332019516365,-0.8693272921435614,TIME_LIMIT,637605,0,0,13,13
2,8,2.982049e6,-1.0433187449776882,-0.8693272921435614,TIME_LIMIT,637620,0,0,11,8
2,8,2.98211e6,-1.0433187449776882,-0.8693272921435614,TIME_LIMIT,637641,0,0,9,3
2,8,2.982168e6,-1.0433168016861458,-0.8693272921435614,TIME_LIMIT,637657,0,0,4,3
2,8,2.98227e6,-1.0433168016861458,-0.8693272921435614,TIME_LIMIT,637675,0,0,17,14
2,8,2.982331e6,-1.043316196870331,-0.8693272921435614,TIME_LIMIT,637698,0,0,10,2
2,8,2.982444e6,-1.043316196870331,-0.8693272921435614,TIME_LIMIT,637723,0,0,18,24
2,8,2.982652e6,-1.043311558020907,-0.8693272921435614,TIME_LIMIT,637752,0,0,16,12
2,8,2.98288e6,-1.043311558020907,-0.8693272921435614,TIME_LIMIT,637774,0,0,26,29
2,8,2.983094e6,-1.0433101770696727,-0.8693272921435614,TIME_LIMIT,637814,0,0,20,9
2,8,2.983315e6,-1.0433101770696727,-0.8693272921435614,TIME_LIMIT,637843,0,0,23,19
2,8,2.983529e6,-1.0433047561018332,-0.8693272921435614,TIME_LIMIT,637880,0,0,16,12
2,8,2.983742e6,-1.0433047561018332,-0.8693272921435614,TIME_LIMIT,637904,0,0,19,25
2,8,2.983945e6,-1.0433022421270277,-0.8693272921435614,TIME_LIMIT,637940,0,0,16,11
2,8,2.984163e6,-1.0433022421270277,-0.8693272921435614,TIME_LIMIT,637964,0,0,14,16
2,8,2.98438e6,-1.0433016575819256,-0.8693272921435614,TIME_LIMIT,637995,0,0,15,6
2,8,2.984538e6,-1.0433016575819256,-0.8693272921435614,TIME_LIMIT,638018,0,0,16,25
2,8,2.984752e6,-1.0432995782068666,-0.8693272921435614,TIME_LIMIT,638056,0,0,18,10
2,8,2.984926e6,-1.0432995782068666,-0.8693272921435614,TIME_LIMIT,638072,0,0,15,25
2,8,2.985048e6,-1.0432962737074694,-0.8693272921435614,TIME_LIMIT,638112,0,0,22,6
2,8,2.98512e6,-1.0432962737074694,-0.8693272921435614,TIME_LIMIT,638132,0,0,10,8
2,8,2.98516e6,-1.0432958567505393,-0.8693272921435614,TIME_LIMIT,638146,0,0,2,1
2,8,2.985318e6,-1.0432958567505393,-0.8693272921435614,TIME_LIMIT,638177,0,0,19,16
2,8,2.985462e6,-1.0432950602030742,-0.8693272921435614,TIME_LIMIT,638211,0,0,16,4
2,8,2.985538e6,-1.0432950602030742,-0.8693272921435614,TIME_LIMIT,638225,0,0,4,5
2,8,2.985653e6,-1.0432931557384044,-0.8693272921435614,TIME_LIMIT,638249,0,0,5,2
2,8,2.985767e6,-1.0432931557384044,-0.8693272921435614,TIME_LIMIT,638268,0,0,18,19
2,8,2.985893e6,-1.0432909360684857,-0.8693272921435614,TIME_LIMIT,638300,0,0,15,10
2,8,2.986095e6,-1.0432909360684857,-0.8693272921435614,TIME_LIMIT,638328,0,0,23,19
2,8,2.986298e6,-1.0432906043038246,-0.8693272921435614,TIME_LIMIT,638363,0,0,22,8
2,8,2.986376e6,-1.0432906043038246,-0.8693272921435614,TIME_LIMIT,638381,0,0,9,1
2,8,2.98641e6,-1.0432877178499067,-0.8693272921435614,TIME_LIMIT,638399,0,0,2,2
2,8,2.986603e6,-1.0432877178499067,-0.8693272921435614,TIME_LIMIT,638424,0,0,21,20
2,8,2.98677e6,-1.0432829100340961,-0.8693272921435614,TIME_LIMIT,638453,0,0,8,14
2,8,2.986888e6,-1.0432829100340961,-0.8693272921435614,TIME_LIMIT,638476,0,0,17,12
2,8,2.986982e6,-1.0432811498974262,-0.8693272921435614,TIME_LIMIT,638507,0,0,13,8
2,8,2.987206e6,-1.0432811498974262,-0.8693272921435614,TIME_LIMIT,638526,0,0,12,13
2,8,2.987303e6,-1.043273820254238,-0.8693272921435614,TIME_LIMIT,638544,0,0,8,2
2,8,2.987393e6,-1.043273820254238,-0.8693272921435614,TIME_LIMIT,638558,0,0,8,2
2,8,2.987457e6,-1.0432734145861455,-0.8693272921435614,TIME_LIMIT,638577,0,0,6,1
2,8,2.98758e6,-1.0432734145861455,-0.8693272921435614,TIME_LIMIT,638608,0,0,18,18
2,8,2.987669e6,-1.0432705976464816,-0.8693272921435614,TIME_LIMIT,638640,0,0,14,7
2,8,2.987837e6,-1.0432705976464816,-0.8693272921435614,TIME_LIMIT,638667,0,0,19,14
2,8,2.988007e6,-1.0432634500518503,-0.8693272921435614,TIME_LIMIT,638702,0,0,19,7
2,8,2.98807e6,-1.0432634500518503,-0.8693272921435614,TIME_LIMIT,638720,0,0,11,3
2,8,2.988165e6,-1.0432607747936367,-0.8693272921435614,TIME_LIMIT,638740,0,0,7,5
2,8,2.98826e6,-1.0432607747936367,-0.8693272921435614,TIME_LIMIT,638758,0,0,8,12
2,8,2.988345e6,-1.0432573306428892,-0.8693272921435614,TIME_LIMIT,638782,0,0,9,3
2,8,2.988411e6,-1.0432573306428892,-0.8693272921435614,TIME_LIMIT,638804,0,0,12,12
2,8,2.988462e6,-1.0432557067558446,-0.8693272921435614,TIME_LIMIT,638826,0,0,10,6
2,8,2.988668e6,-1.0432557067558446,-0.8693272921435614,TIME_LIMIT,638854,0,0,22,23
2,8,2.988806e6,-1.0432550720620553,-0.8693272921435614,TIME_LIMIT,638885,0,0,15,4
2,8,2.988904e6,-1.0432550720620553,-0.8693272921435614,TIME_LIMIT,638911,0,0,14,12
2,8,2.988983e6,-1.0432547626356101,-0.8693272921435614,TIME_LIMIT,638929,0,0,17,5
2,8,2.989156e6,-1.0432547626356101,-0.8693272921435614,TIME_LIMIT,638950,0,0,16,15
2,8,2.989244e6,-1.0432538558323954,-0.8693272921435614,TIME_LIMIT,638972,0,0,4,3
2,8,2.989376e6,-1.0432538558323954,-0.8693272921435614,TIME_LIMIT,638997,0,0,15,14
2,8,2.989441e6,-1.043253537037425,-0.8693272921435614,TIME_LIMIT,639021,0,0,12,5
2,8,2.989508e6,-1.043253537037425,-0.8693272921435614,TIME_LIMIT,639040,0,0,16,13
2,8,2.98959e6,-1.0432521093979983,-0.8693272921435614,TIME_LIMIT,639063,0,0,11,2
2,8,2.989787e6,-1.0432521093979983,-0.8693272921435614,TIME_LIMIT,639089,0,0,20,12
2,8,2.98985e6,-1.0432519416540709,-0.8693272921435614,TIME_LIMIT,639107,0,0,13,7
2,8,2.989902e6,-1.0432519416540709,-0.8693272921435614,TIME_LIMIT,639120,0,0,13,6
2,8,2.989971e6,-1.0432511218658895,-0.8693272921435614,TIME_LIMIT,639145,0,0,7,1
2,8,2.99012e6,-1.0432511218658895,-0.8693272921435614,TIME_LIMIT,639171,0,0,14,20
2,8,2.990198e6,-1.0432453333845695,-0.8693272921435614,TIME_LIMIT,639203,0,0,15,7
2,8,2.990332e6,-1.0432453333845695,-0.8693272921435614,TIME_LIMIT,639225,0,0,21,16
2,8,2.990473e6,-1.0432453315587702,-0.8693272921435614,TIME_LIMIT,639256,0,0,8,3
2,8,2.990636e6,-1.0432453315587702,-0.8693272921435614,TIME_LIMIT,639279,0,0,17,12
2,8,2.990767e6,-1.0432398810785315,-0.8693272921435614,TIME_LIMIT,639296,0,0,12,5
2,8,2.990974e6,-1.0432398810785315,-0.8693272921435614,TIME_LIMIT,639325,0,0,24,32
2,8,2.991204e6,-1.0432389272813678,-0.8693272921435614,TIME_LIMIT,639362,0,0,19,21
2,8,2.991268e6,-1.0432389272813678,-0.8693272921435614,TIME_LIMIT,639383,0,0,12,9
2,8,2.99132e6,-1.0432362873633325,-0.8693272921435614,TIME_LIMIT,639405,0,0,9,4
2,8,2.991406e6,-1.0432362873633325,-0.8693272921435614,TIME_LIMIT,639425,0,0,8,11
2,8,2.991565e6,-1.0432347401485194,-0.8693272921435614,TIME_LIMIT,639455,0,0,14,3
2,8,2.991679e6,-1.0432347401485194,-0.8693272921435614,TIME_LIMIT,639475,0,0,14,10
2,8,2.991773e6,-1.0432330210506415,-0.8693272921435614,TIME_LIMIT,639502,0,0,14,8
2,8,2.991822e6,-1.0432330210506415,-0.8693272921435614,TIME_LIMIT,639515,0,0,8,7
2,8,2.991861e6,-1.0432301114302225,-0.8693272921435614,TIME_LIMIT,639536,0,0,5,4
2,8,2.991936e6,-1.0432301114302225,-0.8693272921435614,TIME_LIMIT,639555,0,0,15,8
2,8,2.99207e6,-1.0432260698185645,-0.8693272921435614,TIME_LIMIT,639583,0,0,15,4
2,8,2.992283e6,-1.0432260698185645,-0.8693272921435614,TIME_LIMIT,639611,0,0,19,18
2,8,2.992496e6,-1.0432252253705667,-0.8693272921435614,TIME_LIMIT,639645,0,0,16,10
2,8,2.992634e6,-1.0432252253705667,-0.8693272921435614,TIME_LIMIT,639666,0,0,14,12
2,8,2.992755e6,-1.0432239443946734,-0.8693272921435614,TIME_LIMIT,639693,0,0,13,5
2,8,2.992823e6,-1.0432239443946734,-0.8693272921435614,TIME_LIMIT,639710,0,0,15,3
2,8,2.992904e6,-1.0432220835692634,-0.8693272921435614,TIME_LIMIT,639731,0,0,9,1
2,8,2.993016e6,-1.0432220835692634,-0.8693272921435614,TIME_LIMIT,639754,0,0,12,21
2,8,2.993078e6,-1.0432210609392427,-0.8693272921435614,TIME_LIMIT,639777,0,0,6,4
2,8,2.993199e6,-1.0432210609392427,-0.8693272921435614,TIME_LIMIT,639803,0,0,19,14
2,8,2.993296e6,-1.0432205103123295,-0.8693272921435614,TIME_LIMIT,639830,0,0,13,9
2,8,2.993511e6,-1.0432205103123295,-0.8693272921435614,TIME_LIMIT,639850,0,0,24,23
2,8,2.993701e6,-1.0432097472583495,-0.8693272921435614,TIME_LIMIT,639886,0,0,15,8
2,8,2.993916e6,-1.0432097472583495,-0.8693272921435614,TIME_LIMIT,639905,0,0,18,33
2,8,2.994138e6,-1.0432055560215578,-0.8693272921435614,TIME_LIMIT,639940,0,0,17,13
2,8,2.994289e6,-1.0432055560215578,-0.8693272921435614,TIME_LIMIT,639960,0,0,7,18
2,8,2.994501e6,-1.0432031563685973,-0.8693272921435614,TIME_LIMIT,639987,0,0,11,6
2,8,2.994709e6,-1.0432031563685973,-0.8693272921435614,TIME_LIMIT,640007,0,0,16,29
2,8,2.994931e6,-1.043202982839687,-0.8693272921435614,TIME_LIMIT,640040,0,0,19,15
2,8,2.995053e6,-1.043202982839687,-0.8693272921435614,TIME_LIMIT,640063,0,0,9,9
2,8,2.995194e6,-1.0432008950464229,-0.8693272921435614,TIME_LIMIT,640089,0,0,6,9
2,8,2.995262e6,-1.0432008950464229,-0.8693272921435614,TIME_LIMIT,640108,0,0,10,9
2,8,2.995316e6,-1.0431967807637694,-0.8693272921435614,TIME_LIMIT,640130,0,0,12,11
2,8,2.995437e6,-1.0431967807637694,-0.8693272921435614,TIME_LIMIT,640150,0,0,13,4
2,8,2.995654e6,-1.0431950855891843,-0.8693272921435614,TIME_LIMIT,640179,0,0,10,8
2,8,2.995782e6,-1.0431950855891843,-0.8693272921435614,TIME_LIMIT,640199,0,0,22,23
2,8,2.995945e6,-1.0431913721444284,-0.8693272921435614,TIME_LIMIT,640235,0,0,16,8
2,8,2.996158e6,-1.0431913721444284,-0.8693272921435614,TIME_LIMIT,640257,0,0,13,17
2,8,2.996353e6,-1.0431908845969364,-0.8693272921435614,TIME_LIMIT,640295,0,0,14,10
2,8,2.996544e6,-1.0431908845969364,-0.8693272921435614,TIME_LIMIT,640316,0,0,14,13
2,8,2.996654e6,-1.0431907747578886,-0.8693272921435614,TIME_LIMIT,640347,0,0,15,5
2,8,2.996712e6,-1.0431907747578886,-0.8693272921435614,TIME_LIMIT,640364,0,0,9,8
2,8,2.996775e6,-1.043190406309275,-0.8693272921435614,TIME_LIMIT,640385,0,0,9,6
2,8,2.996989e6,-1.043190406309275,-0.8693272921435614,TIME_LIMIT,640402,0,0,9,9
2,8,2.99715e6,-1.043183118359546,-0.8693272921435614,TIME_LIMIT,640430,0,0,16,9
2,8,2.997216e6,-1.043183118359546,-0.8693272921435614,TIME_LIMIT,640455,0,0,14,11
2,8,2.997378e6,-1.0431821408079498,-0.8693272921435614,TIME_LIMIT,640479,0,0,9,6
2,8,2.997522e6,-1.0431821408079498,-0.8693272921435614,TIME_LIMIT,640507,0,0,29,17
2,8,2.997639e6,-1.0431768907363168,-0.8693272921435614,TIME_LIMIT,640535,0,0,12,10
2,8,2.997774e6,-1.0431768907363168,-0.8693272921435614,TIME_LIMIT,640552,0,0,5,13
2,8,2.997898e6,-1.043175699333415,-0.8693272921435614,TIME_LIMIT,640576,0,0,11,1
2,8,2.997952e6,-1.043175699333415,-0.8693272921435614,TIME_LIMIT,640595,0,0,13,9
2,8,2.998043e6,-1.0431744213897687,-0.8693272921435614,TIME_LIMIT,640621,0,0,13,5
2,8,2.998259e6,-1.0431744213897687,-0.8693272921435614,TIME_LIMIT,640648,0,0,19,10
2,8,2.998479e6,-1.0431743808458742,-0.8693272921435614,TIME_LIMIT,640681,0,0,15,11
2,8,2.998602e6,-1.0431743808458742,-0.8693272921435614,TIME_LIMIT,640704,0,0,12,12
2,8,2.998811e6,-1.0431729362754933,-0.8693272921435614,TIME_LIMIT,640731,0,0,9,9
2,8,2.998887e6,-1.0431729362754933,-0.8693272921435614,TIME_LIMIT,640751,0,0,14,9
2,8,2.998922e6,-1.0431659886829885,-0.8693272921435614,TIME_LIMIT,640772,0,0,3,9
2,8,2.998985e6,-1.0431659886829885,-0.8693272921435614,TIME_LIMIT,640791,0,0,14,10
2,8,2.999082e6,-1.0431630305908324,-0.8693272921435614,TIME_LIMIT,640817,0,0,8,8
2,8,2.99922e6,-1.0431630305908324,-0.8693272921435614,TIME_LIMIT,640846,0,0,13,19
2,8,2.999434e6,-1.0431618889902954,-0.8693272921435614,TIME_LIMIT,640877,0,0,16,17
2,8,2.999508e6,-1.0431618889902954,-0.8693272921435614,TIME_LIMIT,640898,0,0,8,7
2,8,2.999567e6,-1.0431566954015312,-0.8693272921435614,TIME_LIMIT,640915,0,0,6,3
2,8,2.999764e6,-1.0431566954015312,-0.8693272921435614,TIME_LIMIT,640936,0,0,17,23
2,8,2.999971e6,-1.043155858706311,-0.8693272921435614,TIME_LIMIT,640974,0,0,15,4
2,8,3.000061e6,-1.043155858706311,-0.8693272921435614,TIME_LIMIT,640998,0,0,12,6
2,8,3.000091e6,-1.0431514627190335,-0.8693272921435614,TIME_LIMIT,641010,0,0,9,6
2,8,3.000306e6,-1.0431514627190335,-0.8693272921435614,TIME_LIMIT,641031,0,0,21,20
2,8,3.000421e6,-1.043146878913899,-0.8693272921435614,TIME_LIMIT,641066,0,0,15,10
2,8,3.000483e6,-1.043146878913899,-0.8693272921435614,TIME_LIMIT,641085,0,0,21,13
2,8,3.000576e6,-1.0431393794317783,-0.8693272921435614,TIME_LIMIT,641111,0,0,10,3
2,8,3.000639e6,-1.0431393794317783,-0.8693272921435614,TIME_LIMIT,641125,0,0,13,12
2,8,3.000695e6,-1.043136336139339,-0.8693272921435614,TIME_LIMIT,641147,0,0,9,3
2,8,3.000839e6,-1.043136336139339,-0.8693272921435614,TIME_LIMIT,641165,0,0,5,7
2,8,3.000926e6,-1.0431322262382232,-0.8693272921435614,TIME_LIMIT,641193,0,0,10,8
2,8,3.00102e6,-1.0431322262382232,-0.8693272921435614,TIME_LIMIT,641212,0,0,13,9
2,8,3.001173e6,-1.0431306424351554,-0.8693272921435614,TIME_LIMIT,641241,0,0,11,5
2,8,3.001234e6,-1.0431306424351554,-0.8693272921435614,TIME_LIMIT,641259,0,0,11,5
2,8,3.001284e6,-1.04312860276683,-0.8693272921435614,TIME_LIMIT,641280,0,0,4,7
2,8,3.001413e6,-1.04312860276683,-0.8693272921435614,TIME_LIMIT,641299,0,0,16,10
2,8,3.001635e6,-1.0431212872540454,-0.8693272921435614,TIME_LIMIT,641327,0,0,10,7
2,8,3.001852e6,-1.0431212872540454,-0.8693272921435614,TIME_LIMIT,641348,0,0,19,18
2,8,3.002067e6,-1.0431198024960249,-0.8693272921435614,TIME_LIMIT,641385,0,0,18,14
2,8,3.002278e6,-1.0431198024960249,-0.8693272921435614,TIME_LIMIT,641405,0,0,15,18
2,8,3.002476e6,-1.0431196028909304,-0.8693272921435614,TIME_LIMIT,641436,0,0,17,6
2,8,3.002532e6,-1.0431196028909304,-0.8693272921435614,TIME_LIMIT,641457,0,0,8,6
2,8,3.002614e6,-1.0431176524529613,-0.8693272921435614,TIME_LIMIT,641481,0,0,8,7
2,8,3.002718e6,-1.0431176524529613,-0.8693272921435614,TIME_LIMIT,641496,0,0,11,7
2,8,3.002804e6,-1.0431169585942413,-0.8693272921435614,TIME_LIMIT,641523,0,0,11,6
2,8,3.002866e6,-1.0431169585942413,-0.8693272921435614,TIME_LIMIT,641536,0,0,11,14
2,8,3.002905e6,-1.0431152995633695,-0.8693272921435614,TIME_LIMIT,641557,0,0,6,7
2,8,3.00312e6,-1.0431152995633695,-0.8693272921435614,TIME_LIMIT,641586,0,0,31,10
2,8,3.003325e6,-1.0431138862053508,-0.8693272921435614,TIME_LIMIT,641622,0,0,16,9
2,8,3.003543e6,-1.0431138862053508,-0.8693272921435614,TIME_LIMIT,641646,0,0,19,24
2,8,3.003759e6,-1.0431105306348236,-0.8693272921435614,TIME_LIMIT,641678,0,0,18,4
2,8,3.003887e6,-1.0431105306348236,-0.8693272921435614,TIME_LIMIT,641706,0,0,18,14
2,8,3.004101e6,-1.043110462207775,-0.8693272921435614,TIME_LIMIT,641739,0,0,16,9
2,8,3.004174e6,-1.043110462207775,-0.8693272921435614,TIME_LIMIT,641761,0,0,15,8
2,8,3.004233e6,-1.043098949330366,-0.8693272921435614,TIME_LIMIT,641780,0,0,7,3
2,8,3.004271e6,-1.043098949330366,-0.8693272921435614,TIME_LIMIT,641797,0,0,13,5
2,8,3.004315e6,-1.043091989351013,-0.8693272921435614,TIME_LIMIT,641813,0,0,6,4
2,8,3.004409e6,-1.043091989351013,-0.8693272921435614,TIME_LIMIT,641831,0,0,16,12
2,8,3.004525e6,-1.043091664552409,-0.8693272921435614,TIME_LIMIT,641860,0,0,9,7
2,8,3.004747e6,-1.043091664552409,-0.8693272921435614,TIME_LIMIT,641884,0,0,7,16
2,8,3.004914e6,-1.0430904324331378,-0.8693272921435614,TIME_LIMIT,641914,0,0,11,7
2,8,3.004964e6,-1.0430904324331378,-0.8693272921435614,TIME_LIMIT,641930,0,0,9,3
2,8,3.005e6,-1.0430869067397817,-0.8693272921435614,TIME_LIMIT,641947,0,0,3,4
2,8,3.005088e6,-1.0430869067397817,-0.8693272921435614,TIME_LIMIT,641966,0,0,8,7
2,8,3.005117e6,-1.0430822200634724,-0.8693272921435614,TIME_LIMIT,641978,0,0,4,4
2,8,3.005332e6,-1.0430822200634724,-0.8693272921435614,TIME_LIMIT,641998,0,0,23,21
2,8,3.005544e6,-1.043078044818054,-0.8693272921435614,TIME_LIMIT,642032,0,0,19,5
2,8,3.005755e6,-1.043078044818054,-0.8693272921435614,TIME_LIMIT,642054,0,0,24,23
2,8,3.005969e6,-1.0430773556731094,-0.8693272921435614,TIME_LIMIT,642093,0,0,19,18
2,8,3.006182e6,-1.0430773556731094,-0.8693272921435614,TIME_LIMIT,642123,0,0,15,17
2,8,3.006395e6,-1.043074888307145,-0.8693272921435614,TIME_LIMIT,642148,0,0,23,20
2,8,3.006561e6,-1.043074888307145,-0.8693272921435614,TIME_LIMIT,642170,0,0,12,16
2,8,3.006684e6,-1.0430711974222753,-0.8693272921435614,TIME_LIMIT,642194,0,0,11,5
2,8,3.006736e6,-1.0430711974222753,-0.8693272921435614,TIME_LIMIT,642212,0,0,13,2
2,8,3.00677e6,-1.043069534772006,-0.8693272921435614,TIME_LIMIT,642227,0,0,5,1
2,8,3.006952e6,-1.043069534772006,-0.8693272921435614,TIME_LIMIT,642254,0,0,24,21
2,8,3.007151e6,-1.0430541799544404,-0.8693272921435614,TIME_LIMIT,642296,0,0,18,10
2,8,3.007368e6,-1.0430541799544404,-0.8693272921435614,TIME_LIMIT,642319,0,0,7,13
2,8,3.007589e6,-1.0430536411939277,-0.8693272921435614,TIME_LIMIT,642352,0,0,7,3
2,8,3.007797e6,-1.0430536411939277,-0.8693272921435614,TIME_LIMIT,642371,0,0,8,16
2,8,3.008012e6,-1.0430478016445341,-0.8693272921435614,TIME_LIMIT,642405,0,0,17,7
2,8,3.008073e6,-1.0430478016445341,-0.8693272921435614,TIME_LIMIT,642421,0,0,12,9
2,8,3.008128e6,-1.0430418467584257,-0.8693272921435614,TIME_LIMIT,642440,0,0,6,6
2,8,3.008253e6,-1.0430418467584257,-0.8693272921435614,TIME_LIMIT,642463,0,0,10,9
2,8,3.008313e6,-1.0430358975423473,-0.8693272921435614,TIME_LIMIT,642489,0,0,11,4
2,8,3.008424e6,-1.0430358975423473,-0.8693272921435614,TIME_LIMIT,642511,0,0,12,14
2,8,3.008619e6,-1.0430334813460445,-0.8693272921435614,TIME_LIMIT,642541,0,0,12,7
2,8,3.008674e6,-1.0430334813460445,-0.8693272921435614,TIME_LIMIT,642564,0,0,16,4
2,8,3.008874e6,-1.043025250941415,-0.8693272921435614,TIME_LIMIT,642587,0,0,19,10
2,8,3.009022e6,-1.043025250941415,-0.8693272921435614,TIME_LIMIT,642612,0,0,13,10
2,8,3.009178e6,-1.0430186589843355,-0.8693272921435614,TIME_LIMIT,642633,0,0,12,15
2,8,3.0093e6,-1.0430186589843355,-0.8693272921435614,TIME_LIMIT,642657,0,0,17,15
2,8,3.009458e6,-1.0430185785268535,-0.8693272921435614,TIME_LIMIT,642695,0,0,20,11
2,8,3.00951e6,-1.0430185785268535,-0.8693272921435614,TIME_LIMIT,642712,0,0,7,12
2,8,3.009562e6,-1.0430180282155044,-0.8693272921435614,TIME_LIMIT,642733,0,0,9,5
2,8,3.009671e6,-1.0430180282155044,-0.8693272921435614,TIME_LIMIT,642751,0,0,18,23
2,8,3.009767e6,-1.0430178715728298,-0.8693272921435614,TIME_LIMIT,642779,0,0,15,2
2,8,3.009967e6,-1.0430178715728298,-0.8693272921435614,TIME_LIMIT,642799,0,0,15,16
2,8,3.010131e6,-1.043011976203041,-0.8693272921435614,TIME_LIMIT,642830,0,0,14,7
2,8,3.010349e6,-1.043011976203041,-0.8693272921435614,TIME_LIMIT,642849,0,0,16,11
2,8,3.010484e6,-1.0430093561973508,-0.8693272921435614,TIME_LIMIT,642880,0,0,11,6
2,8,3.010703e6,-1.0430093561973508,-0.8693272921435614,TIME_LIMIT,642900,0,0,12,15
2,8,3.010821e6,-1.0430040183205644,-0.8693272921435614,TIME_LIMIT,642930,0,0,12,3
2,8,3.010888e6,-1.0430040183205644,-0.8693272921435614,TIME_LIMIT,642949,0,0,11,9
2,8,3.010934e6,-1.043000836373381,-0.8693272921435614,TIME_LIMIT,642968,0,0,13,6
2,8,3.01104e6,-1.043000836373381,-0.8693272921435614,TIME_LIMIT,642988,0,0,20,14
2,8,3.011156e6,-1.0429957366458813,-0.8693272921435614,TIME_LIMIT,643023,0,0,16,10
2,8,3.011209e6,-1.0429957366458813,-0.8693272921435614,TIME_LIMIT,643035,0,0,12,12
2,8,3.011276e6,-1.042995612279843,-0.8693272921435614,TIME_LIMIT,643056,0,0,7,5
2,8,3.01134e6,-1.042995612279843,-0.8693272921435614,TIME_LIMIT,643076,0,0,11,12
2,8,3.0114e6,-1.042995049493721,-0.8693272921435614,TIME_LIMIT,643100,0,0,10,5
2,8,3.011567e6,-1.042995049493721,-0.8693272921435614,TIME_LIMIT,643122,0,0,15,13
2,8,3.011653e6,-1.0429936900453236,-0.8693272921435614,TIME_LIMIT,643142,0,0,14,6
2,8,3.011689e6,-1.0429936900453236,-0.8693272921435614,TIME_LIMIT,643157,0,0,7,4
2,8,3.011725e6,-1.0429911296310954,-0.8693272921435614,TIME_LIMIT,643168,0,0,3,1
2,8,3.011922e6,-1.0429911296310954,-0.8693272921435614,TIME_LIMIT,643186,0,0,11,17
2,8,3.012043e6,-1.0429906343995223,-0.8693272921435614,TIME_LIMIT,643214,0,0,10,8
2,8,3.012129e6,-1.0429906343995223,-0.8693272921435614,TIME_LIMIT,643231,0,0,19,9
2,8,3.012267e6,-1.0429867220166713,-0.8693272921435614,TIME_LIMIT,643260,0,0,8,10
2,8,3.012344e6,-1.0429867220166713,-0.8693272921435614,TIME_LIMIT,643283,0,0,15,4
2,8,3.012377e6,-1.0429818642281747,-0.8693272921435614,TIME_LIMIT,643297,0,0,9,3
2,8,3.012537e6,-1.0429818642281747,-0.8693272921435614,TIME_LIMIT,643320,0,0,17,14
2,8,3.012672e6,-1.042979136543531,-0.8693272921435614,TIME_LIMIT,643356,0,0,13,8
2,8,3.012728e6,-1.042979136543531,-0.8693272921435614,TIME_LIMIT,643370,0,0,6,5
2,8,3.012771e6,-1.0429778578677518,-0.8693272921435614,TIME_LIMIT,643386,0,0,4,2
2,8,3.012832e6,-1.0429778578677518,-0.8693272921435614,TIME_LIMIT,643399,0,0,7,8
2,8,3.012885e6,-1.042975095946038,-0.8693272921435614,TIME_LIMIT,643422,0,0,9,3
2,8,3.01309e6,-1.042975095946038,-0.8693272921435614,TIME_LIMIT,643444,0,0,23,17
2,8,3.013255e6,-1.0429734997487854,-0.8693272921435614,TIME_LIMIT,643476,0,0,14,5
2,8,3.013372e6,-1.0429734997487854,-0.8693272921435614,TIME_LIMIT,643492,0,0,10,8
2,8,3.013419e6,-1.0429730547251186,-0.8693272921435614,TIME_LIMIT,643511,0,0,9,3
2,8,3.013524e6,-1.0429730547251186,-0.8693272921435614,TIME_LIMIT,643537,0,0,10,6
2,8,3.013733e6,-1.0429701667218716,-0.8693272921435614,TIME_LIMIT,643567,0,0,5,2
2,8,3.013798e6,-1.0429701667218716,-0.8693272921435614,TIME_LIMIT,643591,0,0,13,12
2,8,3.013923e6,-1.042970121010636,-0.8693272921435614,TIME_LIMIT,643615,0,0,14,13
2,8,3.014061e6,-1.042970121010636,-0.8693272921435614,TIME_LIMIT,643639,0,0,17,16
2,8,3.014173e6,-1.0429675518520212,-0.8693272921435614,TIME_LIMIT,643668,0,0,6,3
2,8,3.014387e6,-1.0429675518520212,-0.8693272921435614,TIME_LIMIT,643692,0,0,18,29
2,8,3.014589e6,-1.0429653470766025,-0.8693272921435614,TIME_LIMIT,643725,0,0,16,13
2,8,3.014669e6,-1.0429653470766025,-0.8693272921435614,TIME_LIMIT,643746,0,0,15,17
2,8,3.014866e6,-1.042962352265284,-0.8693272921435614,TIME_LIMIT,643783,0,0,9,5
2,8,3.014931e6,-1.042962352265284,-0.8693272921435614,TIME_LIMIT,643798,0,0,13,4
2,8,3.014978e6,-1.0429599115550285,-0.8693272921435614,TIME_LIMIT,643819,0,0,10,0
2,8,3.015085e6,-1.0429599115550285,-0.8693272921435614,TIME_LIMIT,643842,0,0,22,8
2,8,3.015208e6,-1.042956536851091,-0.8693272921435614,TIME_LIMIT,643878,0,0,18,11
2,8,3.01542e6,-1.042956536851091,-0.8693272921435614,TIME_LIMIT,643900,0,0,18,14
2,8,3.015643e6,-1.0429562229822746,-0.8693272921435614,TIME_LIMIT,643933,0,0,6,4
2,8,3.015746e6,-1.0429562229822746,-0.8693272921435614,TIME_LIMIT,643952,0,0,13,20
2,8,3.015833e6,-1.0429533854347306,-0.8693272921435614,TIME_LIMIT,643983,0,0,13,6
2,8,3.015899e6,-1.0429533854347306,-0.8693272921435614,TIME_LIMIT,643997,0,0,7,3
2,8,3.015953e6,-1.0429529723992434,-0.8693272921435614,TIME_LIMIT,644018,0,0,7,5
2,8,3.01612e6,-1.0429529723992434,-0.8693272921435614,TIME_LIMIT,644043,0,0,18,16
2,8,3.016342e6,-1.0429500514026682,-0.8693272921435614,TIME_LIMIT,644078,0,0,7,11
2,8,3.016541e6,-1.0429500514026682,-0.8693272921435614,TIME_LIMIT,644105,0,0,22,32
2,8,3.016762e6,-1.042940271095053,-0.8693272921435614,TIME_LIMIT,644141,0,0,7,7
2,8,3.016821e6,-1.042940271095053,-0.8693272921435614,TIME_LIMIT,644160,0,0,13,5
2,8,3.016858e6,-1.042937293983806,-0.8693272921435614,TIME_LIMIT,644178,0,0,4,4
2,8,3.017073e6,-1.042937293983806,-0.8693272921435614,TIME_LIMIT,644202,0,0,17,23
2,8,3.017242e6,-1.0429305176294932,-0.8693272921435614,TIME_LIMIT,644230,0,0,21,9
2,8,3.017461e6,-1.0429305176294932,-0.8693272921435614,TIME_LIMIT,644259,0,0,16,15
2,8,3.017604e6,-1.042927584593071,-0.8693272921435614,TIME_LIMIT,644294,0,0,20,5
2,8,3.01776e6,-1.042927584593071,-0.8693272921435614,TIME_LIMIT,644326,0,0,22,10
2,8,3.017936e6,-1.042927043064795,-0.8693272921435614,TIME_LIMIT,644356,0,0,12,7
2,8,3.018147e6,-1.042927043064795,-0.8693272921435614,TIME_LIMIT,644383,0,0,19,9
2,8,3.018273e6,-1.042920492275363,-0.8693272921435614,TIME_LIMIT,644413,0,0,16,6
2,8,3.018364e6,-1.042920492275363,-0.8693272921435614,TIME_LIMIT,644443,0,0,22,14
2,8,3.01852e6,-1.0429198924236092,-0.8693272921435614,TIME_LIMIT,644476,0,0,15,18
2,8,3.018707e6,-1.0429198924236092,-0.8693272921435614,TIME_LIMIT,644504,0,0,12,14
2,8,3.018855e6,-1.0429181090081892,-0.8693272921435614,TIME_LIMIT,644540,0,0,14,13
2,8,3.018999e6,-1.0429181090081892,-0.8693272921435614,TIME_LIMIT,644563,0,0,11,16
2,8,3.019131e6,-1.0429122750998974,-0.8693272921435614,TIME_LIMIT,644596,0,0,16,5
2,8,3.019268e6,-1.0429122750998974,-0.8693272921435614,TIME_LIMIT,644618,0,0,24,21
2,8,3.019371e6,-1.0429090127852763,-0.8693272921435614,TIME_LIMIT,644650,0,0,18,8
2,8,3.01946e6,-1.0429090127852763,-0.8693272921435614,TIME_LIMIT,644672,0,0,14,18
2,8,3.019516e6,-1.0429077822825428,-0.8693272921435614,TIME_LIMIT,644694,0,0,9,4
2,8,3.019676e6,-1.0429077822825428,-0.8693272921435614,TIME_LIMIT,644712,0,0,12,14
2,8,3.01983e6,-1.0428968889877661,-0.8693272921435614,TIME_LIMIT,644740,0,0,4,3
2,8,3.020007e6,-1.0428968889877661,-0.8693272921435614,TIME_LIMIT,644773,0,0,19,29
2,8,3.020227e6,-1.0428952615296812,-0.8693272921435614,TIME_LIMIT,644810,0,0,16,14
2,8,3.020427e6,-1.0428952615296812,-0.8693272921435614,TIME_LIMIT,644831,0,0,18,6
2,8,3.020624e6,-1.0428932407927027,-0.8693272921435614,TIME_LIMIT,644862,0,0,13,8
2,8,3.020745e6,-1.0428932407927027,-0.8693272921435614,TIME_LIMIT,644883,0,0,22,14
2,8,3.02094e6,-1.0428919756156445,-0.8693272921435614,TIME_LIMIT,644917,0,0,16,6
2,8,3.020997e6,-1.0428919756156445,-0.8693272921435614,TIME_LIMIT,644938,0,0,9,2
2,8,3.021051e6,-1.0428831945920725,-0.8693272921435614,TIME_LIMIT,644950,0,0,6,6
2,8,3.021142e6,-1.0428831945920725,-0.8693272921435614,TIME_LIMIT,644967,0,0,13,9
2,8,3.02124e6,-1.0428785601525012,-0.8693272921435614,TIME_LIMIT,644991,0,0,7,5
2,8,3.021312e6,-1.0428785601525012,-0.8693272921435614,TIME_LIMIT,645010,0,0,14,16
2,8,3.02152e6,-1.0428708255709678,-0.8693272921435614,TIME_LIMIT,645049,0,0,20,9
2,8,3.021712e6,-1.0428708255709678,-0.8693272921435614,TIME_LIMIT,645074,0,0,19,18
2,8,3.021818e6,-1.0428697002322769,-0.8693272921435614,TIME_LIMIT,645106,0,0,13,10
2,8,3.022029e6,-1.0428697002322769,-0.8693272921435614,TIME_LIMIT,645126,0,0,21,20
2,8,3.022239e6,-1.0428683081769066,-0.8693272921435614,TIME_LIMIT,645154,0,0,15,8
2,8,3.022323e6,-1.0428683081769066,-0.8693272921435614,TIME_LIMIT,645177,0,0,23,22
2,8,3.022477e6,-1.0428638945552005,-0.8693272921435614,TIME_LIMIT,645209,0,0,10,12
2,8,3.02253e6,-1.0428638945552005,-0.8693272921435614,TIME_LIMIT,645226,0,0,8,10
2,8,3.022628e6,-1.0428592140976076,-0.8693272921435614,TIME_LIMIT,645255,0,0,7,9
2,8,3.0227e6,-1.0428592140976076,-0.8693272921435614,TIME_LIMIT,645271,0,0,12,16
2,8,3.022917e6,-1.0428554601447368,-0.8693272921435614,TIME_LIMIT,645304,0,0,14,4
2,8,3.023092e6,-1.0428554601447368,-0.8693272921435614,TIME_LIMIT,645326,0,0,21,18
2,8,3.023277e6,-1.042853042821657,-0.8693272921435614,TIME_LIMIT,645360,0,0,14,7
2,8,3.023463e6,-1.042853042821657,-0.8693272921435614,TIME_LIMIT,645383,0,0,16,10
2,8,3.023588e6,-1.042850443678498,-0.8693272921435614,TIME_LIMIT,645410,0,0,11,7
2,8,3.023654e6,-1.042850443678498,-0.8693272921435614,TIME_LIMIT,645424,0,0,13,10
2,8,3.023762e6,-1.0428479326746725,-0.8693272921435614,TIME_LIMIT,645448,0,0,9,2
2,8,3.023896e6,-1.0428479326746725,-0.8693272921435614,TIME_LIMIT,645470,0,0,15,13
2,8,3.024107e6,-1.042844371813557,-0.8693272921435614,TIME_LIMIT,645494,0,0,10,7
2,8,3.024183e6,-1.042844371813557,-0.8693272921435614,TIME_LIMIT,645510,0,0,16,11
2,8,3.024291e6,-1.042842822664071,-0.8693272921435614,TIME_LIMIT,645540,0,0,10,4
2,8,3.024383e6,-1.042842822664071,-0.8693272921435614,TIME_LIMIT,645556,0,0,12,9
2,8,3.024412e6,-1.0428419230211181,-0.8693272921435614,TIME_LIMIT,645575,0,0,8,2
2,8,3.024568e6,-1.0428419230211181,-0.8693272921435614,TIME_LIMIT,645598,0,0,21,13
2,8,3.024731e6,-1.0428403140247293,-0.8693272921435614,TIME_LIMIT,645630,0,0,10,4
2,8,3.024954e6,-1.0428403140247293,-0.8693272921435614,TIME_LIMIT,645650,0,0,12,6
2,8,3.025064e6,-1.0428390710458497,-0.8693272921435614,TIME_LIMIT,645670,0,0,10,7
2,8,3.025231e6,-1.0428390710458497,-0.8693272921435614,TIME_LIMIT,645693,0,0,17,10
2,8,3.025333e6,-1.042838893375921,-0.8693272921435614,TIME_LIMIT,645723,0,0,8,8
2,8,3.025548e6,-1.042838893375921,-0.8693272921435614,TIME_LIMIT,645745,0,0,12,19
2,8,3.025762e6,-1.0428311516194733,-0.8693272921435614,TIME_LIMIT,645776,0,0,15,7
2,8,3.025883e6,-1.0428311516194733,-0.8693272921435614,TIME_LIMIT,645795,0,0,10,9
2,8,3.025945e6,-1.0428305588760562,-0.8693272921435614,TIME_LIMIT,645812,0,0,6,1
2,8,3.026031e6,-1.0428305588760562,-0.8693272921435614,TIME_LIMIT,645838,0,0,18,16
2,8,3.026134e6,-1.0428248697934073,-0.8693272921435614,TIME_LIMIT,645872,0,0,15,15
2,8,3.026215e6,-1.0428248697934073,-0.8693272921435614,TIME_LIMIT,645897,0,0,16,4
2,8,3.026281e6,-1.0428198946865965,-0.8693272921435614,TIME_LIMIT,645924,0,0,19,5
2,8,3.026359e6,-1.0428198946865965,-0.8693272921435614,TIME_LIMIT,645940,0,0,13,10
2,8,3.026413e6,-1.0428156166179252,-0.8693272921435614,TIME_LIMIT,645959,0,0,7,2
2,8,3.026464e6,-1.0428156166179252,-0.8693272921435614,TIME_LIMIT,645973,0,0,14,10
2,8,3.026647e6,-1.0428083823422285,-0.8693272921435614,TIME_LIMIT,646000,0,0,11,8
2,8,3.026744e6,-1.0428083823422285,-0.8693272921435614,TIME_LIMIT,646022,0,0,13,20
2,8,3.026827e6,-1.0428063093690476,-0.8693272921435614,TIME_LIMIT,646047,0,0,10,3
2,8,3.026857e6,-1.0428063093690476,-0.8693272921435614,TIME_LIMIT,646060,0,0,7,2
2,8,3.026887e6,-1.0428016055182587,-0.8693272921435614,TIME_LIMIT,646076,0,0,5,4
2,8,3.027035e6,-1.0428016055182587,-0.8693272921435614,TIME_LIMIT,646099,0,0,19,15
2,8,3.027177e6,-1.0427997332402366,-0.8693272921435614,TIME_LIMIT,646132,0,0,7,10
2,8,3.027391e6,-1.0427997332402366,-0.8693272921435614,TIME_LIMIT,646152,0,0,14,17
2,8,3.027568e6,-1.0427915666914092,-0.8693272921435614,TIME_LIMIT,646186,0,0,14,5
2,8,3.027777e6,-1.0427915666914092,-0.8693272921435614,TIME_LIMIT,646207,0,0,14,18
2,8,3.027866e6,-1.042789600837858,-0.8693272921435614,TIME_LIMIT,646233,0,0,13,2
2,8,3.028073e6,-1.042789600837858,-0.8693272921435614,TIME_LIMIT,646253,0,0,18,18
2,8,3.028235e6,-1.0427835199200062,-0.8693272921435614,TIME_LIMIT,646289,0,0,19,15
2,8,3.028405e6,-1.0427835199200062,-0.8693272921435614,TIME_LIMIT,646315,0,0,16,18
2,8,3.028615e6,-1.0427824955816558,-0.8693272921435614,TIME_LIMIT,646358,0,0,19,15
2,8,3.028758e6,-1.0427824955816558,-0.8693272921435614,TIME_LIMIT,646386,0,0,19,17
2,8,3.028922e6,-1.042780252784733,-0.8693272921435614,TIME_LIMIT,646411,0,0,17,7
2,8,3.029131e6,-1.042780252784733,-0.8693272921435614,TIME_LIMIT,646432,0,0,10,15
2,8,3.029227e6,-1.0427770230968652,-0.8693272921435614,TIME_LIMIT,646456,0,0,7,8
2,8,3.029354e6,-1.0427770230968652,-0.8693272921435614,TIME_LIMIT,646472,0,0,8,9
2,8,3.029409e6,-1.0427604581338406,-0.8693272921435614,TIME_LIMIT,646492,0,0,6,2
2,8,3.029603e6,-1.0427604581338406,-0.8693272921435614,TIME_LIMIT,646520,0,0,19,22
2,8,3.029821e6,-1.0427555206958847,-0.8693272921435614,TIME_LIMIT,646551,0,0,11,9
2,8,3.029871e6,-1.0427555206958847,-0.8693272921435614,TIME_LIMIT,646567,0,0,13,5
2,8,3.029924e6,-1.042754817769337,-0.8693272921435614,TIME_LIMIT,646591,0,0,9,9
2,8,3.029992e6,-1.042754817769337,-0.8693272921435614,TIME_LIMIT,646606,0,0,7,6
2,8,3.030041e6,-1.0427522773560711,-0.8693272921435614,TIME_LIMIT,646624,0,0,6,9
2,8,3.030144e6,-1.0427522773560711,-0.8693272921435614,TIME_LIMIT,646645,0,0,9,3
2,8,3.030236e6,-1.042747904403334,-0.8693272921435614,TIME_LIMIT,646666,0,0,11,5
2,8,3.030369e6,-1.042747904403334,-0.8693272921435614,TIME_LIMIT,646696,0,0,17,16
2,8,3.030461e6,-1.0427438838799534,-0.8693272921435614,TIME_LIMIT,646723,0,0,11,6
2,8,3.030634e6,-1.0427438838799534,-0.8693272921435614,TIME_LIMIT,646753,0,0,27,26
2,8,3.030837e6,-1.0427429033427944,-0.8693272921435614,TIME_LIMIT,646790,0,0,13,10
2,8,3.031047e6,-1.0427429033427944,-0.8693272921435614,TIME_LIMIT,646812,0,0,15,10
2,8,3.031124e6,-1.042741054930346,-0.8693272921435614,TIME_LIMIT,646839,0,0,14,5
2,8,3.031265e6,-1.042741054930346,-0.8693272921435614,TIME_LIMIT,646861,0,0,14,23
2,8,3.031482e6,-1.0427379672339618,-0.8693272921435614,TIME_LIMIT,646892,0,0,14,6
2,8,3.031559e6,-1.0427379672339618,-0.8693272921435614,TIME_LIMIT,646906,0,0,13,15
2,8,3.031654e6,-1.0427371820518139,-0.8693272921435614,TIME_LIMIT,646938,0,0,14,6
2,8,3.03186e6,-1.0427371820518139,-0.8693272921435614,TIME_LIMIT,646963,0,0,17,17
2,8,3.032065e6,-1.0427312172371523,-0.8693272921435614,TIME_LIMIT,647000,0,0,19,7
2,8,3.032126e6,-1.0427312172371523,-0.8693272921435614,TIME_LIMIT,647017,0,0,13,14
2,8,3.032293e6,-1.0427303652255417,-0.8693272921435614,TIME_LIMIT,647052,0,0,12,10
2,8,3.032383e6,-1.0427303652255417,-0.8693272921435614,TIME_LIMIT,647068,0,0,6,17
2,8,3.032511e6,-1.0427291860800574,-0.8693272921435614,TIME_LIMIT,647096,0,0,11,7
2,8,3.032693e6,-1.0427291860800574,-0.8693272921435614,TIME_LIMIT,647120,0,0,16,13
2,8,3.032774e6,-1.0427275046059106,-0.8693272921435614,TIME_LIMIT,647144,0,0,9,8
2,8,3.032911e6,-1.0427275046059106,-0.8693272921435614,TIME_LIMIT,647170,0,0,17,11
2,8,3.033126e6,-1.0427164096431398,-0.8693272921435614,TIME_LIMIT,647201,0,0,11,9
2,8,3.033221e6,-1.0427164096431398,-0.8693272921435614,TIME_LIMIT,647221,0,0,17,10
2,8,3.033426e6,-1.0427149523136916,-0.8693272921435614,TIME_LIMIT,647256,0,0,18,10
2,8,3.033611e6,-1.0427149523136916,-0.8693272921435614,TIME_LIMIT,647276,0,0,18,7
2,8,3.033763e6,-1.0427127505874765,-0.8693272921435614,TIME_LIMIT,647311,0,0,15,10
2,8,3.033867e6,-1.0427127505874765,-0.8693272921435614,TIME_LIMIT,647330,0,0,13,13
2,8,3.034039e6,-1.042709388368265,-0.8693272921435614,TIME_LIMIT,647360,0,0,13,4
2,8,3.034097e6,-1.042709388368265,-0.8693272921435614,TIME_LIMIT,647375,0,0,17,15
2,8,3.034167e6,-1.042703542080667,-0.8693272921435614,TIME_LIMIT,647404,0,0,15,4
2,8,3.034345e6,-1.042703542080667,-0.8693272921435614,TIME_LIMIT,647430,0,0,12,19
2,8,3.034391e6,-1.0427005402885325,-0.8693272921435614,TIME_LIMIT,647454,0,0,9,7
2,8,3.034501e6,-1.0427005402885325,-0.8693272921435614,TIME_LIMIT,647478,0,0,18,7
2,8,3.034679e6,-1.0426998830972387,-0.8693272921435614,TIME_LIMIT,647515,0,0,14,7
2,8,3.034819e6,-1.0426998830972387,-0.8693272921435614,TIME_LIMIT,647537,0,0,18,18
2,8,3.034961e6,-1.042697149984873,-0.8693272921435614,TIME_LIMIT,647567,0,0,9,6
2,8,3.035171e6,-1.042697149984873,-0.8693272921435614,TIME_LIMIT,647591,0,0,17,22
2,8,3.035381e6,-1.042695071375745,-0.8693272921435614,TIME_LIMIT,647630,0,0,7,7
2,8,3.035499e6,-1.042695071375745,-0.8693272921435614,TIME_LIMIT,647653,0,0,19,12
2,8,3.035703e6,-1.0426893875598837,-0.8693272921435614,TIME_LIMIT,647686,0,0,12,8
2,8,3.035898e6,-1.0426893875598837,-0.8693272921435614,TIME_LIMIT,647711,0,0,6,23
2,8,3.036015e6,-1.0426885398121568,-0.8693272921435614,TIME_LIMIT,647738,0,0,14,3
2,8,3.036101e6,-1.0426885398121568,-0.8693272921435614,TIME_LIMIT,647755,0,0,17,10
2,8,3.036307e6,-1.042687724798213,-0.8693272921435614,TIME_LIMIT,647785,0,0,17,6
2,8,3.03647e6,-1.042687724798213,-0.8693272921435614,TIME_LIMIT,647812,0,0,16,23
2,8,3.036682e6,-1.0426871631780523,-0.8693272921435614,TIME_LIMIT,647836,0,0,15,8
2,8,3.036896e6,-1.0426871631780523,-0.8693272921435614,TIME_LIMIT,647864,0,0,22,8
2,8,3.036963e6,-1.0426866181259156,-0.8693272921435614,TIME_LIMIT,647890,0,0,10,7
2,8,3.037043e6,-1.0426866181259156,-0.8693272921435614,TIME_LIMIT,647913,0,0,8,5
2,8,3.037107e6,-1.0426857901904647,-0.8693272921435614,TIME_LIMIT,647926,0,0,4,3
2,8,3.037219e6,-1.0426857901904647,-0.8693272921435614,TIME_LIMIT,647950,0,0,18,9
2,8,3.037302e6,-1.0426810155237942,-0.8693272921435614,TIME_LIMIT,647977,0,0,12,4
2,8,3.037502e6,-1.0426810155237942,-0.8693272921435614,TIME_LIMIT,647998,0,0,13,9
2,8,3.037592e6,-1.0426803718321334,-0.8693272921435614,TIME_LIMIT,648024,0,0,18,4
2,8,3.037709e6,-1.0426803718321334,-0.8693272921435614,TIME_LIMIT,648050,0,0,17,36
2,8,3.037914e6,-1.0426754480600628,-0.8693272921435614,TIME_LIMIT,648083,0,0,11,14
2,8,3.037997e6,-1.0426754480600628,-0.8693272921435614,TIME_LIMIT,648101,0,0,15,8
2,8,3.038137e6,-1.0426711070014467,-0.8693272921435614,TIME_LIMIT,648130,0,0,12,7
2,8,3.038296e6,-1.0426711070014467,-0.8693272921435614,TIME_LIMIT,648149,0,0,13,16
2,8,3.038408e6,-1.0426700051133935,-0.8693272921435614,TIME_LIMIT,648175,0,0,11,6
2,8,3.038495e6,-1.0426700051133935,-0.8693272921435614,TIME_LIMIT,648197,0,0,10,2
2,8,3.038521e6,-1.0426696520994554,-0.8693272921435614,TIME_LIMIT,648209,0,0,4,3
2,8,3.038618e6,-1.0426696520994554,-0.8693272921435614,TIME_LIMIT,648226,0,0,13,12
2,8,3.038683e6,-1.0426688532531738,-0.8693272921435614,TIME_LIMIT,648253,0,0,13,5
2,8,3.038733e6,-1.0426688532531738,-0.8693272921435614,TIME_LIMIT,648269,0,0,8,12
2,8,3.03878e6,-1.0426683734082856,-0.8693272921435614,TIME_LIMIT,648291,0,0,8,2
2,8,3.038861e6,-1.0426683734082856,-0.8693272921435614,TIME_LIMIT,648312,0,0,10,8
2,8,3.038915e6,-1.0426665620934057,-0.8693272921435614,TIME_LIMIT,648334,0,0,10,5
2,8,3.038971e6,-1.0426665620934057,-0.8693272921435614,TIME_LIMIT,648350,0,0,9,8
2,8,3.039015e6,-1.0426609945696184,-0.8693272921435614,TIME_LIMIT,648374,0,0,8,5
2,8,3.039126e6,-1.0426609945696184,-0.8693272921435614,TIME_LIMIT,648396,0,0,9,2
2,8,3.039193e6,-1.0426584373091148,-0.8693272921435614,TIME_LIMIT,648419,0,0,7,7
2,8,3.03925e6,-1.0426584373091148,-0.8693272921435614,TIME_LIMIT,648437,0,0,15,6
2,8,3.039327e6,-1.0426518382399217,-0.8693272921435614,TIME_LIMIT,648455,0,0,12,3
2,8,3.03946e6,-1.0426518382399217,-0.8693272921435614,TIME_LIMIT,648478,0,0,15,15
2,8,3.039579e6,-1.042650260533283,-0.8693272921435614,TIME_LIMIT,648502,0,0,5,6
2,8,3.039708e6,-1.042650260533283,-0.8693272921435614,TIME_LIMIT,648525,0,0,15,10
2,8,3.039823e6,-1.0426500914708305,-0.8693272921435614,TIME_LIMIT,648555,0,0,4,5
2,8,3.040054e6,-1.0426500914708305,-0.8693272921435614,TIME_LIMIT,648580,0,0,25,26
2,8,3.040167e6,-1.0426475665173283,-0.8693272921435614,TIME_LIMIT,648613,0,0,17,6
2,8,3.040306e6,-1.0426475665173283,-0.8693272921435614,TIME_LIMIT,648639,0,0,21,12
2,8,3.040503e6,-1.0426426790652152,-0.8693272921435614,TIME_LIMIT,648674,0,0,13,8
2,8,3.040574e6,-1.0426426790652152,-0.8693272921435614,TIME_LIMIT,648693,0,0,15,13
2,8,3.040777e6,-1.0426425384913505,-0.8693272921435614,TIME_LIMIT,648722,0,0,4,2
2,8,3.040869e6,-1.0426425384913505,-0.8693272921435614,TIME_LIMIT,648741,0,0,10,14
2,8,3.040952e6,-1.0426423597172874,-0.8693272921435614,TIME_LIMIT,648765,0,0,10,10
2,8,3.041055e6,-1.0426423597172874,-0.8693272921435614,TIME_LIMIT,648788,0,0,16,10
2,8,3.041161e6,-1.0426350861069649,-0.8693272921435614,TIME_LIMIT,648811,0,0,4,10
2,8,3.041254e6,-1.0426350861069649,-0.8693272921435614,TIME_LIMIT,648832,0,0,20,18
2,8,3.041347e6,-1.0426321502102542,-0.8693272921435614,TIME_LIMIT,648866,0,0,13,8
2,8,3.041466e6,-1.0426321502102542,-0.8693272921435614,TIME_LIMIT,648891,0,0,9,10
2,8,3.041558e6,-1.0426285041136703,-0.8693272921435614,TIME_LIMIT,648924,0,0,16,8
2,8,3.041769e6,-1.0426285041136703,-0.8693272921435614,TIME_LIMIT,648950,0,0,13,12
2,8,3.041973e6,-1.0426284671390573,-0.8693272921435614,TIME_LIMIT,648985,0,0,14,8
2,8,3.042123e6,-1.0426284671390573,-0.8693272921435614,TIME_LIMIT,649008,0,0,23,11
2,8,3.042335e6,-1.04262709863302,-0.8693272921435614,TIME_LIMIT,649046,0,0,16,13
2,8,3.042441e6,-1.04262709863302,-0.8693272921435614,TIME_LIMIT,649070,0,0,17,13
2,8,3.042646e6,-1.042622677030659,-0.8693272921435614,TIME_LIMIT,649098,0,0,12,4
2,8,3.042682e6,-1.042622677030659,-0.8693272921435614,TIME_LIMIT,649110,0,0,6,3
2,8,3.042705e6,-1.0426217687951929,-0.8693272921435614,TIME_LIMIT,649117,0,0,3,2
2,8,3.042887e6,-1.0426217687951929,-0.8693272921435614,TIME_LIMIT,649148,0,0,8,23
2,8,3.043046e6,-1.042619525340133,-0.8693272921435614,TIME_LIMIT,649178,0,0,17,14
2,8,3.043119e6,-1.042619525340133,-0.8693272921435614,TIME_LIMIT,649197,0,0,16,12
2,8,3.043218e6,-1.042614991191348,-0.8693272921435614,TIME_LIMIT,649226,0,0,13,3
2,8,3.043401e6,-1.042614991191348,-0.8693272921435614,TIME_LIMIT,649250,0,0,18,25
2,8,3.043596e6,-1.0426139648169923,-0.8693272921435614,TIME_LIMIT,649286,0,0,11,7
2,8,3.043659e6,-1.0426139648169923,-0.8693272921435614,TIME_LIMIT,649300,0,0,6,8
2,8,3.043704e6,-1.0426128966540569,-0.8693272921435614,TIME_LIMIT,649317,0,0,6,4
2,8,3.043799e6,-1.0426128966540569,-0.8693272921435614,TIME_LIMIT,649337,0,0,13,12
2,8,3.04391e6,-1.0426113032415771,-0.8693272921435614,TIME_LIMIT,649364,0,0,16,6
2,8,3.043963e6,-1.0426113032415771,-0.8693272921435614,TIME_LIMIT,649381,0,0,6,5
2,8,3.044016e6,-1.0426106163077027,-0.8693272921435614,TIME_LIMIT,649404,0,0,6,1
2,8,3.044075e6,-1.0426106163077027,-0.8693272921435614,TIME_LIMIT,649420,0,0,11,5
2,8,3.044117e6,-1.0426094264201553,-0.8693272921435614,TIME_LIMIT,649439,0,0,8,4
2,8,3.044329e6,-1.0426094264201553,-0.8693272921435614,TIME_LIMIT,649460,0,0,19,31
2,8,3.044541e6,-1.0426088047150164,-0.8693272921435614,TIME_LIMIT,649492,0,0,14,13
2,8,3.044634e6,-1.0426088047150164,-0.8693272921435614,TIME_LIMIT,649508,0,0,16,15
2,8,3.044737e6,-1.0425961125252714,-0.8693272921435614,TIME_LIMIT,649539,0,0,9,5
2,8,3.044792e6,-1.0425961125252714,-0.8693272921435614,TIME_LIMIT,649550,0,0,12,8
2,8,3.044857e6,-1.0425909466876604,-0.8693272921435614,TIME_LIMIT,649574,0,0,10,4
2,8,3.045063e6,-1.0425909466876604,-0.8693272921435614,TIME_LIMIT,649592,0,0,21,39
2,8,3.045276e6,-1.042583174142918,-0.8693272921435614,TIME_LIMIT,649631,0,0,19,16
2,8,3.045352e6,-1.042583174142918,-0.8693272921435614,TIME_LIMIT,649647,0,0,9,8
2,8,3.045404e6,-1.0425810811230363,-0.8693272921435614,TIME_LIMIT,649665,0,0,7,3
2,8,3.045499e6,-1.0425810811230363,-0.8693272921435614,TIME_LIMIT,649688,0,0,14,8
2,8,3.045594e6,-1.0425784652622894,-0.8693272921435614,TIME_LIMIT,649708,0,0,11,8
2,8,3.04565e6,-1.0425784652622894,-0.8693272921435614,TIME_LIMIT,649725,0,0,13,11
2,8,3.045733e6,-1.0425781367825118,-0.8693272921435614,TIME_LIMIT,649752,0,0,13,2
2,8,3.045891e6,-1.0425781367825118,-0.8693272921435614,TIME_LIMIT,649776,0,0,25,27
2,8,3.046067e6,-1.0425776247741696,-0.8693272921435614,TIME_LIMIT,649809,0,0,11,10
2,8,3.046186e6,-1.0425776247741696,-0.8693272921435614,TIME_LIMIT,649831,0,0,13,11
2,8,3.04625e6,-1.042571780780618,-0.8693272921435614,TIME_LIMIT,649850,0,0,13,7
2,8,3.046343e6,-1.042571780780618,-0.8693272921435614,TIME_LIMIT,649875,0,0,17,8
2,8,3.046404e6,-1.0425640905958526,-0.8693272921435614,TIME_LIMIT,649898,0,0,14,14
2,8,3.046453e6,-1.0425640905958526,-0.8693272921435614,TIME_LIMIT,649909,0,0,10,6
2,8,3.046492e6,-1.042563376686985,-0.8693272921435614,TIME_LIMIT,649928,0,0,9,1
2,8,3.046689e6,-1.042563376686985,-0.8693272921435614,TIME_LIMIT,649952,0,0,17,12
2,8,3.046767e6,-1.0425575213633314,-0.8693272921435614,TIME_LIMIT,649979,0,0,6,8
2,8,3.046963e6,-1.0425575213633314,-0.8693272921435614,TIME_LIMIT,650002,0,0,18,12
2,8,3.04712e6,-1.0425546393496257,-0.8693272921435614,TIME_LIMIT,650022,0,0,11,8
2,8,3.04721e6,-1.0425546393496257,-0.8693272921435614,TIME_LIMIT,650047,0,0,16,6
2,8,3.047299e6,-1.0425540676366545,-0.8693272921435614,TIME_LIMIT,650062,0,0,9,7
2,8,3.047422e6,-1.0425540676366545,-0.8693272921435614,TIME_LIMIT,650084,0,0,18,15
2,8,3.047631e6,-1.042553044512415,-0.8693272921435614,TIME_LIMIT,650117,0,0,16,12
2,8,3.047681e6,-1.042553044512415,-0.8693272921435614,TIME_LIMIT,650132,0,0,10,15
2,8,3.047777e6,-1.042550398132303,-0.8693272921435614,TIME_LIMIT,650160,0,0,13,2
2,8,3.04789e6,-1.042550398132303,-0.8693272921435614,TIME_LIMIT,650184,0,0,22,22
2,8,3.047982e6,-1.0425474245325885,-0.8693272921435614,TIME_LIMIT,650212,0,0,11,9
2,8,3.048155e6,-1.0425474245325885,-0.8693272921435614,TIME_LIMIT,650238,0,0,9,7
2,8,3.048246e6,-1.0425419772131765,-0.8693272921435614,TIME_LIMIT,650255,0,0,10,11
2,8,3.048305e6,-1.0425419772131765,-0.8693272921435614,TIME_LIMIT,650272,0,0,9,5
2,8,3.048467e6,-1.0425408600162056,-0.8693272921435614,TIME_LIMIT,650299,0,0,10,3
2,8,3.048558e6,-1.0425408600162056,-0.8693272921435614,TIME_LIMIT,650320,0,0,18,6
2,8,3.048689e6,-1.0425402764944565,-0.8693272921435614,TIME_LIMIT,650351,0,0,8,6
2,8,3.048904e6,-1.0425402764944565,-0.8693272921435614,TIME_LIMIT,650371,0,0,3,2
2,8,3.049022e6,-1.0425389414959447,-0.8693272921435614,TIME_LIMIT,650393,0,0,10,10
2,8,3.049232e6,-1.0425389414959447,-0.8693272921435614,TIME_LIMIT,650417,0,0,18,14
2,8,3.049445e6,-1.0425387248048963,-0.8693272921435614,TIME_LIMIT,650452,0,0,16,6
2,8,3.049583e6,-1.0425387248048963,-0.8693272921435614,TIME_LIMIT,650472,0,0,8,11
2,8,3.04967e6,-1.0425375290391883,-0.8693272921435614,TIME_LIMIT,650501,0,0,11,9
2,8,3.049873e6,-1.0425375290391883,-0.8693272921435614,TIME_LIMIT,650520,0,0,20,26
2,8,3.049993e6,-1.0425368506621098,-0.8693272921435614,TIME_LIMIT,650552,0,0,16,11
2,8,3.050203e6,-1.0425368506621098,-0.8693272921435614,TIME_LIMIT,650580,0,0,26,38
2,8,3.05035e6,-1.042534301472083,-0.8693272921435614,TIME_LIMIT,650614,0,0,16,15
2,8,3.050438e6,-1.042534301472083,-0.8693272921435614,TIME_LIMIT,650635,0,0,7,9
2,8,3.050498e6,-1.0425323663108585,-0.8693272921435614,TIME_LIMIT,650650,0,0,10,4
2,8,3.050617e6,-1.0425323663108585,-0.8693272921435614,TIME_LIMIT,650670,0,0,14,8
2,8,3.050711e6,-1.0425287027516639,-0.8693272921435614,TIME_LIMIT,650694,0,0,6,6
2,8,3.05091e6,-1.0425287027516639,-0.8693272921435614,TIME_LIMIT,650719,0,0,18,13
2,8,3.051067e6,-1.0425181437429019,-0.8693272921435614,TIME_LIMIT,650746,0,0,18,11
2,8,3.051279e6,-1.0425181437429019,-0.8693272921435614,TIME_LIMIT,650770,0,0,20,8
2,8,3.05144e6,-1.04251387713019,-0.8693272921435614,TIME_LIMIT,650800,0,0,8,4
2,8,3.051546e6,-1.04251387713019,-0.8693272921435614,TIME_LIMIT,650825,0,0,13,4
2,8,3.051728e6,-1.0425110255273322,-0.8693272921435614,TIME_LIMIT,650854,0,0,13,9
2,8,3.051859e6,-1.0425110255273322,-0.8693272921435614,TIME_LIMIT,650874,0,0,16,11
2,8,3.05193e6,-1.042508686504923,-0.8693272921435614,TIME_LIMIT,650901,0,0,9,7
2,8,3.052101e6,-1.042508686504923,-0.8693272921435614,TIME_LIMIT,650924,0,0,13,14
2,8,3.05219e6,-1.042503495335397,-0.8693272921435614,TIME_LIMIT,650948,0,0,14,9
2,8,3.052364e6,-1.042503495335397,-0.8693272921435614,TIME_LIMIT,650968,0,0,14,7
2,8,3.052466e6,-1.042503279724743,-0.8693272921435614,TIME_LIMIT,650997,0,0,11,7
2,8,3.052584e6,-1.042503279724743,-0.8693272921435614,TIME_LIMIT,651017,0,0,9,9
2,8,3.052786e6,-1.0425019086164489,-0.8693272921435614,TIME_LIMIT,651047,0,0,13,4
2,8,3.052865e6,-1.0425019086164489,-0.8693272921435614,TIME_LIMIT,651059,0,0,6,4
2,8,3.052913e6,-1.042498720819678,-0.8693272921435614,TIME_LIMIT,651079,0,0,9,3
2,8,3.053115e6,-1.042498720819678,-0.8693272921435614,TIME_LIMIT,651104,0,0,16,30
2,8,3.053324e6,-1.0424967876883682,-0.8693272921435614,TIME_LIMIT,651136,0,0,16,12
2,8,3.053464e6,-1.0424967876883682,-0.8693272921435614,TIME_LIMIT,651159,0,0,14,5
2,8,3.053524e6,-1.0424956387415443,-0.8693272921435614,TIME_LIMIT,651180,0,0,16,12
2,8,3.053665e6,-1.0424956387415443,-0.8693272921435614,TIME_LIMIT,651203,0,0,18,6
2,8,3.05381e6,-1.042493325906504,-0.8693272921435614,TIME_LIMIT,651235,0,0,14,7
2,8,3.05398e6,-1.042493325906504,-0.8693272921435614,TIME_LIMIT,651255,0,0,14,11
2,8,3.054195e6,-1.0424931764722145,-0.8693272921435614,TIME_LIMIT,651284,0,0,15,7
2,8,3.05431e6,-1.0424931764722145,-0.8693272921435614,TIME_LIMIT,651306,0,0,17,8
2,8,3.054348e6,-1.0424920456321538,-0.8693272921435614,TIME_LIMIT,651322,0,0,8,5
2,8,3.054525e6,-1.0424920456321538,-0.8693272921435614,TIME_LIMIT,651342,0,0,17,21
2,8,3.054656e6,-1.04248053207156,-0.8693272921435614,TIME_LIMIT,651373,0,0,9,5
2,8,3.054741e6,-1.04248053207156,-0.8693272921435614,TIME_LIMIT,651398,0,0,12,5
2,8,3.054834e6,-1.0424791333524026,-0.8693272921435614,TIME_LIMIT,651414,0,0,10,6
2,8,3.054887e6,-1.0424791333524026,-0.8693272921435614,TIME_LIMIT,651433,0,0,15,4
2,8,3.054947e6,-1.042470710741184,-0.8693272921435614,TIME_LIMIT,651456,0,0,7,6
2,8,3.055157e6,-1.042470710741184,-0.8693272921435614,TIME_LIMIT,651482,0,0,20,17
2,8,3.055375e6,-1.0424706855151171,-0.8693272921435614,TIME_LIMIT,651519,0,0,9,3
2,8,3.055572e6,-1.0424706855151171,-0.8693272921435614,TIME_LIMIT,651545,0,0,20,18
2,8,3.055664e6,-1.0424675017858132,-0.8693272921435614,TIME_LIMIT,651560,0,0,13,12
2,8,3.05587e6,-1.0424675017858132,-0.8693272921435614,TIME_LIMIT,651581,0,0,21,11
2,8,3.056069e6,-1.0424626520804587,-0.8693272921435614,TIME_LIMIT,651613,0,0,15,5
2,8,3.05623e6,-1.0424626520804587,-0.8693272921435614,TIME_LIMIT,651642,0,0,13,6
2,8,3.056306e6,-1.0424612324353526,-0.8693272921435614,TIME_LIMIT,651660,0,0,7,6
2,8,3.056408e6,-1.0424612324353526,-0.8693272921435614,TIME_LIMIT,651676,0,0,12,15
2,8,3.056619e6,-1.0424569522752059,-0.8693272921435614,TIME_LIMIT,651702,0,0,12,7
2,8,3.05668e6,-1.0424569522752059,-0.8693272921435614,TIME_LIMIT,651723,0,0,16,16
2,8,3.056765e6,-1.0424568809756174,-0.8693272921435614,TIME_LIMIT,651748,0,0,12,7
2,8,3.056795e6,-1.0424568809756174,-0.8693272921435614,TIME_LIMIT,651759,0,0,8,4
2,8,3.056821e6,-1.042456740318442,-0.8693272921435614,TIME_LIMIT,651772,0,0,3,2
2,8,3.05697e6,-1.042456740318442,-0.8693272921435614,TIME_LIMIT,651803,0,0,19,16
2,8,3.057067e6,-1.0424554183960115,-0.8693272921435614,TIME_LIMIT,651834,0,0,13,10
2,8,3.057263e6,-1.0424554183960115,-0.8693272921435614,TIME_LIMIT,651862,0,0,17,16
2,8,3.057423e6,-1.0424519394907379,-0.8693272921435614,TIME_LIMIT,651895,0,0,16,7
2,8,3.057482e6,-1.0424519394907379,-0.8693272921435614,TIME_LIMIT,651911,0,0,17,16
2,8,3.057594e6,-1.042446341671082,-0.8693272921435614,TIME_LIMIT,651941,0,0,11,9
2,8,3.057674e6,-1.042446341671082,-0.8693272921435614,TIME_LIMIT,651961,0,0,13,2
2,8,3.057715e6,-1.0424419355569972,-0.8693272921435614,TIME_LIMIT,651978,0,0,10,4
2,8,3.057831e6,-1.0424419355569972,-0.8693272921435614,TIME_LIMIT,651997,0,0,20,12
2,8,3.057913e6,-1.0424400087570391,-0.8693272921435614,TIME_LIMIT,652032,0,0,7,6
2,8,3.058115e6,-1.0424400087570391,-0.8693272921435614,TIME_LIMIT,652063,0,0,6,28
2,8,3.058296e6,-1.0424342953256414,-0.8693272921435614,TIME_LIMIT,652095,0,0,8,6
2,8,3.058398e6,-1.0424342953256414,-0.8693272921435614,TIME_LIMIT,652121,0,0,16,14
2,8,3.058565e6,-1.0424311898127996,-0.8693272921435614,TIME_LIMIT,652146,0,0,11,6
2,8,3.058643e6,-1.0424311898127996,-0.8693272921435614,TIME_LIMIT,652167,0,0,15,15
2,8,3.058747e6,-1.0424308400514382,-0.8693272921435614,TIME_LIMIT,652197,0,0,7,4
2,8,3.058796e6,-1.0424308400514382,-0.8693272921435614,TIME_LIMIT,652213,0,0,9,12
2,8,3.058829e6,-1.0424243287754706,-0.8693272921435614,TIME_LIMIT,652234,0,0,5,6
2,8,3.05898e6,-1.0424243287754706,-0.8693272921435614,TIME_LIMIT,652260,0,0,10,15
2,8,3.059147e6,-1.04242380943912,-0.8693272921435614,TIME_LIMIT,652289,0,0,5,7
2,8,3.059231e6,-1.04242380943912,-0.8693272921435614,TIME_LIMIT,652308,0,0,6,15
2,8,3.059356e6,-1.0424208417929663,-0.8693272921435614,TIME_LIMIT,652327,0,0,8,2
2,8,3.059559e6,-1.0424208417929663,-0.8693272921435614,TIME_LIMIT,652350,0,0,17,13
2,8,3.0597e6,-1.0424204791114358,-0.8693272921435614,TIME_LIMIT,652378,0,0,7,8
2,8,3.0598e6,-1.0424204791114358,-0.8693272921435614,TIME_LIMIT,652406,0,0,18,18
2,8,3.059971e6,-1.0424151064675604,-0.8693272921435614,TIME_LIMIT,652428,0,0,16,6
2,8,3.060184e6,-1.0424151064675604,-0.8693272921435614,TIME_LIMIT,652450,0,0,9,18
2,8,3.060319e6,-1.0424141953157045,-0.8693272921435614,TIME_LIMIT,652483,0,0,18,3
2,8,3.060532e6,-1.0424141953157045,-0.8693272921435614,TIME_LIMIT,652505,0,0,16,20
2,8,3.060721e6,-1.042412474661717,-0.8693272921435614,TIME_LIMIT,652538,0,0,16,10
2,8,3.060885e6,-1.042412474661717,-0.8693272921435614,TIME_LIMIT,652559,0,0,13,8
2,8,3.060938e6,-1.0424011589498794,-0.8693272921435614,TIME_LIMIT,652578,0,0,4,4
2,8,3.06101e6,-1.0424011589498794,-0.8693272921435614,TIME_LIMIT,652600,0,0,10,8
2,8,3.061066e6,-1.042399983606217,-0.8693272921435614,TIME_LIMIT,652616,0,0,6,5
2,8,3.061186e6,-1.042399983606217,-0.8693272921435614,TIME_LIMIT,652637,0,0,6,12
2,8,3.061392e6,-1.0423995423617514,-0.8693272921435614,TIME_LIMIT,652662,0,0,16,10
2,8,3.061585e6,-1.0423995423617514,-0.8693272921435614,TIME_LIMIT,652689,0,0,5,16
2,8,3.061671e6,-1.0423845118064934,-0.8693272921435614,TIME_LIMIT,652719,0,0,14,6
2,8,3.061721e6,-1.0423845118064934,-0.8693272921435614,TIME_LIMIT,652733,0,0,7,6
2,8,3.061749e6,-1.0423825703229093,-0.8693272921435614,TIME_LIMIT,652746,0,0,4,0
2,8,3.061919e6,-1.0423825703229093,-0.8693272921435614,TIME_LIMIT,652769,0,0,14,8
2,8,3.062036e6,-1.042375596925834,-0.8693272921435614,TIME_LIMIT,652799,0,0,11,11
2,8,3.062132e6,-1.042375596925834,-0.8693272921435614,TIME_LIMIT,652821,0,0,13,8
2,8,3.062293e6,-1.0423753737447679,-0.8693272921435614,TIME_LIMIT,652849,0,0,10,3
2,8,3.062372e6,-1.0423753737447679,-0.8693272921435614,TIME_LIMIT,652868,0,0,15,9
2,8,3.062512e6,-1.0423748774612853,-0.8693272921435614,TIME_LIMIT,652890,0,0,10,6
2,8,3.062592e6,-1.0423748774612853,-0.8693272921435614,TIME_LIMIT,652907,0,0,9,10
2,8,3.062665e6,-1.0423676446890848,-0.8693272921435614,TIME_LIMIT,652927,0,0,7,2
2,8,3.062823e6,-1.0423676446890848,-0.8693272921435614,TIME_LIMIT,652953,0,0,3,9
2,8,3.062917e6,-1.0423653236449124,-0.8693272921435614,TIME_LIMIT,652975,0,0,10,6
2,8,3.063002e6,-1.0423653236449124,-0.8693272921435614,TIME_LIMIT,652993,0,0,18,11
2,8,3.063148e6,-1.0423636468545547,-0.8693272921435614,TIME_LIMIT,653026,0,0,12,9
2,8,3.063289e6,-1.0423636468545547,-0.8693272921435614,TIME_LIMIT,653047,0,0,20,13
2,8,3.063452e6,-1.0423621586681067,-0.8693272921435614,TIME_LIMIT,653084,0,0,13,9
2,8,3.063543e6,-1.0423621586681067,-0.8693272921435614,TIME_LIMIT,653105,0,0,10,6
2,8,3.063649e6,-1.0423564760170885,-0.8693272921435614,TIME_LIMIT,653132,0,0,4,3
2,8,3.06379e6,-1.0423564760170885,-0.8693272921435614,TIME_LIMIT,653156,0,0,9,27
2,8,3.063907e6,-1.0423523339940868,-0.8693272921435614,TIME_LIMIT,653184,0,0,8,7
2,8,3.063983e6,-1.0423523339940868,-0.8693272921435614,TIME_LIMIT,653205,0,0,19,24
2,8,3.064073e6,-1.0423500335410754,-0.8693272921435614,TIME_LIMIT,653234,0,0,12,4
2,8,3.064111e6,-1.0423500335410754,-0.8693272921435614,TIME_LIMIT,653248,0,0,8,5
2,8,3.064149e6,-1.042348931394585,-0.8693272921435614,TIME_LIMIT,653264,0,0,8,3
2,8,3.064344e6,-1.042348931394585,-0.8693272921435614,TIME_LIMIT,653293,0,0,30,21
2,8,3.064554e6,-1.0423432212716432,-0.8693272921435614,TIME_LIMIT,653325,0,0,13,6
2,8,3.064766e6,-1.0423432212716432,-0.8693272921435614,TIME_LIMIT,653344,0,0,17,12
2,8,3.064968e6,-1.0423411550659432,-0.8693272921435614,TIME_LIMIT,653374,0,0,13,5
2,8,3.065059e6,-1.0423411550659432,-0.8693272921435614,TIME_LIMIT,653389,0,0,16,11
2,8,3.06526e6,-1.0423360692316312,-0.8693272921435614,TIME_LIMIT,653428,0,0,18,7
2,8,3.065315e6,-1.0423360692316312,-0.8693272921435614,TIME_LIMIT,653444,0,0,14,12
2,8,3.065371e6,-1.042335524991247,-0.8693272921435614,TIME_LIMIT,653468,0,0,7,3
2,8,3.065455e6,-1.042335524991247,-0.8693272921435614,TIME_LIMIT,653487,0,0,11,11
2,8,3.065505e6,-1.042332804041556,-0.8693272921435614,TIME_LIMIT,653505,0,0,7,3
2,8,3.065701e6,-1.042332804041556,-0.8693272921435614,TIME_LIMIT,653529,0,0,16,5
2,8,3.065794e6,-1.042330024020301,-0.8693272921435614,TIME_LIMIT,653553,0,0,12,2
2,8,3.065918e6,-1.042330024020301,-0.8693272921435614,TIME_LIMIT,653573,0,0,21,15
2,8,3.066068e6,-1.042329102407588,-0.8693272921435614,TIME_LIMIT,653602,0,0,15,3
2,8,3.066161e6,-1.042329102407588,-0.8693272921435614,TIME_LIMIT,653616,0,0,9,10
2,8,3.066242e6,-1.042325666169447,-0.8693272921435614,TIME_LIMIT,653632,0,0,7,1
2,8,3.066325e6,-1.042325666169447,-0.8693272921435614,TIME_LIMIT,653654,0,0,19,11
2,8,3.066439e6,-1.0423214419312914,-0.8693272921435614,TIME_LIMIT,653682,0,0,6,1
2,8,3.066504e6,-1.0423214419312914,-0.8693272921435614,TIME_LIMIT,653701,0,0,16,10
2,8,3.066551e6,-1.0423180098899587,-0.8693272921435614,TIME_LIMIT,653714,0,0,8,8
2,8,3.066665e6,-1.0423180098899587,-0.8693272921435614,TIME_LIMIT,653734,0,0,17,12
2,8,3.066822e6,-1.0423090505681991,-0.8693272921435614,TIME_LIMIT,653769,0,0,15,4
2,8,3.067024e6,-1.0423090505681991,-0.8693272921435614,TIME_LIMIT,653800,0,0,19,25
2,8,3.067147e6,-1.0423051653446147,-0.8693272921435614,TIME_LIMIT,653837,0,0,12,3
2,8,3.067226e6,-1.0423051653446147,-0.8693272921435614,TIME_LIMIT,653855,0,0,14,13
2,8,3.06733e6,-1.0423045232063544,-0.8693272921435614,TIME_LIMIT,653878,0,0,8,8
2,8,3.067428e6,-1.0423045232063544,-0.8693272921435614,TIME_LIMIT,653897,0,0,13,8
2,8,3.067462e6,-1.0423041843155234,-0.8693272921435614,TIME_LIMIT,653916,0,0,7,4
2,8,3.067561e6,-1.0423041843155234,-0.8693272921435614,TIME_LIMIT,653941,0,0,22,15
2,8,3.067771e6,-1.0422960076847636,-0.8693272921435614,TIME_LIMIT,653973,0,0,16,10
2,8,3.067885e6,-1.0422960076847636,-0.8693272921435614,TIME_LIMIT,653990,0,0,11,11
2,8,3.068088e6,-1.0422937914035288,-0.8693272921435614,TIME_LIMIT,654023,0,0,16,10
2,8,3.068178e6,-1.0422937914035288,-0.8693272921435614,TIME_LIMIT,654041,0,0,8,15
2,8,3.068231e6,-1.04229313929131,-0.8693272921435614,TIME_LIMIT,654067,0,0,10,2
2,8,3.068267e6,-1.04229313929131,-0.8693272921435614,TIME_LIMIT,654081,0,0,6,2
2,8,3.068295e6,-1.0422910122594853,-0.8693272921435614,TIME_LIMIT,654088,0,0,1,1
2,8,3.068383e6,-1.0422910122594853,-0.8693272921435614,TIME_LIMIT,654107,0,0,5,10
2,8,3.068468e6,-1.0422785658990952,-0.8693272921435614,TIME_LIMIT,654130,0,0,9,7
2,8,3.068617e6,-1.0422785658990952,-0.8693272921435614,TIME_LIMIT,654150,0,0,18,26
2,8,3.0688e6,-1.0422777904956617,-0.8693272921435614,TIME_LIMIT,654186,0,0,14,10
2,8,3.06901e6,-1.0422777904956617,-0.8693272921435614,TIME_LIMIT,654209,0,0,21,28
2,8,3.069201e6,-1.04227708128943,-0.8693272921435614,TIME_LIMIT,654245,0,0,14,11
2,8,3.069276e6,-1.04227708128943,-0.8693272921435614,TIME_LIMIT,654260,0,0,8,10
2,8,3.069319e6,-1.0422724891038662,-0.8693272921435614,TIME_LIMIT,654279,0,0,6,3
2,8,3.069506e6,-1.0422724891038662,-0.8693272921435614,TIME_LIMIT,654298,0,0,17,21
2,8,3.069596e6,-1.0422691963357873,-0.8693272921435614,TIME_LIMIT,654322,0,0,9,3
2,8,3.069665e6,-1.0422691963357873,-0.8693272921435614,TIME_LIMIT,654344,0,0,14,5
2,8,3.069786e6,-1.0422610654967903,-0.8693272921435614,TIME_LIMIT,654359,0,0,13,11
2,8,3.069864e6,-1.0422610654967903,-0.8693272921435614,TIME_LIMIT,654379,0,0,10,12
2,8,3.069898e6,-1.0422609079679457,-0.8693272921435614,TIME_LIMIT,654396,0,0,5,4
2,8,3.070046e6,-1.0422609079679457,-0.8693272921435614,TIME_LIMIT,654422,0,0,20,10
2,8,3.070139e6,-1.0422565428262733,-0.8693272921435614,TIME_LIMIT,654452,0,0,8,8
2,8,3.070233e6,-1.0422565428262733,-0.8693272921435614,TIME_LIMIT,654473,0,0,18,20
2,8,3.070393e6,-1.0422547918266516,-0.8693272921435614,TIME_LIMIT,654505,0,0,14,9
2,8,3.070454e6,-1.0422547918266516,-0.8693272921435614,TIME_LIMIT,654524,0,0,21,13
2,8,3.070546e6,-1.0422524507775672,-0.8693272921435614,TIME_LIMIT,654558,0,0,15,7
2,8,3.070755e6,-1.0422524507775672,-0.8693272921435614,TIME_LIMIT,654586,0,0,17,15
2,8,3.070902e6,-1.042252243063896,-0.8693272921435614,TIME_LIMIT,654609,0,0,19,16
2,8,3.070991e6,-1.042252243063896,-0.8693272921435614,TIME_LIMIT,654626,0,0,13,15
2,8,3.071104e6,-1.0422491069560875,-0.8693272921435614,TIME_LIMIT,654652,0,0,10,7
2,8,3.071165e6,-1.0422491069560875,-0.8693272921435614,TIME_LIMIT,654673,0,0,15,5
2,8,3.07121e6,-1.0422463436830496,-0.8693272921435614,TIME_LIMIT,654690,0,0,7,3
2,8,3.071335e6,-1.0422463436830496,-0.8693272921435614,TIME_LIMIT,654712,0,0,13,7
2,8,3.071406e6,-1.0422433987994872,-0.8693272921435614,TIME_LIMIT,654735,0,0,9,10
2,8,3.071567e6,-1.0422433987994872,-0.8693272921435614,TIME_LIMIT,654760,0,0,9,9
2,8,3.071734e6,-1.0422419085359569,-0.8693272921435614,TIME_LIMIT,654793,0,0,16,9
2,8,3.071942e6,-1.0422419085359569,-0.8693272921435614,TIME_LIMIT,654822,0,0,25,33
2,8,3.072152e6,-1.042241556994961,-0.8693272921435614,TIME_LIMIT,654857,0,0,14,20
2,8,3.07236e6,-1.042241556994961,-0.8693272921435614,TIME_LIMIT,654877,0,0,26,17
2,8,3.072487e6,-1.042241285726117,-0.8693272921435614,TIME_LIMIT,654907,0,0,14,10
2,8,3.072631e6,-1.042241285726117,-0.8693272921435614,TIME_LIMIT,654933,0,0,19,20
2,8,3.072843e6,-1.042237152354029,-0.8693272921435614,TIME_LIMIT,654965,0,0,13,16
2,8,3.073002e6,-1.042237152354029,-0.8693272921435614,TIME_LIMIT,654989,0,0,16,13
2,8,3.073173e6,-1.0422297130735663,-0.8693272921435614,TIME_LIMIT,655027,0,0,6,10
2,8,3.07326e6,-1.0422297130735663,-0.8693272921435614,TIME_LIMIT,655045,0,0,22,8
2,8,3.07344e6,-1.042226789104084,-0.8693272921435614,TIME_LIMIT,655078,0,0,15,10
2,8,3.073654e6,-1.042226789104084,-0.8693272921435614,TIME_LIMIT,655102,0,0,22,11
2,8,3.073863e6,-1.0422188248488,-0.8693272921435614,TIME_LIMIT,655140,0,0,8,8
2,8,3.074037e6,-1.0422188248488,-0.8693272921435614,TIME_LIMIT,655171,0,0,11,18
2,8,3.074208e6,-1.0422178844969725,-0.8693272921435614,TIME_LIMIT,655204,0,0,16,4
2,8,3.07431e6,-1.0422178844969725,-0.8693272921435614,TIME_LIMIT,655224,0,0,14,14
2,8,3.074394e6,-1.0422111041108302,-0.8693272921435614,TIME_LIMIT,655254,0,0,15,6
2,8,3.0746e6,-1.0422111041108302,-0.8693272921435614,TIME_LIMIT,655281,0,0,19,18
2,8,3.074778e6,-1.042204765598287,-0.8693272921435614,TIME_LIMIT,655313,0,0,19,5
2,8,3.074903e6,-1.042204765598287,-0.8693272921435614,TIME_LIMIT,655348,0,0,12,13
2,8,3.074985e6,-1.0422034886031428,-0.8693272921435614,TIME_LIMIT,655364,0,0,13,11
2,8,3.075055e6,-1.0422034886031428,-0.8693272921435614,TIME_LIMIT,655390,0,0,17,2
2,8,3.07511e6,-1.0422022043799264,-0.8693272921435614,TIME_LIMIT,655404,0,0,11,12
2,8,3.075255e6,-1.0422022043799264,-0.8693272921435614,TIME_LIMIT,655428,0,0,21,20
2,8,3.075439e6,-1.04220108790025,-0.8693272921435614,TIME_LIMIT,655466,0,0,19,9
2,8,3.07554e6,-1.04220108790025,-0.8693272921435614,TIME_LIMIT,655488,0,0,10,6
2,8,3.075654e6,-1.0421981992601141,-0.8693272921435614,TIME_LIMIT,655518,0,0,14,8
2,8,3.075717e6,-1.0421981992601141,-0.8693272921435614,TIME_LIMIT,655535,0,0,13,8
2,8,3.075768e6,-1.0421981684805555,-0.8693272921435614,TIME_LIMIT,655556,0,0,8,5
2,8,3.075972e6,-1.0421981684805555,-0.8693272921435614,TIME_LIMIT,655581,0,0,6,23
2,8,3.07606e6,-1.0421936828134477,-0.8693272921435614,TIME_LIMIT,655611,0,0,9,6
2,8,3.076112e6,-1.0421936828134477,-0.8693272921435614,TIME_LIMIT,655625,0,0,12,7
2,8,3.076167e6,-1.0421934448111707,-0.8693272921435614,TIME_LIMIT,655643,0,0,8,2
2,8,3.076381e6,-1.0421934448111707,-0.8693272921435614,TIME_LIMIT,655666,0,0,19,15
2,8,3.076581e6,-1.0421835569642475,-0.8693272921435614,TIME_LIMIT,655699,0,0,15,9
2,8,3.076702e6,-1.0421835569642475,-0.8693272921435614,TIME_LIMIT,655727,0,0,8,20
2,8,3.076916e6,-1.0421795033517518,-0.8693272921435614,TIME_LIMIT,655760,0,0,14,9
2,8,3.077069e6,-1.0421795033517518,-0.8693272921435614,TIME_LIMIT,655788,0,0,18,12
2,8,3.077283e6,-1.0421786318994377,-0.8693272921435614,TIME_LIMIT,655811,0,0,13,15
2,8,3.077344e6,-1.0421786318994377,-0.8693272921435614,TIME_LIMIT,655832,0,0,15,5
2,8,3.07742e6,-1.0421753254815296,-0.8693272921435614,TIME_LIMIT,655857,0,0,10,5
2,8,3.077544e6,-1.0421753254815296,-0.8693272921435614,TIME_LIMIT,655879,0,0,14,22
2,8,3.077603e6,-1.0421746897788142,-0.8693272921435614,TIME_LIMIT,655906,0,0,9,6
2,8,3.077664e6,-1.0421746897788142,-0.8693272921435614,TIME_LIMIT,655924,0,0,11,1
2,8,3.077745e6,-1.0421743850216174,-0.8693272921435614,TIME_LIMIT,655946,0,0,7,4
2,8,3.077947e6,-1.0421743850216174,-0.8693272921435614,TIME_LIMIT,655979,0,0,20,42
2,8,3.078156e6,-1.0421700430728742,-0.8693272921435614,TIME_LIMIT,656013,0,0,15,14
2,8,3.078351e6,-1.0421700430728742,-0.8693272921435614,TIME_LIMIT,656040,0,0,23,16
2,8,3.078512e6,-1.0421666358779822,-0.8693272921435614,TIME_LIMIT,656071,0,0,11,13
2,8,3.078595e6,-1.0421666358779822,-0.8693272921435614,TIME_LIMIT,656094,0,0,13,10
2,8,3.0787e6,-1.0421637448055654,-0.8693272921435614,TIME_LIMIT,656119,0,0,12,4
2,8,3.078892e6,-1.0421637448055654,-0.8693272921435614,TIME_LIMIT,656147,0,0,26,18
2,8,3.078983e6,-1.0421632672279149,-0.8693272921435614,TIME_LIMIT,656179,0,0,10,5
2,8,3.079102e6,-1.0421632672279149,-0.8693272921435614,TIME_LIMIT,656204,0,0,12,11
2,8,3.079264e6,-1.0421593114862862,-0.8693272921435614,TIME_LIMIT,656238,0,0,14,20
2,8,3.079396e6,-1.0421593114862862,-0.8693272921435614,TIME_LIMIT,656260,0,0,16,7
2,8,3.079594e6,-1.0421582634730662,-0.8693272921435614,TIME_LIMIT,656290,0,0,11,11
2,8,3.079638e6,-1.0421582634730662,-0.8693272921435614,TIME_LIMIT,656307,0,0,11,9
2,8,3.07967e6,-1.0421556204078386,-0.8693272921435614,TIME_LIMIT,656322,0,0,6,1
2,8,3.079757e6,-1.0421556204078386,-0.8693272921435614,TIME_LIMIT,656345,0,0,12,11
2,8,3.079827e6,-1.0421554225021397,-0.8693272921435614,TIME_LIMIT,656364,0,0,10,4
2,8,3.080044e6,-1.0421554225021397,-0.8693272921435614,TIME_LIMIT,656388,0,0,20,17
2,8,3.080166e6,-1.0421515496968499,-0.8693272921435614,TIME_LIMIT,656420,0,0,17,4
2,8,3.080222e6,-1.0421515496968499,-0.8693272921435614,TIME_LIMIT,656439,0,0,6,4
2,8,3.080272e6,-1.0421506735155028,-0.8693272921435614,TIME_LIMIT,656456,0,0,10,5
2,8,3.080476e6,-1.0421506735155028,-0.8693272921435614,TIME_LIMIT,656476,0,0,16,22
2,8,3.080592e6,-1.0421489964424584,-0.8693272921435614,TIME_LIMIT,656509,0,0,17,5
2,8,3.080797e6,-1.0421489964424584,-0.8693272921435614,TIME_LIMIT,656534,0,0,19,18
2,8,3.080962e6,-1.042146015085232,-0.8693272921435614,TIME_LIMIT,656559,0,0,16,8
2,8,3.081016e6,-1.042146015085232,-0.8693272921435614,TIME_LIMIT,656577,0,0,14,7
2,8,3.081076e6,-1.04214337351222,-0.8693272921435614,TIME_LIMIT,656598,0,0,9,3
2,8,3.081232e6,-1.04214337351222,-0.8693272921435614,TIME_LIMIT,656624,0,0,22,32
2,8,3.08144e6,-1.0421391068920505,-0.8693272921435614,TIME_LIMIT,656659,0,0,18,6
2,8,3.081601e6,-1.0421391068920505,-0.8693272921435614,TIME_LIMIT,656684,0,0,14,9
2,8,3.081663e6,-1.0421361959689497,-0.8693272921435614,TIME_LIMIT,656699,0,0,8,4
2,8,3.081844e6,-1.0421361959689497,-0.8693272921435614,TIME_LIMIT,656724,0,0,22,9
2,8,3.082056e6,-1.0421345789316037,-0.8693272921435614,TIME_LIMIT,656744,0,0,13,8
2,8,3.082157e6,-1.0421345789316037,-0.8693272921435614,TIME_LIMIT,656763,0,0,14,14
2,8,3.082267e6,-1.0421248570534178,-0.8693272921435614,TIME_LIMIT,656787,0,0,5,18
2,8,3.082413e6,-1.0421248570534178,-0.8693272921435614,TIME_LIMIT,656813,0,0,19,19
2,8,3.08255e6,-1.0421218058646553,-0.8693272921435614,TIME_LIMIT,656846,0,0,19,6
2,8,3.082611e6,-1.0421218058646553,-0.8693272921435614,TIME_LIMIT,656863,0,0,10,14
2,8,3.082761e6,-1.0421183119372999,-0.8693272921435614,TIME_LIMIT,656891,0,0,8,5
2,8,3.082839e6,-1.0421183119372999,-0.8693272921435614,TIME_LIMIT,656909,0,0,17,9
2,8,3.082969e6,-1.0421129741323147,-0.8693272921435614,TIME_LIMIT,656942,0,0,13,7
2,8,3.083029e6,-1.0421129741323147,-0.8693272921435614,TIME_LIMIT,656957,0,0,13,8
2,8,3.08311e6,-1.0421097772261005,-0.8693272921435614,TIME_LIMIT,656982,0,0,9,2
2,8,3.083256e6,-1.0421097772261005,-0.8693272921435614,TIME_LIMIT,656999,0,0,14,11
2,8,3.083353e6,-1.042109600491011,-0.8693272921435614,TIME_LIMIT,657028,0,0,15,8
2,8,3.083511e6,-1.042109600491011,-0.8693272921435614,TIME_LIMIT,657049,0,0,15,24
2,8,3.083596e6,-1.0421090724838242,-0.8693272921435614,TIME_LIMIT,657080,0,0,16,4
2,8,3.083693e6,-1.0421090724838242,-0.8693272921435614,TIME_LIMIT,657100,0,0,12,6
2,8,3.083749e6,-1.0421085839237183,-0.8693272921435614,TIME_LIMIT,657121,0,0,7,1
2,8,3.083861e6,-1.0421085839237183,-0.8693272921435614,TIME_LIMIT,657145,0,0,17,4
2,8,3.08395e6,-1.0421066853015255,-0.8693272921435614,TIME_LIMIT,657163,0,0,11,7
2,8,3.084007e6,-1.0421066853015255,-0.8693272921435614,TIME_LIMIT,657181,0,0,15,8
2,8,3.084208e6,-1.0421017534395918,-0.8693272921435614,TIME_LIMIT,657208,0,0,16,5
2,8,3.084419e6,-1.0421017534395918,-0.8693272921435614,TIME_LIMIT,657225,0,0,7,11
2,8,3.084508e6,-1.0420977470934212,-0.8693272921435614,TIME_LIMIT,657248,0,0,8,3
2,8,3.084703e6,-1.0420977470934212,-0.8693272921435614,TIME_LIMIT,657272,0,0,31,34
2,8,3.084912e6,-1.0420966252080226,-0.8693272921435614,TIME_LIMIT,657309,0,0,22,12
2,8,3.085022e6,-1.0420966252080226,-0.8693272921435614,TIME_LIMIT,657330,0,0,12,9
2,8,3.085074e6,-1.0420953981786578,-0.8693272921435614,TIME_LIMIT,657346,0,0,9,1
2,8,3.085281e6,-1.0420953981786578,-0.8693272921435614,TIME_LIMIT,657368,0,0,16,18
2,8,3.085445e6,-1.0420951091855515,-0.8693272921435614,TIME_LIMIT,657405,0,0,13,10
2,8,3.085599e6,-1.0420951091855515,-0.8693272921435614,TIME_LIMIT,657434,0,0,21,7
2,8,3.085707e6,-1.0420922281000795,-0.8693272921435614,TIME_LIMIT,657466,0,0,13,6
2,8,3.085815e6,-1.0420922281000795,-0.8693272921435614,TIME_LIMIT,657491,0,0,17,20
2,8,3.085898e6,-1.042091266859703,-0.8693272921435614,TIME_LIMIT,657524,0,0,18,8
2,8,3.086106e6,-1.042091266859703,-0.8693272921435614,TIME_LIMIT,657547,0,0,19,11
2,8,3.086321e6,-1.0420909791173845,-0.8693272921435614,TIME_LIMIT,657582,0,0,17,8
2,8,3.086439e6,-1.0420909791173845,-0.8693272921435614,TIME_LIMIT,657602,0,0,12,14
2,8,3.086492e6,-1.042090614851794,-0.8693272921435614,TIME_LIMIT,657620,0,0,6,2
2,8,3.086667e6,-1.042090614851794,-0.8693272921435614,TIME_LIMIT,657640,0,0,17,17
2,8,3.086719e6,-1.0420894889525951,-0.8693272921435614,TIME_LIMIT,657664,0,0,9,7
2,8,3.086874e6,-1.0420894889525951,-0.8693272921435614,TIME_LIMIT,657688,0,0,15,10
2,8,3.086993e6,-1.0420874411890266,-0.8693272921435614,TIME_LIMIT,657720,0,0,15,12
2,8,3.087202e6,-1.0420874411890266,-0.8693272921435614,TIME_LIMIT,657738,0,0,17,23
2,8,3.087372e6,-1.0420844130046185,-0.8693272921435614,TIME_LIMIT,657774,0,0,15,9
2,8,3.087481e6,-1.0420844130046185,-0.8693272921435614,TIME_LIMIT,657792,0,0,13,13
2,8,3.087682e6,-1.0420838710131066,-0.8693272921435614,TIME_LIMIT,657827,0,0,12,2
2,8,3.087891e6,-1.0420838710131066,-0.8693272921435614,TIME_LIMIT,657846,0,0,11,9
2,8,3.088095e6,-1.0420838289867462,-0.8693272921435614,TIME_LIMIT,657870,0,0,12,7
2,8,3.088307e6,-1.0420838289867462,-0.8693272921435614,TIME_LIMIT,657892,0,0,15,26
2,8,3.088518e6,-1.0420832200610666,-0.8693272921435614,TIME_LIMIT,657931,0,0,19,12
2,8,3.088688e6,-1.0420832200610666,-0.8693272921435614,TIME_LIMIT,657958,0,0,23,17
2,8,3.088828e6,-1.0420806621256644,-0.8693272921435614,TIME_LIMIT,657989,0,0,13,6
2,8,3.088979e6,-1.0420806621256644,-0.8693272921435614,TIME_LIMIT,658016,0,0,16,11
2,8,3.089197e6,-1.0420786461055025,-0.8693272921435614,TIME_LIMIT,658042,0,0,16,8
2,8,3.0894e6,-1.0420786461055025,-0.8693272921435614,TIME_LIMIT,658070,0,0,18,24
2,8,3.089604e6,-1.0420721435916827,-0.8693272921435614,TIME_LIMIT,658101,0,0,10,6
2,8,3.089715e6,-1.0420721435916827,-0.8693272921435614,TIME_LIMIT,658125,0,0,19,15
2,8,3.089833e6,-1.0420710825519666,-0.8693272921435614,TIME_LIMIT,658151,0,0,12,6
2,8,3.09e6,-1.0420710825519666,-0.8693272921435614,TIME_LIMIT,658176,0,0,18,17
2,8,3.090208e6,-1.0420699172988912,-0.8693272921435614,TIME_LIMIT,658205,0,0,16,1
2,8,3.090288e6,-1.0420699172988912,-0.8693272921435614,TIME_LIMIT,658224,0,0,9,7
2,8,3.090324e6,-1.0420675604655607,-0.8693272921435614,TIME_LIMIT,658243,0,0,12,8
2,8,3.09049e6,-1.0420675604655607,-0.8693272921435614,TIME_LIMIT,658266,0,0,13,14
2,8,3.090585e6,-1.0420634928489068,-0.8693272921435614,TIME_LIMIT,658295,0,0,9,6
2,8,3.090629e6,-1.0420634928489068,-0.8693272921435614,TIME_LIMIT,658309,0,0,8,8
2,8,3.090655e6,-1.04206250966465,-0.8693272921435614,TIME_LIMIT,658322,0,0,3,3
2,8,3.090703e6,-1.04206250966465,-0.8693272921435614,TIME_LIMIT,658332,0,0,11,5
2,8,3.090766e6,-1.0420620851725515,-0.8693272921435614,TIME_LIMIT,658350,0,0,10,3
2,8,3.090852e6,-1.0420620851725515,-0.8693272921435614,TIME_LIMIT,658377,0,0,13,3
2,8,3.09091e6,-1.0420578996636456,-0.8693272921435614,TIME_LIMIT,658390,0,0,9,5
2,8,3.091029e6,-1.0420578996636456,-0.8693272921435614,TIME_LIMIT,658413,0,0,14,16
2,8,3.091184e6,-1.042055770191825,-0.8693272921435614,TIME_LIMIT,658441,0,0,6,3
2,8,3.091273e6,-1.042055770191825,-0.8693272921435614,TIME_LIMIT,658462,0,0,16,11
2,8,3.091374e6,-1.0420533916122219,-0.8693272921435614,TIME_LIMIT,658486,0,0,7,1
2,8,3.091577e6,-1.0420533916122219,-0.8693272921435614,TIME_LIMIT,658506,0,0,15,30
2,8,3.091787e6,-1.0420454024949044,-0.8693272921435614,TIME_LIMIT,658539,0,0,13,9
2,8,3.091945e6,-1.0420454024949044,-0.8693272921435614,TIME_LIMIT,658558,0,0,10,7
2,8,3.092097e6,-1.0420451778395519,-0.8693272921435614,TIME_LIMIT,658585,0,0,12,8
2,8,3.092158e6,-1.0420451778395519,-0.8693272921435614,TIME_LIMIT,658603,0,0,6,4
2,8,3.092298e6,-1.042043909925018,-0.8693272921435614,TIME_LIMIT,658629,0,0,9,4
2,8,3.092428e6,-1.042043909925018,-0.8693272921435614,TIME_LIMIT,658650,0,0,17,19
2,8,3.092558e6,-1.0420438187687688,-0.8693272921435614,TIME_LIMIT,658673,0,0,13,6
2,8,3.092693e6,-1.0420438187687688,-0.8693272921435614,TIME_LIMIT,658700,0,0,21,21
2,8,3.092787e6,-1.0420423842828432,-0.8693272921435614,TIME_LIMIT,658724,0,0,10,7
2,8,3.092999e6,-1.0420423842828432,-0.8693272921435614,TIME_LIMIT,658749,0,0,17,20
2,8,3.093122e6,-1.042036788415011,-0.8693272921435614,TIME_LIMIT,658781,0,0,14,6
2,8,3.093312e6,-1.042036788415011,-0.8693272921435614,TIME_LIMIT,658801,0,0,17,17
2,8,3.093522e6,-1.04203646665961,-0.8693272921435614,TIME_LIMIT,658834,0,0,13,12
2,8,3.093607e6,-1.04203646665961,-0.8693272921435614,TIME_LIMIT,658856,0,0,13,8
2,8,3.093643e6,-1.0420298084115338,-0.8693272921435614,TIME_LIMIT,658875,0,0,8,2
2,8,3.093743e6,-1.0420298084115338,-0.8693272921435614,TIME_LIMIT,658892,0,0,13,15
2,8,3.093864e6,-1.0420266378307206,-0.8693272921435614,TIME_LIMIT,658922,0,0,15,7
2,8,3.093984e6,-1.0420266378307206,-0.8693272921435614,TIME_LIMIT,658942,0,0,12,12
2,8,3.094057e6,-1.0420231428448843,-0.8693272921435614,TIME_LIMIT,658965,0,0,9,5
2,8,3.094122e6,-1.0420231428448843,-0.8693272921435614,TIME_LIMIT,658984,0,0,10,12
2,8,3.094197e6,-1.042020884267861,-0.8693272921435614,TIME_LIMIT,659014,0,0,13,11
2,8,3.094402e6,-1.042020884267861,-0.8693272921435614,TIME_LIMIT,659032,0,0,19,40
2,8,3.094612e6,-1.0420194232467934,-0.8693272921435614,TIME_LIMIT,659067,0,0,20,6
2,8,3.094729e6,-1.0420194232467934,-0.8693272921435614,TIME_LIMIT,659088,0,0,15,16
2,8,3.094883e6,-1.0420171558029983,-0.8693272921435614,TIME_LIMIT,659124,0,0,15,14
2,8,3.095008e6,-1.0420171558029983,-0.8693272921435614,TIME_LIMIT,659140,0,0,7,11
2,8,3.095106e6,-1.042008464802747,-0.8693272921435614,TIME_LIMIT,659172,0,0,13,6
2,8,3.09519e6,-1.042008464802747,-0.8693272921435614,TIME_LIMIT,659194,0,0,7,2
2,8,3.095294e6,-1.041998451766066,-0.8693272921435614,TIME_LIMIT,659212,0,0,10,7
2,8,3.095362e6,-1.041998451766066,-0.8693272921435614,TIME_LIMIT,659227,0,0,12,16
2,8,3.095427e6,-1.0419942980998083,-0.8693272921435614,TIME_LIMIT,659253,0,0,7,3
2,8,3.095605e6,-1.0419942980998083,-0.8693272921435614,TIME_LIMIT,659285,0,0,17,53
2,8,3.09573e6,-1.0419939789168615,-0.8693272921435614,TIME_LIMIT,659321,0,0,10,9
2,8,3.095769e6,-1.0419939789168615,-0.8693272921435614,TIME_LIMIT,659334,0,0,3,3
2,8,3.095801e6,-1.0419926392973138,-0.8693272921435614,TIME_LIMIT,659345,0,0,2,1
2,8,3.095849e6,-1.0419926392973138,-0.8693272921435614,TIME_LIMIT,659358,0,0,10,5
2,8,3.09588e6,-1.0419925607532807,-0.8693272921435614,TIME_LIMIT,659373,0,0,4,1
2,8,3.096085e6,-1.0419925607532807,-0.8693272921435614,TIME_LIMIT,659395,0,0,18,19
2,8,3.096296e6,-1.041989181808902,-0.8693272921435614,TIME_LIMIT,659430,0,0,19,10
2,8,3.096513e6,-1.041989181808902,-0.8693272921435614,TIME_LIMIT,659453,0,0,19,29
2,8,3.096727e6,-1.041988836163286,-0.8693272921435614,TIME_LIMIT,659496,0,0,22,11
2,8,3.096823e6,-1.041988836163286,-0.8693272921435614,TIME_LIMIT,659521,0,0,19,17
2,8,3.096922e6,-1.0419840730909007,-0.8693272921435614,TIME_LIMIT,659551,0,0,16,8
2,8,3.097046e6,-1.0419840730909007,-0.8693272921435614,TIME_LIMIT,659575,0,0,19,8
2,8,3.097126e6,-1.0419804253143277,-0.8693272921435614,TIME_LIMIT,659596,0,0,11,10
2,8,3.097203e6,-1.0419804253143277,-0.8693272921435614,TIME_LIMIT,659615,0,0,13,14
2,8,3.097296e6,-1.041979114655196,-0.8693272921435614,TIME_LIMIT,659642,0,0,9,6
2,8,3.097459e6,-1.041979114655196,-0.8693272921435614,TIME_LIMIT,659672,0,0,11,4
2,8,3.09755e6,-1.0419776206382736,-0.8693272921435614,TIME_LIMIT,659692,0,0,5,8
2,8,3.097623e6,-1.0419776206382736,-0.8693272921435614,TIME_LIMIT,659714,0,0,15,10
2,8,3.097719e6,-1.0419776090738897,-0.8693272921435614,TIME_LIMIT,659737,0,0,12,2
2,8,3.097818e6,-1.0419776090738897,-0.8693272921435614,TIME_LIMIT,659760,0,0,7,7
2,8,3.097905e6,-1.041972714266227,-0.8693272921435614,TIME_LIMIT,659778,0,0,10,11
2,8,3.098101e6,-1.041972714266227,-0.8693272921435614,TIME_LIMIT,659797,0,0,18,5
2,8,3.098271e6,-1.041967707481703,-0.8693272921435614,TIME_LIMIT,659829,0,0,13,7
2,8,3.09836e6,-1.041967707481703,-0.8693272921435614,TIME_LIMIT,659851,0,0,10,18
2,8,3.098484e6,-1.04196637579283,-0.8693272921435614,TIME_LIMIT,659876,0,0,11,6
2,8,3.098682e6,-1.04196637579283,-0.8693272921435614,TIME_LIMIT,659899,0,0,13,14
2,8,3.098754e6,-1.0419605423820457,-0.8693272921435614,TIME_LIMIT,659919,0,0,3,2
2,8,3.098817e6,-1.0419605423820457,-0.8693272921435614,TIME_LIMIT,659943,0,0,15,3
2,8,3.098932e6,-1.0419575196627537,-0.8693272921435614,TIME_LIMIT,659974,0,0,11,5
2,8,3.099066e6,-1.0419575196627537,-0.8693272921435614,TIME_LIMIT,659998,0,0,16,11
2,8,3.099209e6,-1.041956360453145,-0.8693272921435614,TIME_LIMIT,660027,0,0,8,9
2,8,3.099312e6,-1.041956360453145,-0.8693272921435614,TIME_LIMIT,660051,0,0,17,11
2,8,3.099529e6,-1.041950175839522,-0.8693272921435614,TIME_LIMIT,660079,0,0,13,9
2,8,3.099588e6,-1.041950175839522,-0.8693272921435614,TIME_LIMIT,660098,0,0,16,9
2,8,3.099671e6,-1.04194930751809,-0.8693272921435614,TIME_LIMIT,660118,0,0,6,3
2,8,3.099776e6,-1.04194930751809,-0.8693272921435614,TIME_LIMIT,660146,0,0,17,9
2,8,3.099835e6,-1.0419465625564954,-0.8693272921435614,TIME_LIMIT,660163,0,0,9,13
2,8,3.099937e6,-1.0419465625564954,-0.8693272921435614,TIME_LIMIT,660180,0,0,14,19
2,8,3.100033e6,-1.0419312816591495,-0.8693272921435614,TIME_LIMIT,660210,0,0,15,1
2,8,3.100063e6,-1.0419312816591495,-0.8693272921435614,TIME_LIMIT,660221,0,0,5,5
2,8,3.100097e6,-1.041926506534797,-0.8693272921435614,TIME_LIMIT,660235,0,0,6,3
2,8,3.100153e6,-1.041926506534797,-0.8693272921435614,TIME_LIMIT,660251,0,0,6,4
2,8,3.10018e6,-1.041922664474888,-0.8693272921435614,TIME_LIMIT,660262,0,0,2,1
2,8,3.10039e6,-1.041922664474888,-0.8693272921435614,TIME_LIMIT,660289,0,0,19,16
2,8,3.1006e6,-1.0419201442392172,-0.8693272921435614,TIME_LIMIT,660322,0,0,16,5
2,8,3.100697e6,-1.0419201442392172,-0.8693272921435614,TIME_LIMIT,660347,0,0,14,10
2,8,3.100797e6,-1.041916908488707,-0.8693272921435614,TIME_LIMIT,660373,0,0,7,8
2,8,3.101008e6,-1.041916908488707,-0.8693272921435614,TIME_LIMIT,660399,0,0,18,25
2,8,3.101217e6,-1.0419138150438567,-0.8693272921435614,TIME_LIMIT,660437,0,0,21,12
2,8,3.101339e6,-1.0419138150438567,-0.8693272921435614,TIME_LIMIT,660457,0,0,16,18
2,8,3.101397e6,-1.0419101247965994,-0.8693272921435614,TIME_LIMIT,660488,0,0,13,3
2,8,3.101574e6,-1.0419101247965994,-0.8693272921435614,TIME_LIMIT,660514,0,0,17,8
2,8,3.101726e6,-1.041908445594859,-0.8693272921435614,TIME_LIMIT,660547,0,0,17,6
2,8,3.101842e6,-1.041908445594859,-0.8693272921435614,TIME_LIMIT,660561,0,0,16,13
2,8,3.101889e6,-1.0419071430988112,-0.8693272921435614,TIME_LIMIT,660584,0,0,9,2
2,8,3.102033e6,-1.0419071430988112,-0.8693272921435614,TIME_LIMIT,660603,0,0,14,10
2,8,3.102159e6,-1.0419042589338927,-0.8693272921435614,TIME_LIMIT,660634,0,0,13,9
2,8,3.102236e6,-1.0419042589338927,-0.8693272921435614,TIME_LIMIT,660650,0,0,16,9
2,8,3.102397e6,-1.0419023128314406,-0.8693272921435614,TIME_LIMIT,660680,0,0,3,3
2,8,3.102478e6,-1.0419023128314406,-0.8693272921435614,TIME_LIMIT,660696,0,0,17,13
2,8,3.102578e6,-1.0418931687598543,-0.8693272921435614,TIME_LIMIT,660728,0,0,12,9
2,8,3.102682e6,-1.0418931687598543,-0.8693272921435614,TIME_LIMIT,660751,0,0,21,23
2,8,3.102804e6,-1.0418889877550537,-0.8693272921435614,TIME_LIMIT,660783,0,0,15,11
2,8,3.102917e6,-1.0418889877550537,-0.8693272921435614,TIME_LIMIT,660801,0,0,12,11
2,8,3.102984e6,-1.0418837634649454,-0.8693272921435614,TIME_LIMIT,660830,0,0,13,3
2,8,3.103189e6,-1.0418837634649454,-0.8693272921435614,TIME_LIMIT,660851,0,0,16,19
2,8,3.103316e6,-1.0418836359759527,-0.8693272921435614,TIME_LIMIT,660885,0,0,17,4
2,8,3.103525e6,-1.0418836359759527,-0.8693272921435614,TIME_LIMIT,660907,0,0,17,25
2,8,3.103734e6,-1.0418831305465506,-0.8693272921435614,TIME_LIMIT,660940,0,0,20,12
2,8,3.103942e6,-1.0418831305465506,-0.8693272921435614,TIME_LIMIT,660958,0,0,10,10
2,8,3.104056e6,-1.041882267467341,-0.8693272921435614,TIME_LIMIT,660982,0,0,11,7
2,8,3.104258e6,-1.041882267467341,-0.8693272921435614,TIME_LIMIT,661003,0,0,14,7
2,8,3.104359e6,-1.041881047678722,-0.8693272921435614,TIME_LIMIT,661033,0,0,12,4
2,8,3.104528e6,-1.041881047678722,-0.8693272921435614,TIME_LIMIT,661057,0,0,8,9
2,8,3.104619e6,-1.0418740273593725,-0.8693272921435614,TIME_LIMIT,661088,0,0,16,12
2,8,3.104832e6,-1.0418740273593725,-0.8693272921435614,TIME_LIMIT,661106,0,0,17,15
2,8,3.105042e6,-1.0418738967767012,-0.8693272921435614,TIME_LIMIT,661143,0,0,18,11
2,8,3.105147e6,-1.0418738967767012,-0.8693272921435614,TIME_LIMIT,661164,0,0,14,9
2,8,3.105281e6,-1.0418719061967168,-0.8693272921435614,TIME_LIMIT,661197,0,0,14,12
2,8,3.105498e6,-1.0418719061967168,-0.8693272921435614,TIME_LIMIT,661218,0,0,15,6
2,8,3.105586e6,-1.0418640365047067,-0.8693272921435614,TIME_LIMIT,661245,0,0,13,5
2,8,3.105685e6,-1.0418640365047067,-0.8693272921435614,TIME_LIMIT,661271,0,0,20,28
2,8,3.105826e6,-1.0418609263145397,-0.8693272921435614,TIME_LIMIT,661312,0,0,20,8
2,8,3.106038e6,-1.0418609263145397,-0.8693272921435614,TIME_LIMIT,661332,0,0,18,18
2,8,3.106196e6,-1.0418578465696435,-0.8693272921435614,TIME_LIMIT,661368,0,0,16,4
2,8,3.106406e6,-1.0418578465696435,-0.8693272921435614,TIME_LIMIT,661393,0,0,23,31
2,8,3.106614e6,-1.0418577430387415,-0.8693272921435614,TIME_LIMIT,661443,0,0,24,11
2,8,3.106673e6,-1.0418577430387415,-0.8693272921435614,TIME_LIMIT,661463,0,0,17,10
2,8,3.106826e6,-1.0418538663071364,-0.8693272921435614,TIME_LIMIT,661493,0,0,11,7
2,8,3.106931e6,-1.0418538663071364,-0.8693272921435614,TIME_LIMIT,661515,0,0,15,17
2,8,3.107063e6,-1.0418523839406737,-0.8693272921435614,TIME_LIMIT,661542,0,0,4,5
2,8,3.107119e6,-1.0418523839406737,-0.8693272921435614,TIME_LIMIT,661556,0,0,8,7
2,8,3.1072e6,-1.0418523521264216,-0.8693272921435614,TIME_LIMIT,661584,0,0,10,7
2,8,3.107283e6,-1.0418523521264216,-0.8693272921435614,TIME_LIMIT,661608,0,0,19,7
2,8,3.107376e6,-1.0418445989461553,-0.8693272921435614,TIME_LIMIT,661640,0,0,9,9
2,8,3.107574e6,-1.0418445989461553,-0.8693272921435614,TIME_LIMIT,661663,0,0,21,24
2,8,3.10765e6,-1.0418444528536237,-0.8693272921435614,TIME_LIMIT,661688,0,0,7,1
2,8,3.107747e6,-1.0418444528536237,-0.8693272921435614,TIME_LIMIT,661708,0,0,15,16
2,8,3.10786e6,-1.0418441153812736,-0.8693272921435614,TIME_LIMIT,661740,0,0,11,9
2,8,3.107979e6,-1.0418441153812736,-0.8693272921435614,TIME_LIMIT,661769,0,0,14,13
2,8,3.10808e6,-1.0418388547466004,-0.8693272921435614,TIME_LIMIT,661796,0,0,13,7
2,8,3.108293e6,-1.0418388547466004,-0.8693272921435614,TIME_LIMIT,661819,0,0,15,22
2,8,3.108501e6,-1.0418362639704406,-0.8693272921435614,TIME_LIMIT,661842,0,0,5,4
2,8,3.10871e6,-1.0418362639704406,-0.8693272921435614,TIME_LIMIT,661867,0,0,22,25
2,8,3.108923e6,-1.041834642826369,-0.8693272921435614,TIME_LIMIT,661899,0,0,10,8
2,8,3.109131e6,-1.041834642826369,-0.8693272921435614,TIME_LIMIT,661917,0,0,13,8
2,8,3.109249e6,-1.0418306946971003,-0.8693272921435614,TIME_LIMIT,661945,0,0,13,9
2,8,3.109371e6,-1.0418306946971003,-0.8693272921435614,TIME_LIMIT,661964,0,0,10,14
2,8,3.109495e6,-1.04183009657168,-0.8693272921435614,TIME_LIMIT,661994,0,0,15,8
2,8,3.109696e6,-1.04183009657168,-0.8693272921435614,TIME_LIMIT,662018,0,0,23,32
2,8,3.109906e6,-1.041829181714219,-0.8693272921435614,TIME_LIMIT,662054,0,0,16,19
2,8,3.11004e6,-1.041829181714219,-0.8693272921435614,TIME_LIMIT,662072,0,0,15,10
2,8,3.110137e6,-1.0418274343708063,-0.8693272921435614,TIME_LIMIT,662104,0,0,12,7
2,8,3.110341e6,-1.0418274343708063,-0.8693272921435614,TIME_LIMIT,662132,0,0,19,18
2,8,3.110484e6,-1.0418256573582818,-0.8693272921435614,TIME_LIMIT,662176,0,0,25,8
2,8,3.11054e6,-1.0418256573582818,-0.8693272921435614,TIME_LIMIT,662196,0,0,8,9
2,8,3.110588e6,-1.0418233391137532,-0.8693272921435614,TIME_LIMIT,662210,0,0,5,3
2,8,3.110795e6,-1.0418233391137532,-0.8693272921435614,TIME_LIMIT,662233,0,0,13,25
2,8,3.110964e6,-1.0418232007308117,-0.8693272921435614,TIME_LIMIT,662268,0,0,18,9
2,8,3.11105e6,-1.0418232007308117,-0.8693272921435614,TIME_LIMIT,662292,0,0,16,10
2,8,3.111211e6,-1.0418194684093676,-0.8693272921435614,TIME_LIMIT,662324,0,0,13,8
2,8,3.111338e6,-1.0418194684093676,-0.8693272921435614,TIME_LIMIT,662350,0,0,22,13
2,8,3.111485e6,-1.0418174624399112,-0.8693272921435614,TIME_LIMIT,662382,0,0,11,6
2,8,3.111652e6,-1.0418174624399112,-0.8693272921435614,TIME_LIMIT,662408,0,0,16,14
2,8,3.111734e6,-1.0418098675375724,-0.8693272921435614,TIME_LIMIT,662425,0,0,12,2
2,8,3.111793e6,-1.0418098675375724,-0.8693272921435614,TIME_LIMIT,662443,0,0,11,12
2,8,3.111888e6,-1.041808306202273,-0.8693272921435614,TIME_LIMIT,662474,0,0,14,4
2,8,3.11201e6,-1.041808306202273,-0.8693272921435614,TIME_LIMIT,662497,0,0,14,9
2,8,3.112103e6,-1.0418071043953918,-0.8693272921435614,TIME_LIMIT,662518,0,0,4,10
2,8,3.112312e6,-1.0418071043953918,-0.8693272921435614,TIME_LIMIT,662537,0,0,21,35
2,8,3.112521e6,-1.04180582695029,-0.8693272921435614,TIME_LIMIT,662573,0,0,13,7
2,8,3.11264e6,-1.04180582695029,-0.8693272921435614,TIME_LIMIT,662606,0,0,21,12
2,8,3.112848e6,-1.0418054821185898,-0.8693272921435614,TIME_LIMIT,662633,0,0,19,6
2,8,3.112895e6,-1.0418054821185898,-0.8693272921435614,TIME_LIMIT,662647,0,0,12,17
2,8,3.112985e6,-1.0418043368189678,-0.8693272921435614,TIME_LIMIT,662675,0,0,12,6
2,8,3.113055e6,-1.0418043368189678,-0.8693272921435614,TIME_LIMIT,662695,0,0,15,11
2,8,3.113112e6,-1.0418033907486217,-0.8693272921435614,TIME_LIMIT,662713,0,0,8,8
2,8,3.113234e6,-1.0418033907486217,-0.8693272921435614,TIME_LIMIT,662729,0,0,13,4
2,8,3.113276e6,-1.041801367576001,-0.8693272921435614,TIME_LIMIT,662745,0,0,6,4
2,8,3.113429e6,-1.041801367576001,-0.8693272921435614,TIME_LIMIT,662765,0,0,17,28
2,8,3.113642e6,-1.0417992996279903,-0.8693272921435614,TIME_LIMIT,662801,0,0,15,13
2,8,3.113819e6,-1.0417992996279903,-0.8693272921435614,TIME_LIMIT,662821,0,0,13,12
2,8,3.113893e6,-1.0417979655142218,-0.8693272921435614,TIME_LIMIT,662843,0,0,6,3
2,8,3.114035e6,-1.0417979655142218,-0.8693272921435614,TIME_LIMIT,662868,0,0,20,9
2,8,3.114243e6,-1.041796417121235,-0.8693272921435614,TIME_LIMIT,662891,0,0,12,11
2,8,3.114451e6,-1.041796417121235,-0.8693272921435614,TIME_LIMIT,662916,0,0,19,26
2,8,3.114645e6,-1.041791642996947,-0.8693272921435614,TIME_LIMIT,662961,0,0,23,7
2,8,3.114756e6,-1.041791642996947,-0.8693272921435614,TIME_LIMIT,662981,0,0,15,13
2,8,3.114887e6,-1.0417875412659647,-0.8693272921435614,TIME_LIMIT,663006,0,0,12,6
2,8,3.114986e6,-1.0417875412659647,-0.8693272921435614,TIME_LIMIT,663023,0,0,17,20
2,8,3.11514e6,-1.0417814567083974,-0.8693272921435614,TIME_LIMIT,663055,0,0,13,9
2,8,3.115221e6,-1.0417814567083974,-0.8693272921435614,TIME_LIMIT,663075,0,0,16,16
2,8,3.115302e6,-1.041774326592724,-0.8693272921435614,TIME_LIMIT,663097,0,0,8,7
2,8,3.11539e6,-1.041774326592724,-0.8693272921435614,TIME_LIMIT,663116,0,0,15,17
2,8,3.115498e6,-1.0417742854279448,-0.8693272921435614,TIME_LIMIT,663152,0,0,19,8
2,8,3.115706e6,-1.0417742854279448,-0.8693272921435614,TIME_LIMIT,663179,0,0,20,22
2,8,3.115834e6,-1.041772738139524,-0.8693272921435614,TIME_LIMIT,663215,0,0,8,9
2,8,3.115944e6,-1.041772738139524,-0.8693272921435614,TIME_LIMIT,663231,0,0,13,11
2,8,3.115998e6,-1.0417690654326708,-0.8693272921435614,TIME_LIMIT,663252,0,0,7,6
2,8,3.11613e6,-1.0417690654326708,-0.8693272921435614,TIME_LIMIT,663279,0,0,9,14
2,8,3.116217e6,-1.0417674925411609,-0.8693272921435614,TIME_LIMIT,663306,0,0,5,11
2,8,3.116352e6,-1.0417674925411609,-0.8693272921435614,TIME_LIMIT,663330,0,0,12,12
2,8,3.116568e6,-1.0417668534033733,-0.8693272921435614,TIME_LIMIT,663354,0,0,10,3
2,8,3.11672e6,-1.0417668534033733,-0.8693272921435614,TIME_LIMIT,663379,0,0,6,9
2,8,3.116886e6,-1.0417665518079982,-0.8693272921435614,TIME_LIMIT,663412,0,0,17,4
2,8,3.117042e6,-1.0417665518079982,-0.8693272921435614,TIME_LIMIT,663439,0,0,15,11
2,8,3.117178e6,-1.0417628677918782,-0.8693272921435614,TIME_LIMIT,663464,0,0,12,5
2,8,3.1173e6,-1.0417628677918782,-0.8693272921435614,TIME_LIMIT,663490,0,0,15,25
2,8,3.117472e6,-1.0417518919650464,-0.8693272921435614,TIME_LIMIT,663524,0,0,15,11
2,8,3.117634e6,-1.0417518919650464,-0.8693272921435614,TIME_LIMIT,663547,0,0,15,23
2,8,3.1178e6,-1.0417482673832705,-0.8693272921435614,TIME_LIMIT,663583,0,0,10,14
2,8,3.117881e6,-1.0417482673832705,-0.8693272921435614,TIME_LIMIT,663601,0,0,13,15
2,8,3.118036e6,-1.0417404991186707,-0.8693272921435614,TIME_LIMIT,663629,0,0,11,7
2,8,3.118245e6,-1.0417404991186707,-0.8693272921435614,TIME_LIMIT,663652,0,0,14,12
2,8,3.118389e6,-1.0417316069497606,-0.8693272921435614,TIME_LIMIT,663681,0,0,13,10
2,8,3.118599e6,-1.0417316069497606,-0.8693272921435614,TIME_LIMIT,663703,0,0,21,18
2,8,3.118799e6,-1.0417304825627238,-0.8693272921435614,TIME_LIMIT,663733,0,0,14,7
2,8,3.11896e6,-1.0417304825627238,-0.8693272921435614,TIME_LIMIT,663752,0,0,13,9
2,8,3.119084e6,-1.0417279579896443,-0.8693272921435614,TIME_LIMIT,663781,0,0,4,2
2,8,3.119153e6,-1.0417279579896443,-0.8693272921435614,TIME_LIMIT,663797,0,0,9,7
2,8,3.119198e6,-1.0417255230293154,-0.8693272921435614,TIME_LIMIT,663817,0,0,8,3
2,8,3.119395e6,-1.0417255230293154,-0.8693272921435614,TIME_LIMIT,663853,0,0,17,30
2,8,3.119473e6,-1.0417215656450831,-0.8693272921435614,TIME_LIMIT,663885,0,0,11,10
2,8,3.119618e6,-1.0417215656450831,-0.8693272921435614,TIME_LIMIT,663912,0,0,18,10
2,8,3.119832e6,-1.0417183199997124,-0.8693272921435614,TIME_LIMIT,663945,0,0,12,9
2,8,3.119955e6,-1.0417183199997124,-0.8693272921435614,TIME_LIMIT,663969,0,0,18,17
2,8,3.120017e6,-1.0417181396873896,-0.8693272921435614,TIME_LIMIT,664000,0,0,11,3
2,8,3.120132e6,-1.0417181396873896,-0.8693272921435614,TIME_LIMIT,664021,0,0,15,14
2,8,3.120227e6,-1.0417162975400625,-0.8693272921435614,TIME_LIMIT,664052,0,0,17,4
2,8,3.120395e6,-1.0417162975400625,-0.8693272921435614,TIME_LIMIT,664073,0,0,24,12
2,8,3.120578e6,-1.041713517808197,-0.8693272921435614,TIME_LIMIT,664099,0,0,10,10
2,8,3.120671e6,-1.041713517808197,-0.8693272921435614,TIME_LIMIT,664123,0,0,17,22
2,8,3.120757e6,-1.0417122668215983,-0.8693272921435614,TIME_LIMIT,664157,0,0,17,10
2,8,3.120867e6,-1.0417122668215983,-0.8693272921435614,TIME_LIMIT,664176,0,0,22,15
2,8,3.121015e6,-1.0417121918297307,-0.8693272921435614,TIME_LIMIT,664209,0,0,12,8
2,8,3.121065e6,-1.0417121918297307,-0.8693272921435614,TIME_LIMIT,664228,0,0,12,4
2,8,3.121121e6,-1.04170776083566,-0.8693272921435614,TIME_LIMIT,664247,0,0,6,5
2,8,3.121293e6,-1.04170776083566,-0.8693272921435614,TIME_LIMIT,664268,0,0,19,16
2,8,3.121502e6,-1.0417071865394574,-0.8693272921435614,TIME_LIMIT,664303,0,0,16,11
2,8,3.121615e6,-1.0417071865394574,-0.8693272921435614,TIME_LIMIT,664322,0,0,11,17
2,8,3.121664e6,-1.0417002957763108,-0.8693272921435614,TIME_LIMIT,664345,0,0,12,4
2,8,3.121715e6,-1.0417002957763108,-0.8693272921435614,TIME_LIMIT,664363,0,0,10,6
2,8,3.121743e6,-1.0416974282127176,-0.8693272921435614,TIME_LIMIT,664378,0,0,5,6
2,8,3.121902e6,-1.0416974282127176,-0.8693272921435614,TIME_LIMIT,664411,0,0,25,16
2,8,3.122059e6,-1.0416955042574476,-0.8693272921435614,TIME_LIMIT,664441,0,0,14,15
2,8,3.122262e6,-1.0416955042574476,-0.8693272921435614,TIME_LIMIT,664460,0,0,18,28
2,8,3.122439e6,-1.0416933165918678,-0.8693272921435614,TIME_LIMIT,664503,0,0,10,9
2,8,3.122658e6,-1.0416933165918678,-0.8693272921435614,TIME_LIMIT,664521,0,0,14,6
2,8,3.122751e6,-1.0416859317889973,-0.8693272921435614,TIME_LIMIT,664543,0,0,10,9
2,8,3.122849e6,-1.0416859317889973,-0.8693272921435614,TIME_LIMIT,664557,0,0,9,15
2,8,3.122935e6,-1.041683806402673,-0.8693272921435614,TIME_LIMIT,664586,0,0,12,4
2,8,3.123131e6,-1.041683806402673,-0.8693272921435614,TIME_LIMIT,664610,0,0,17,12
2,8,3.123338e6,-1.0416835829085591,-0.8693272921435614,TIME_LIMIT,664644,0,0,6,5
2,8,3.123412e6,-1.0416835829085591,-0.8693272921435614,TIME_LIMIT,664663,0,0,11,13
2,8,3.123478e6,-1.0416793533624893,-0.8693272921435614,TIME_LIMIT,664690,0,0,8,5
2,8,3.123682e6,-1.0416793533624893,-0.8693272921435614,TIME_LIMIT,664719,0,0,4,17
2,8,3.123769e6,-1.0416757538820125,-0.8693272921435614,TIME_LIMIT,664742,0,0,12,6
2,8,3.123961e6,-1.0416757538820125,-0.8693272921435614,TIME_LIMIT,664769,0,0,9,14
2,8,3.124111e6,-1.0416752152998128,-0.8693272921435614,TIME_LIMIT,664803,0,0,8,4
2,8,3.124238e6,-1.0416752152998128,-0.8693272921435614,TIME_LIMIT,664823,0,0,15,10
2,8,3.124381e6,-1.0416748358759356,-0.8693272921435614,TIME_LIMIT,664856,0,0,12,1
2,8,3.124592e6,-1.0416748358759356,-0.8693272921435614,TIME_LIMIT,664872,0,0,15,16
2,8,3.124671e6,-1.0416746682218585,-0.8693272921435614,TIME_LIMIT,664901,0,0,13,10
2,8,3.124874e6,-1.0416746682218585,-0.8693272921435614,TIME_LIMIT,664925,0,0,22,14
2,8,3.125083e6,-1.0416745422166573,-0.8693272921435614,TIME_LIMIT,664960,0,0,17,9
2,8,3.12514e6,-1.0416745422166573,-0.8693272921435614,TIME_LIMIT,664977,0,0,7,2
2,8,3.12519e6,-1.0416658514274768,-0.8693272921435614,TIME_LIMIT,664988,0,0,6,5
2,8,3.125292e6,-1.0416658514274768,-0.8693272921435614,TIME_LIMIT,665010,0,0,6,6
2,8,3.125355e6,-1.0416645648967502,-0.8693272921435614,TIME_LIMIT,665035,0,0,8,3
2,8,3.125563e6,-1.0416645648967502,-0.8693272921435614,TIME_LIMIT,665061,0,0,22,17
2,8,3.125766e6,-1.0416645084254748,-0.8693272921435614,TIME_LIMIT,665090,0,0,11,7
2,8,3.125959e6,-1.0416645084254748,-0.8693272921435614,TIME_LIMIT,665115,0,0,17,16
2,8,3.126168e6,-1.041661854935586,-0.8693272921435614,TIME_LIMIT,665141,0,0,15,6
2,8,3.126258e6,-1.041661854935586,-0.8693272921435614,TIME_LIMIT,665160,0,0,14,4
2,8,3.12635e6,-1.0416535937038396,-0.8693272921435614,TIME_LIMIT,665187,0,0,9,8
2,8,3.126535e6,-1.0416535937038396,-0.8693272921435614,TIME_LIMIT,665206,0,0,18,19
2,8,3.126651e6,-1.0416508880967699,-0.8693272921435614,TIME_LIMIT,665239,0,0,17,6
2,8,3.126713e6,-1.0416508880967699,-0.8693272921435614,TIME_LIMIT,665261,0,0,10,7
2,8,3.126812e6,-1.0416485130679236,-0.8693272921435614,TIME_LIMIT,665275,0,0,7,5
2,8,3.126975e6,-1.0416485130679236,-0.8693272921435614,TIME_LIMIT,665298,0,0,12,18
2,8,3.127134e6,-1.041645429098366,-0.8693272921435614,TIME_LIMIT,665328,0,0,12,6
2,8,3.127281e6,-1.041645429098366,-0.8693272921435614,TIME_LIMIT,665361,0,0,12,8
2,8,3.127427e6,-1.0416400443547464,-0.8693272921435614,TIME_LIMIT,665391,0,0,9,4
2,8,3.127628e6,-1.0416400443547464,-0.8693272921435614,TIME_LIMIT,665415,0,0,16,17
2,8,3.127828e6,-1.0416382202380694,-0.8693272921435614,TIME_LIMIT,665447,0,0,11,6
2,8,3.127989e6,-1.0416382202380694,-0.8693272921435614,TIME_LIMIT,665471,0,0,21,20
2,8,3.128176e6,-1.0416373125329117,-0.8693272921435614,TIME_LIMIT,665504,0,0,15,13
2,8,3.128235e6,-1.0416373125329117,-0.8693272921435614,TIME_LIMIT,665521,0,0,8,3
2,8,3.128273e6,-1.0416336472693972,-0.8693272921435614,TIME_LIMIT,665532,0,0,4,5
2,8,3.128467e6,-1.0416336472693972,-0.8693272921435614,TIME_LIMIT,665554,0,0,23,13
2,8,3.128675e6,-1.0416336159684776,-0.8693272921435614,TIME_LIMIT,665591,0,0,18,12
2,8,3.128882e6,-1.0416336159684776,-0.8693272921435614,TIME_LIMIT,665612,0,0,11,7
2,8,3.129025e6,-1.0416326075598685,-0.8693272921435614,TIME_LIMIT,665647,0,0,19,7
2,8,3.129068e6,-1.0416326075598685,-0.8693272921435614,TIME_LIMIT,665662,0,0,6,3
2,8,3.129101e6,-1.041625239233253,-0.8693272921435614,TIME_LIMIT,665680,0,0,6,2
2,8,3.129307e6,-1.041625239233253,-0.8693272921435614,TIME_LIMIT,665705,0,0,25,22
2,8,3.129462e6,-1.0416214271744302,-0.8693272921435614,TIME_LIMIT,665744,0,0,10,3
2,8,3.129546e6,-1.0416214271744302,-0.8693272921435614,TIME_LIMIT,665762,0,0,12,4
2,8,3.129581e6,-1.0416176916064948,-0.8693272921435614,TIME_LIMIT,665771,0,0,6,4
2,8,3.12971e6,-1.0416176916064948,-0.8693272921435614,TIME_LIMIT,665804,0,0,20,21
2,8,3.129921e6,-1.0416174229337798,-0.8693272921435614,TIME_LIMIT,665836,0,0,17,6
2,8,3.129999e6,-1.0416174229337798,-0.8693272921435614,TIME_LIMIT,665858,0,0,15,9
2,8,3.130143e6,-1.0416102437527353,-0.8693272921435614,TIME_LIMIT,665883,0,0,6,6
2,8,3.130349e6,-1.0416102437527353,-0.8693272921435614,TIME_LIMIT,665902,0,0,14,22
2,8,3.130524e6,-1.0416098965216585,-0.8693272921435614,TIME_LIMIT,665934,0,0,13,10
2,8,3.130576e6,-1.0416098965216585,-0.8693272921435614,TIME_LIMIT,665949,0,0,7,4
2,8,3.130626e6,-1.0416096594535158,-0.8693272921435614,TIME_LIMIT,665968,0,0,2,4
2,8,3.13082e6,-1.0416096594535158,-0.8693272921435614,TIME_LIMIT,665991,0,0,17,15
2,8,3.130953e6,-1.0416082536347109,-0.8693272921435614,TIME_LIMIT,666021,0,0,11,8
2,8,3.131051e6,-1.0416082536347109,-0.8693272921435614,TIME_LIMIT,666037,0,0,13,18
2,8,3.131255e6,-1.0416079799456135,-0.8693272921435614,TIME_LIMIT,666066,0,0,10,3
2,8,3.131331e6,-1.0416079799456135,-0.8693272921435614,TIME_LIMIT,666083,0,0,12,11
2,8,3.131482e6,-1.041606278170744,-0.8693272921435614,TIME_LIMIT,666114,0,0,11,4
2,8,3.131618e6,-1.041606278170744,-0.8693272921435614,TIME_LIMIT,666138,0,0,19,14
2,8,3.131729e6,-1.041606130884629,-0.8693272921435614,TIME_LIMIT,666170,0,0,22,4
2,8,3.131796e6,-1.041606130884629,-0.8693272921435614,TIME_LIMIT,666189,0,0,9,3
2,8,3.131833e6,-1.0416053958750537,-0.8693272921435614,TIME_LIMIT,666201,0,0,3,3
2,8,3.131956e6,-1.0416053958750537,-0.8693272921435614,TIME_LIMIT,666221,0,0,13,14
2,8,3.132046e6,-1.0415933546861762,-0.8693272921435614,TIME_LIMIT,666251,0,0,15,6
2,8,3.132142e6,-1.0415933546861762,-0.8693272921435614,TIME_LIMIT,666269,0,0,16,8
2,8,3.132267e6,-1.0415932414884643,-0.8693272921435614,TIME_LIMIT,666293,0,0,8,5
2,8,3.132449e6,-1.0415932414884643,-0.8693272921435614,TIME_LIMIT,666318,0,0,16,3
2,8,3.132534e6,-1.0415889340491102,-0.8693272921435614,TIME_LIMIT,666342,0,0,7,3
2,8,3.132729e6,-1.0415889340491102,-0.8693272921435614,TIME_LIMIT,666366,0,0,11,20
2,8,3.132894e6,-1.0415862771810067,-0.8693272921435614,TIME_LIMIT,666391,0,0,5,3
2,8,3.1331e6,-1.0415862771810067,-0.8693272921435614,TIME_LIMIT,666415,0,0,5,21
2,8,3.133314e6,-1.0415825174270106,-0.8693272921435614,TIME_LIMIT,666457,0,0,20,8
2,8,3.133408e6,-1.0415825174270106,-0.8693272921435614,TIME_LIMIT,666475,0,0,13,10
2,8,3.133491e6,-1.0415816940511453,-0.8693272921435614,TIME_LIMIT,666500,0,0,11,2
2,8,3.133666e6,-1.0415816940511453,-0.8693272921435614,TIME_LIMIT,666521,0,0,24,19
2,8,3.133857e6,-1.0415796616967437,-0.8693272921435614,TIME_LIMIT,666555,0,0,17,12
2,8,3.133935e6,-1.0415796616967437,-0.8693272921435614,TIME_LIMIT,666574,0,0,20,19
2,8,3.134001e6,-1.0415758961235801,-0.8693272921435614,TIME_LIMIT,666599,0,0,9,3
2,8,3.134197e6,-1.0415758961235801,-0.8693272921435614,TIME_LIMIT,666617,0,0,17,22
2,8,3.134397e6,-1.0415719896977798,-0.8693272921435614,TIME_LIMIT,666647,0,0,14,9
2,8,3.134499e6,-1.0415719896977798,-0.8693272921435614,TIME_LIMIT,666664,0,0,11,8
2,8,3.1347e6,-1.0415634576916117,-0.8693272921435614,TIME_LIMIT,666696,0,0,11,9
2,8,3.13483e6,-1.0415634576916117,-0.8693272921435614,TIME_LIMIT,666725,0,0,19,12
2,8,3.134901e6,-1.041560278727098,-0.8693272921435614,TIME_LIMIT,666747,0,0,13,12
2,8,3.135095e6,-1.041560278727098,-0.8693272921435614,TIME_LIMIT,666766,0,0,16,11
2,8,3.135306e6,-1.0415578997417656,-0.8693272921435614,TIME_LIMIT,666798,0,0,16,5
2,8,3.135423e6,-1.0415578997417656,-0.8693272921435614,TIME_LIMIT,666818,0,0,13,4
2,8,3.135461e6,-1.0415557248538092,-0.8693272921435614,TIME_LIMIT,666830,0,0,5,8
2,8,3.135538e6,-1.0415557248538092,-0.8693272921435614,TIME_LIMIT,666856,0,0,26,5
2,8,3.135749e6,-1.0415541445428005,-0.8693272921435614,TIME_LIMIT,666889,0,0,16,6
2,8,3.135824e6,-1.0415541445428005,-0.8693272921435614,TIME_LIMIT,666909,0,0,14,11
2,8,3.135899e6,-1.0415484237215753,-0.8693272921435614,TIME_LIMIT,666933,0,0,11,4
2,8,3.136043e6,-1.0415484237215753,-0.8693272921435614,TIME_LIMIT,666960,0,0,11,15
2,8,3.136131e6,-1.0415480243790922,-0.8693272921435614,TIME_LIMIT,666989,0,0,10,11
2,8,3.136216e6,-1.0415480243790922,-0.8693272921435614,TIME_LIMIT,667016,0,0,23,10
2,8,3.136378e6,-1.0415465315576684,-0.8693272921435614,TIME_LIMIT,667049,0,0,12,7
2,8,3.136597e6,-1.0415465315576684,-0.8693272921435614,TIME_LIMIT,667084,0,0,14,23
2,8,3.136737e6,-1.0415370180714008,-0.8693272921435614,TIME_LIMIT,667112,0,0,13,17
2,8,3.13694e6,-1.0415370180714008,-0.8693272921435614,TIME_LIMIT,667139,0,0,8,6
2,8,3.137115e6,-1.0415310753772111,-0.8693272921435614,TIME_LIMIT,667168,0,0,5,4
2,8,3.137257e6,-1.0415310753772111,-0.8693272921435614,TIME_LIMIT,667195,0,0,15,6
2,8,3.13736e6,-1.0415310233489308,-0.8693272921435614,TIME_LIMIT,667218,0,0,15,4
2,8,3.137564e6,-1.0415310233489308,-0.8693272921435614,TIME_LIMIT,667240,0,0,14,36
2,8,3.137774e6,-1.0415268526803843,-0.8693272921435614,TIME_LIMIT,667280,0,0,7,4
2,8,3.137833e6,-1.0415268526803843,-0.8693272921435614,TIME_LIMIT,667298,0,0,10,6
2,8,3.137888e6,-1.0415205838884296,-0.8693272921435614,TIME_LIMIT,667314,0,0,10,4
2,8,3.137947e6,-1.0415205838884296,-0.8693272921435614,TIME_LIMIT,667331,0,0,12,8
2,8,3.137998e6,-1.0415192201706205,-0.8693272921435614,TIME_LIMIT,667351,0,0,7,3
2,8,3.138117e6,-1.0415192201706205,-0.8693272921435614,TIME_LIMIT,667373,0,0,11,23
2,8,3.138226e6,-1.0415149947098303,-0.8693272921435614,TIME_LIMIT,667406,0,0,13,7
2,8,3.138391e6,-1.0415149947098303,-0.8693272921435614,TIME_LIMIT,667432,0,0,30,12
2,8,3.138504e6,-1.041514757619244,-0.8693272921435614,TIME_LIMIT,667463,0,0,10,8
2,8,3.138638e6,-1.041514757619244,-0.8693272921435614,TIME_LIMIT,667493,0,0,20,10
2,8,3.138756e6,-1.0415145657732165,-0.8693272921435614,TIME_LIMIT,667524,0,0,19,6
2,8,3.138966e6,-1.0415145657732165,-0.8693272921435614,TIME_LIMIT,667546,0,0,20,23
2,8,3.139132e6,-1.0415137530675083,-0.8693272921435614,TIME_LIMIT,667576,0,0,11,4
2,8,3.13918e6,-1.0415137530675083,-0.8693272921435614,TIME_LIMIT,667587,0,0,11,9
2,8,3.139235e6,-1.0415136716194544,-0.8693272921435614,TIME_LIMIT,667607,0,0,5,7
2,8,3.139351e6,-1.0415136716194544,-0.8693272921435614,TIME_LIMIT,667636,0,0,20,10
2,8,3.1395e6,-1.0415135175550247,-0.8693272921435614,TIME_LIMIT,667665,0,0,12,4
2,8,3.139662e6,-1.0415135175550247,-0.8693272921435614,TIME_LIMIT,667681,0,0,17,9
2,8,3.13974e6,-1.0415117533293115,-0.8693272921435614,TIME_LIMIT,667708,0,0,13,5
2,8,3.139826e6,-1.0415117533293115,-0.8693272921435614,TIME_LIMIT,667725,0,0,13,11
2,8,3.139953e6,-1.041508501722911,-0.8693272921435614,TIME_LIMIT,667754,0,0,11,7
2,8,3.140158e6,-1.041508501722911,-0.8693272921435614,TIME_LIMIT,667778,0,0,28,23
2,8,3.140372e6,-1.0415073901681628,-0.8693272921435614,TIME_LIMIT,667817,0,0,18,10
2,8,3.140566e6,-1.0415073901681628,-0.8693272921435614,TIME_LIMIT,667845,0,0,19,10
2,8,3.140752e6,-1.0415065353120776,-0.8693272921435614,TIME_LIMIT,667867,0,0,15,7
2,8,3.140956e6,-1.0415065353120776,-0.8693272921435614,TIME_LIMIT,667900,0,0,26,17
2,8,3.141164e6,-1.0415029482558777,-0.8693272921435614,TIME_LIMIT,667927,0,0,21,22
2,8,3.141372e6,-1.0415029482558777,-0.8693272921435614,TIME_LIMIT,667943,0,0,16,17
2,8,3.14158e6,-1.0415023278002273,-0.8693272921435614,TIME_LIMIT,667978,0,0,7,6
2,8,3.141667e6,-1.0415023278002273,-0.8693272921435614,TIME_LIMIT,667990,0,0,9,5
2,8,3.141769e6,-1.0414982197579652,-0.8693272921435614,TIME_LIMIT,668011,0,0,4,3
2,8,3.1419e6,-1.0414982197579652,-0.8693272921435614,TIME_LIMIT,668040,0,0,18,17
2,8,3.142025e6,-1.0414824094189299,-0.8693272921435614,TIME_LIMIT,668074,0,0,16,7
2,8,3.142163e6,-1.0414824094189299,-0.8693272921435614,TIME_LIMIT,668099,0,0,21,26
2,8,3.142273e6,-1.0414803364064316,-0.8693272921435614,TIME_LIMIT,668128,0,0,11,7
2,8,3.142402e6,-1.0414803364064316,-0.8693272921435614,TIME_LIMIT,668151,0,0,9,16
2,8,3.142596e6,-1.0414748078855083,-0.8693272921435614,TIME_LIMIT,668182,0,0,10,6
2,8,3.142667e6,-1.0414748078855083,-0.8693272921435614,TIME_LIMIT,668202,0,0,14,18
2,8,3.142727e6,-1.0414703363956275,-0.8693272921435614,TIME_LIMIT,668227,0,0,11,6
2,8,3.14292e6,-1.0414703363956275,-0.8693272921435614,TIME_LIMIT,668256,0,0,26,27
2,8,3.143133e6,-1.0414672523335895,-0.8693272921435614,TIME_LIMIT,668284,0,0,14,15
2,8,3.143277e6,-1.0414672523335895,-0.8693272921435614,TIME_LIMIT,668310,0,0,13,10
2,8,3.143337e6,-1.0414650912145036,-0.8693272921435614,TIME_LIMIT,668336,0,0,10,11
2,8,3.143428e6,-1.0414650912145036,-0.8693272921435614,TIME_LIMIT,668356,0,0,15,12
2,8,3.143526e6,-1.0414586696171921,-0.8693272921435614,TIME_LIMIT,668385,0,0,11,11
2,8,3.143736e6,-1.0414586696171921,-0.8693272921435614,TIME_LIMIT,668407,0,0,10,14
2,8,3.143797e6,-1.041457874447688,-0.8693272921435614,TIME_LIMIT,668432,0,0,8,7
2,8,3.144001e6,-1.041457874447688,-0.8693272921435614,TIME_LIMIT,668450,0,0,22,18
2,8,3.144207e6,-1.041450769098543,-0.8693272921435614,TIME_LIMIT,668481,0,0,14,8
2,8,3.144316e6,-1.041450769098543,-0.8693272921435614,TIME_LIMIT,668504,0,0,16,11
2,8,3.144384e6,-1.0414499359745788,-0.8693272921435614,TIME_LIMIT,668529,0,0,15,12
2,8,3.144592e6,-1.0414499359745788,-0.8693272921435614,TIME_LIMIT,668549,0,0,19,17
2,8,3.144798e6,-1.0414426131955132,-0.8693272921435614,TIME_LIMIT,668580,0,0,14,11
2,8,3.14486e6,-1.0414426131955132,-0.8693272921435614,TIME_LIMIT,668598,0,0,14,12
2,8,3.144971e6,-1.041433480263663,-0.8693272921435614,TIME_LIMIT,668624,0,0,12,6
2,8,3.145186e6,-1.041433480263663,-0.8693272921435614,TIME_LIMIT,668649,0,0,14,29
2,8,3.145397e6,-1.0414281176305933,-0.8693272921435614,TIME_LIMIT,668684,0,0,13,20
2,8,3.145459e6,-1.0414281176305933,-0.8693272921435614,TIME_LIMIT,668704,0,0,12,4
2,8,3.145524e6,-1.0414273557197131,-0.8693272921435614,TIME_LIMIT,668722,0,0,10,4
2,8,3.14567e6,-1.0414273557197131,-0.8693272921435614,TIME_LIMIT,668743,0,0,18,15
2,8,3.145836e6,-1.0414262963811591,-0.8693272921435614,TIME_LIMIT,668769,0,0,12,9
2,8,3.145996e6,-1.0414262963811591,-0.8693272921435614,TIME_LIMIT,668797,0,0,21,13
2,8,3.146074e6,-1.041423347952477,-0.8693272921435614,TIME_LIMIT,668817,0,0,10,10
2,8,3.146254e6,-1.041423347952477,-0.8693272921435614,TIME_LIMIT,668847,0,0,24,11
2,8,3.146467e6,-1.0414154971259704,-0.8693272921435614,TIME_LIMIT,668881,0,0,19,7
2,8,3.14659e6,-1.0414154971259704,-0.8693272921435614,TIME_LIMIT,668904,0,0,17,20
2,8,3.146777e6,-1.0414151935752578,-0.8693272921435614,TIME_LIMIT,668939,0,0,13,14
2,8,3.146889e6,-1.0414151935752578,-0.8693272921435614,TIME_LIMIT,668962,0,0,12,12
2,8,3.147052e6,-1.0414141150572553,-0.8693272921435614,TIME_LIMIT,668990,0,0,14,7
2,8,3.147194e6,-1.0414141150572553,-0.8693272921435614,TIME_LIMIT,669013,0,0,28,15
2,8,3.147313e6,-1.041409319512642,-0.8693272921435614,TIME_LIMIT,669043,0,0,14,5
2,8,3.147435e6,-1.041409319512642,-0.8693272921435614,TIME_LIMIT,669065,0,0,10,16
2,8,3.147644e6,-1.0414033713209645,-0.8693272921435614,TIME_LIMIT,669096,0,0,11,6
2,8,3.147846e6,-1.0414033713209645,-0.8693272921435614,TIME_LIMIT,669125,0,0,18,26
2,8,3.147994e6,-1.0414004502697627,-0.8693272921435614,TIME_LIMIT,669158,0,0,10,4
2,8,3.14809e6,-1.0414004502697627,-0.8693272921435614,TIME_LIMIT,669173,0,0,11,10
2,8,3.148161e6,-1.0413972422110325,-0.8693272921435614,TIME_LIMIT,669194,0,0,10,2
2,8,3.148304e6,-1.0413972422110325,-0.8693272921435614,TIME_LIMIT,669215,0,0,18,13
2,8,3.148376e6,-1.0413935084497914,-0.8693272921435614,TIME_LIMIT,669244,0,0,11,6
2,8,3.148528e6,-1.0413935084497914,-0.8693272921435614,TIME_LIMIT,669272,0,0,17,10
2,8,3.148737e6,-1.0413924210822336,-0.8693272921435614,TIME_LIMIT,669309,0,0,18,24
2,8,3.148853e6,-1.0413924210822336,-0.8693272921435614,TIME_LIMIT,669329,0,0,17,11
2,8,3.148951e6,-1.0413906537140294,-0.8693272921435614,TIME_LIMIT,669359,0,0,10,7
2,8,3.149045e6,-1.0413906537140294,-0.8693272921435614,TIME_LIMIT,669376,0,0,6,7
2,8,3.149084e6,-1.0413906331399316,-0.8693272921435614,TIME_LIMIT,669397,0,0,3,1
2,8,3.149202e6,-1.0413906331399316,-0.8693272921435614,TIME_LIMIT,669422,0,0,13,4
2,8,3.149309e6,-1.0413905004655915,-0.8693272921435614,TIME_LIMIT,669447,0,0,9,7
2,8,3.149379e6,-1.0413905004655915,-0.8693272921435614,TIME_LIMIT,669468,0,0,14,13
2,8,3.149429e6,-1.041389765000692,-0.8693272921435614,TIME_LIMIT,669491,0,0,12,3
2,8,3.14949e6,-1.041389765000692,-0.8693272921435614,TIME_LIMIT,669506,0,0,12,9
2,8,3.149556e6,-1.0413719492736795,-0.8693272921435614,TIME_LIMIT,669528,0,0,9,2
2,8,3.149767e6,-1.0413719492736795,-0.8693272921435614,TIME_LIMIT,669553,0,0,24,14
2,8,3.149969e6,-1.0413712842883105,-0.8693272921435614,TIME_LIMIT,669589,0,0,18,12
2,8,3.150053e6,-1.0413712842883105,-0.8693272921435614,TIME_LIMIT,669611,0,0,12,7
2,8,3.150155e6,-1.0413675575433583,-0.8693272921435614,TIME_LIMIT,669636,0,0,8,5
2,8,3.150256e6,-1.0413675575433583,-0.8693272921435614,TIME_LIMIT,669654,0,0,10,8
2,8,3.150343e6,-1.0413636135498516,-0.8693272921435614,TIME_LIMIT,669680,0,0,8,6
2,8,3.150401e6,-1.0413636135498516,-0.8693272921435614,TIME_LIMIT,669701,0,0,16,11
2,8,3.150537e6,-1.0413629418661334,-0.8693272921435614,TIME_LIMIT,669728,0,0,5,2
2,8,3.150738e6,-1.0413629418661334,-0.8693272921435614,TIME_LIMIT,669757,0,0,22,21
2,8,3.150944e6,-1.0413544043436507,-0.8693272921435614,TIME_LIMIT,669791,0,0,15,15
2,8,3.151135e6,-1.0413544043436507,-0.8693272921435614,TIME_LIMIT,669822,0,0,17,16
2,8,3.151319e6,-1.0413482723893668,-0.8693272921435614,TIME_LIMIT,669862,0,0,15,8
2,8,3.151365e6,-1.0413482723893668,-0.8693272921435614,TIME_LIMIT,669878,0,0,12,6
2,8,3.151421e6,-1.0413462080948006,-0.8693272921435614,TIME_LIMIT,669897,0,0,2,2
2,8,3.151491e6,-1.0413462080948006,-0.8693272921435614,TIME_LIMIT,669915,0,0,10,26
2,8,3.151635e6,-1.041345596484593,-0.8693272921435614,TIME_LIMIT,669945,0,0,15,10
2,8,3.151803e6,-1.041345596484593,-0.8693272921435614,TIME_LIMIT,669971,0,0,27,24
2,8,3.151889e6,-1.0413444310849038,-0.8693272921435614,TIME_LIMIT,670007,0,0,17,8
2,8,3.15198e6,-1.0413444310849038,-0.8693272921435614,TIME_LIMIT,670024,0,0,9,11
2,8,3.152039e6,-1.0413404142520573,-0.8693272921435614,TIME_LIMIT,670042,0,0,7,1
2,8,3.152245e6,-1.0413404142520573,-0.8693272921435614,TIME_LIMIT,670065,0,0,15,16
2,8,3.152458e6,-1.0413379768730446,-0.8693272921435614,TIME_LIMIT,670100,0,0,20,7
2,8,3.152614e6,-1.0413379768730446,-0.8693272921435614,TIME_LIMIT,670123,0,0,16,17
2,8,3.152741e6,-1.041337038249973,-0.8693272921435614,TIME_LIMIT,670148,0,0,13,14
2,8,3.152823e6,-1.041337038249973,-0.8693272921435614,TIME_LIMIT,670173,0,0,14,11
2,8,3.152922e6,-1.0413328496325354,-0.8693272921435614,TIME_LIMIT,670201,0,0,9,4
2,8,3.153116e6,-1.0413328496325354,-0.8693272921435614,TIME_LIMIT,670225,0,0,18,15
2,8,3.153304e6,-1.0413326216203673,-0.8693272921435614,TIME_LIMIT,670255,0,0,13,4
2,8,3.153454e6,-1.0413326216203673,-0.8693272921435614,TIME_LIMIT,670285,0,0,21,14
2,8,3.153661e6,-1.0413325102276014,-0.8693272921435614,TIME_LIMIT,670318,0,0,15,14
2,8,3.153722e6,-1.0413325102276014,-0.8693272921435614,TIME_LIMIT,670341,0,0,11,9
2,8,3.153772e6,-1.041332490444498,-0.8693272921435614,TIME_LIMIT,670355,0,0,8,9
2,8,3.153908e6,-1.041332490444498,-0.8693272921435614,TIME_LIMIT,670379,0,0,17,14
2,8,3.154014e6,-1.04132720563344,-0.8693272921435614,TIME_LIMIT,670408,0,0,14,5
2,8,3.154086e6,-1.04132720563344,-0.8693272921435614,TIME_LIMIT,670429,0,0,20,10
2,8,3.154185e6,-1.0413156719952315,-0.8693272921435614,TIME_LIMIT,670460,0,0,16,4
2,8,3.154239e6,-1.0413156719952315,-0.8693272921435614,TIME_LIMIT,670479,0,0,8,6
2,8,3.15428e6,-1.0413129149676232,-0.8693272921435614,TIME_LIMIT,670491,0,0,3,5
2,8,3.154348e6,-1.0413129149676232,-0.8693272921435614,TIME_LIMIT,670509,0,0,16,10
2,8,3.154443e6,-1.0413111782379008,-0.8693272921435614,TIME_LIMIT,670537,0,0,14,8
2,8,3.154647e6,-1.0413111782379008,-0.8693272921435614,TIME_LIMIT,670561,0,0,15,23
2,8,3.15485e6,-1.041310490103658,-0.8693272921435614,TIME_LIMIT,670593,0,0,13,18
2,8,3.155053e6,-1.041310490103658,-0.8693272921435614,TIME_LIMIT,670612,0,0,16,9
2,8,3.15516e6,-1.0413098076330973,-0.8693272921435614,TIME_LIMIT,670639,0,0,14,3
2,8,3.155366e6,-1.0413098076330973,-0.8693272921435614,TIME_LIMIT,670664,0,0,16,13
2,8,3.155573e6,-1.041308494707163,-0.8693272921435614,TIME_LIMIT,670688,0,0,16,7
2,8,3.155779e6,-1.041308494707163,-0.8693272921435614,TIME_LIMIT,670709,0,0,6,10
2,8,3.155856e6,-1.0413054050673756,-0.8693272921435614,TIME_LIMIT,670733,0,0,11,9
2,8,3.15603e6,-1.0413054050673756,-0.8693272921435614,TIME_LIMIT,670758,0,0,24,19
2,8,3.156109e6,-1.0413039435902067,-0.8693272921435614,TIME_LIMIT,670787,0,0,12,7
2,8,3.156176e6,-1.0413039435902067,-0.8693272921435614,TIME_LIMIT,670809,0,0,17,11
2,8,3.156273e6,-1.041300055410046,-0.8693272921435614,TIME_LIMIT,670844,0,0,14,9
2,8,3.156412e6,-1.041300055410046,-0.8693272921435614,TIME_LIMIT,670864,0,0,16,11
2,8,3.156481e6,-1.0412991710278985,-0.8693272921435614,TIME_LIMIT,670890,0,0,11,6
2,8,3.156521e6,-1.0412991710278985,-0.8693272921435614,TIME_LIMIT,670903,0,0,11,7
2,8,3.156669e6,-1.0412938997827517,-0.8693272921435614,TIME_LIMIT,670934,0,0,14,9
2,8,3.156847e6,-1.0412938997827517,-0.8693272921435614,TIME_LIMIT,670963,0,0,26,21
2,8,3.157048e6,-1.041292193389289,-0.8693272921435614,TIME_LIMIT,670993,0,0,16,5
2,8,3.157256e6,-1.041292193389289,-0.8693272921435614,TIME_LIMIT,671014,0,0,16,27
2,8,3.15745e6,-1.0412893412891295,-0.8693272921435614,TIME_LIMIT,671047,0,0,18,5
2,8,3.157541e6,-1.0412893412891295,-0.8693272921435614,TIME_LIMIT,671062,0,0,8,11
2,8,3.157605e6,-1.0412851945653314,-0.8693272921435614,TIME_LIMIT,671086,0,0,8,5
2,8,3.157648e6,-1.0412851945653314,-0.8693272921435614,TIME_LIMIT,671097,0,0,8,6
2,8,3.157706e6,-1.0412769799108843,-0.8693272921435614,TIME_LIMIT,671118,0,0,6,1
2,8,3.157766e6,-1.0412769799108843,-0.8693272921435614,TIME_LIMIT,671135,0,0,6,8
2,8,3.157864e6,-1.0412761613116177,-0.8693272921435614,TIME_LIMIT,671161,0,0,10,8
2,8,3.157988e6,-1.0412761613116177,-0.8693272921435614,TIME_LIMIT,671188,0,0,19,13
2,8,3.158082e6,-1.041275760036429,-0.8693272921435614,TIME_LIMIT,671212,0,0,7,7
2,8,3.158183e6,-1.041275760036429,-0.8693272921435614,TIME_LIMIT,671236,0,0,15,11
2,8,3.158263e6,-1.0412708831813235,-0.8693272921435614,TIME_LIMIT,671266,0,0,13,7
2,8,3.158464e6,-1.0412708831813235,-0.8693272921435614,TIME_LIMIT,671295,0,0,16,5
2,8,3.158523e6,-1.0412671861282377,-0.8693272921435614,TIME_LIMIT,671318,0,0,15,3
2,8,3.158616e6,-1.0412671861282377,-0.8693272921435614,TIME_LIMIT,671337,0,0,19,18
2,8,3.158792e6,-1.0412630789578685,-0.8693272921435614,TIME_LIMIT,671368,0,0,12,8
2,8,3.158932e6,-1.0412630789578685,-0.8693272921435614,TIME_LIMIT,671389,0,0,16,10
2,8,3.159008e6,-1.0412537451452493,-0.8693272921435614,TIME_LIMIT,671407,0,0,11,4
2,8,3.159099e6,-1.0412537451452493,-0.8693272921435614,TIME_LIMIT,671430,0,0,11,7
2,8,3.159151e6,-1.0412532190267174,-0.8693272921435614,TIME_LIMIT,671446,0,0,10,5
2,8,3.159351e6,-1.0412532190267174,-0.8693272921435614,TIME_LIMIT,671469,0,0,24,19
2,8,3.159558e6,-1.0412527534905576,-0.8693272921435614,TIME_LIMIT,671507,0,0,17,10
2,8,3.159638e6,-1.0412527534905576,-0.8693272921435614,TIME_LIMIT,671523,0,0,13,13
2,8,3.159714e6,-1.0412522745450472,-0.8693272921435614,TIME_LIMIT,671552,0,0,14,5
2,8,3.159922e6,-1.0412522745450472,-0.8693272921435614,TIME_LIMIT,671578,0,0,17,25
2,8,3.160076e6,-1.041251852920723,-0.8693272921435614,TIME_LIMIT,671617,0,0,14,15
2,8,3.160284e6,-1.041251852920723,-0.8693272921435614,TIME_LIMIT,671638,0,0,18,17
2,8,3.160407e6,-1.041246713079822,-0.8693272921435614,TIME_LIMIT,671665,0,0,13,1
2,8,3.160493e6,-1.041246713079822,-0.8693272921435614,TIME_LIMIT,671683,0,0,16,14
2,8,3.160559e6,-1.041246518139593,-0.8693272921435614,TIME_LIMIT,671710,0,0,10,4
2,8,3.160683e6,-1.041246518139593,-0.8693272921435614,TIME_LIMIT,671733,0,0,13,16
2,8,3.160766e6,-1.041244952869105,-0.8693272921435614,TIME_LIMIT,671756,0,0,10,1
2,8,3.160904e6,-1.041244952869105,-0.8693272921435614,TIME_LIMIT,671779,0,0,24,19
2,8,3.161111e6,-1.0412371871325161,-0.8693272921435614,TIME_LIMIT,671818,0,0,21,9
2,8,3.161155e6,-1.0412371871325161,-0.8693272921435614,TIME_LIMIT,671833,0,0,10,9
2,8,3.161187e6,-1.0412336407090308,-0.8693272921435614,TIME_LIMIT,671850,0,0,8,3
2,8,3.161239e6,-1.0412336407090308,-0.8693272921435614,TIME_LIMIT,671868,0,0,13,2
2,8,3.161301e6,-1.04123353228583,-0.8693272921435614,TIME_LIMIT,671892,0,0,12,4
2,8,3.161509e6,-1.04123353228583,-0.8693272921435614,TIME_LIMIT,671918,0,0,9,23
2,8,3.161593e6,-1.041233333820349,-0.8693272921435614,TIME_LIMIT,671946,0,0,12,10
2,8,3.161692e6,-1.041233333820349,-0.8693272921435614,TIME_LIMIT,671968,0,0,25,13
2,8,3.161786e6,-1.0412278081078572,-0.8693272921435614,TIME_LIMIT,671998,0,0,14,6
2,8,3.161855e6,-1.0412278081078572,-0.8693272921435614,TIME_LIMIT,672016,0,0,6,5
2,8,3.161897e6,-1.0412274566719617,-0.8693272921435614,TIME_LIMIT,672035,0,0,8,3
2,8,3.16209e6,-1.0412274566719617,-0.8693272921435614,TIME_LIMIT,672057,0,0,23,17
2,8,3.162227e6,-1.041227169703392,-0.8693272921435614,TIME_LIMIT,672090,0,0,14,6
2,8,3.162307e6,-1.041227169703392,-0.8693272921435614,TIME_LIMIT,672111,0,0,15,9
2,8,3.162365e6,-1.0412258291463452,-0.8693272921435614,TIME_LIMIT,672128,0,0,12,5
2,8,3.162539e6,-1.0412258291463452,-0.8693272921435614,TIME_LIMIT,672153,0,0,15,9
2,8,3.162683e6,-1.041225787551748,-0.8693272921435614,TIME_LIMIT,672184,0,0,15,10
2,8,3.162892e6,-1.041225787551748,-0.8693272921435614,TIME_LIMIT,672201,0,0,17,28
2,8,3.163099e6,-1.0412125982432139,-0.8693272921435614,TIME_LIMIT,672231,0,0,18,9
2,8,3.163224e6,-1.0412125982432139,-0.8693272921435614,TIME_LIMIT,672258,0,0,18,19
2,8,3.163432e6,-1.041206591500962,-0.8693272921435614,TIME_LIMIT,672282,0,0,19,8
2,8,3.163556e6,-1.041206591500962,-0.8693272921435614,TIME_LIMIT,672306,0,0,19,6
2,8,3.163657e6,-1.0411964552278257,-0.8693272921435614,TIME_LIMIT,672331,0,0,5,2
2,8,3.163804e6,-1.0411964552278257,-0.8693272921435614,TIME_LIMIT,672353,0,0,21,22
2,8,3.163902e6,-1.0411959614028254,-0.8693272921435614,TIME_LIMIT,672383,0,0,14,11
2,8,3.163947e6,-1.0411959614028254,-0.8693272921435614,TIME_LIMIT,672397,0,0,9,7
2,8,3.164032e6,-1.0411890686406915,-0.8693272921435614,TIME_LIMIT,672424,0,0,10,6
2,8,3.164188e6,-1.0411890686406915,-0.8693272921435614,TIME_LIMIT,672449,0,0,21,36
2,8,3.164311e6,-1.0411878145909885,-0.8693272921435614,TIME_LIMIT,672479,0,0,14,8
2,8,3.164436e6,-1.0411878145909885,-0.8693272921435614,TIME_LIMIT,672499,0,0,19,9
2,8,3.164538e6,-1.0411858443994022,-0.8693272921435614,TIME_LIMIT,672524,0,0,9,12
2,8,3.164622e6,-1.0411858443994022,-0.8693272921435614,TIME_LIMIT,672541,0,0,15,21
2,8,3.164715e6,-1.0411795236496668,-0.8693272921435614,TIME_LIMIT,672571,0,0,16,4
2,8,3.164878e6,-1.0411795236496668,-0.8693272921435614,TIME_LIMIT,672597,0,0,17,17
2,8,3.16509e6,-1.0411790778187315,-0.8693272921435614,TIME_LIMIT,672628,0,0,11,1
2,8,3.165241e6,-1.0411790778187315,-0.8693272921435614,TIME_LIMIT,672647,0,0,11,11
2,8,3.165291e6,-1.0411755904718296,-0.8693272921435614,TIME_LIMIT,672667,0,0,7,6
2,8,3.165492e6,-1.0411755904718296,-0.8693272921435614,TIME_LIMIT,672693,0,0,17,27
2,8,3.165634e6,-1.0411754195432321,-0.8693272921435614,TIME_LIMIT,672724,0,0,7,9
2,8,3.165688e6,-1.0411754195432321,-0.8693272921435614,TIME_LIMIT,672740,0,0,9,10
2,8,3.165781e6,-1.0411694842721921,-0.8693272921435614,TIME_LIMIT,672768,0,0,10,6
2,8,3.165841e6,-1.0411694842721921,-0.8693272921435614,TIME_LIMIT,672785,0,0,10,4
2,8,3.165876e6,-1.0411657764481461,-0.8693272921435614,TIME_LIMIT,672806,0,0,4,3
2,8,3.166076e6,-1.0411657764481461,-0.8693272921435614,TIME_LIMIT,672828,0,0,21,26
2,8,3.166283e6,-1.0411611983220903,-0.8693272921435614,TIME_LIMIT,672865,0,0,19,9
2,8,3.166435e6,-1.0411611983220903,-0.8693272921435614,TIME_LIMIT,672888,0,0,16,22
2,8,3.166566e6,-1.0411599396044227,-0.8693272921435614,TIME_LIMIT,672921,0,0,17,11
2,8,3.166631e6,-1.0411599396044227,-0.8693272921435614,TIME_LIMIT,672934,0,0,19,11
2,8,3.166788e6,-1.041156826855767,-0.8693272921435614,TIME_LIMIT,672972,0,0,20,8
2,8,3.166912e6,-1.041156826855767,-0.8693272921435614,TIME_LIMIT,672991,0,0,18,10
2,8,3.167063e6,-1.0411560661240469,-0.8693272921435614,TIME_LIMIT,673022,0,0,10,10
2,8,3.167092e6,-1.0411560661240469,-0.8693272921435614,TIME_LIMIT,673034,0,0,8,3
2,8,3.167132e6,-1.0411549601428476,-0.8693272921435614,TIME_LIMIT,673049,0,0,4,1
2,8,3.167334e6,-1.0411549601428476,-0.8693272921435614,TIME_LIMIT,673070,0,0,17,17
2,8,3.167452e6,-1.0411548129827795,-0.8693272921435614,TIME_LIMIT,673101,0,0,16,9
2,8,3.167615e6,-1.0411548129827795,-0.8693272921435614,TIME_LIMIT,673124,0,0,21,15
2,8,3.167804e6,-1.041152773141182,-0.8693272921435614,TIME_LIMIT,673156,0,0,17,5
2,8,3.168016e6,-1.041152773141182,-0.8693272921435614,TIME_LIMIT,673177,0,0,9,9
2,8,3.168108e6,-1.0411515411367862,-0.8693272921435614,TIME_LIMIT,673203,0,0,8,2
2,8,3.168286e6,-1.0411515411367862,-0.8693272921435614,TIME_LIMIT,673225,0,0,20,11
2,8,3.168431e6,-1.0411507023089106,-0.8693272921435614,TIME_LIMIT,673257,0,0,15,5
2,8,3.168544e6,-1.0411507023089106,-0.8693272921435614,TIME_LIMIT,673283,0,0,19,12
2,8,3.168688e6,-1.0411468227384475,-0.8693272921435614,TIME_LIMIT,673308,0,0,12,12
2,8,3.168798e6,-1.0411468227384475,-0.8693272921435614,TIME_LIMIT,673332,0,0,23,19
2,8,3.168913e6,-1.0411461577408134,-0.8693272921435614,TIME_LIMIT,673361,0,0,15,9
2,8,3.169059e6,-1.0411461577408134,-0.8693272921435614,TIME_LIMIT,673388,0,0,14,28
2,8,3.169149e6,-1.0411408290146347,-0.8693272921435614,TIME_LIMIT,673420,0,0,14,5
2,8,3.169204e6,-1.0411408290146347,-0.8693272921435614,TIME_LIMIT,673442,0,0,16,9
2,8,3.169268e6,-1.0411396221285862,-0.8693272921435614,TIME_LIMIT,673463,0,0,7,1
2,8,3.169431e6,-1.0411396221285862,-0.8693272921435614,TIME_LIMIT,673488,0,0,18,22
2,8,3.169588e6,-1.041139057662698,-0.8693272921435614,TIME_LIMIT,673525,0,0,7,7
2,8,3.169741e6,-1.041139057662698,-0.8693272921435614,TIME_LIMIT,673538,0,0,10,10
2,8,3.169802e6,-1.0411386514120902,-0.8693272921435614,TIME_LIMIT,673561,0,0,6,3
2,8,3.169929e6,-1.0411386514120902,-0.8693272921435614,TIME_LIMIT,673581,0,0,21,18
2,8,3.170134e6,-1.0411379581994709,-0.8693272921435614,TIME_LIMIT,673620,0,0,19,8
2,8,3.170268e6,-1.0411379581994709,-0.8693272921435614,TIME_LIMIT,673639,0,0,15,7
2,8,3.170341e6,-1.0411362293471957,-0.8693272921435614,TIME_LIMIT,673660,0,0,11,9
2,8,3.170506e6,-1.0411362293471957,-0.8693272921435614,TIME_LIMIT,673682,0,0,10,19
2,8,3.170644e6,-1.0411331920243259,-0.8693272921435614,TIME_LIMIT,673712,0,0,16,13
2,8,3.170726e6,-1.0411331920243259,-0.8693272921435614,TIME_LIMIT,673734,0,0,12,3
2,8,3.170785e6,-1.041129832505427,-0.8693272921435614,TIME_LIMIT,673750,0,0,11,4
2,8,3.17084e6,-1.041129832505427,-0.8693272921435614,TIME_LIMIT,673766,0,0,7,15
2,8,3.170876e6,-1.0411245495840626,-0.8693272921435614,TIME_LIMIT,673783,0,0,3,4
2,8,3.170965e6,-1.0411245495840626,-0.8693272921435614,TIME_LIMIT,673803,0,0,20,12
2,8,3.171065e6,-1.0411226271464773,-0.8693272921435614,TIME_LIMIT,673835,0,0,8,7
2,8,3.171166e6,-1.0411226271464773,-0.8693272921435614,TIME_LIMIT,673856,0,0,19,16
2,8,3.171375e6,-1.0411174990100798,-0.8693272921435614,TIME_LIMIT,673887,0,0,14,9
2,8,3.171582e6,-1.0411174990100798,-0.8693272921435614,TIME_LIMIT,673910,0,0,10,9
2,8,3.171665e6,-1.0411164055318682,-0.8693272921435614,TIME_LIMIT,673933,0,0,13,8
2,8,3.171741e6,-1.0411164055318682,-0.8693272921435614,TIME_LIMIT,673953,0,0,15,24
2,8,3.171912e6,-1.0411151015757278,-0.8693272921435614,TIME_LIMIT,673984,0,0,13,7
2,8,3.172113e6,-1.0411151015757278,-0.8693272921435614,TIME_LIMIT,674010,0,0,20,25
2,8,3.172251e6,-1.0411125440507643,-0.8693272921435614,TIME_LIMIT,674036,0,0,10,6
2,8,3.172356e6,-1.0411125440507643,-0.8693272921435614,TIME_LIMIT,674062,0,0,19,4
2,8,3.172416e6,-1.0411108968582516,-0.8693272921435614,TIME_LIMIT,674088,0,0,4,2
2,8,3.172511e6,-1.0411108968582516,-0.8693272921435614,TIME_LIMIT,674105,0,0,9,9
2,8,3.172597e6,-1.041110672298526,-0.8693272921435614,TIME_LIMIT,674135,0,0,12,6
2,8,3.1728e6,-1.041110672298526,-0.8693272921435614,TIME_LIMIT,674156,0,0,9,20
2,8,3.173009e6,-1.041109351036527,-0.8693272921435614,TIME_LIMIT,674193,0,0,15,17
2,8,3.1731e6,-1.041109351036527,-0.8693272921435614,TIME_LIMIT,674214,0,0,8,8
2,8,3.173153e6,-1.0411026644111168,-0.8693272921435614,TIME_LIMIT,674234,0,0,6,2
2,8,3.173244e6,-1.0411026644111168,-0.8693272921435614,TIME_LIMIT,674257,0,0,7,12
2,8,3.173434e6,-1.0411011240786647,-0.8693272921435614,TIME_LIMIT,674291,0,0,13,11
2,8,3.173609e6,-1.0411011240786647,-0.8693272921435614,TIME_LIMIT,674319,0,0,10,32
2,8,3.173821e6,-1.0410971662988242,-0.8693272921435614,TIME_LIMIT,674358,0,0,21,11
2,8,3.173877e6,-1.0410971662988242,-0.8693272921435614,TIME_LIMIT,674378,0,0,8,5
2,8,3.173935e6,-1.0410912344561347,-0.8693272921435614,TIME_LIMIT,674395,0,0,4,7
2,8,3.17411e6,-1.0410912344561347,-0.8693272921435614,TIME_LIMIT,674420,0,0,20,14
2,8,3.174317e6,-1.041089867161733,-0.8693272921435614,TIME_LIMIT,674453,0,0,14,7
2,8,3.174438e6,-1.041089867161733,-0.8693272921435614,TIME_LIMIT,674471,0,0,10,2
2,8,3.174536e6,-1.0410894664209636,-0.8693272921435614,TIME_LIMIT,674496,0,0,11,3
2,8,3.174655e6,-1.0410894664209636,-0.8693272921435614,TIME_LIMIT,674524,0,0,20,16
2,8,3.174762e6,-1.041089402534601,-0.8693272921435614,TIME_LIMIT,674554,0,0,12,8
2,8,3.174863e6,-1.041089402534601,-0.8693272921435614,TIME_LIMIT,674572,0,0,15,8
2,8,3.17491e6,-1.0410890854776373,-0.8693272921435614,TIME_LIMIT,674593,0,0,9,3
2,8,3.175065e6,-1.0410890854776373,-0.8693272921435614,TIME_LIMIT,674618,0,0,16,12
2,8,3.175264e6,-1.041082856160155,-0.8693272921435614,TIME_LIMIT,674653,0,0,16,12
2,8,3.175348e6,-1.041082856160155,-0.8693272921435614,TIME_LIMIT,674668,0,0,18,6
2,8,3.175552e6,-1.0410819368594946,-0.8693272921435614,TIME_LIMIT,674701,0,0,10,8
2,8,3.175694e6,-1.0410819368594946,-0.8693272921435614,TIME_LIMIT,674722,0,0,22,27
2,8,3.175847e6,-1.0410760213927581,-0.8693272921435614,TIME_LIMIT,674752,0,0,12,5
2,8,3.176041e6,-1.0410760213927581,-0.8693272921435614,TIME_LIMIT,674785,0,0,27,16
2,8,3.176241e6,-1.0410755844538304,-0.8693272921435614,TIME_LIMIT,674817,0,0,15,16
2,8,3.176447e6,-1.0410755844538304,-0.8693272921435614,TIME_LIMIT,674837,0,0,17,15
2,8,3.176556e6,-1.041071533686275,-0.8693272921435614,TIME_LIMIT,674859,0,0,9,7
2,8,3.176663e6,-1.041071533686275,-0.8693272921435614,TIME_LIMIT,674887,0,0,22,13
2,8,3.176782e6,-1.0410672225861761,-0.8693272921435614,TIME_LIMIT,674916,0,0,5,4
2,8,3.176882e6,-1.0410672225861761,-0.8693272921435614,TIME_LIMIT,674942,0,0,7,13
2,8,3.176988e6,-1.0410668931009555,-0.8693272921435614,TIME_LIMIT,674970,0,0,11,10
2,8,3.177191e6,-1.0410668931009555,-0.8693272921435614,TIME_LIMIT,674996,0,0,11,25
2,8,3.1774e6,-1.0410661532483312,-0.8693272921435614,TIME_LIMIT,675021,0,0,13,13
2,8,3.177489e6,-1.0410661532483312,-0.8693272921435614,TIME_LIMIT,675039,0,0,11,15
2,8,3.177597e6,-1.041062792183052,-0.8693272921435614,TIME_LIMIT,675067,0,0,11,7
2,8,3.177694e6,-1.041062792183052,-0.8693272921435614,TIME_LIMIT,675093,0,0,14,26
2,8,3.177852e6,-1.0410598507605775,-0.8693272921435614,TIME_LIMIT,675128,0,0,13,16
2,8,3.178002e6,-1.0410598507605775,-0.8693272921435614,TIME_LIMIT,675148,0,0,10,18
2,8,3.178202e6,-1.0410554514223862,-0.8693272921435614,TIME_LIMIT,675173,0,0,9,4
2,8,3.178409e6,-1.0410554514223862,-0.8693272921435614,TIME_LIMIT,675193,0,0,7,16
2,8,3.178619e6,-1.0410548794220795,-0.8693272921435614,TIME_LIMIT,675219,0,0,13,4
2,8,3.17883e6,-1.0410548794220795,-0.8693272921435614,TIME_LIMIT,675241,0,0,16,16
2,8,3.179024e6,-1.0410536226270692,-0.8693272921435614,TIME_LIMIT,675275,0,0,11,10
2,8,3.179073e6,-1.0410536226270692,-0.8693272921435614,TIME_LIMIT,675290,0,0,11,3
2,8,3.179106e6,-1.0410528136020707,-0.8693272921435614,TIME_LIMIT,675306,0,0,7,1
2,8,3.179309e6,-1.0410528136020707,-0.8693272921435614,TIME_LIMIT,675329,0,0,17,14
2,8,3.179467e6,-1.0410512463191441,-0.8693272921435614,TIME_LIMIT,675358,0,0,9,9
2,8,3.179667e6,-1.0410512463191441,-0.8693272921435614,TIME_LIMIT,675380,0,0,17,16
2,8,3.179728e6,-1.0410511671836642,-0.8693272921435614,TIME_LIMIT,675408,0,0,14,7
2,8,3.179805e6,-1.0410511671836642,-0.8693272921435614,TIME_LIMIT,675430,0,0,9,8
2,8,3.179866e6,-1.0410507213392617,-0.8693272921435614,TIME_LIMIT,675445,0,0,5,6
2,8,3.180064e6,-1.0410507213392617,-0.8693272921435614,TIME_LIMIT,675466,0,0,9,31
2,8,3.180178e6,-1.041048312605249,-0.8693272921435614,TIME_LIMIT,675502,0,0,17,8
2,8,3.180328e6,-1.041048312605249,-0.8693272921435614,TIME_LIMIT,675526,0,0,19,14
2,8,3.18044e6,-1.0410463083449542,-0.8693272921435614,TIME_LIMIT,675555,0,0,14,5
2,8,3.180575e6,-1.0410463083449542,-0.8693272921435614,TIME_LIMIT,675580,0,0,21,17
2,8,3.180657e6,-1.041043931184654,-0.8693272921435614,TIME_LIMIT,675609,0,0,14,6
2,8,3.180732e6,-1.041043931184654,-0.8693272921435614,TIME_LIMIT,675635,0,0,11,6
2,8,3.180871e6,-1.0410423876021735,-0.8693272921435614,TIME_LIMIT,675659,0,0,9,5
2,8,3.181079e6,-1.0410423876021735,-0.8693272921435614,TIME_LIMIT,675685,0,0,14,23
2,8,3.18128e6,-1.0410396122507772,-0.8693272921435614,TIME_LIMIT,675723,0,0,17,14
2,8,3.181358e6,-1.0410396122507772,-0.8693272921435614,TIME_LIMIT,675746,0,0,26,17
2,8,3.181559e6,-1.0410386184111586,-0.8693272921435614,TIME_LIMIT,675779,0,0,13,9
2,8,3.181729e6,-1.0410386184111586,-0.8693272921435614,TIME_LIMIT,675799,0,0,19,20
2,8,3.181893e6,-1.041037747776487,-0.8693272921435614,TIME_LIMIT,675836,0,0,16,4
2,8,3.181962e6,-1.041037747776487,-0.8693272921435614,TIME_LIMIT,675852,0,0,17,19
2,8,3.182117e6,-1.0410359903829247,-0.8693272921435614,TIME_LIMIT,675880,0,0,11,6
2,8,3.182288e6,-1.0410359903829247,-0.8693272921435614,TIME_LIMIT,675908,0,0,14,7
2,8,3.182401e6,-1.0410344529061097,-0.8693272921435614,TIME_LIMIT,675937,0,0,12,7
2,8,3.18261e6,-1.0410344529061097,-0.8693272921435614,TIME_LIMIT,675962,0,0,21,35
2,8,3.182825e6,-1.0410342650954565,-0.8693272921435614,TIME_LIMIT,675999,0,0,18,8
2,8,3.182948e6,-1.0410342650954565,-0.8693272921435614,TIME_LIMIT,676017,0,0,12,8
2,8,3.183085e6,-1.0410313053757192,-0.8693272921435614,TIME_LIMIT,676051,0,0,12,7
2,8,3.183149e6,-1.0410313053757192,-0.8693272921435614,TIME_LIMIT,676068,0,0,13,7
2,8,3.183218e6,-1.0410305224439957,-0.8693272921435614,TIME_LIMIT,676096,0,0,12,6
2,8,3.18335e6,-1.0410305224439957,-0.8693272921435614,TIME_LIMIT,676117,0,0,11,11
2,8,3.183515e6,-1.041029435056568,-0.8693272921435614,TIME_LIMIT,676147,0,0,8,6
2,8,3.183598e6,-1.041029435056568,-0.8693272921435614,TIME_LIMIT,676165,0,0,14,10
2,8,3.183696e6,-1.041026929533634,-0.8693272921435614,TIME_LIMIT,676182,0,0,14,3
2,8,3.18389e6,-1.041026929533634,-0.8693272921435614,TIME_LIMIT,676204,0,0,24,19
2,8,3.184095e6,-1.041024127407216,-0.8693272921435614,TIME_LIMIT,676248,0,0,18,13
2,8,3.184196e6,-1.041024127407216,-0.8693272921435614,TIME_LIMIT,676274,0,0,16,21
2,8,3.184321e6,-1.0410120500110818,-0.8693272921435614,TIME_LIMIT,676305,0,0,3,2
2,8,3.184407e6,-1.0410120500110818,-0.8693272921435614,TIME_LIMIT,676320,0,0,12,5
2,8,3.184531e6,-1.041004001949171,-0.8693272921435614,TIME_LIMIT,676349,0,0,12,6
2,8,3.18459e6,-1.041004001949171,-0.8693272921435614,TIME_LIMIT,676366,0,0,15,10
2,8,3.184641e6,-1.041003269466343,-0.8693272921435614,TIME_LIMIT,676389,0,0,7,2
2,8,3.184806e6,-1.041003269466343,-0.8693272921435614,TIME_LIMIT,676413,0,0,12,11
2,8,3.184981e6,-1.041003206713401,-0.8693272921435614,TIME_LIMIT,676448,0,0,12,13
2,8,3.185031e6,-1.041003206713401,-0.8693272921435614,TIME_LIMIT,676462,0,0,11,14
2,8,3.185069e6,-1.0409948631742636,-0.8693272921435614,TIME_LIMIT,676483,0,0,8,4
2,8,3.185211e6,-1.0409948631742636,-0.8693272921435614,TIME_LIMIT,676499,0,0,6,9
2,8,3.185293e6,-1.0409939315103922,-0.8693272921435614,TIME_LIMIT,676528,0,0,10,7
2,8,3.185442e6,-1.0409939315103922,-0.8693272921435614,TIME_LIMIT,676549,0,0,22,13
2,8,3.185637e6,-1.0409922725638956,-0.8693272921435614,TIME_LIMIT,676585,0,0,20,10
2,8,3.185754e6,-1.0409922725638956,-0.8693272921435614,TIME_LIMIT,676610,0,0,11,18
2,8,3.185895e6,-1.040991729644532,-0.8693272921435614,TIME_LIMIT,676636,0,0,8,5
2,8,3.18607e6,-1.040991729644532,-0.8693272921435614,TIME_LIMIT,676663,0,0,14,17
2,8,3.186274e6,-1.0409905211511163,-0.8693272921435614,TIME_LIMIT,676687,0,0,7,8
2,8,3.186319e6,-1.0409905211511163,-0.8693272921435614,TIME_LIMIT,676699,0,0,3,9
2,8,3.186344e6,-1.0409861732178647,-0.8693272921435614,TIME_LIMIT,676710,0,0,3,1
2,8,3.186415e6,-1.0409861732178647,-0.8693272921435614,TIME_LIMIT,676730,0,0,15,20
2,8,3.186558e6,-1.0409831931857478,-0.8693272921435614,TIME_LIMIT,676762,0,0,15,8
2,8,3.186759e6,-1.0409831931857478,-0.8693272921435614,TIME_LIMIT,676780,0,0,18,13
2,8,3.186877e6,-1.0409831686445041,-0.8693272921435614,TIME_LIMIT,676817,0,0,20,14
2,8,3.186989e6,-1.0409831686445041,-0.8693272921435614,TIME_LIMIT,676836,0,0,17,5
2,8,3.187036e6,-1.0409760440417843,-0.8693272921435614,TIME_LIMIT,676857,0,0,8,3
2,8,3.187235e6,-1.0409760440417843,-0.8693272921435614,TIME_LIMIT,676880,0,0,13,9
2,8,3.187293e6,-1.040974101806777,-0.8693272921435614,TIME_LIMIT,676899,0,0,8,3
2,8,3.187444e6,-1.040974101806777,-0.8693272921435614,TIME_LIMIT,676915,0,0,16,22
2,8,3.187593e6,-1.0409696172841265,-0.8693272921435614,TIME_LIMIT,676944,0,0,13,6
2,8,3.187806e6,-1.0409696172841265,-0.8693272921435614,TIME_LIMIT,676969,0,0,23,22
2,8,3.187962e6,-1.0409694639933447,-0.8693272921435614,TIME_LIMIT,677000,0,0,11,11
2,8,3.188095e6,-1.0409694639933447,-0.8693272921435614,TIME_LIMIT,677021,0,0,6,11
2,8,3.188158e6,-1.0409650719328298,-0.8693272921435614,TIME_LIMIT,677038,0,0,10,1
2,8,3.188352e6,-1.0409650719328298,-0.8693272921435614,TIME_LIMIT,677059,0,0,15,7
2,8,3.188413e6,-1.0409647199842267,-0.8693272921435614,TIME_LIMIT,677082,0,0,7,5
2,8,3.188584e6,-1.0409647199842267,-0.8693272921435614,TIME_LIMIT,677107,0,0,14,9
2,8,3.188707e6,-1.040963650219964,-0.8693272921435614,TIME_LIMIT,677130,0,0,17,9
2,8,3.188795e6,-1.040963650219964,-0.8693272921435614,TIME_LIMIT,677152,0,0,17,19
2,8,3.188927e6,-1.0409611518848414,-0.8693272921435614,TIME_LIMIT,677186,0,0,13,9
2,8,3.189137e6,-1.0409611518848414,-0.8693272921435614,TIME_LIMIT,677207,0,0,12,7
2,8,3.189211e6,-1.0409605893645828,-0.8693272921435614,TIME_LIMIT,677230,0,0,13,2
2,8,3.189405e6,-1.0409605893645828,-0.8693272921435614,TIME_LIMIT,677254,0,0,14,17
2,8,3.189612e6,-1.0409605488433649,-0.8693272921435614,TIME_LIMIT,677293,0,0,10,10
2,8,3.189661e6,-1.0409605488433649,-0.8693272921435614,TIME_LIMIT,677309,0,0,14,8
2,8,3.189717e6,-1.040957380458499,-0.8693272921435614,TIME_LIMIT,677332,0,0,11,6
2,8,3.189863e6,-1.040957380458499,-0.8693272921435614,TIME_LIMIT,677353,0,0,13,8
2,8,3.189994e6,-1.0409562590683314,-0.8693272921435614,TIME_LIMIT,677383,0,0,10,7
2,8,3.190214e6,-1.0409562590683314,-0.8693272921435614,TIME_LIMIT,677420,0,0,21,16
2,8,3.190421e6,-1.040951564720815,-0.8693272921435614,TIME_LIMIT,677443,0,0,13,9
2,8,3.190521e6,-1.040951564720815,-0.8693272921435614,TIME_LIMIT,677464,0,0,18,33
2,8,3.190736e6,-1.040932936625775,-0.8693272921435614,TIME_LIMIT,677497,0,0,12,11
2,8,3.190887e6,-1.040932936625775,-0.8693272921435614,TIME_LIMIT,677516,0,0,5,12
2,8,3.191086e6,-1.040931968762146,-0.8693272921435614,TIME_LIMIT,677546,0,0,14,6
2,8,3.191148e6,-1.040931968762146,-0.8693272921435614,TIME_LIMIT,677564,0,0,12,8
2,8,3.191224e6,-1.0409301290606465,-0.8693272921435614,TIME_LIMIT,677588,0,0,7,4
2,8,3.191386e6,-1.0409301290606465,-0.8693272921435614,TIME_LIMIT,677606,0,0,21,13
2,8,3.191481e6,-1.0409288180310765,-0.8693272921435614,TIME_LIMIT,677636,0,0,10,4
2,8,3.191687e6,-1.0409288180310765,-0.8693272921435614,TIME_LIMIT,677665,0,0,20,8
2,8,3.191884e6,-1.040921001823847,-0.8693272921435614,TIME_LIMIT,677689,0,0,14,8
2,8,3.192085e6,-1.040921001823847,-0.8693272921435614,TIME_LIMIT,677708,0,0,22,18
2,8,3.192243e6,-1.0409184410465446,-0.8693272921435614,TIME_LIMIT,677741,0,0,18,3
2,8,3.192288e6,-1.0409184410465446,-0.8693272921435614,TIME_LIMIT,677751,0,0,10,3
2,8,3.192483e6,-1.0409117291609302,-0.8693272921435614,TIME_LIMIT,677776,0,0,10,6
2,8,3.192684e6,-1.0409117291609302,-0.8693272921435614,TIME_LIMIT,677802,0,0,27,24
2,8,3.192824e6,-1.0409087571207665,-0.8693272921435614,TIME_LIMIT,677830,0,0,14,7
2,8,3.193032e6,-1.0409087571207665,-0.8693272921435614,TIME_LIMIT,677858,0,0,6,24
2,8,3.193199e6,-1.0409044539184866,-0.8693272921435614,TIME_LIMIT,677897,0,0,21,10
2,8,3.193279e6,-1.0409044539184866,-0.8693272921435614,TIME_LIMIT,677916,0,0,15,7
2,8,3.19334e6,-1.0409021684137838,-0.8693272921435614,TIME_LIMIT,677942,0,0,11,5
2,8,3.193446e6,-1.0409021684137838,-0.8693272921435614,TIME_LIMIT,677954,0,0,10,15
2,8,3.193522e6,-1.0409014118008018,-0.8693272921435614,TIME_LIMIT,677980,0,0,4,4
2,8,3.193631e6,-1.0409014118008018,-0.8693272921435614,TIME_LIMIT,678007,0,0,20,25
2,8,3.193838e6,-1.0408984365938636,-0.8693272921435614,TIME_LIMIT,678045,0,0,21,10
2,8,3.193949e6,-1.0408984365938636,-0.8693272921435614,TIME_LIMIT,678069,0,0,16,10
2,8,3.194052e6,-1.040895927658825,-0.8693272921435614,TIME_LIMIT,678090,0,0,18,9
2,8,3.194257e6,-1.040895927658825,-0.8693272921435614,TIME_LIMIT,678113,0,0,20,14
2,8,3.194446e6,-1.0408951271854696,-0.8693272921435614,TIME_LIMIT,678149,0,0,6,6
2,8,3.19449e6,-1.0408951271854696,-0.8693272921435614,TIME_LIMIT,678163,0,0,7,5
2,8,3.194519e6,-1.0408895759575696,-0.8693272921435614,TIME_LIMIT,678174,0,0,7,3
2,8,3.194696e6,-1.0408895759575696,-0.8693272921435614,TIME_LIMIT,678198,0,0,12,14
2,8,3.194889e6,-1.0408876087387755,-0.8693272921435614,TIME_LIMIT,678233,0,0,14,7
2,8,3.195103e6,-1.0408876087387755,-0.8693272921435614,TIME_LIMIT,678254,0,0,19,16
2,8,3.195239e6,-1.0408844658638208,-0.8693272921435614,TIME_LIMIT,678288,0,0,15,9
2,8,3.19544e6,-1.0408844658638208,-0.8693272921435614,TIME_LIMIT,678313,0,0,16,20
2,8,3.195655e6,-1.040874350852408,-0.8693272921435614,TIME_LIMIT,678351,0,0,18,12
2,8,3.195801e6,-1.040874350852408,-0.8693272921435614,TIME_LIMIT,678372,0,0,6,14
2,8,3.195911e6,-1.040873821595963,-0.8693272921435614,TIME_LIMIT,678402,0,0,10,9
2,8,3.196069e6,-1.040873821595963,-0.8693272921435614,TIME_LIMIT,678425,0,0,17,7
2,8,3.196199e6,-1.040869447805624,-0.8693272921435614,TIME_LIMIT,678459,0,0,18,9
2,8,3.196282e6,-1.040869447805624,-0.8693272921435614,TIME_LIMIT,678477,0,0,17,19
2,8,3.196371e6,-1.0408635783499183,-0.8693272921435614,TIME_LIMIT,678503,0,0,8,5
2,8,3.196506e6,-1.0408635783499183,-0.8693272921435614,TIME_LIMIT,678521,0,0,18,20
2,8,3.196648e6,-1.0408633322470322,-0.8693272921435614,TIME_LIMIT,678553,0,0,13,5
2,8,3.196693e6,-1.0408633322470322,-0.8693272921435614,TIME_LIMIT,678567,0,0,7,1
2,8,3.196722e6,-1.0408600187942956,-0.8693272921435614,TIME_LIMIT,678579,0,0,3,3
2,8,3.196855e6,-1.0408600187942956,-0.8693272921435614,TIME_LIMIT,678602,0,0,23,25
2,8,3.196943e6,-1.0408586552502408,-0.8693272921435614,TIME_LIMIT,678634,0,0,14,12
2,8,3.197043e6,-1.0408586552502408,-0.8693272921435614,TIME_LIMIT,678657,0,0,9,19
2,8,3.197182e6,-1.0408528834183697,-0.8693272921435614,TIME_LIMIT,678691,0,0,15,6
2,8,3.197322e6,-1.0408528834183697,-0.8693272921435614,TIME_LIMIT,678716,0,0,24,16
2,8,3.197528e6,-1.0408504602352437,-0.8693272921435614,TIME_LIMIT,678750,0,0,4,7
2,8,3.197636e6,-1.0408504602352437,-0.8693272921435614,TIME_LIMIT,678770,0,0,9,20
2,8,3.19769e6,-1.0408479623042584,-0.8693272921435614,TIME_LIMIT,678791,0,0,8,5
2,8,3.197811e6,-1.0408479623042584,-0.8693272921435614,TIME_LIMIT,678812,0,0,15,13
2,8,3.197955e6,-1.0408471185112576,-0.8693272921435614,TIME_LIMIT,678843,0,0,10,7
2,8,3.198068e6,-1.0408471185112576,-0.8693272921435614,TIME_LIMIT,678866,0,0,13,7
2,8,3.198136e6,-1.040846376051507,-0.8693272921435614,TIME_LIMIT,678889,0,0,9,2
2,8,3.198253e6,-1.040846376051507,-0.8693272921435614,TIME_LIMIT,678917,0,0,21,18
2,8,3.198452e6,-1.040846271587817,-0.8693272921435614,TIME_LIMIT,678953,0,0,20,12
2,8,3.198613e6,-1.040846271587817,-0.8693272921435614,TIME_LIMIT,678975,0,0,19,15
2,8,3.198815e6,-1.0408456786790823,-0.8693272921435614,TIME_LIMIT,679008,0,0,16,3
2,8,3.198855e6,-1.0408456786790823,-0.8693272921435614,TIME_LIMIT,679021,0,0,5,3
2,8,3.198884e6,-1.0408446412327557,-0.8693272921435614,TIME_LIMIT,679034,0,0,4,1
2,8,3.198962e6,-1.0408446412327557,-0.8693272921435614,TIME_LIMIT,679053,0,0,20,19
2,8,3.199171e6,-1.0408431805792804,-0.8693272921435614,TIME_LIMIT,679086,0,0,8,3
2,8,3.19926e6,-1.0408431805792804,-0.8693272921435614,TIME_LIMIT,679105,0,0,12,5
2,8,3.199295e6,-1.0408416987424003,-0.8693272921435614,TIME_LIMIT,679121,0,0,4,2
2,8,3.199392e6,-1.0408416987424003,-0.8693272921435614,TIME_LIMIT,679146,0,0,22,17
2,8,3.199485e6,-1.0408398263493606,-0.8693272921435614,TIME_LIMIT,679177,0,0,13,11
2,8,3.199579e6,-1.0408398263493606,-0.8693272921435614,TIME_LIMIT,679196,0,0,17,23
2,8,3.199704e6,-1.0408380106891015,-0.8693272921435614,TIME_LIMIT,679223,0,0,11,6
2,8,3.199849e6,-1.0408380106891015,-0.8693272921435614,TIME_LIMIT,679249,0,0,8,23
2,8,3.200064e6,-1.0408335325268825,-0.8693272921435614,TIME_LIMIT,679282,0,0,16,10
2,8,3.200119e6,-1.0408335325268825,-0.8693272921435614,TIME_LIMIT,679294,0,0,8,7
2,8,3.200169e6,-1.040831686548253,-0.8693272921435614,TIME_LIMIT,679314,0,0,8,4
2,8,3.200267e6,-1.040831686548253,-0.8693272921435614,TIME_LIMIT,679336,0,0,21,11
2,8,3.200465e6,-1.0408280669853212,-0.8693272921435614,TIME_LIMIT,679366,0,0,11,10
2,8,3.200524e6,-1.0408280669853212,-0.8693272921435614,TIME_LIMIT,679386,0,0,14,6
2,8,3.20057e6,-1.0408209525037533,-0.8693272921435614,TIME_LIMIT,679403,0,0,9,2
2,8,3.200779e6,-1.0408209525037533,-0.8693272921435614,TIME_LIMIT,679427,0,0,15,24
2,8,3.200982e6,-1.0408186051484347,-0.8693272921435614,TIME_LIMIT,679468,0,0,9,4
2,8,3.201098e6,-1.0408186051484347,-0.8693272921435614,TIME_LIMIT,679495,0,0,22,21
2,8,3.201286e6,-1.0408083050391173,-0.8693272921435614,TIME_LIMIT,679524,0,0,17,10
2,8,3.201486e6,-1.0408083050391173,-0.8693272921435614,TIME_LIMIT,679545,0,0,11,33
2,8,3.201652e6,-1.0408052031045227,-0.8693272921435614,TIME_LIMIT,679583,0,0,17,10
2,8,3.201763e6,-1.0408052031045227,-0.8693272921435614,TIME_LIMIT,679602,0,0,13,19
2,8,3.201974e6,-1.040804433855206,-0.8693272921435614,TIME_LIMIT,679626,0,0,10,13
2,8,3.202169e6,-1.040804433855206,-0.8693272921435614,TIME_LIMIT,679647,0,0,15,11
2,8,3.202279e6,-1.0408024121345814,-0.8693272921435614,TIME_LIMIT,679674,0,0,10,11
2,8,3.202481e6,-1.0408024121345814,-0.8693272921435614,TIME_LIMIT,679696,0,0,18,12
2,8,3.202548e6,-1.0407899113916792,-0.8693272921435614,TIME_LIMIT,679725,0,0,9,9
2,8,3.202623e6,-1.0407899113916792,-0.8693272921435614,TIME_LIMIT,679744,0,0,13,4
2,8,3.202664e6,-1.0407882820042402,-0.8693272921435614,TIME_LIMIT,679763,0,0,6,4
2,8,3.202766e6,-1.0407882820042402,-0.8693272921435614,TIME_LIMIT,679788,0,0,21,13
2,8,3.202938e6,-1.0407839293264747,-0.8693272921435614,TIME_LIMIT,679821,0,0,14,5
2,8,3.203154e6,-1.0407839293264747,-0.8693272921435614,TIME_LIMIT,679843,0,0,13,21
2,8,3.203365e6,-1.0407838079342984,-0.8693272921435614,TIME_LIMIT,679861,0,0,8,12
2,8,3.203494e6,-1.0407838079342984,-0.8693272921435614,TIME_LIMIT,679886,0,0,24,20
2,8,3.203702e6,-1.0407813743036753,-0.8693272921435614,TIME_LIMIT,679921,0,0,19,11
2,8,3.203881e6,-1.0407813743036753,-0.8693272921435614,TIME_LIMIT,679949,0,0,22,20
2,8,3.204051e6,-1.0407788309781618,-0.8693272921435614,TIME_LIMIT,679976,0,0,16,12
2,8,3.204248e6,-1.0407788309781618,-0.8693272921435614,TIME_LIMIT,680011,0,0,25,28
2,8,3.204454e6,-1.0407770471724431,-0.8693272921435614,TIME_LIMIT,680049,0,0,18,6
2,8,3.204539e6,-1.0407770471724431,-0.8693272921435614,TIME_LIMIT,680070,0,0,16,10
2,8,3.204698e6,-1.0407757034137526,-0.8693272921435614,TIME_LIMIT,680102,0,0,14,6
2,8,3.204823e6,-1.0407757034137526,-0.8693272921435614,TIME_LIMIT,680128,0,0,21,13
2,8,3.205033e6,-1.0407751605054232,-0.8693272921435614,TIME_LIMIT,680155,0,0,12,6
2,8,3.205135e6,-1.0407751605054232,-0.8693272921435614,TIME_LIMIT,680176,0,0,14,8
2,8,3.205256e6,-1.0407741295252562,-0.8693272921435614,TIME_LIMIT,680206,0,0,7,5
2,8,3.205355e6,-1.0407741295252562,-0.8693272921435614,TIME_LIMIT,680232,0,0,17,17
2,8,3.205446e6,-1.0407725448007676,-0.8693272921435614,TIME_LIMIT,680260,0,0,10,7
2,8,3.205488e6,-1.0407725448007676,-0.8693272921435614,TIME_LIMIT,680275,0,0,10,7
2,8,3.205516e6,-1.040767692218126,-0.8693272921435614,TIME_LIMIT,680286,0,0,3,1
2,8,3.205615e6,-1.040767692218126,-0.8693272921435614,TIME_LIMIT,680311,0,0,17,15
2,8,3.205817e6,-1.0407638786846258,-0.8693272921435614,TIME_LIMIT,680344,0,0,13,9
2,8,3.206032e6,-1.0407638786846258,-0.8693272921435614,TIME_LIMIT,680369,0,0,18,19
2,8,3.206164e6,-1.040759287833079,-0.8693272921435614,TIME_LIMIT,680402,0,0,18,5
2,8,3.206236e6,-1.040759287833079,-0.8693272921435614,TIME_LIMIT,680422,0,0,12,7
2,8,3.206305e6,-1.0407547118820881,-0.8693272921435614,TIME_LIMIT,680450,0,0,4,2
2,8,3.206445e6,-1.0407547118820881,-0.8693272921435614,TIME_LIMIT,680469,0,0,11,11
2,8,3.206568e6,-1.0407540871646583,-0.8693272921435614,TIME_LIMIT,680495,0,0,13,16
2,8,3.206657e6,-1.0407540871646583,-0.8693272921435614,TIME_LIMIT,680511,0,0,15,10
2,8,3.206753e6,-1.0407525736213339,-0.8693272921435614,TIME_LIMIT,680542,0,0,13,5
2,8,3.206855e6,-1.0407525736213339,-0.8693272921435614,TIME_LIMIT,680557,0,0,6,9
2,8,3.207025e6,-1.0407471010332028,-0.8693272921435614,TIME_LIMIT,680584,0,0,12,4
2,8,3.207133e6,-1.0407471010332028,-0.8693272921435614,TIME_LIMIT,680607,0,0,17,16
2,8,3.207235e6,-1.040746416458686,-0.8693272921435614,TIME_LIMIT,680635,0,0,4,3
2,8,3.207316e6,-1.040746416458686,-0.8693272921435614,TIME_LIMIT,680655,0,0,17,14
2,8,3.207378e6,-1.0407416700234644,-0.8693272921435614,TIME_LIMIT,680679,0,0,9,6
2,8,3.207492e6,-1.0407416700234644,-0.8693272921435614,TIME_LIMIT,680700,0,0,4,9
2,8,3.207576e6,-1.0407405839481512,-0.8693272921435614,TIME_LIMIT,680724,0,0,7,8
2,8,3.207778e6,-1.0407405839481512,-0.8693272921435614,TIME_LIMIT,680748,0,0,16,21
2,8,3.207986e6,-1.0407400351511242,-0.8693272921435614,TIME_LIMIT,680792,0,0,23,17
2,8,3.208198e6,-1.0407400351511242,-0.8693272921435614,TIME_LIMIT,680816,0,0,19,32
2,8,3.2084e6,-1.0407397460035872,-0.8693272921435614,TIME_LIMIT,680845,0,0,11,10
2,8,3.208608e6,-1.0407397460035872,-0.8693272921435614,TIME_LIMIT,680871,0,0,20,13
2,8,3.208752e6,-1.0407360817185076,-0.8693272921435614,TIME_LIMIT,680901,0,0,12,6
2,8,3.208966e6,-1.0407360817185076,-0.8693272921435614,TIME_LIMIT,680919,0,0,24,23
2,8,3.209174e6,-1.0407357373077044,-0.8693272921435614,TIME_LIMIT,680961,0,0,18,13
2,8,3.209339e6,-1.0407357373077044,-0.8693272921435614,TIME_LIMIT,680985,0,0,22,11
2,8,3.20942e6,-1.04073470359946,-0.8693272921435614,TIME_LIMIT,681008,0,0,19,5
2,8,3.209537e6,-1.04073470359946,-0.8693272921435614,TIME_LIMIT,681031,0,0,18,8
2,8,3.209613e6,-1.04073240627469,-0.8693272921435614,TIME_LIMIT,681045,0,0,13,2
2,8,3.209651e6,-1.04073240627469,-0.8693272921435614,TIME_LIMIT,681059,0,0,9,4
2,8,3.209753e6,-1.040727438767758,-0.8693272921435614,TIME_LIMIT,681080,0,0,8,5
2,8,3.209928e6,-1.040727438767758,-0.8693272921435614,TIME_LIMIT,681106,0,0,14,7
2,8,3.210075e6,-1.0407246315396184,-0.8693272921435614,TIME_LIMIT,681145,0,0,18,6
2,8,3.21025e6,-1.0407246315396184,-0.8693272921435614,TIME_LIMIT,681176,0,0,15,25
2,8,3.210391e6,-1.0407243590291135,-0.8693272921435614,TIME_LIMIT,681200,0,0,9,4
2,8,3.210475e6,-1.0407243590291135,-0.8693272921435614,TIME_LIMIT,681216,0,0,13,16
2,8,3.210522e6,-1.0407183746433568,-0.8693272921435614,TIME_LIMIT,681245,0,0,14,5
2,8,3.210695e6,-1.0407183746433568,-0.8693272921435614,TIME_LIMIT,681267,0,0,5,22
2,8,3.210902e6,-1.0407124392999307,-0.8693272921435614,TIME_LIMIT,681305,0,0,16,10
2,8,3.21099e6,-1.0407124392999307,-0.8693272921435614,TIME_LIMIT,681326,0,0,20,8
2,8,3.211093e6,-1.04070581468722,-0.8693272921435614,TIME_LIMIT,681354,0,0,13,7
2,8,3.211304e6,-1.04070581468722,-0.8693272921435614,TIME_LIMIT,681381,0,0,19,10
2,8,3.211512e6,-1.0407026552498446,-0.8693272921435614,TIME_LIMIT,681410,0,0,14,10
2,8,3.21172e6,-1.0407026552498446,-0.8693272921435614,TIME_LIMIT,681437,0,0,16,8
2,8,3.211826e6,-1.0407025357159603,-0.8693272921435614,TIME_LIMIT,681467,0,0,12,13
2,8,3.212021e6,-1.0407025357159603,-0.8693272921435614,TIME_LIMIT,681492,0,0,14,14
2,8,3.212234e6,-1.040700726881475,-0.8693272921435614,TIME_LIMIT,681527,0,0,20,5
2,8,3.212366e6,-1.040700726881475,-0.8693272921435614,TIME_LIMIT,681550,0,0,19,14
2,8,3.212549e6,-1.0406988741095589,-0.8693272921435614,TIME_LIMIT,681588,0,0,14,11
2,8,3.212719e6,-1.0406988741095589,-0.8693272921435614,TIME_LIMIT,681615,0,0,13,18
2,8,3.212802e6,-1.0406962929830401,-0.8693272921435614,TIME_LIMIT,681642,0,0,9,6
2,8,3.212938e6,-1.0406962929830401,-0.8693272921435614,TIME_LIMIT,681668,0,0,22,12
2,8,3.21302e6,-1.04068780654169,-0.8693272921435614,TIME_LIMIT,681694,0,0,14,6
2,8,3.213168e6,-1.04068780654169,-0.8693272921435614,TIME_LIMIT,681717,0,0,8,10
2,8,3.213284e6,-1.0406875826287147,-0.8693272921435614,TIME_LIMIT,681747,0,0,15,9
2,8,3.213368e6,-1.0406875826287147,-0.8693272921435614,TIME_LIMIT,681769,0,0,15,9
2,8,3.213404e6,-1.0406871489312493,-0.8693272921435614,TIME_LIMIT,681791,0,0,7,4
2,8,3.213477e6,-1.0406871489312493,-0.8693272921435614,TIME_LIMIT,681809,0,0,15,8
2,8,3.213656e6,-1.0406841653230345,-0.8693272921435614,TIME_LIMIT,681841,0,0,13,4
2,8,3.213752e6,-1.0406841653230345,-0.8693272921435614,TIME_LIMIT,681865,0,0,13,9
2,8,3.213813e6,-1.04067960821304,-0.8693272921435614,TIME_LIMIT,681892,0,0,12,5
2,8,3.214022e6,-1.04067960821304,-0.8693272921435614,TIME_LIMIT,681912,0,0,13,21
2,8,3.214231e6,-1.040679154796479,-0.8693272921435614,TIME_LIMIT,681939,0,0,13,7
2,8,3.214328e6,-1.040679154796479,-0.8693272921435614,TIME_LIMIT,681954,0,0,10,13
2,8,3.214437e6,-1.04067877469261,-0.8693272921435614,TIME_LIMIT,681984,0,0,8,7
2,8,3.214524e6,-1.04067877469261,-0.8693272921435614,TIME_LIMIT,682008,0,0,21,15
2,8,3.214729e6,-1.0406731965540288,-0.8693272921435614,TIME_LIMIT,682036,0,0,4,3
2,8,3.214856e6,-1.0406731965540288,-0.8693272921435614,TIME_LIMIT,682056,0,0,9,18
2,8,3.214967e6,-1.0406728092535802,-0.8693272921435614,TIME_LIMIT,682091,0,0,16,10
2,8,3.215122e6,-1.0406728092535802,-0.8693272921435614,TIME_LIMIT,682115,0,0,21,12
2,8,3.215333e6,-1.0406710698118742,-0.8693272921435614,TIME_LIMIT,682150,0,0,17,7
2,8,3.215498e6,-1.0406710698118742,-0.8693272921435614,TIME_LIMIT,682173,0,0,18,15
2,8,3.215589e6,-1.0406642999746307,-0.8693272921435614,TIME_LIMIT,682203,0,0,11,6
2,8,3.215679e6,-1.0406642999746307,-0.8693272921435614,TIME_LIMIT,682227,0,0,12,6
2,8,3.215759e6,-1.0406623623103497,-0.8693272921435614,TIME_LIMIT,682248,0,0,8,8
2,8,3.215876e6,-1.0406623623103497,-0.8693272921435614,TIME_LIMIT,682274,0,0,16,17
2,8,3.216018e6,-1.0406596589523318,-0.8693272921435614,TIME_LIMIT,682307,0,0,8,10
2,8,3.216217e6,-1.0406596589523318,-0.8693272921435614,TIME_LIMIT,682329,0,0,17,26
2,8,3.216422e6,-1.0406551337523484,-0.8693272921435614,TIME_LIMIT,682361,0,0,15,12
2,8,3.216629e6,-1.0406551337523484,-0.8693272921435614,TIME_LIMIT,682390,0,0,18,7
2,8,3.216836e6,-1.0406537463075818,-0.8693272921435614,TIME_LIMIT,682426,0,0,22,13
2,8,3.216976e6,-1.0406537463075818,-0.8693272921435614,TIME_LIMIT,682445,0,0,12,8
2,8,3.217049e6,-1.0406525108877158,-0.8693272921435614,TIME_LIMIT,682462,0,0,11,6
2,8,3.217253e6,-1.0406525108877158,-0.8693272921435614,TIME_LIMIT,682488,0,0,21,23
2,8,3.217461e6,-1.0406516506580377,-0.8693272921435614,TIME_LIMIT,682525,0,0,16,10
2,8,3.217601e6,-1.0406516506580377,-0.8693272921435614,TIME_LIMIT,682552,0,0,15,28
2,8,3.217811e6,-1.0406383916989026,-0.8693272921435614,TIME_LIMIT,682581,0,0,17,5
2,8,3.217934e6,-1.0406383916989026,-0.8693272921435614,TIME_LIMIT,682604,0,0,20,16
2,8,3.218107e6,-1.040634023357841,-0.8693272921435614,TIME_LIMIT,682639,0,0,18,6
2,8,3.218308e6,-1.040634023357841,-0.8693272921435614,TIME_LIMIT,682662,0,0,19,14
2,8,3.218514e6,-1.0406327480397115,-0.8693272921435614,TIME_LIMIT,682697,0,0,12,10
2,8,3.218617e6,-1.0406327480397115,-0.8693272921435614,TIME_LIMIT,682714,0,0,10,17
2,8,3.21879e6,-1.0406304757145237,-0.8693272921435614,TIME_LIMIT,682742,0,0,11,9
2,8,3.218999e6,-1.0406304757145237,-0.8693272921435614,TIME_LIMIT,682764,0,0,12,9
2,8,3.219192e6,-1.0406295052795824,-0.8693272921435614,TIME_LIMIT,682792,0,0,20,9
2,8,3.219391e6,-1.0406295052795824,-0.8693272921435614,TIME_LIMIT,682819,0,0,19,15
2,8,3.219584e6,-1.0406288308779068,-0.8693272921435614,TIME_LIMIT,682847,0,0,11,4
2,8,3.219784e6,-1.0406288308779068,-0.8693272921435614,TIME_LIMIT,682867,0,0,16,15
2,8,3.21987e6,-1.0406269818298566,-0.8693272921435614,TIME_LIMIT,682899,0,0,14,7
2,8,3.220014e6,-1.0406269818298566,-0.8693272921435614,TIME_LIMIT,682925,0,0,20,8
2,8,3.220111e6,-1.040624734700454,-0.8693272921435614,TIME_LIMIT,682955,0,0,12,6
2,8,3.220192e6,-1.040624734700454,-0.8693272921435614,TIME_LIMIT,682977,0,0,18,10
2,8,3.220332e6,-1.0406245252422672,-0.8693272921435614,TIME_LIMIT,683013,0,0,11,6
2,8,3.220419e6,-1.0406245252422672,-0.8693272921435614,TIME_LIMIT,683032,0,0,13,13
2,8,3.220545e6,-1.0406200335543523,-0.8693272921435614,TIME_LIMIT,683066,0,0,11,6
2,8,3.220756e6,-1.0406200335543523,-0.8693272921435614,TIME_LIMIT,683088,0,0,20,19
2,8,3.220962e6,-1.0406163050587334,-0.8693272921435614,TIME_LIMIT,683125,0,0,16,10
2,8,3.221003e6,-1.0406163050587334,-0.8693272921435614,TIME_LIMIT,683143,0,0,15,8
2,8,3.221055e6,-1.040611524663046,-0.8693272921435614,TIME_LIMIT,683165,0,0,8,3
2,8,3.221207e6,-1.040611524663046,-0.8693272921435614,TIME_LIMIT,683195,0,0,20,22
2,8,3.221416e6,-1.040609467168588,-0.8693272921435614,TIME_LIMIT,683234,0,0,17,14
2,8,3.221622e6,-1.040609467168588,-0.8693272921435614,TIME_LIMIT,683254,0,0,17,12
2,8,3.221703e6,-1.040604678280724,-0.8693272921435614,TIME_LIMIT,683280,0,0,11,5
2,8,3.2218e6,-1.040604678280724,-0.8693272921435614,TIME_LIMIT,683300,0,0,12,4
2,8,3.221847e6,-1.0405941018025429,-0.8693272921435614,TIME_LIMIT,683317,0,0,7,4
2,8,3.221929e6,-1.0405941018025429,-0.8693272921435614,TIME_LIMIT,683339,0,0,10,12
2,8,3.222007e6,-1.0405935913288236,-0.8693272921435614,TIME_LIMIT,683363,0,0,4,6
2,8,3.222083e6,-1.0405935913288236,-0.8693272921435614,TIME_LIMIT,683381,0,0,5,11
2,8,3.222176e6,-1.0405931454506274,-0.8693272921435614,TIME_LIMIT,683405,0,0,9,7
2,8,3.22226e6,-1.0405931454506274,-0.8693272921435614,TIME_LIMIT,683418,0,0,3,4
2,8,3.22234e6,-1.0405912098628591,-0.8693272921435614,TIME_LIMIT,683440,0,0,11,3
2,8,3.222428e6,-1.0405912098628591,-0.8693272921435614,TIME_LIMIT,683463,0,0,16,7
2,8,3.222498e6,-1.040584424351724,-0.8693272921435614,TIME_LIMIT,683487,0,0,10,5
2,8,3.222576e6,-1.040584424351724,-0.8693272921435614,TIME_LIMIT,683511,0,0,17,12
2,8,3.222717e6,-1.0405778984758256,-0.8693272921435614,TIME_LIMIT,683540,0,0,13,7
2,8,3.222926e6,-1.0405778984758256,-0.8693272921435614,TIME_LIMIT,683565,0,0,12,12
2,8,3.223085e6,-1.040575519937002,-0.8693272921435614,TIME_LIMIT,683598,0,0,11,9
2,8,3.223173e6,-1.040575519937002,-0.8693272921435614,TIME_LIMIT,683619,0,0,14,7
2,8,3.223237e6,-1.0405715740187276,-0.8693272921435614,TIME_LIMIT,683645,0,0,7,2
2,8,3.223444e6,-1.0405715740187276,-0.8693272921435614,TIME_LIMIT,683674,0,0,22,13
2,8,3.223643e6,-1.0405699178816246,-0.8693272921435614,TIME_LIMIT,683710,0,0,21,11
2,8,3.22385e6,-1.0405699178816246,-0.8693272921435614,TIME_LIMIT,683736,0,0,19,27
2,8,3.223956e6,-1.0405590061648888,-0.8693272921435614,TIME_LIMIT,683767,0,0,13,9
2,8,3.224156e6,-1.0405590061648888,-0.8693272921435614,TIME_LIMIT,683793,0,0,20,12
2,8,3.224324e6,-1.040541553005551,-0.8693272921435614,TIME_LIMIT,683824,0,0,14,6
2,8,3.224432e6,-1.040541553005551,-0.8693272921435614,TIME_LIMIT,683842,0,0,9,17
2,8,3.224516e6,-1.0405406019516383,-0.8693272921435614,TIME_LIMIT,683870,0,0,8,7
2,8,3.224588e6,-1.0405406019516383,-0.8693272921435614,TIME_LIMIT,683886,0,0,12,12
2,8,3.224684e6,-1.0405394580075145,-0.8693272921435614,TIME_LIMIT,683918,0,0,13,8
2,8,3.224894e6,-1.0405394580075145,-0.8693272921435614,TIME_LIMIT,683943,0,0,14,5
2,8,3.225017e6,-1.040529667703113,-0.8693272921435614,TIME_LIMIT,683966,0,0,13,11
2,8,3.225224e6,-1.040529667703113,-0.8693272921435614,TIME_LIMIT,683989,0,0,13,20
2,8,3.225338e6,-1.0405221565248706,-0.8693272921435614,TIME_LIMIT,684026,0,0,20,8
2,8,3.225438e6,-1.0405221565248706,-0.8693272921435614,TIME_LIMIT,684046,0,0,15,10
2,8,3.225554e6,-1.0405098376347501,-0.8693272921435614,TIME_LIMIT,684068,0,0,7,3
2,8,3.225763e6,-1.0405098376347501,-0.8693272921435614,TIME_LIMIT,684095,0,0,21,20
2,8,3.225969e6,-1.040508065613436,-0.8693272921435614,TIME_LIMIT,684120,0,0,21,20
2,8,3.226056e6,-1.040508065613436,-0.8693272921435614,TIME_LIMIT,684139,0,0,20,11
2,8,3.226211e6,-1.0405079670799384,-0.8693272921435614,TIME_LIMIT,684175,0,0,17,7
2,8,3.226289e6,-1.0405079670799384,-0.8693272921435614,TIME_LIMIT,684190,0,0,3,9
2,8,3.226412e6,-1.0405031937784637,-0.8693272921435614,TIME_LIMIT,684220,0,0,11,10
2,8,3.226486e6,-1.0405031937784637,-0.8693272921435614,TIME_LIMIT,684231,0,0,8,3
2,8,3.226544e6,-1.0404874008508593,-0.8693272921435614,TIME_LIMIT,684245,0,0,1,2
2,8,3.226609e6,-1.0404874008508593,-0.8693272921435614,TIME_LIMIT,684265,0,0,15,14
2,8,3.226678e6,-1.0404852686268584,-0.8693272921435614,TIME_LIMIT,684286,0,0,3,2
2,8,3.226888e6,-1.0404852686268584,-0.8693272921435614,TIME_LIMIT,684309,0,0,17,19
2,8,3.227096e6,-1.0404808832435855,-0.8693272921435614,TIME_LIMIT,684344,0,0,17,9
2,8,3.227218e6,-1.0404808832435855,-0.8693272921435614,TIME_LIMIT,684366,0,0,17,13
2,8,3.227349e6,-1.0404802694599726,-0.8693272921435614,TIME_LIMIT,684396,0,0,13,10
2,8,3.227444e6,-1.0404802694599726,-0.8693272921435614,TIME_LIMIT,684418,0,0,18,11
2,8,3.227564e6,-1.0404785689312286,-0.8693272921435614,TIME_LIMIT,684445,0,0,9,11
2,8,3.227617e6,-1.0404785689312286,-0.8693272921435614,TIME_LIMIT,684461,0,0,10,7
2,8,3.227653e6,-1.0404774038003262,-0.8693272921435614,TIME_LIMIT,684477,0,0,6,1
2,8,3.22786e6,-1.0404774038003262,-0.8693272921435614,TIME_LIMIT,684496,0,0,16,19
2,8,3.228066e6,-1.0404762791107571,-0.8693272921435614,TIME_LIMIT,684532,0,0,17,6
2,8,3.228098e6,-1.0404762791107571,-0.8693272921435614,TIME_LIMIT,684544,0,0,7,1
2,8,3.228132e6,-1.040474274385581,-0.8693272921435614,TIME_LIMIT,684555,0,0,3,1
2,8,3.22824e6,-1.040474274385581,-0.8693272921435614,TIME_LIMIT,684581,0,0,18,14
2,8,3.228303e6,-1.040471191219447,-0.8693272921435614,TIME_LIMIT,684604,0,0,10,5
2,8,3.228504e6,-1.040471191219447,-0.8693272921435614,TIME_LIMIT,684637,0,0,13,39
2,8,3.228675e6,-1.0404696649751628,-0.8693272921435614,TIME_LIMIT,684668,0,0,13,12
2,8,3.228851e6,-1.0404696649751628,-0.8693272921435614,TIME_LIMIT,684685,0,0,16,26
2,8,3.229041e6,-1.0404691767582048,-0.8693272921435614,TIME_LIMIT,684715,0,0,12,4
2,8,3.229144e6,-1.0404691767582048,-0.8693272921435614,TIME_LIMIT,684742,0,0,18,11
2,8,3.229201e6,-1.0404681501051947,-0.8693272921435614,TIME_LIMIT,684766,0,0,11,3
2,8,3.229401e6,-1.0404681501051947,-0.8693272921435614,TIME_LIMIT,684793,0,0,22,16
2,8,3.229611e6,-1.0404628638388562,-0.8693272921435614,TIME_LIMIT,684824,0,0,7,9
2,8,3.229772e6,-1.0404628638388562,-0.8693272921435614,TIME_LIMIT,684850,0,0,20,15
2,8,3.229868e6,-1.040461075791761,-0.8693272921435614,TIME_LIMIT,684880,0,0,14,6
2,8,3.229947e6,-1.040461075791761,-0.8693272921435614,TIME_LIMIT,684897,0,0,10,7
2,8,3.230021e6,-1.0404556195341685,-0.8693272921435614,TIME_LIMIT,684924,0,0,12,4
2,8,3.230214e6,-1.0404556195341685,-0.8693272921435614,TIME_LIMIT,684945,0,0,15,20
2,8,3.230323e6,-1.0404493628343066,-0.8693272921435614,TIME_LIMIT,684976,0,0,16,7
2,8,3.230404e6,-1.0404493628343066,-0.8693272921435614,TIME_LIMIT,684996,0,0,12,10
2,8,3.230478e6,-1.0404457954294895,-0.8693272921435614,TIME_LIMIT,685020,0,0,9,6
2,8,3.230555e6,-1.0404457954294895,-0.8693272921435614,TIME_LIMIT,685037,0,0,15,6
2,8,3.230642e6,-1.0404446938555563,-0.8693272921435614,TIME_LIMIT,685067,0,0,12,9
2,8,3.23072e6,-1.0404446938555563,-0.8693272921435614,TIME_LIMIT,685083,0,0,12,14
2,8,3.230837e6,-1.040439720985921,-0.8693272921435614,TIME_LIMIT,685108,0,0,9,6
2,8,3.230921e6,-1.040439720985921,-0.8693272921435614,TIME_LIMIT,685129,0,0,16,16
2,8,3.230996e6,-1.0404392503256306,-0.8693272921435614,TIME_LIMIT,685158,0,0,13,5
2,8,3.231198e6,-1.0404392503256306,-0.8693272921435614,TIME_LIMIT,685186,0,0,10,10
2,8,3.231274e6,-1.0404365500510717,-0.8693272921435614,TIME_LIMIT,685207,0,0,12,8
2,8,3.231474e6,-1.0404365500510717,-0.8693272921435614,TIME_LIMIT,685227,0,0,10,19
2,8,3.231684e6,-1.0404287142041178,-0.8693272921435614,TIME_LIMIT,685262,0,0,15,11
2,8,3.231794e6,-1.0404287142041178,-0.8693272921435614,TIME_LIMIT,685289,0,0,14,12
2,8,3.231881e6,-1.04042626077255,-0.8693272921435614,TIME_LIMIT,685316,0,0,10,10
2,8,3.232074e6,-1.04042626077255,-0.8693272921435614,TIME_LIMIT,685338,0,0,14,9
2,8,3.232156e6,-1.0404252006041363,-0.8693272921435614,TIME_LIMIT,685366,0,0,9,2
2,8,3.232355e6,-1.0404252006041363,-0.8693272921435614,TIME_LIMIT,685388,0,0,15,14
2,8,3.232445e6,-1.0404221030581962,-0.8693272921435614,TIME_LIMIT,685422,0,0,15,6
2,8,3.232546e6,-1.0404221030581962,-0.8693272921435614,TIME_LIMIT,685439,0,0,11,13
2,8,3.232672e6,-1.0404201130261983,-0.8693272921435614,TIME_LIMIT,685466,0,0,12,3
2,8,3.232798e6,-1.0404201130261983,-0.8693272921435614,TIME_LIMIT,685487,0,0,3,8
2,8,3.232857e6,-1.0404118233371142,-0.8693272921435614,TIME_LIMIT,685508,0,0,8,4
2,8,3.232959e6,-1.0404118233371142,-0.8693272921435614,TIME_LIMIT,685526,0,0,20,12
2,8,3.233166e6,-1.0404088749085143,-0.8693272921435614,TIME_LIMIT,685560,0,0,13,11
2,8,3.233365e6,-1.0404088749085143,-0.8693272921435614,TIME_LIMIT,685589,0,0,16,15
2,8,3.23357e6,-1.0404032219494854,-0.8693272921435614,TIME_LIMIT,685617,0,0,13,18
2,8,3.233666e6,-1.0404032219494854,-0.8693272921435614,TIME_LIMIT,685646,0,0,20,11
2,8,3.233789e6,-1.0404003780603661,-0.8693272921435614,TIME_LIMIT,685677,0,0,12,9
2,8,3.233924e6,-1.0404003780603661,-0.8693272921435614,TIME_LIMIT,685702,0,0,18,12
2,8,3.234012e6,-1.0403994941506483,-0.8693272921435614,TIME_LIMIT,685725,0,0,9,6
2,8,3.234145e6,-1.0403994941506483,-0.8693272921435614,TIME_LIMIT,685750,0,0,11,15
2,8,3.234352e6,-1.0403937999575326,-0.8693272921435614,TIME_LIMIT,685784,0,0,16,10
2,8,3.234458e6,-1.0403937999575326,-0.8693272921435614,TIME_LIMIT,685811,0,0,14,13
2,8,3.23462e6,-1.04039319230438,-0.8693272921435614,TIME_LIMIT,685838,0,0,7,2
2,8,3.234682e6,-1.04039319230438,-0.8693272921435614,TIME_LIMIT,685858,0,0,12,12
2,8,3.234774e6,-1.0403925893959176,-0.8693272921435614,TIME_LIMIT,685882,0,0,15,10
2,8,3.234824e6,-1.0403925893959176,-0.8693272921435614,TIME_LIMIT,685896,0,0,8,6
2,8,3.234878e6,-1.0403919573819245,-0.8693272921435614,TIME_LIMIT,685915,0,0,6,3
2,8,3.234956e6,-1.0403919573819245,-0.8693272921435614,TIME_LIMIT,685933,0,0,11,27
2,8,3.235159e6,-1.0403728168429112,-0.8693272921435614,TIME_LIMIT,685964,0,0,10,10
2,8,3.23524e6,-1.0403728168429112,-0.8693272921435614,TIME_LIMIT,685990,0,0,16,13
2,8,3.235302e6,-1.040372251162108,-0.8693272921435614,TIME_LIMIT,686014,0,0,11,4
2,8,3.23542e6,-1.040372251162108,-0.8693272921435614,TIME_LIMIT,686031,0,0,10,16
2,8,3.235572e6,-1.040371058300095,-0.8693272921435614,TIME_LIMIT,686058,0,0,11,5
2,8,3.235704e6,-1.040371058300095,-0.8693272921435614,TIME_LIMIT,686078,0,0,19,9
2,8,3.235754e6,-1.0403679663491174,-0.8693272921435614,TIME_LIMIT,686101,0,0,9,6
2,8,3.235842e6,-1.0403679663491174,-0.8693272921435614,TIME_LIMIT,686125,0,0,12,22
2,8,3.235903e6,-1.040361554667383,-0.8693272921435614,TIME_LIMIT,686144,0,0,5,3
2,8,3.236098e6,-1.040361554667383,-0.8693272921435614,TIME_LIMIT,686179,0,0,23,20
2,8,3.236308e6,-1.0403514472524114,-0.8693272921435614,TIME_LIMIT,686202,0,0,16,16
2,8,3.2364e6,-1.0403514472524114,-0.8693272921435614,TIME_LIMIT,686224,0,0,14,6
2,8,3.2365e6,-1.0403514105518294,-0.8693272921435614,TIME_LIMIT,686249,0,0,12,6
2,8,3.236715e6,-1.0403514105518294,-0.8693272921435614,TIME_LIMIT,686271,0,0,15,12
2,8,3.236808e6,-1.0403487313402535,-0.8693272921435614,TIME_LIMIT,686296,0,0,18,4
2,8,3.236977e6,-1.0403487313402535,-0.8693272921435614,TIME_LIMIT,686329,0,0,18,18
2,8,3.237184e6,-1.0403485090804057,-0.8693272921435614,TIME_LIMIT,686367,0,0,17,9
2,8,3.237296e6,-1.0403485090804057,-0.8693272921435614,TIME_LIMIT,686388,0,0,16,12
2,8,3.237405e6,-1.040345388988674,-0.8693272921435614,TIME_LIMIT,686418,0,0,10,7
2,8,3.237489e6,-1.040345388988674,-0.8693272921435614,TIME_LIMIT,686435,0,0,14,9
2,8,3.237683e6,-1.0403398707041167,-0.8693272921435614,TIME_LIMIT,686462,0,0,10,6
2,8,3.23789e6,-1.0403398707041167,-0.8693272921435614,TIME_LIMIT,686487,0,0,23,35
2,8,3.238081e6,-1.0403332952088677,-0.8693272921435614,TIME_LIMIT,686529,0,0,6,9
2,8,3.2382e6,-1.0403332952088677,-0.8693272921435614,TIME_LIMIT,686553,0,0,15,8
2,8,3.238331e6,-1.0403310688117466,-0.8693272921435614,TIME_LIMIT,686570,0,0,8,6
2,8,3.238494e6,-1.0403310688117466,-0.8693272921435614,TIME_LIMIT,686595,0,0,16,29
2,8,3.238689e6,-1.0403298817616933,-0.8693272921435614,TIME_LIMIT,686629,0,0,13,10
2,8,3.238805e6,-1.0403298817616933,-0.8693272921435614,TIME_LIMIT,686651,0,0,17,22
2,8,3.238939e6,-1.040327839797549,-0.8693272921435614,TIME_LIMIT,686688,0,0,14,7
2,8,3.239029e6,-1.040327839797549,-0.8693272921435614,TIME_LIMIT,686712,0,0,12,13
2,8,3.239098e6,-1.0403273192469582,-0.8693272921435614,TIME_LIMIT,686737,0,0,8,5
2,8,3.2393e6,-1.0403273192469582,-0.8693272921435614,TIME_LIMIT,686764,0,0,36,35
2,8,3.239502e6,-1.0403252568529677,-0.8693272921435614,TIME_LIMIT,686798,0,0,15,23
2,8,3.239548e6,-1.0403252568529677,-0.8693272921435614,TIME_LIMIT,686811,0,0,10,11
2,8,3.239633e6,-1.0403204002789757,-0.8693272921435614,TIME_LIMIT,686837,0,0,9,6
2,8,3.239675e6,-1.0403204002789757,-0.8693272921435614,TIME_LIMIT,686855,0,0,9,4
2,8,3.239727e6,-1.0403184077480128,-0.8693272921435614,TIME_LIMIT,686872,0,0,4,3
2,8,3.239912e6,-1.0403184077480128,-0.8693272921435614,TIME_LIMIT,686893,0,0,15,13
2,8,3.240066e6,-1.0403183080441334,-0.8693272921435614,TIME_LIMIT,686921,0,0,17,14
2,8,3.240276e6,-1.0403183080441334,-0.8693272921435614,TIME_LIMIT,686948,0,0,21,14
2,8,3.240475e6,-1.0403126700865484,-0.8693272921435614,TIME_LIMIT,686977,0,0,16,4
2,8,3.240654e6,-1.0403126700865484,-0.8693272921435614,TIME_LIMIT,687005,0,0,18,16
2,8,3.24086e6,-1.0403106417192483,-0.8693272921435614,TIME_LIMIT,687038,0,0,9,10
2,8,3.240923e6,-1.0403106417192483,-0.8693272921435614,TIME_LIMIT,687057,0,0,15,16
2,8,3.241019e6,-1.040310634791627,-0.8693272921435614,TIME_LIMIT,687088,0,0,8,5
2,8,3.241222e6,-1.040310634791627,-0.8693272921435614,TIME_LIMIT,687114,0,0,19,22
2,8,3.24134e6,-1.0403037290279342,-0.8693272921435614,TIME_LIMIT,687153,0,0,18,15
2,8,3.241395e6,-1.0403037290279342,-0.8693272921435614,TIME_LIMIT,687171,0,0,6,6
2,8,3.241456e6,-1.0403017904184848,-0.8693272921435614,TIME_LIMIT,687193,0,0,8,8
2,8,3.241667e6,-1.0403017904184848,-0.8693272921435614,TIME_LIMIT,687211,0,0,16,19
2,8,3.241796e6,-1.0403002713029745,-0.8693272921435614,TIME_LIMIT,687242,0,0,5,2
2,8,3.241947e6,-1.0403002713029745,-0.8693272921435614,TIME_LIMIT,687267,0,0,17,19
2,8,3.242055e6,-1.0403002702576392,-0.8693272921435614,TIME_LIMIT,687290,0,0,7,5
2,8,3.242187e6,-1.0403002702576392,-0.8693272921435614,TIME_LIMIT,687308,0,0,18,26
2,8,3.2423e6,-1.0403001532582914,-0.8693272921435614,TIME_LIMIT,687347,0,0,16,11
2,8,3.242425e6,-1.0403001532582914,-0.8693272921435614,TIME_LIMIT,687370,0,0,11,17
2,8,3.242627e6,-1.0402955216933707,-0.8693272921435614,TIME_LIMIT,687408,0,0,12,4
2,8,3.242852e6,-1.0402955216933707,-0.8693272921435614,TIME_LIMIT,687434,0,0,18,16
2,8,3.243059e6,-1.0402850079898864,-0.8693272921435614,TIME_LIMIT,687474,0,0,22,4
2,8,3.243265e6,-1.0402850079898864,-0.8693272921435614,TIME_LIMIT,687497,0,0,19,11
2,8,3.243466e6,-1.0402818209514582,-0.8693272921435614,TIME_LIMIT,687532,0,0,15,10
2,8,3.243524e6,-1.0402818209514582,-0.8693272921435614,TIME_LIMIT,687547,0,0,14,8
2,8,3.243568e6,-1.0402773309909905,-0.8693272921435614,TIME_LIMIT,687566,0,0,8,3
2,8,3.243698e6,-1.0402773309909905,-0.8693272921435614,TIME_LIMIT,687586,0,0,16,5
2,8,3.243808e6,-1.0402752223437615,-0.8693272921435614,TIME_LIMIT,687619,0,0,14,7
2,8,3.244016e6,-1.0402752223437615,-0.8693272921435614,TIME_LIMIT,687645,0,0,20,5
2,8,3.24413e6,-1.0402744006128324,-0.8693272921435614,TIME_LIMIT,687664,0,0,11,12
2,8,3.24421e6,-1.0402744006128324,-0.8693272921435614,TIME_LIMIT,687691,0,0,16,4
2,8,3.24425e6,-1.040259226312091,-0.8693272921435614,TIME_LIMIT,687705,0,0,9,9
2,8,3.244367e6,-1.040259226312091,-0.8693272921435614,TIME_LIMIT,687726,0,0,13,5
2,8,3.244438e6,-1.040258545338105,-0.8693272921435614,TIME_LIMIT,687749,0,0,7,8
2,8,3.244624e6,-1.040258545338105,-0.8693272921435614,TIME_LIMIT,687778,0,0,19,6
2,8,3.244751e6,-1.0402553570972484,-0.8693272921435614,TIME_LIMIT,687805,0,0,16,17
2,8,3.244883e6,-1.0402553570972484,-0.8693272921435614,TIME_LIMIT,687828,0,0,16,13
2,8,3.245091e6,-1.0402531471268566,-0.8693272921435614,TIME_LIMIT,687856,0,0,12,6
2,8,3.2453e6,-1.0402531471268566,-0.8693272921435614,TIME_LIMIT,687880,0,0,24,28
2,8,3.245466e6,-1.0402437036561283,-0.8693272921435614,TIME_LIMIT,687921,0,0,18,9
2,8,3.245606e6,-1.0402437036561283,-0.8693272921435614,TIME_LIMIT,687947,0,0,19,12
2,8,3.245731e6,-1.0402422207042248,-0.8693272921435614,TIME_LIMIT,687979,0,0,17,10
2,8,3.245786e6,-1.0402422207042248,-0.8693272921435614,TIME_LIMIT,687997,0,0,14,3
2,8,3.245834e6,-1.0402412865219746,-0.8693272921435614,TIME_LIMIT,688013,0,0,8,4
2,8,3.245968e6,-1.0402412865219746,-0.8693272921435614,TIME_LIMIT,688039,0,0,19,25
2,8,3.246175e6,-1.0402381168576724,-0.8693272921435614,TIME_LIMIT,688071,0,0,7,10
2,8,3.246221e6,-1.0402381168576724,-0.8693272921435614,TIME_LIMIT,688090,0,0,11,8
2,8,3.246312e6,-1.0402348476650927,-0.8693272921435614,TIME_LIMIT,688111,0,0,9,3
2,8,3.246505e6,-1.0402348476650927,-0.8693272921435614,TIME_LIMIT,688130,0,0,6,7
2,8,3.246563e6,-1.0402348026210904,-0.8693272921435614,TIME_LIMIT,688155,0,0,9,5
2,8,3.246613e6,-1.0402348026210904,-0.8693272921435614,TIME_LIMIT,688169,0,0,10,8
2,8,3.246651e6,-1.040233542771949,-0.8693272921435614,TIME_LIMIT,688188,0,0,4,5
2,8,3.246853e6,-1.040233542771949,-0.8693272921435614,TIME_LIMIT,688210,0,0,20,15
2,8,3.247035e6,-1.0402327863674885,-0.8693272921435614,TIME_LIMIT,688250,0,0,21,10
2,8,3.247117e6,-1.0402327863674885,-0.8693272921435614,TIME_LIMIT,688266,0,0,13,16
2,8,3.247214e6,-1.040232746303265,-0.8693272921435614,TIME_LIMIT,688292,0,0,9,8
2,8,3.247408e6,-1.040232746303265,-0.8693272921435614,TIME_LIMIT,688315,0,0,12,16
2,8,3.247544e6,-1.0402271453705356,-0.8693272921435614,TIME_LIMIT,688350,0,0,11,8
2,8,3.247595e6,-1.0402271453705356,-0.8693272921435614,TIME_LIMIT,688364,0,0,10,3
2,8,3.247657e6,-1.0402267772782618,-0.8693272921435614,TIME_LIMIT,688379,0,0,7,2
2,8,3.247713e6,-1.0402267772782618,-0.8693272921435614,TIME_LIMIT,688395,0,0,11,7
2,8,3.24781e6,-1.0402265421686554,-0.8693272921435614,TIME_LIMIT,688427,0,0,14,9
2,8,3.247942e6,-1.0402265421686554,-0.8693272921435614,TIME_LIMIT,688448,0,0,18,19
2,8,3.248032e6,-1.0402245950806313,-0.8693272921435614,TIME_LIMIT,688476,0,0,10,5
2,8,3.248136e6,-1.0402245950806313,-0.8693272921435614,TIME_LIMIT,688496,0,0,16,14
2,8,3.248194e6,-1.0402239276817284,-0.8693272921435614,TIME_LIMIT,688522,0,0,12,4
2,8,3.248325e6,-1.0402239276817284,-0.8693272921435614,TIME_LIMIT,688538,0,0,18,13
2,8,3.248539e6,-1.0402226589517074,-0.8693272921435614,TIME_LIMIT,688573,0,0,12,9
2,8,3.248594e6,-1.0402226589517074,-0.8693272921435614,TIME_LIMIT,688588,0,0,17,15
2,8,3.248676e6,-1.0402203741481468,-0.8693272921435614,TIME_LIMIT,688613,0,0,12,6
2,8,3.248748e6,-1.0402203741481468,-0.8693272921435614,TIME_LIMIT,688632,0,0,12,4
2,8,3.248812e6,-1.040217731896198,-0.8693272921435614,TIME_LIMIT,688650,0,0,6,3
2,8,3.248875e6,-1.040217731896198,-0.8693272921435614,TIME_LIMIT,688670,0,0,13,11
2,8,3.249028e6,-1.0402175433946637,-0.8693272921435614,TIME_LIMIT,688702,0,0,16,12
2,8,3.249123e6,-1.0402175433946637,-0.8693272921435614,TIME_LIMIT,688724,0,0,13,14
2,8,3.249264e6,-1.0402166469179335,-0.8693272921435614,TIME_LIMIT,688759,0,0,16,13
2,8,3.249471e6,-1.0402166469179335,-0.8693272921435614,TIME_LIMIT,688781,0,0,20,10
2,8,3.249624e6,-1.0402098604272645,-0.8693272921435614,TIME_LIMIT,688809,0,0,11,1
2,8,3.249824e6,-1.0402098604272645,-0.8693272921435614,TIME_LIMIT,688835,0,0,18,6
2,8,3.249966e6,-1.040202948444823,-0.8693272921435614,TIME_LIMIT,688853,0,0,12,7
2,8,3.250121e6,-1.040202948444823,-0.8693272921435614,TIME_LIMIT,688879,0,0,23,20
2,8,3.250313e6,-1.0401978653756716,-0.8693272921435614,TIME_LIMIT,688913,0,0,21,9
2,8,3.25042e6,-1.0401978653756716,-0.8693272921435614,TIME_LIMIT,688932,0,0,14,21
2,8,3.250492e6,-1.0401915683398957,-0.8693272921435614,TIME_LIMIT,688958,0,0,11,10
2,8,3.250558e6,-1.0401915683398957,-0.8693272921435614,TIME_LIMIT,688979,0,0,18,9
2,8,3.250672e6,-1.040186960896298,-0.8693272921435614,TIME_LIMIT,689006,0,0,9,5
2,8,3.250734e6,-1.040186960896298,-0.8693272921435614,TIME_LIMIT,689027,0,0,17,21
2,8,3.250937e6,-1.0401825587566993,-0.8693272921435614,TIME_LIMIT,689053,0,0,12,12
2,8,3.250983e6,-1.0401825587566993,-0.8693272921435614,TIME_LIMIT,689068,0,0,9,10
2,8,3.25112e6,-1.0401719308746524,-0.8693272921435614,TIME_LIMIT,689096,0,0,7,5
2,8,3.251248e6,-1.0401719308746524,-0.8693272921435614,TIME_LIMIT,689123,0,0,16,21
2,8,3.251453e6,-1.0401691284806014,-0.8693272921435614,TIME_LIMIT,689154,0,0,14,7
2,8,3.251617e6,-1.0401691284806014,-0.8693272921435614,TIME_LIMIT,689173,0,0,12,11
2,8,3.251714e6,-1.040168844686252,-0.8693272921435614,TIME_LIMIT,689197,0,0,12,0
2,8,3.251834e6,-1.040168844686252,-0.8693272921435614,TIME_LIMIT,689220,0,0,15,9
2,8,3.251912e6,-1.0401658829599012,-0.8693272921435614,TIME_LIMIT,689237,0,0,15,2
2,8,3.252126e6,-1.0401658829599012,-0.8693272921435614,TIME_LIMIT,689260,0,0,6,17
2,8,3.252178e6,-1.040164431434076,-0.8693272921435614,TIME_LIMIT,689283,0,0,7,6
2,8,3.252296e6,-1.040164431434076,-0.8693272921435614,TIME_LIMIT,689300,0,0,13,23
2,8,3.252493e6,-1.040162040304523,-0.8693272921435614,TIME_LIMIT,689340,0,0,18,12
2,8,3.252699e6,-1.040162040304523,-0.8693272921435614,TIME_LIMIT,689360,0,0,20,35
2,8,3.252905e6,-1.040160861534835,-0.8693272921435614,TIME_LIMIT,689394,0,0,12,15
2,8,3.253047e6,-1.040160861534835,-0.8693272921435614,TIME_LIMIT,689417,0,0,9,9
2,8,3.253185e6,-1.0401577170923062,-0.8693272921435614,TIME_LIMIT,689438,0,0,10,8
2,8,3.253234e6,-1.0401577170923062,-0.8693272921435614,TIME_LIMIT,689450,0,0,6,5
2,8,3.253322e6,-1.0401545035246462,-0.8693272921435614,TIME_LIMIT,689467,0,0,6,4
2,8,3.253424e6,-1.0401545035246462,-0.8693272921435614,TIME_LIMIT,689486,0,0,8,13
2,8,3.253555e6,-1.0401505664876751,-0.8693272921435614,TIME_LIMIT,689518,0,0,17,5
2,8,3.253624e6,-1.0401505664876751,-0.8693272921435614,TIME_LIMIT,689536,0,0,10,8
2,8,3.253714e6,-1.0401451999229903,-0.8693272921435614,TIME_LIMIT,689564,0,0,13,5
2,8,3.253915e6,-1.0401451999229903,-0.8693272921435614,TIME_LIMIT,689589,0,0,14,23
2,8,3.254122e6,-1.0401418674012668,-0.8693272921435614,TIME_LIMIT,689622,0,0,16,9
2,8,3.254286e6,-1.0401418674012668,-0.8693272921435614,TIME_LIMIT,689639,0,0,20,16
2,8,3.254418e6,-1.0401280255067569,-0.8693272921435614,TIME_LIMIT,689672,0,0,14,3
2,8,3.254539e6,-1.0401280255067569,-0.8693272921435614,TIME_LIMIT,689699,0,0,15,20
2,8,3.254724e6,-1.040127763937448,-0.8693272921435614,TIME_LIMIT,689727,0,0,11,10
2,8,3.254935e6,-1.040127763937448,-0.8693272921435614,TIME_LIMIT,689746,0,0,14,16
2,8,3.255109e6,-1.0401256172315079,-0.8693272921435614,TIME_LIMIT,689776,0,0,11,2
2,8,3.255208e6,-1.0401256172315079,-0.8693272921435614,TIME_LIMIT,689798,0,0,21,24
2,8,3.255321e6,-1.0401245997777075,-0.8693272921435614,TIME_LIMIT,689828,0,0,9,9
2,8,3.255385e6,-1.0401245997777075,-0.8693272921435614,TIME_LIMIT,689849,0,0,16,16
2,8,3.255465e6,-1.0401243845089991,-0.8693272921435614,TIME_LIMIT,689876,0,0,7,3
2,8,3.255661e6,-1.0401243845089991,-0.8693272921435614,TIME_LIMIT,689897,0,0,18,12
2,8,3.255757e6,-1.0401194238894125,-0.8693272921435614,TIME_LIMIT,689931,0,0,18,4
2,8,3.255895e6,-1.0401194238894125,-0.8693272921435614,TIME_LIMIT,689960,0,0,16,8
2,8,3.255963e6,-1.0401192497247944,-0.8693272921435614,TIME_LIMIT,689981,0,0,9,7
2,8,3.256057e6,-1.0401192497247944,-0.8693272921435614,TIME_LIMIT,690003,0,0,13,11
2,8,3.256112e6,-1.0401135964136679,-0.8693272921435614,TIME_LIMIT,690025,0,0,3,1
2,8,3.256185e6,-1.0401135964136679,-0.8693272921435614,TIME_LIMIT,690049,0,0,19,11
2,8,3.256305e6,-1.040108573409157,-0.8693272921435614,TIME_LIMIT,690077,0,0,11,7
2,8,3.256452e6,-1.040108573409157,-0.8693272921435614,TIME_LIMIT,690101,0,0,22,8
2,8,3.256578e6,-1.0401064920159433,-0.8693272921435614,TIME_LIMIT,690132,0,0,12,7
2,8,3.256704e6,-1.0401064920159433,-0.8693272921435614,TIME_LIMIT,690154,0,0,15,11
2,8,3.256775e6,-1.040104228926447,-0.8693272921435614,TIME_LIMIT,690182,0,0,9,8
2,8,3.256924e6,-1.040104228926447,-0.8693272921435614,TIME_LIMIT,690207,0,0,18,34
2,8,3.257132e6,-1.0401040013146183,-0.8693272921435614,TIME_LIMIT,690235,0,0,18,8
2,8,3.257339e6,-1.0401040013146183,-0.8693272921435614,TIME_LIMIT,690259,0,0,15,25
2,8,3.257541e6,-1.0401017979463656,-0.8693272921435614,TIME_LIMIT,690293,0,0,20,7
2,8,3.257622e6,-1.0401017979463656,-0.8693272921435614,TIME_LIMIT,690311,0,0,16,17
2,8,3.257749e6,-1.0400972476992039,-0.8693272921435614,TIME_LIMIT,690343,0,0,12,7
2,8,3.257809e6,-1.0400972476992039,-0.8693272921435614,TIME_LIMIT,690361,0,0,14,7
2,8,3.257906e6,-1.040094181436161,-0.8693272921435614,TIME_LIMIT,690382,0,0,10,2
2,8,3.258108e6,-1.040094181436161,-0.8693272921435614,TIME_LIMIT,690405,0,0,20,10
2,8,3.258223e6,-1.0400939624567949,-0.8693272921435614,TIME_LIMIT,690439,0,0,13,9
2,8,3.258284e6,-1.0400939624567949,-0.8693272921435614,TIME_LIMIT,690458,0,0,15,11
2,8,3.258367e6,-1.0400879922214485,-0.8693272921435614,TIME_LIMIT,690483,0,0,10,5
2,8,3.258528e6,-1.0400879922214485,-0.8693272921435614,TIME_LIMIT,690511,0,0,16,19
2,8,3.258698e6,-1.0400727894170994,-0.8693272921435614,TIME_LIMIT,690548,0,0,16,12
2,8,3.258874e6,-1.0400727894170994,-0.8693272921435614,TIME_LIMIT,690568,0,0,15,11
2,8,3.259058e6,-1.0400726059968073,-0.8693272921435614,TIME_LIMIT,690595,0,0,11,4
2,8,3.259266e6,-1.0400726059968073,-0.8693272921435614,TIME_LIMIT,690617,0,0,15,13
2,8,3.259465e6,-1.0400691062297496,-0.8693272921435614,TIME_LIMIT,690652,0,0,15,9
2,8,3.259672e6,-1.0400691062297496,-0.8693272921435614,TIME_LIMIT,690671,0,0,6,13
2,8,3.259888e6,-1.0400621188513632,-0.8693272921435614,TIME_LIMIT,690697,0,0,10,6
2,8,3.259951e6,-1.0400621188513632,-0.8693272921435614,TIME_LIMIT,690718,0,0,13,4
2,8,3.260002e6,-1.0400603264617132,-0.8693272921435614,TIME_LIMIT,690739,0,0,9,4
2,8,3.26004e6,-1.0400603264617132,-0.8693272921435614,TIME_LIMIT,690752,0,0,8,7
2,8,3.260086e6,-1.0400601317369915,-0.8693272921435614,TIME_LIMIT,690769,0,0,3,5
2,8,3.260151e6,-1.0400601317369915,-0.8693272921435614,TIME_LIMIT,690792,0,0,8,3
2,8,3.260217e6,-1.0400588203751002,-0.8693272921435614,TIME_LIMIT,690805,0,0,6,12
2,8,3.260282e6,-1.0400588203751002,-0.8693272921435614,TIME_LIMIT,690820,0,0,12,12
2,8,3.260376e6,-1.0400529430233167,-0.8693272921435614,TIME_LIMIT,690850,0,0,13,6
2,8,3.260577e6,-1.0400529430233167,-0.8693272921435614,TIME_LIMIT,690871,0,0,23,22
2,8,3.260785e6,-1.0400433104443458,-0.8693272921435614,TIME_LIMIT,690904,0,0,17,21
2,8,3.26086e6,-1.0400433104443458,-0.8693272921435614,TIME_LIMIT,690923,0,0,13,9
2,8,3.260955e6,-1.0400427966349994,-0.8693272921435614,TIME_LIMIT,690951,0,0,12,2
2,8,3.261133e6,-1.0400427966349994,-0.8693272921435614,TIME_LIMIT,690980,0,0,12,7
2,8,3.261223e6,-1.0400375019691794,-0.8693272921435614,TIME_LIMIT,690999,0,0,11,6
2,8,3.2614e6,-1.0400375019691794,-0.8693272921435614,TIME_LIMIT,691024,0,0,16,8
2,8,3.261535e6,-1.0400267964344359,-0.8693272921435614,TIME_LIMIT,691046,0,0,17,4
2,8,3.261611e6,-1.0400267964344359,-0.8693272921435614,TIME_LIMIT,691064,0,0,6,3
2,8,3.261652e6,-1.0400239418111572,-0.8693272921435614,TIME_LIMIT,691075,0,0,3,2
2,8,3.261851e6,-1.0400239418111572,-0.8693272921435614,TIME_LIMIT,691103,0,0,16,14
2,8,3.261929e6,-1.0400238080706563,-0.8693272921435614,TIME_LIMIT,691124,0,0,13,9
2,8,3.26198e6,-1.0400238080706563,-0.8693272921435614,TIME_LIMIT,691139,0,0,10,5
2,8,3.262009e6,-1.0400234901724046,-0.8693272921435614,TIME_LIMIT,691156,0,0,4,3
2,8,3.262082e6,-1.0400234901724046,-0.8693272921435614,TIME_LIMIT,691178,0,0,14,7
2,8,3.262142e6,-1.040019193411381,-0.8693272921435614,TIME_LIMIT,691203,0,0,14,5
2,8,3.262344e6,-1.040019193411381,-0.8693272921435614,TIME_LIMIT,691225,0,0,20,15
2,8,3.262501e6,-1.0400187402813401,-0.8693272921435614,TIME_LIMIT,691259,0,0,9,5
2,8,3.262707e6,-1.0400187402813401,-0.8693272921435614,TIME_LIMIT,691286,0,0,18,40
2,8,3.262914e6,-1.0400172834236,-0.8693272921435614,TIME_LIMIT,691324,0,0,16,13
2,8,3.263055e6,-1.0400172834236,-0.8693272921435614,TIME_LIMIT,691346,0,0,12,12
2,8,3.263124e6,-1.040016018394019,-0.8693272921435614,TIME_LIMIT,691367,0,0,7,4
2,8,3.263325e6,-1.040016018394019,-0.8693272921435614,TIME_LIMIT,691393,0,0,18,17
2,8,3.263526e6,-1.0400157166431685,-0.8693272921435614,TIME_LIMIT,691418,0,0,16,6
2,8,3.263611e6,-1.0400157166431685,-0.8693272921435614,TIME_LIMIT,691438,0,0,12,10
2,8,3.263679e6,-1.0400120144238403,-0.8693272921435614,TIME_LIMIT,691460,0,0,3,2
2,8,3.26388e6,-1.0400120144238403,-0.8693272921435614,TIME_LIMIT,691480,0,0,23,33
2,8,3.264079e6,-1.040011656637653,-0.8693272921435614,TIME_LIMIT,691519,0,0,23,8
2,8,3.264183e6,-1.040011656637653,-0.8693272921435614,TIME_LIMIT,691540,0,0,8,7
2,8,3.264236e6,-1.0400113200468555,-0.8693272921435614,TIME_LIMIT,691558,0,0,2,1
2,8,3.264305e6,-1.0400113200468555,-0.8693272921435614,TIME_LIMIT,691578,0,0,11,11
2,8,3.264433e6,-1.0400090885627933,-0.8693272921435614,TIME_LIMIT,691603,0,0,9,5
2,8,3.264512e6,-1.0400090885627933,-0.8693272921435614,TIME_LIMIT,691625,0,0,19,3
2,8,3.264582e6,-1.0400085140774535,-0.8693272921435614,TIME_LIMIT,691648,0,0,12,7
2,8,3.26464e6,-1.0400085140774535,-0.8693272921435614,TIME_LIMIT,691669,0,0,7,4
2,8,3.26467e6,-1.0400020329857245,-0.8693272921435614,TIME_LIMIT,691685,0,0,6,4
2,8,3.26473e6,-1.0400020329857245,-0.8693272921435614,TIME_LIMIT,691705,0,0,16,11
2,8,3.264823e6,-1.039996469980106,-0.8693272921435614,TIME_LIMIT,691738,0,0,14,10
2,8,3.264888e6,-1.039996469980106,-0.8693272921435614,TIME_LIMIT,691760,0,0,16,4
2,8,3.265004e6,-1.039995270231839,-0.8693272921435614,TIME_LIMIT,691786,0,0,11,7
2,8,3.265107e6,-1.039995270231839,-0.8693272921435614,TIME_LIMIT,691810,0,0,8,11
2,8,3.265228e6,-1.039992843612152,-0.8693272921435614,TIME_LIMIT,691830,0,0,10,4
2,8,3.26539e6,-1.039992843612152,-0.8693272921435614,TIME_LIMIT,691856,0,0,11,9
2,8,3.265491e6,-1.039989377727434,-0.8693272921435614,TIME_LIMIT,691891,0,0,17,8
2,8,3.265575e6,-1.039989377727434,-0.8693272921435614,TIME_LIMIT,691916,0,0,13,19
2,8,3.265765e6,-1.0399891451002259,-0.8693272921435614,TIME_LIMIT,691942,0,0,19,14
2,8,3.265872e6,-1.0399891451002259,-0.8693272921435614,TIME_LIMIT,691962,0,0,8,12
2,8,3.265921e6,-1.0399875041091222,-0.8693272921435614,TIME_LIMIT,691977,0,0,6,5
2,8,3.266037e6,-1.0399875041091222,-0.8693272921435614,TIME_LIMIT,692004,0,0,17,7
2,8,3.266108e6,-1.0399862522443288,-0.8693272921435614,TIME_LIMIT,692021,0,0,13,9
2,8,3.266149e6,-1.0399862522443288,-0.8693272921435614,TIME_LIMIT,692036,0,0,12,10
2,8,3.266353e6,-1.039985812153685,-0.8693272921435614,TIME_LIMIT,692067,0,0,11,4
2,8,3.266433e6,-1.039985812153685,-0.8693272921435614,TIME_LIMIT,692084,0,0,14,6
2,8,3.266478e6,-1.0399847138993845,-0.8693272921435614,TIME_LIMIT,692110,0,0,10,3
2,8,3.266561e6,-1.0399847138993845,-0.8693272921435614,TIME_LIMIT,692129,0,0,5,8
2,8,3.266619e6,-1.0399792016054277,-0.8693272921435614,TIME_LIMIT,692149,0,0,5,4
2,8,3.266819e6,-1.0399792016054277,-0.8693272921435614,TIME_LIMIT,692169,0,0,15,21
2,8,3.266986e6,-1.0399789265511454,-0.8693272921435614,TIME_LIMIT,692205,0,0,14,8
2,8,3.267067e6,-1.0399789265511454,-0.8693272921435614,TIME_LIMIT,692224,0,0,10,11
2,8,3.267138e6,-1.0399705097719072,-0.8693272921435614,TIME_LIMIT,692245,0,0,11,6
2,8,3.267186e6,-1.0399705097719072,-0.8693272921435614,TIME_LIMIT,692256,0,0,10,9
2,8,3.267218e6,-1.0399683830798683,-0.8693272921435614,TIME_LIMIT,692273,0,0,7,2
2,8,3.267373e6,-1.0399683830798683,-0.8693272921435614,TIME_LIMIT,692297,0,0,20,17
2,8,3.26758e6,-1.0399596760145844,-0.8693272921435614,TIME_LIMIT,692329,0,0,15,7
2,8,3.267787e6,-1.0399596760145844,-0.8693272921435614,TIME_LIMIT,692349,0,0,16,20
2,8,3.267962e6,-1.039958461956611,-0.8693272921435614,TIME_LIMIT,692384,0,0,18,9
2,8,3.268095e6,-1.039958461956611,-0.8693272921435614,TIME_LIMIT,692405,0,0,10,10
2,8,3.268157e6,-1.039958019379453,-0.8693272921435614,TIME_LIMIT,692431,0,0,13,2
2,8,3.268367e6,-1.039958019379453,-0.8693272921435614,TIME_LIMIT,692456,0,0,17,9
2,8,3.268469e6,-1.0399545561226748,-0.8693272921435614,TIME_LIMIT,692497,0,0,19,8
2,8,3.268597e6,-1.0399545561226748,-0.8693272921435614,TIME_LIMIT,692516,0,0,11,9
2,8,3.268676e6,-1.0399545007915032,-0.8693272921435614,TIME_LIMIT,692543,0,0,12,6
2,8,3.268858e6,-1.0399545007915032,-0.8693272921435614,TIME_LIMIT,692569,0,0,17,16
2,8,3.269067e6,-1.0399541408521311,-0.8693272921435614,TIME_LIMIT,692604,0,0,13,10
2,8,3.269241e6,-1.0399541408521311,-0.8693272921435614,TIME_LIMIT,692631,0,0,14,15
2,8,3.269329e6,-1.039949365742474,-0.8693272921435614,TIME_LIMIT,692652,0,0,16,7
2,8,3.269391e6,-1.039949365742474,-0.8693272921435614,TIME_LIMIT,692675,0,0,11,6
2,8,3.26947e6,-1.039948871517944,-0.8693272921435614,TIME_LIMIT,692693,0,0,11,10
2,8,3.269677e6,-1.039948871517944,-0.8693272921435614,TIME_LIMIT,692716,0,0,24,15
2,8,3.269778e6,-1.03994714139129,-0.8693272921435614,TIME_LIMIT,692750,0,0,20,4
2,8,3.269978e6,-1.03994714139129,-0.8693272921435614,TIME_LIMIT,692776,0,0,21,12
2,8,3.270034e6,-1.0399443761407663,-0.8693272921435614,TIME_LIMIT,692800,0,0,13,3
2,8,3.270153e6,-1.0399443761407663,-0.8693272921435614,TIME_LIMIT,692819,0,0,12,6
2,8,3.270207e6,-1.0399367147291323,-0.8693272921435614,TIME_LIMIT,692838,0,0,3,5
2,8,3.27032e6,-1.0399367147291323,-0.8693272921435614,TIME_LIMIT,692861,0,0,14,21
2,8,3.27046e6,-1.0399278256533477,-0.8693272921435614,TIME_LIMIT,692895,0,0,14,9
2,8,3.270666e6,-1.0399278256533477,-0.8693272921435614,TIME_LIMIT,692924,0,0,18,18
2,8,3.270761e6,-1.0399260435650604,-0.8693272921435614,TIME_LIMIT,692951,0,0,11,7
2,8,3.270854e6,-1.0399260435650604,-0.8693272921435614,TIME_LIMIT,692970,0,0,13,15
2,8,3.270954e6,-1.0399251689446487,-0.8693272921435614,TIME_LIMIT,693001,0,0,17,4
2,8,3.271062e6,-1.0399251689446487,-0.8693272921435614,TIME_LIMIT,693024,0,0,16,11
2,8,3.271152e6,-1.0399199929616907,-0.8693272921435614,TIME_LIMIT,693048,0,0,13,5
2,8,3.271277e6,-1.0399199929616907,-0.8693272921435614,TIME_LIMIT,693071,0,0,17,13
2,8,3.271359e6,-1.0399166133169055,-0.8693272921435614,TIME_LIMIT,693095,0,0,15,6
2,8,3.271431e6,-1.0399166133169055,-0.8693272921435614,TIME_LIMIT,693109,0,0,10,8
2,8,3.271486e6,-1.039915831369059,-0.8693272921435614,TIME_LIMIT,693133,0,0,8,5
2,8,3.271686e6,-1.039915831369059,-0.8693272921435614,TIME_LIMIT,693152,0,0,16,11
2,8,3.271892e6,-1.0399154705435856,-0.8693272921435614,TIME_LIMIT,693185,0,0,15,7
2,8,3.272024e6,-1.0399154705435856,-0.8693272921435614,TIME_LIMIT,693209,0,0,18,11
2,8,3.272162e6,-1.039915210469928,-0.8693272921435614,TIME_LIMIT,693240,0,0,21,10
2,8,3.272381e6,-1.039915210469928,-0.8693272921435614,TIME_LIMIT,693262,0,0,21,11
2,8,3.272501e6,-1.0399138304356148,-0.8693272921435614,TIME_LIMIT,693294,0,0,10,5
2,8,3.272656e6,-1.0399138304356148,-0.8693272921435614,TIME_LIMIT,693316,0,0,19,21
2,8,3.272769e6,-1.039906904454382,-0.8693272921435614,TIME_LIMIT,693345,0,0,13,5
2,8,3.272932e6,-1.039906904454382,-0.8693272921435614,TIME_LIMIT,693376,0,0,17,19
2,8,3.273028e6,-1.0399065732893447,-0.8693272921435614,TIME_LIMIT,693407,0,0,14,7
2,8,3.273125e6,-1.0399065732893447,-0.8693272921435614,TIME_LIMIT,693426,0,0,16,7
2,8,3.273302e6,-1.0399054056244952,-0.8693272921435614,TIME_LIMIT,693456,0,0,14,3
2,8,3.273401e6,-1.0399054056244952,-0.8693272921435614,TIME_LIMIT,693473,0,0,15,6
2,8,3.273452e6,-1.039901440270513,-0.8693272921435614,TIME_LIMIT,693492,0,0,6,4
2,8,3.273653e6,-1.039901440270513,-0.8693272921435614,TIME_LIMIT,693507,0,0,9,12
2,8,3.27385e6,-1.039900729357347,-0.8693272921435614,TIME_LIMIT,693538,0,0,9,10
2,8,3.273939e6,-1.039900729357347,-0.8693272921435614,TIME_LIMIT,693565,0,0,22,14
2,8,3.274138e6,-1.0398970750854928,-0.8693272921435614,TIME_LIMIT,693595,0,0,7,13
2,8,3.274249e6,-1.0398970750854928,-0.8693272921435614,TIME_LIMIT,693612,0,0,12,7
2,8,3.274342e6,-1.0398945050183173,-0.8693272921435614,TIME_LIMIT,693643,0,0,15,9
2,8,3.274408e6,-1.0398945050183173,-0.8693272921435614,TIME_LIMIT,693662,0,0,9,5
2,8,3.27444e6,-1.0398909950111523,-0.8693272921435614,TIME_LIMIT,693681,0,0,2,2
2,8,3.274523e6,-1.0398909950111523,-0.8693272921435614,TIME_LIMIT,693699,0,0,7,4
2,8,3.274607e6,-1.0398861492247087,-0.8693272921435614,TIME_LIMIT,693722,0,0,11,7
2,8,3.274768e6,-1.0398861492247087,-0.8693272921435614,TIME_LIMIT,693742,0,0,7,13
2,8,3.274867e6,-1.0398851685179509,-0.8693272921435614,TIME_LIMIT,693768,0,0,9,7
2,8,3.275001e6,-1.0398851685179509,-0.8693272921435614,TIME_LIMIT,693791,0,0,14,14
2,8,3.275117e6,-1.0398845819006493,-0.8693272921435614,TIME_LIMIT,693805,0,0,11,7
2,8,3.275313e6,-1.0398845819006493,-0.8693272921435614,TIME_LIMIT,693831,0,0,18,22
2,8,3.275404e6,-1.0398799606246967,-0.8693272921435614,TIME_LIMIT,693859,0,0,11,4
2,8,3.275615e6,-1.0398799606246967,-0.8693272921435614,TIME_LIMIT,693887,0,0,14,9
2,8,3.275826e6,-1.039876614745093,-0.8693272921435614,TIME_LIMIT,693917,0,0,17,13
2,8,3.275959e6,-1.039876614745093,-0.8693272921435614,TIME_LIMIT,693941,0,0,17,15
2,8,3.276064e6,-1.0398754561106844,-0.8693272921435614,TIME_LIMIT,693970,0,0,11,5
2,8,3.276269e6,-1.0398754561106844,-0.8693272921435614,TIME_LIMIT,693985,0,0,13,16
2,8,3.27648e6,-1.0398742535414771,-0.8693272921435614,TIME_LIMIT,694018,0,0,14,7
2,8,3.276682e6,-1.0398742535414771,-0.8693272921435614,TIME_LIMIT,694036,0,0,12,19
2,8,3.276889e6,-1.0398716003516093,-0.8693272921435614,TIME_LIMIT,694069,0,0,15,10
2,8,3.276981e6,-1.0398716003516093,-0.8693272921435614,TIME_LIMIT,694087,0,0,15,9
2,8,3.277032e6,-1.0398660390859735,-0.8693272921435614,TIME_LIMIT,694107,0,0,11,5
2,8,3.277099e6,-1.0398660390859735,-0.8693272921435614,TIME_LIMIT,694122,0,0,14,8
2,8,3.277173e6,-1.0398657379832175,-0.8693272921435614,TIME_LIMIT,694149,0,0,9,6
2,8,3.277278e6,-1.0398657379832175,-0.8693272921435614,TIME_LIMIT,694171,0,0,19,13
2,8,3.277403e6,-1.0398610984896628,-0.8693272921435614,TIME_LIMIT,694202,0,0,14,4
2,8,3.277459e6,-1.0398610984896628,-0.8693272921435614,TIME_LIMIT,694216,0,0,9,8
2,8,3.277519e6,-1.0398606091368723,-0.8693272921435614,TIME_LIMIT,694238,0,0,7,1
2,8,3.277624e6,-1.0398606091368723,-0.8693272921435614,TIME_LIMIT,694258,0,0,13,6
2,8,3.277715e6,-1.0398587634295595,-0.8693272921435614,TIME_LIMIT,694281,0,0,4,7
2,8,3.277873e6,-1.0398587634295595,-0.8693272921435614,TIME_LIMIT,694308,0,0,23,21
2,8,3.277998e6,-1.0398585342244262,-0.8693272921435614,TIME_LIMIT,694340,0,0,17,10
2,8,3.27808e6,-1.0398585342244262,-0.8693272921435614,TIME_LIMIT,694355,0,0,12,11
2,8,3.278209e6,-1.0398573417493853,-0.8693272921435614,TIME_LIMIT,694384,0,0,15,5
2,8,3.278304e6,-1.0398573417493853,-0.8693272921435614,TIME_LIMIT,694407,0,0,11,21
2,8,3.278392e6,-1.0398558778369769,-0.8693272921435614,TIME_LIMIT,694439,0,0,13,10
2,8,3.278504e6,-1.0398558778369769,-0.8693272921435614,TIME_LIMIT,694465,0,0,21,13
2,8,3.278697e6,-1.0398543442137296,-0.8693272921435614,TIME_LIMIT,694493,0,0,18,7
2,8,3.278908e6,-1.0398543442137296,-0.8693272921435614,TIME_LIMIT,694513,0,0,24,19
2,8,3.279121e6,-1.0398500152336099,-0.8693272921435614,TIME_LIMIT,694553,0,0,23,17
2,8,3.279224e6,-1.0398500152336099,-0.8693272921435614,TIME_LIMIT,694579,0,0,17,15
2,8,3.279427e6,-1.0398454060811415,-0.8693272921435614,TIME_LIMIT,694612,0,0,12,11
2,8,3.279636e6,-1.0398454060811415,-0.8693272921435614,TIME_LIMIT,694629,0,0,7,8
2,8,3.279698e6,-1.0398396205103273,-0.8693272921435614,TIME_LIMIT,694652,0,0,7,4
2,8,3.279743e6,-1.0398396205103273,-0.8693272921435614,TIME_LIMIT,694665,0,0,5,3
2,8,3.279771e6,-1.0398294567311073,-0.8693272921435614,TIME_LIMIT,694677,0,0,4,1
2,8,3.279863e6,-1.0398294567311073,-0.8693272921435614,TIME_LIMIT,694707,0,0,19,10
2,8,3.279991e6,-1.0398256120911213,-0.8693272921435614,TIME_LIMIT,694731,0,0,12,5
2,8,3.280185e6,-1.0398256120911213,-0.8693272921435614,TIME_LIMIT,694752,0,0,20,25
2,8,3.280368e6,-1.0398230226208527,-0.8693272921435614,TIME_LIMIT,694785,0,0,15,5
2,8,3.280477e6,-1.0398230226208527,-0.8693272921435614,TIME_LIMIT,694811,0,0,23,12
2,8,3.280678e6,-1.0398161390754734,-0.8693272921435614,TIME_LIMIT,694845,0,0,15,9
2,8,3.280863e6,-1.0398161390754734,-0.8693272921435614,TIME_LIMIT,694875,0,0,22,36
2,8,3.281073e6,-1.0398132725269609,-0.8693272921435614,TIME_LIMIT,694894,0,0,15,19
2,8,3.281227e6,-1.0398132725269609,-0.8693272921435614,TIME_LIMIT,694921,0,0,17,20
2,8,3.281388e6,-1.0398107470128302,-0.8693272921435614,TIME_LIMIT,694949,0,0,9,8
2,8,3.28151e6,-1.0398107470128302,-0.8693272921435614,TIME_LIMIT,694979,0,0,16,15
2,8,3.28169e6,-1.039805072244857,-0.8693272921435614,TIME_LIMIT,695003,0,0,14,13
2,8,3.281835e6,-1.039805072244857,-0.8693272921435614,TIME_LIMIT,695029,0,0,22,20
2,8,3.281952e6,-1.0398033093945949,-0.8693272921435614,TIME_LIMIT,695055,0,0,12,9
2,8,3.28212e6,-1.0398033093945949,-0.8693272921435614,TIME_LIMIT,695081,0,0,10,6
2,8,3.282172e6,-1.0397900131330378,-0.8693272921435614,TIME_LIMIT,695098,0,0,10,5
2,8,3.282389e6,-1.0397900131330378,-0.8693272921435614,TIME_LIMIT,695123,0,0,24,14
2,8,3.282594e6,-1.039789411149877,-0.8693272921435614,TIME_LIMIT,695159,0,0,14,13
2,8,3.282729e6,-1.039789411149877,-0.8693272921435614,TIME_LIMIT,695190,0,0,11,14
2,8,3.282888e6,-1.0397890150382643,-0.8693272921435614,TIME_LIMIT,695220,0,0,8,9
2,8,3.282965e6,-1.0397890150382643,-0.8693272921435614,TIME_LIMIT,695242,0,0,7,5
2,8,3.283038e6,-1.0397872169568703,-0.8693272921435614,TIME_LIMIT,695262,0,0,3,5
2,8,3.283106e6,-1.0397872169568703,-0.8693272921435614,TIME_LIMIT,695282,0,0,11,10
2,8,3.283223e6,-1.0397869156014408,-0.8693272921435614,TIME_LIMIT,695306,0,0,4,5
2,8,3.283425e6,-1.0397869156014408,-0.8693272921435614,TIME_LIMIT,695322,0,0,24,24
2,8,3.283625e6,-1.0397822995559367,-0.8693272921435614,TIME_LIMIT,695363,0,0,21,11
2,8,3.283833e6,-1.0397822995559367,-0.8693272921435614,TIME_LIMIT,695389,0,0,22,37
2,8,3.284023e6,-1.0397777134352255,-0.8693272921435614,TIME_LIMIT,695429,0,0,16,14
2,8,3.284072e6,-1.0397777134352255,-0.8693272921435614,TIME_LIMIT,695444,0,0,11,18
2,8,3.284235e6,-1.039775583856772,-0.8693272921435614,TIME_LIMIT,695471,0,0,9,7
2,8,3.284326e6,-1.039775583856772,-0.8693272921435614,TIME_LIMIT,695495,0,0,19,10
2,8,3.284441e6,-1.0397709182514714,-0.8693272921435614,TIME_LIMIT,695523,0,0,11,4
2,8,3.284651e6,-1.0397709182514714,-0.8693272921435614,TIME_LIMIT,695544,0,0,19,14
2,8,3.284794e6,-1.0397701355370148,-0.8693272921435614,TIME_LIMIT,695581,0,0,19,5
2,8,3.284925e6,-1.0397701355370148,-0.8693272921435614,TIME_LIMIT,695604,0,0,14,11
2,8,3.285142e6,-1.0397672312583737,-0.8693272921435614,TIME_LIMIT,695635,0,0,15,6
2,8,3.285216e6,-1.0397672312583737,-0.8693272921435614,TIME_LIMIT,695647,0,0,5,7
2,8,3.28525e6,-1.0397662115789772,-0.8693272921435614,TIME_LIMIT,695664,0,0,4,4
2,8,3.285455e6,-1.0397662115789772,-0.8693272921435614,TIME_LIMIT,695695,0,0,20,12
2,8,3.285619e6,-1.0397654255793318,-0.8693272921435614,TIME_LIMIT,695719,0,0,13,9
2,8,3.28579e6,-1.0397654255793318,-0.8693272921435614,TIME_LIMIT,695743,0,0,23,32
2,8,3.28589e6,-1.0397654191285697,-0.8693272921435614,TIME_LIMIT,695776,0,0,19,7
2,8,3.286095e6,-1.0397654191285697,-0.8693272921435614,TIME_LIMIT,695802,0,0,13,11
2,8,3.286151e6,-1.039764893193762,-0.8693272921435614,TIME_LIMIT,695818,0,0,11,7
2,8,3.286216e6,-1.039764893193762,-0.8693272921435614,TIME_LIMIT,695838,0,0,14,13
2,8,3.286295e6,-1.0397641415512062,-0.8693272921435614,TIME_LIMIT,695861,0,0,4,10
2,8,3.286349e6,-1.0397641415512062,-0.8693272921435614,TIME_LIMIT,695872,0,0,8,7
2,8,3.286398e6,-1.039759610118984,-0.8693272921435614,TIME_LIMIT,695891,0,0,6,2
2,8,3.286573e6,-1.039759610118984,-0.8693272921435614,TIME_LIMIT,695917,0,0,12,20
2,8,3.286693e6,-1.0397545895686402,-0.8693272921435614,TIME_LIMIT,695950,0,0,11,6
2,8,3.286887e6,-1.0397545895686402,-0.8693272921435614,TIME_LIMIT,695970,0,0,19,24
2,8,3.287076e6,-1.039753416244905,-0.8693272921435614,TIME_LIMIT,696006,0,0,15,6
2,8,3.28719e6,-1.039753416244905,-0.8693272921435614,TIME_LIMIT,696022,0,0,12,6
2,8,3.28725e6,-1.0397466898479828,-0.8693272921435614,TIME_LIMIT,696045,0,0,6,5
2,8,3.287418e6,-1.0397466898479828,-0.8693272921435614,TIME_LIMIT,696068,0,0,7,22
2,8,3.287633e6,-1.0397431300022282,-0.8693272921435614,TIME_LIMIT,696105,0,0,19,12
2,8,3.287753e6,-1.0397431300022282,-0.8693272921435614,TIME_LIMIT,696133,0,0,18,27
2,8,3.287955e6,-1.0397419782015533,-0.8693272921435614,TIME_LIMIT,696169,0,0,17,11
2,8,3.288072e6,-1.0397419782015533,-0.8693272921435614,TIME_LIMIT,696190,0,0,9,15
2,8,3.28818e6,-1.0397409999286515,-0.8693272921435614,TIME_LIMIT,696219,0,0,13,7
2,8,3.288358e6,-1.0397409999286515,-0.8693272921435614,TIME_LIMIT,696240,0,0,17,11
2,8,3.288463e6,-1.0397404926744964,-0.8693272921435614,TIME_LIMIT,696270,0,0,11,5
2,8,3.288629e6,-1.0397404926744964,-0.8693272921435614,TIME_LIMIT,696289,0,0,18,11
2,8,3.288735e6,-1.0397372750745593,-0.8693272921435614,TIME_LIMIT,696320,0,0,17,6
2,8,3.288867e6,-1.0397372750745593,-0.8693272921435614,TIME_LIMIT,696346,0,0,23,13
2,8,3.289074e6,-1.0397326366619049,-0.8693272921435614,TIME_LIMIT,696375,0,0,13,9
2,8,3.289158e6,-1.0397326366619049,-0.8693272921435614,TIME_LIMIT,696398,0,0,21,12
2,8,3.289268e6,-1.0397277849612012,-0.8693272921435614,TIME_LIMIT,696429,0,0,16,3
2,8,3.289324e6,-1.0397277849612012,-0.8693272921435614,TIME_LIMIT,696446,0,0,11,8
2,8,3.289362e6,-1.039725450269993,-0.8693272921435614,TIME_LIMIT,696457,0,0,3,1
2,8,3.289491e6,-1.039725450269993,-0.8693272921435614,TIME_LIMIT,696481,0,0,11,22
2,8,3.289549e6,-1.0397188461640292,-0.8693272921435614,TIME_LIMIT,696509,0,0,11,9
2,8,3.289742e6,-1.0397188461640292,-0.8693272921435614,TIME_LIMIT,696537,0,0,23,14
2,8,3.289868e6,-1.0397184047985282,-0.8693272921435614,TIME_LIMIT,696571,0,0,9,3
2,8,3.290016e6,-1.0397184047985282,-0.8693272921435614,TIME_LIMIT,696594,0,0,13,11
2,8,3.290063e6,-1.0397179198724702,-0.8693272921435614,TIME_LIMIT,696613,0,0,10,5
2,8,3.290191e6,-1.0397179198724702,-0.8693272921435614,TIME_LIMIT,696629,0,0,13,12
2,8,3.290306e6,-1.0397138437000752,-0.8693272921435614,TIME_LIMIT,696656,0,0,12,6
2,8,3.290374e6,-1.0397138437000752,-0.8693272921435614,TIME_LIMIT,696670,0,0,12,10
2,8,3.290576e6,-1.039708285437153,-0.8693272921435614,TIME_LIMIT,696705,0,0,13,6
2,8,3.290783e6,-1.039708285437153,-0.8693272921435614,TIME_LIMIT,696730,0,0,17,15
2,8,3.290992e6,-1.0397070585940194,-0.8693272921435614,TIME_LIMIT,696759,0,0,14,7
2,8,3.291056e6,-1.0397070585940194,-0.8693272921435614,TIME_LIMIT,696774,0,0,7,6
2,8,3.291175e6,-1.0397035541738275,-0.8693272921435614,TIME_LIMIT,696802,0,0,13,4
2,8,3.291376e6,-1.0397035541738275,-0.8693272921435614,TIME_LIMIT,696820,0,0,13,11
2,8,3.291582e6,-1.0397003280072774,-0.8693272921435614,TIME_LIMIT,696850,0,0,14,9
2,8,3.291636e6,-1.0397003280072774,-0.8693272921435614,TIME_LIMIT,696869,0,0,12,6
2,8,3.29167e6,-1.039698021158769,-0.8693272921435614,TIME_LIMIT,696889,0,0,7,3
2,8,3.291752e6,-1.039698021158769,-0.8693272921435614,TIME_LIMIT,696905,0,0,9,9
2,8,3.291885e6,-1.0396966955945426,-0.8693272921435614,TIME_LIMIT,696932,0,0,8,3
2,8,3.291973e6,-1.0396966955945426,-0.8693272921435614,TIME_LIMIT,696954,0,0,12,8
2,8,3.292036e6,-1.0396937345006387,-0.8693272921435614,TIME_LIMIT,696967,0,0,12,4
2,8,3.292102e6,-1.0396937345006387,-0.8693272921435614,TIME_LIMIT,696983,0,0,13,16
2,8,3.292202e6,-1.03969247791737,-0.8693272921435614,TIME_LIMIT,697006,0,0,8,5
2,8,3.292403e6,-1.03969247791737,-0.8693272921435614,TIME_LIMIT,697035,0,0,14,12
2,8,3.29249e6,-1.0396909682653876,-0.8693272921435614,TIME_LIMIT,697054,0,0,12,3
2,8,3.292698e6,-1.0396909682653876,-0.8693272921435614,TIME_LIMIT,697078,0,0,18,8
2,8,3.292812e6,-1.039687451509097,-0.8693272921435614,TIME_LIMIT,697102,0,0,15,8
2,8,3.29293e6,-1.039687451509097,-0.8693272921435614,TIME_LIMIT,697127,0,0,23,11
2,8,3.293086e6,-1.039685186867595,-0.8693272921435614,TIME_LIMIT,697164,0,0,20,4
2,8,3.293227e6,-1.039685186867595,-0.8693272921435614,TIME_LIMIT,697189,0,0,22,17
2,8,3.293359e6,-1.0396830997122768,-0.8693272921435614,TIME_LIMIT,697221,0,0,15,5
2,8,3.293562e6,-1.0396830997122768,-0.8693272921435614,TIME_LIMIT,697247,0,0,16,19
2,8,3.293774e6,-1.0396786546888062,-0.8693272921435614,TIME_LIMIT,697283,0,0,10,7
2,8,3.293924e6,-1.0396786546888062,-0.8693272921435614,TIME_LIMIT,697304,0,0,12,6
2,8,3.294017e6,-1.039678454372873,-0.8693272921435614,TIME_LIMIT,697336,0,0,14,6
2,8,3.294085e6,-1.039678454372873,-0.8693272921435614,TIME_LIMIT,697350,0,0,10,9
2,8,3.294207e6,-1.0396761212314458,-0.8693272921435614,TIME_LIMIT,697383,0,0,15,6
2,8,3.294281e6,-1.0396761212314458,-0.8693272921435614,TIME_LIMIT,697409,0,0,10,19
2,8,3.294474e6,-1.0396745221339563,-0.8693272921435614,TIME_LIMIT,697441,0,0,11,7
2,8,3.294596e6,-1.0396745221339563,-0.8693272921435614,TIME_LIMIT,697466,0,0,15,8
2,8,3.294751e6,-1.039671738424523,-0.8693272921435614,TIME_LIMIT,697489,0,0,10,5
2,8,3.294875e6,-1.039671738424523,-0.8693272921435614,TIME_LIMIT,697510,0,0,21,20
2,8,3.29502e6,-1.0396684177189215,-0.8693272921435614,TIME_LIMIT,697542,0,0,14,7
2,8,3.295134e6,-1.0396684177189215,-0.8693272921435614,TIME_LIMIT,697564,0,0,19,11
2,8,3.295197e6,-1.039667993364047,-0.8693272921435614,TIME_LIMIT,697586,0,0,13,8
2,8,3.295325e6,-1.039667993364047,-0.8693272921435614,TIME_LIMIT,697603,0,0,12,11
2,8,3.295464e6,-1.0396606425427684,-0.8693272921435614,TIME_LIMIT,697636,0,0,18,3
2,8,3.295611e6,-1.0396606425427684,-0.8693272921435614,TIME_LIMIT,697656,0,0,18,24
2,8,3.295807e6,-1.0396599052320332,-0.8693272921435614,TIME_LIMIT,697691,0,0,9,7
2,8,3.295945e6,-1.0396599052320332,-0.8693272921435614,TIME_LIMIT,697711,0,0,12,11
2,8,3.296015e6,-1.0396598195761442,-0.8693272921435614,TIME_LIMIT,697737,0,0,12,11
2,8,3.29607e6,-1.0396598195761442,-0.8693272921435614,TIME_LIMIT,697753,0,0,10,6
2,8,3.296149e6,-1.0396557308117278,-0.8693272921435614,TIME_LIMIT,697773,0,0,6,4
2,8,3.296221e6,-1.0396557308117278,-0.8693272921435614,TIME_LIMIT,697788,0,0,7,12
2,8,3.296283e6,-1.0396547494388955,-0.8693272921435614,TIME_LIMIT,697811,0,0,7,5
2,8,3.296328e6,-1.0396547494388955,-0.8693272921435614,TIME_LIMIT,697826,0,0,6,4
2,8,3.296357e6,-1.0396525459467454,-0.8693272921435614,TIME_LIMIT,697842,0,0,4,3
2,8,3.296486e6,-1.0396525459467454,-0.8693272921435614,TIME_LIMIT,697864,0,0,12,15
2,8,3.296573e6,-1.0396499851449794,-0.8693272921435614,TIME_LIMIT,697887,0,0,10,5
2,8,3.296784e6,-1.0396499851449794,-0.8693272921435614,TIME_LIMIT,697912,0,0,25,9
2,8,3.296912e6,-1.0396425446841346,-0.8693272921435614,TIME_LIMIT,697943,0,0,15,6
2,8,3.297122e6,-1.0396425446841346,-0.8693272921435614,TIME_LIMIT,697970,0,0,18,16
2,8,3.297229e6,-1.0396422973062749,-0.8693272921435614,TIME_LIMIT,697999,0,0,16,8
2,8,3.297436e6,-1.0396422973062749,-0.8693272921435614,TIME_LIMIT,698021,0,0,10,16
2,8,3.297566e6,-1.0396392639408587,-0.8693272921435614,TIME_LIMIT,698044,0,0,15,8
2,8,3.297779e6,-1.0396392639408587,-0.8693272921435614,TIME_LIMIT,698065,0,0,15,7
2,8,3.29792e6,-1.0396384942359616,-0.8693272921435614,TIME_LIMIT,698091,0,0,13,6
2,8,3.297971e6,-1.0396384942359616,-0.8693272921435614,TIME_LIMIT,698103,0,0,16,11
2,8,3.298025e6,-1.0396333390852546,-0.8693272921435614,TIME_LIMIT,698125,0,0,11,3
2,8,3.298091e6,-1.0396333390852546,-0.8693272921435614,TIME_LIMIT,698146,0,0,18,7
2,8,3.298183e6,-1.039630890690275,-0.8693272921435614,TIME_LIMIT,698163,0,0,12,3
2,8,3.298245e6,-1.039630890690275,-0.8693272921435614,TIME_LIMIT,698175,0,0,8,11
2,8,3.298294e6,-1.0396277381006893,-0.8693272921435614,TIME_LIMIT,698192,0,0,7,3
2,8,3.298408e6,-1.0396277381006893,-0.8693272921435614,TIME_LIMIT,698220,0,0,19,14
2,8,3.29861e6,-1.0396098005740861,-0.8693272921435614,TIME_LIMIT,698251,0,0,6,4
2,8,3.29873e6,-1.0396098005740861,-0.8693272921435614,TIME_LIMIT,698268,0,0,10,11
2,8,3.298861e6,-1.0396080494167914,-0.8693272921435614,TIME_LIMIT,698297,0,0,12,5
2,8,3.298981e6,-1.0396080494167914,-0.8693272921435614,TIME_LIMIT,698323,0,0,18,10
2,8,3.29913e6,-1.0396023371761705,-0.8693272921435614,TIME_LIMIT,698350,0,0,9,12
2,8,3.299336e6,-1.0396023371761705,-0.8693272921435614,TIME_LIMIT,698365,0,0,8,16
2,8,3.299555e6,-1.0395974742168073,-0.8693272921435614,TIME_LIMIT,698397,0,0,14,12
2,8,3.299676e6,-1.0395974742168073,-0.8693272921435614,TIME_LIMIT,698422,0,0,23,22
2,8,3.299758e6,-1.0395931048617633,-0.8693272921435614,TIME_LIMIT,698449,0,0,12,5
2,8,3.299824e6,-1.0395931048617633,-0.8693272921435614,TIME_LIMIT,698468,0,0,9,13
2,8,3.299901e6,-1.0395918387745056,-0.8693272921435614,TIME_LIMIT,698489,0,0,14,6
2,8,3.300049e6,-1.0395918387745056,-0.8693272921435614,TIME_LIMIT,698509,0,0,13,16
2,8,3.300142e6,-1.0395894743081073,-0.8693272921435614,TIME_LIMIT,698537,0,0,6,7
2,8,3.300345e6,-1.0395894743081073,-0.8693272921435614,TIME_LIMIT,698567,0,0,11,17
2,8,3.300499e6,-1.0395848851496083,-0.8693272921435614,TIME_LIMIT,698595,0,0,9,7
2,8,3.3007e6,-1.0395848851496083,-0.8693272921435614,TIME_LIMIT,698615,0,0,8,23
2,8,3.300913e6,-1.0395821800895306,-0.8693272921435614,TIME_LIMIT,698647,0,0,10,8
2,8,3.301026e6,-1.0395821800895306,-0.8693272921435614,TIME_LIMIT,698667,0,0,10,15
2,8,3.301103e6,-1.039581638460124,-0.8693272921435614,TIME_LIMIT,698693,0,0,11,9
2,8,3.301272e6,-1.039581638460124,-0.8693272921435614,TIME_LIMIT,698720,0,0,19,17
2,8,3.301401e6,-1.0395809757361696,-0.8693272921435614,TIME_LIMIT,698754,0,0,13,7
2,8,3.301517e6,-1.0395809757361696,-0.8693272921435614,TIME_LIMIT,698776,0,0,11,22
2,8,3.301647e6,-1.0395798747695988,-0.8693272921435614,TIME_LIMIT,698802,0,0,11,4
2,8,3.301752e6,-1.0395798747695988,-0.8693272921435614,TIME_LIMIT,698821,0,0,9,15
2,8,3.301849e6,-1.0395780792592886,-0.8693272921435614,TIME_LIMIT,698850,0,0,13,6
2,8,3.302016e6,-1.0395780792592886,-0.8693272921435614,TIME_LIMIT,698874,0,0,16,9
2,8,3.30213e6,-1.0395753004490087,-0.8693272921435614,TIME_LIMIT,698895,0,0,15,8
2,8,3.302292e6,-1.0395753004490087,-0.8693272921435614,TIME_LIMIT,698923,0,0,21,9
2,8,3.302495e6,-1.0395727404059059,-0.8693272921435614,TIME_LIMIT,698952,0,0,10,10
2,8,3.302622e6,-1.0395727404059059,-0.8693272921435614,TIME_LIMIT,698977,0,0,16,2
2,8,3.302837e6,-1.0395722747316383,-0.8693272921435614,TIME_LIMIT,698995,0,0,11,6
2,8,3.302938e6,-1.0395722747316383,-0.8693272921435614,TIME_LIMIT,699022,0,0,16,5
2,8,3.303009e6,-1.0395693261984995,-0.8693272921435614,TIME_LIMIT,699045,0,0,8,7
2,8,3.303135e6,-1.0395693261984995,-0.8693272921435614,TIME_LIMIT,699069,0,0,13,19
2,8,3.303206e6,-1.0395649784058238,-0.8693272921435614,TIME_LIMIT,699093,0,0,10,4
2,8,3.303375e6,-1.0395649784058238,-0.8693272921435614,TIME_LIMIT,699117,0,0,16,13
2,8,3.303453e6,-1.0395641416005876,-0.8693272921435614,TIME_LIMIT,699135,0,0,14,5
2,8,3.303512e6,-1.0395641416005876,-0.8693272921435614,TIME_LIMIT,699147,0,0,7,4
2,8,3.303551e6,-1.0395583418012688,-0.8693272921435614,TIME_LIMIT,699167,0,0,6,3
2,8,3.30375e6,-1.0395583418012688,-0.8693272921435614,TIME_LIMIT,699187,0,0,16,15
2,8,3.303901e6,-1.0395580675900022,-0.8693272921435614,TIME_LIMIT,699217,0,0,12,7
2,8,3.304078e6,-1.0395580675900022,-0.8693272921435614,TIME_LIMIT,699245,0,0,9,24
2,8,3.30424e6,-1.0395580270119948,-0.8693272921435614,TIME_LIMIT,699272,0,0,11,7
2,8,3.304411e6,-1.0395580270119948,-0.8693272921435614,TIME_LIMIT,699295,0,0,19,10
2,8,3.30461e6,-1.0395576761942047,-0.8693272921435614,TIME_LIMIT,699327,0,0,14,8
2,8,3.304818e6,-1.0395576761942047,-0.8693272921435614,TIME_LIMIT,699351,0,0,24,35
2,8,3.305025e6,-1.0395568781595266,-0.8693272921435614,TIME_LIMIT,699390,0,0,22,17
2,8,3.305232e6,-1.0395568781595266,-0.8693272921435614,TIME_LIMIT,699421,0,0,23,29
2,8,3.305433e6,-1.0395518397029089,-0.8693272921435614,TIME_LIMIT,699451,0,0,16,11
2,8,3.3056e6,-1.0395518397029089,-0.8693272921435614,TIME_LIMIT,699473,0,0,17,11
2,8,3.305715e6,-1.0395473488456224,-0.8693272921435614,TIME_LIMIT,699497,0,0,10,8
2,8,3.305786e6,-1.0395473488456224,-0.8693272921435614,TIME_LIMIT,699518,0,0,15,8
2,8,3.305926e6,-1.039546903545063,-0.8693272921435614,TIME_LIMIT,699552,0,0,15,11
2,8,3.305977e6,-1.039546903545063,-0.8693272921435614,TIME_LIMIT,699570,0,0,11,3
2,8,3.306013e6,-1.0395468345853933,-0.8693272921435614,TIME_LIMIT,699588,0,0,3,4
2,8,3.306063e6,-1.0395468345853933,-0.8693272921435614,TIME_LIMIT,699600,0,0,8,10
2,8,3.306136e6,-1.0395456186410845,-0.8693272921435614,TIME_LIMIT,699628,0,0,10,6
2,8,3.306201e6,-1.0395456186410845,-0.8693272921435614,TIME_LIMIT,699647,0,0,14,8
2,8,3.306261e6,-1.0395381044016576,-0.8693272921435614,TIME_LIMIT,699669,0,0,10,3
2,8,3.306469e6,-1.0395381044016576,-0.8693272921435614,TIME_LIMIT,699687,0,0,17,26
2,8,3.306628e6,-1.0395348112749732,-0.8693272921435614,TIME_LIMIT,699723,0,0,16,7
2,8,3.306761e6,-1.0395348112749732,-0.8693272921435614,TIME_LIMIT,699736,0,0,13,13
2,8,3.306898e6,-1.0395284315942108,-0.8693272921435614,TIME_LIMIT,699765,0,0,10,7
2,8,3.307107e6,-1.0395284315942108,-0.8693272921435614,TIME_LIMIT,699799,0,0,20,19
2,8,3.307306e6,-1.0395271695347792,-0.8693272921435614,TIME_LIMIT,699825,0,0,20,14
2,8,3.307416e6,-1.0395271695347792,-0.8693272921435614,TIME_LIMIT,699847,0,0,18,10
2,8,3.307532e6,-1.0395267753004944,-0.8693272921435614,TIME_LIMIT,699877,0,0,10,6
2,8,3.307691e6,-1.0395267753004944,-0.8693272921435614,TIME_LIMIT,699903,0,0,6,8
2,8,3.307767e6,-1.0395252432574524,-0.8693272921435614,TIME_LIMIT,699925,0,0,7,7
2,8,3.307835e6,-1.0395252432574524,-0.8693272921435614,TIME_LIMIT,699944,0,0,14,10
2,8,3.307916e6,-1.0395134526402583,-0.8693272921435614,TIME_LIMIT,699968,0,0,10,4
2,8,3.30804e6,-1.0395134526402583,-0.8693272921435614,TIME_LIMIT,699994,0,0,16,12
2,8,3.30816e6,-1.039513315187664,-0.8693272921435614,TIME_LIMIT,700022,0,0,10,7
2,8,3.308218e6,-1.039513315187664,-0.8693272921435614,TIME_LIMIT,700038,0,0,8,1
2,8,3.308255e6,-1.039510776553103,-0.8693272921435614,TIME_LIMIT,700050,0,0,3,1
2,8,3.308315e6,-1.039510776553103,-0.8693272921435614,TIME_LIMIT,700068,0,0,3,12
2,8,3.308385e6,-1.03950757098464,-0.8693272921435614,TIME_LIMIT,700094,0,0,10,4
2,8,3.308453e6,-1.03950757098464,-0.8693272921435614,TIME_LIMIT,700111,0,0,5,8
2,8,3.308508e6,-1.039507159545341,-0.8693272921435614,TIME_LIMIT,700129,0,0,4,5
2,8,3.308535e6,-1.039507159545341,-0.8693272921435614,TIME_LIMIT,700131,0,0,1,1
2,8,3.308547e6,-1.0395026695326806,-0.8693272921435614,TIME_LIMIT,700133,0,0,1,0
2,8,3.308724e6,-1.0395026695326806,-0.8693272921435614,TIME_LIMIT,700160,0,0,18,22
2,8,3.308818e6,-1.0395003098969378,-0.8693272921435614,TIME_LIMIT,700190,0,0,4,6
2,8,3.309021e6,-1.0395003098969378,-0.8693272921435614,TIME_LIMIT,700218,0,0,2,26
2,8,3.309229e6,-1.0394949164728648,-0.8693272921435614,TIME_LIMIT,700252,0,0,14,17
2,8,3.30935e6,-1.0394949164728648,-0.8693272921435614,TIME_LIMIT,700272,0,0,19,14
2,8,3.309543e6,-1.0394932008142068,-0.8693272921435614,TIME_LIMIT,700301,0,0,11,4
2,8,3.309751e6,-1.0394932008142068,-0.8693272921435614,TIME_LIMIT,700325,0,0,20,26
2,8,3.309941e6,-1.0394921814911786,-0.8693272921435614,TIME_LIMIT,700357,0,0,17,16
2,8,3.310122e6,-1.0394921814911786,-0.8693272921435614,TIME_LIMIT,700383,0,0,21,2
2,8,3.310205e6,-1.0394921123315282,-0.8693272921435614,TIME_LIMIT,700403,0,0,16,5
2,8,3.310314e6,-1.0394921123315282,-0.8693272921435614,TIME_LIMIT,700427,0,0,17,8
2,8,3.310374e6,-1.0394871311948666,-0.8693272921435614,TIME_LIMIT,700451,0,0,9,2
2,8,3.310547e6,-1.0394871311948666,-0.8693272921435614,TIME_LIMIT,700473,0,0,18,16
2,8,3.310754e6,-1.0394839186644003,-0.8693272921435614,TIME_LIMIT,700506,0,0,12,11
2,8,3.310899e6,-1.0394839186644003,-0.8693272921435614,TIME_LIMIT,700528,0,0,14,8
2,8,3.311102e6,-1.0394831695824045,-0.8693272921435614,TIME_LIMIT,700551,0,0,9,9
2,8,3.311205e6,-1.0394831695824045,-0.8693272921435614,TIME_LIMIT,700569,0,0,23,17
2,8,3.311405e6,-1.0394793858348137,-0.8693272921435614,TIME_LIMIT,700605,0,0,15,8
2,8,3.311575e6,-1.0394793858348137,-0.8693272921435614,TIME_LIMIT,700626,0,0,20,14
2,8,3.311784e6,-1.039476514220849,-0.8693272921435614,TIME_LIMIT,700656,0,0,15,4
2,8,3.311886e6,-1.039476514220849,-0.8693272921435614,TIME_LIMIT,700681,0,0,9,12
2,8,3.311941e6,-1.0394746628166707,-0.8693272921435614,TIME_LIMIT,700703,0,0,13,5
2,8,3.312145e6,-1.0394746628166707,-0.8693272921435614,TIME_LIMIT,700719,0,0,7,7
2,8,3.312234e6,-1.0394665626020725,-0.8693272921435614,TIME_LIMIT,700741,0,0,11,6
2,8,3.312338e6,-1.0394665626020725,-0.8693272921435614,TIME_LIMIT,700770,0,0,22,12
2,8,3.312399e6,-1.039463598852487,-0.8693272921435614,TIME_LIMIT,700794,0,0,4,3
2,8,3.312601e6,-1.039463598852487,-0.8693272921435614,TIME_LIMIT,700820,0,0,8,18
2,8,3.31281e6,-1.0394578394146774,-0.8693272921435614,TIME_LIMIT,700851,0,0,8,12
2,8,3.312939e6,-1.0394578394146774,-0.8693272921435614,TIME_LIMIT,700872,0,0,13,16
2,8,3.313121e6,-1.0394566179002775,-0.8693272921435614,TIME_LIMIT,700910,0,0,18,4
2,8,3.313228e6,-1.0394566179002775,-0.8693272921435614,TIME_LIMIT,700932,0,0,15,7
2,8,3.313344e6,-1.039456072573723,-0.8693272921435614,TIME_LIMIT,700956,0,0,11,8
2,8,3.31343e6,-1.039456072573723,-0.8693272921435614,TIME_LIMIT,700978,0,0,13,10
2,8,3.313542e6,-1.0394538404354674,-0.8693272921435614,TIME_LIMIT,701003,0,0,9,6
2,8,3.313746e6,-1.0394538404354674,-0.8693272921435614,TIME_LIMIT,701022,0,0,21,21
2,8,3.313877e6,-1.0394524768571416,-0.8693272921435614,TIME_LIMIT,701059,0,0,14,7
2,8,3.313975e6,-1.0394524768571416,-0.8693272921435614,TIME_LIMIT,701075,0,0,20,7
2,8,3.314033e6,-1.0394374051356274,-0.8693272921435614,TIME_LIMIT,701098,0,0,8,3
2,8,3.31413e6,-1.0394374051356274,-0.8693272921435614,TIME_LIMIT,701123,0,0,13,12
2,8,3.314193e6,-1.0394351031046298,-0.8693272921435614,TIME_LIMIT,701143,0,0,5,3
2,8,3.314343e6,-1.0394351031046298,-0.8693272921435614,TIME_LIMIT,701174,0,0,23,16
2,8,3.314468e6,-1.0394331695132557,-0.8693272921435614,TIME_LIMIT,701203,0,0,19,9
2,8,3.314686e6,-1.0394331695132557,-0.8693272921435614,TIME_LIMIT,701228,0,0,16,30
2,8,3.314813e6,-1.0394306102814002,-0.8693272921435614,TIME_LIMIT,701255,0,0,18,12
2,8,3.314907e6,-1.0394306102814002,-0.8693272921435614,TIME_LIMIT,701278,0,0,19,9
2,8,3.315029e6,-1.0394299360684565,-0.8693272921435614,TIME_LIMIT,701314,0,0,15,9
2,8,3.315081e6,-1.0394299360684565,-0.8693272921435614,TIME_LIMIT,701337,0,0,11,12
2,8,3.315135e6,-1.0394288926639232,-0.8693272921435614,TIME_LIMIT,701355,0,0,5,8
2,8,3.315286e6,-1.0394288926639232,-0.8693272921435614,TIME_LIMIT,701378,0,0,20,12
2,8,3.315444e6,-1.0394285557268748,-0.8693272921435614,TIME_LIMIT,701408,0,0,15,3
2,8,3.315563e6,-1.0394285557268748,-0.8693272921435614,TIME_LIMIT,701428,0,0,11,13
2,8,3.315641e6,-1.039427615057927,-0.8693272921435614,TIME_LIMIT,701452,0,0,9,6
2,8,3.315837e6,-1.039427615057927,-0.8693272921435614,TIME_LIMIT,701471,0,0,18,24
2,8,3.316015e6,-1.0394230893767729,-0.8693272921435614,TIME_LIMIT,701511,0,0,22,8
2,8,3.316157e6,-1.0394230893767729,-0.8693272921435614,TIME_LIMIT,701532,0,0,18,16
2,8,3.316347e6,-1.0394225926284608,-0.8693272921435614,TIME_LIMIT,701562,0,0,13,8
2,8,3.316394e6,-1.0394225926284608,-0.8693272921435614,TIME_LIMIT,701575,0,0,8,13
2,8,3.31648e6,-1.039421895776489,-0.8693272921435614,TIME_LIMIT,701597,0,0,5,6
2,8,3.316569e6,-1.039421895776489,-0.8693272921435614,TIME_LIMIT,701618,0,0,15,4
2,8,3.316684e6,-1.0394218829717436,-0.8693272921435614,TIME_LIMIT,701653,0,0,8,14
2,8,3.316899e6,-1.0394218829717436,-0.8693272921435614,TIME_LIMIT,701672,0,0,20,23
2,8,3.317109e6,-1.039420701379245,-0.8693272921435614,TIME_LIMIT,701705,0,0,7,5
2,8,3.31721e6,-1.039420701379245,-0.8693272921435614,TIME_LIMIT,701726,0,0,8,10
2,8,3.317331e6,-1.0394204096386488,-0.8693272921435614,TIME_LIMIT,701751,0,0,15,9
2,8,3.317372e6,-1.0394204096386488,-0.8693272921435614,TIME_LIMIT,701759,0,0,8,5
2,8,3.317409e6,-1.0394133492494722,-0.8693272921435614,TIME_LIMIT,701780,0,0,5,0
2,8,3.317538e6,-1.0394133492494722,-0.8693272921435614,TIME_LIMIT,701803,0,0,16,7
2,8,3.317586e6,-1.039413106535017,-0.8693272921435614,TIME_LIMIT,701818,0,0,6,3
2,8,3.317691e6,-1.039413106535017,-0.8693272921435614,TIME_LIMIT,701844,0,0,16,6
2,8,3.317755e6,-1.0394108857006783,-0.8693272921435614,TIME_LIMIT,701860,0,0,8,5
2,8,3.317863e6,-1.0394108857006783,-0.8693272921435614,TIME_LIMIT,701880,0,0,19,33
2,8,3.318065e6,-1.0394096510498712,-0.8693272921435614,TIME_LIMIT,701914,0,0,15,9
2,8,3.31814e6,-1.0394096510498712,-0.8693272921435614,TIME_LIMIT,701934,0,0,13,12
2,8,3.318208e6,-1.03940043209283,-0.8693272921435614,TIME_LIMIT,701962,0,0,12,11
2,8,3.318395e6,-1.03940043209283,-0.8693272921435614,TIME_LIMIT,701990,0,0,8,15
2,8,3.318552e6,-1.0393997119695182,-0.8693272921435614,TIME_LIMIT,702022,0,0,13,15
2,8,3.318677e6,-1.0393997119695182,-0.8693272921435614,TIME_LIMIT,702045,0,0,12,19
2,8,3.31874e6,-1.0393995155056834,-0.8693272921435614,TIME_LIMIT,702063,0,0,4,4
2,8,3.318937e6,-1.0393995155056834,-0.8693272921435614,TIME_LIMIT,702085,0,0,6,10
2,8,3.319054e6,-1.039395461348326,-0.8693272921435614,TIME_LIMIT,702113,0,0,15,17
2,8,3.31924e6,-1.039395461348326,-0.8693272921435614,TIME_LIMIT,702144,0,0,18,15
2,8,3.319326e6,-1.0393936395216032,-0.8693272921435614,TIME_LIMIT,702170,0,0,10,7
2,8,3.319359e6,-1.0393936395216032,-0.8693272921435614,TIME_LIMIT,702185,0,0,6,5
2,8,3.319388e6,-1.0393921133980162,-0.8693272921435614,TIME_LIMIT,702196,0,0,2,1
2,8,3.319478e6,-1.0393921133980162,-0.8693272921435614,TIME_LIMIT,702214,0,0,11,14
2,8,3.319651e6,-1.0393915518538577,-0.8693272921435614,TIME_LIMIT,702247,0,0,14,11
2,8,3.319714e6,-1.0393915518538577,-0.8693272921435614,TIME_LIMIT,702262,0,0,11,12
2,8,3.319834e6,-1.0393897816641529,-0.8693272921435614,TIME_LIMIT,702289,0,0,10,5
2,8,3.31992e6,-1.0393897816641529,-0.8693272921435614,TIME_LIMIT,702308,0,0,13,16
2,8,3.32003e6,-1.0393890103086034,-0.8693272921435614,TIME_LIMIT,702340,0,0,17,4
2,8,3.320232e6,-1.0393890103086034,-0.8693272921435614,TIME_LIMIT,702364,0,0,16,23
2,8,3.320385e6,-1.0393882112953907,-0.8693272921435614,TIME_LIMIT,702401,0,0,20,12
2,8,3.320593e6,-1.0393882112953907,-0.8693272921435614,TIME_LIMIT,702427,0,0,21,20
2,8,3.320803e6,-1.0393876034161904,-0.8693272921435614,TIME_LIMIT,702458,0,0,14,11
2,8,3.320884e6,-1.0393876034161904,-0.8693272921435614,TIME_LIMIT,702479,0,0,15,14
2,8,3.32097e6,-1.039376143392943,-0.8693272921435614,TIME_LIMIT,702510,0,0,16,4
2,8,3.321061e6,-1.039376143392943,-0.8693272921435614,TIME_LIMIT,702531,0,0,9,3
2,8,3.321116e6,-1.0393760609145488,-0.8693272921435614,TIME_LIMIT,702545,0,0,7,10
2,8,3.321242e6,-1.0393760609145488,-0.8693272921435614,TIME_LIMIT,702573,0,0,23,15
2,8,3.321369e6,-1.0393730211119052,-0.8693272921435614,TIME_LIMIT,702605,0,0,8,9
2,8,3.321529e6,-1.0393730211119052,-0.8693272921435614,TIME_LIMIT,702630,0,0,13,22
2,8,3.321737e6,-1.0393721565674605,-0.8693272921435614,TIME_LIMIT,702663,0,0,14,12
2,8,3.321823e6,-1.0393721565674605,-0.8693272921435614,TIME_LIMIT,702683,0,0,10,11
2,8,3.322001e6,-1.039371011968017,-0.8693272921435614,TIME_LIMIT,702713,0,0,13,7
2,8,3.32209e6,-1.039371011968017,-0.8693272921435614,TIME_LIMIT,702732,0,0,11,8
2,8,3.322146e6,-1.0393646378027377,-0.8693272921435614,TIME_LIMIT,702753,0,0,8,5
2,8,3.322278e6,-1.0393646378027377,-0.8693272921435614,TIME_LIMIT,702775,0,0,21,32
2,8,3.322398e6,-1.0393605685708587,-0.8693272921435614,TIME_LIMIT,702816,0,0,16,14
2,8,3.322502e6,-1.0393605685708587,-0.8693272921435614,TIME_LIMIT,702846,0,0,13,15
2,8,3.322552e6,-1.0393596090860617,-0.8693272921435614,TIME_LIMIT,702866,0,0,9,3
2,8,3.322705e6,-1.0393596090860617,-0.8693272921435614,TIME_LIMIT,702889,0,0,15,15
2,8,3.322795e6,-1.03935502682629,-0.8693272921435614,TIME_LIMIT,702915,0,0,14,14
2,8,3.32299e6,-1.03935502682629,-0.8693272921435614,TIME_LIMIT,702935,0,0,19,27
2,8,3.323172e6,-1.0393535689788744,-0.8693272921435614,TIME_LIMIT,702972,0,0,16,9
2,8,3.323374e6,-1.0393535689788744,-0.8693272921435614,TIME_LIMIT,702994,0,0,20,16
2,8,3.323486e6,-1.0393526275379878,-0.8693272921435614,TIME_LIMIT,703023,0,0,12,4
2,8,3.323559e6,-1.0393526275379878,-0.8693272921435614,TIME_LIMIT,703038,0,0,9,5
2,8,3.323663e6,-1.0393470607611024,-0.8693272921435614,TIME_LIMIT,703064,0,0,14,5
2,8,3.323871e6,-1.0393470607611024,-0.8693272921435614,TIME_LIMIT,703092,0,0,16,6
2,8,3.324027e6,-1.0393466421045494,-0.8693272921435614,TIME_LIMIT,703118,0,0,8,3
2,8,3.324088e6,-1.0393466421045494,-0.8693272921435614,TIME_LIMIT,703137,0,0,13,5
2,8,3.32414e6,-1.03934399587598,-0.8693272921435614,TIME_LIMIT,703155,0,0,3,2
2,8,3.324264e6,-1.03934399587598,-0.8693272921435614,TIME_LIMIT,703172,0,0,13,17
2,8,3.324354e6,-1.039340060401673,-0.8693272921435614,TIME_LIMIT,703205,0,0,11,9
2,8,3.324457e6,-1.039340060401673,-0.8693272921435614,TIME_LIMIT,703227,0,0,13,12
2,8,3.324563e6,-1.0393331403743993,-0.8693272921435614,TIME_LIMIT,703248,0,0,10,6
2,8,3.324774e6,-1.0393331403743993,-0.8693272921435614,TIME_LIMIT,703272,0,0,27,20
2,8,3.324903e6,-1.0393274834933335,-0.8693272921435614,TIME_LIMIT,703310,0,0,14,15
2,8,3.324998e6,-1.0393274834933335,-0.8693272921435614,TIME_LIMIT,703333,0,0,9,9
2,8,3.325084e6,-1.0393267589130093,-0.8693272921435614,TIME_LIMIT,703361,0,0,14,6
2,8,3.32518e6,-1.0393267589130093,-0.8693272921435614,TIME_LIMIT,703383,0,0,16,19
2,8,3.325248e6,-1.0393266061298438,-0.8693272921435614,TIME_LIMIT,703409,0,0,15,4
2,8,3.325452e6,-1.0393266061298438,-0.8693272921435614,TIME_LIMIT,703434,0,0,22,27
2,8,3.32566e6,-1.0393260823644455,-0.8693272921435614,TIME_LIMIT,703467,0,0,20,8
2,8,3.325747e6,-1.0393260823644455,-0.8693272921435614,TIME_LIMIT,703486,0,0,13,7
2,8,3.325802e6,-1.0393217978523663,-0.8693272921435614,TIME_LIMIT,703511,0,0,10,8
2,8,3.325922e6,-1.0393217978523663,-0.8693272921435614,TIME_LIMIT,703529,0,0,10,5
2,8,3.326003e6,-1.039317172871696,-0.8693272921435614,TIME_LIMIT,703552,0,0,11,3
2,8,3.326055e6,-1.039317172871696,-0.8693272921435614,TIME_LIMIT,703568,0,0,8,1
2,8,3.326107e6,-1.0393171472376448,-0.8693272921435614,TIME_LIMIT,703583,0,0,8,9
2,8,3.326224e6,-1.0393171472376448,-0.8693272921435614,TIME_LIMIT,703609,0,0,20,22
2,8,3.326377e6,-1.0393167240477954,-0.8693272921435614,TIME_LIMIT,703644,0,0,16,10
2,8,3.326524e6,-1.0393167240477954,-0.8693272921435614,TIME_LIMIT,703668,0,0,15,11
2,8,3.326608e6,-1.0393127913442102,-0.8693272921435614,TIME_LIMIT,703685,0,0,11,5
2,8,3.326732e6,-1.0393127913442102,-0.8693272921435614,TIME_LIMIT,703706,0,0,11,8
2,8,3.326801e6,-1.0393086938255593,-0.8693272921435614,TIME_LIMIT,703728,0,0,8,6
2,8,3.326984e6,-1.0393086938255593,-0.8693272921435614,TIME_LIMIT,703756,0,0,26,27
2,8,3.327082e6,-1.0393083728985089,-0.8693272921435614,TIME_LIMIT,703788,0,0,10,12
2,8,3.327226e6,-1.0393083728985089,-0.8693272921435614,TIME_LIMIT,703813,0,0,22,12
2,8,3.327362e6,-1.0393076327127335,-0.8693272921435614,TIME_LIMIT,703844,0,0,12,11
2,8,3.327537e6,-1.0393076327127335,-0.8693272921435614,TIME_LIMIT,703871,0,0,19,16
2,8,3.32769e6,-1.0393072704753266,-0.8693272921435614,TIME_LIMIT,703900,0,0,11,8
2,8,3.327811e6,-1.0393072704753266,-0.8693272921435614,TIME_LIMIT,703926,0,0,20,7
2,8,3.327987e6,-1.0393033493763433,-0.8693272921435614,TIME_LIMIT,703960,0,0,11,15
2,8,3.328174e6,-1.0393033493763433,-0.8693272921435614,TIME_LIMIT,703990,0,0,19,5
2,8,3.328381e6,-1.0393024080221127,-0.8693272921435614,TIME_LIMIT,704012,0,0,14,6
2,8,3.328437e6,-1.0393024080221127,-0.8693272921435614,TIME_LIMIT,704027,0,0,13,9
2,8,3.328501e6,-1.0393001278751535,-0.8693272921435614,TIME_LIMIT,704052,0,0,11,6
2,8,3.328704e6,-1.0393001278751535,-0.8693272921435614,TIME_LIMIT,704071,0,0,11,9
2,8,3.328882e6,-1.0392977268015784,-0.8693272921435614,TIME_LIMIT,704100,0,0,3,4
2,8,3.329066e6,-1.0392977268015784,-0.8693272921435614,TIME_LIMIT,704123,0,0,17,18
2,8,3.329133e6,-1.039295407315154,-0.8693272921435614,TIME_LIMIT,704150,0,0,12,4
2,8,3.329255e6,-1.039295407315154,-0.8693272921435614,TIME_LIMIT,704176,0,0,11,8
2,8,3.329384e6,-1.0392911365171993,-0.8693272921435614,TIME_LIMIT,704200,0,0,10,7
2,8,3.329586e6,-1.0392911365171993,-0.8693272921435614,TIME_LIMIT,704229,0,0,16,14
2,8,3.329716e6,-1.0392820768320827,-0.8693272921435614,TIME_LIMIT,704256,0,0,16,10
2,8,3.329929e6,-1.0392820768320827,-0.8693272921435614,TIME_LIMIT,704286,0,0,18,23
2,8,3.330029e6,-1.0392760731927815,-0.8693272921435614,TIME_LIMIT,704305,0,0,10,16
2,8,3.330226e6,-1.0392760731927815,-0.8693272921435614,TIME_LIMIT,704329,0,0,8,13
2,8,3.330304e6,-1.039273675324831,-0.8693272921435614,TIME_LIMIT,704345,0,0,7,11
2,8,3.330493e6,-1.039273675324831,-0.8693272921435614,TIME_LIMIT,704365,0,0,14,13
2,8,3.330568e6,-1.0392732592925849,-0.8693272921435614,TIME_LIMIT,704387,0,0,10,5
2,8,3.330726e6,-1.0392732592925849,-0.8693272921435614,TIME_LIMIT,704417,0,0,20,11
2,8,3.3309e6,-1.0392670842821148,-0.8693272921435614,TIME_LIMIT,704439,0,0,13,12
2,8,3.331024e6,-1.0392670842821148,-0.8693272921435614,TIME_LIMIT,704457,0,0,16,8
2,8,3.331114e6,-1.0392628966251496,-0.8693272921435614,TIME_LIMIT,704488,0,0,13,5
2,8,3.331232e6,-1.0392628966251496,-0.8693272921435614,TIME_LIMIT,704515,0,0,15,8
2,8,3.33142e6,-1.039261325431322,-0.8693272921435614,TIME_LIMIT,704546,0,0,12,11
2,8,3.33163e6,-1.039261325431322,-0.8693272921435614,TIME_LIMIT,704570,0,0,13,15
2,8,3.331839e6,-1.039258376530344,-0.8693272921435614,TIME_LIMIT,704603,0,0,17,4
2,8,3.331963e6,-1.039258376530344,-0.8693272921435614,TIME_LIMIT,704626,0,0,13,7
2,8,3.332074e6,-1.0392527720786666,-0.8693272921435614,TIME_LIMIT,704646,0,0,7,5
2,8,3.332281e6,-1.0392527720786666,-0.8693272921435614,TIME_LIMIT,704667,0,0,17,11
2,8,3.332488e6,-1.0392490701790777,-0.8693272921435614,TIME_LIMIT,704706,0,0,13,9
2,8,3.332681e6,-1.0392490701790777,-0.8693272921435614,TIME_LIMIT,704734,0,0,18,14
2,8,3.332791e6,-1.0392392338323444,-0.8693272921435614,TIME_LIMIT,704763,0,0,14,10
2,8,3.332855e6,-1.0392392338323444,-0.8693272921435614,TIME_LIMIT,704780,0,0,18,9
2,8,3.332965e6,-1.03923664261013,-0.8693272921435614,TIME_LIMIT,704804,0,0,18,6
2,8,3.333135e6,-1.03923664261013,-0.8693272921435614,TIME_LIMIT,704823,0,0,10,14
2,8,3.333249e6,-1.039235617135395,-0.8693272921435614,TIME_LIMIT,704852,0,0,11,5
2,8,3.333381e6,-1.039235617135395,-0.8693272921435614,TIME_LIMIT,704875,0,0,17,16
2,8,3.333462e6,-1.0392350730320907,-0.8693272921435614,TIME_LIMIT,704905,0,0,15,5
2,8,3.333595e6,-1.0392350730320907,-0.8693272921435614,TIME_LIMIT,704937,0,0,22,16
2,8,3.333797e6,-1.0392307922065693,-0.8693272921435614,TIME_LIMIT,704964,0,0,18,12
2,8,3.33385e6,-1.0392307922065693,-0.8693272921435614,TIME_LIMIT,704978,0,0,6,5
2,8,3.333965e6,-1.039230660955988,-0.8693272921435614,TIME_LIMIT,704995,0,0,5,2
2,8,3.334167e6,-1.039230660955988,-0.8693272921435614,TIME_LIMIT,705021,0,0,19,24
2,8,3.334299e6,-1.03922990153106,-0.8693272921435614,TIME_LIMIT,705059,0,0,19,5
2,8,3.334458e6,-1.03922990153106,-0.8693272921435614,TIME_LIMIT,705085,0,0,22,12
2,8,3.334667e6,-1.0392274391375702,-0.8693272921435614,TIME_LIMIT,705109,0,0,18,17
2,8,3.334828e6,-1.0392274391375702,-0.8693272921435614,TIME_LIMIT,705133,0,0,9,17
2,8,3.335021e6,-1.03922255701226,-0.8693272921435614,TIME_LIMIT,705171,0,0,19,9
2,8,3.335131e6,-1.03922255701226,-0.8693272921435614,TIME_LIMIT,705196,0,0,7,5
2,8,3.335222e6,-1.039222340809796,-0.8693272921435614,TIME_LIMIT,705221,0,0,14,6
2,8,3.335384e6,-1.039222340809796,-0.8693272921435614,TIME_LIMIT,705240,0,0,15,9
2,8,3.335487e6,-1.0392205980577507,-0.8693272921435614,TIME_LIMIT,705262,0,0,6,4
2,8,3.335574e6,-1.0392205980577507,-0.8693272921435614,TIME_LIMIT,705282,0,0,10,14
2,8,3.335704e6,-1.0392193626999062,-0.8693272921435614,TIME_LIMIT,705312,0,0,8,6
2,8,3.335793e6,-1.0392193626999062,-0.8693272921435614,TIME_LIMIT,705326,0,0,10,8
2,8,3.335868e6,-1.0392173371441513,-0.8693272921435614,TIME_LIMIT,705350,0,0,7,2
2,8,3.336021e6,-1.0392173371441513,-0.8693272921435614,TIME_LIMIT,705372,0,0,17,14
2,8,3.33612e6,-1.039217173720937,-0.8693272921435614,TIME_LIMIT,705399,0,0,6,4
2,8,3.336242e6,-1.039217173720937,-0.8693272921435614,TIME_LIMIT,705421,0,0,11,7
2,8,3.336332e6,-1.039214555494749,-0.8693272921435614,TIME_LIMIT,705448,0,0,13,3
2,8,3.336451e6,-1.039214555494749,-0.8693272921435614,TIME_LIMIT,705469,0,0,11,13
2,8,3.336514e6,-1.039212212449458,-0.8693272921435614,TIME_LIMIT,705491,0,0,3,2
2,8,3.336623e6,-1.039212212449458,-0.8693272921435614,TIME_LIMIT,705513,0,0,15,15
2,8,3.336698e6,-1.0392112115434928,-0.8693272921435614,TIME_LIMIT,705545,0,0,6,2
2,8,3.33681e6,-1.0392112115434928,-0.8693272921435614,TIME_LIMIT,705568,0,0,19,10
2,8,3.337018e6,-1.039208540737562,-0.8693272921435614,TIME_LIMIT,705592,0,0,16,6
2,8,3.337218e6,-1.039208540737562,-0.8693272921435614,TIME_LIMIT,705616,0,0,16,15
2,8,3.337356e6,-1.0391999580374094,-0.8693272921435614,TIME_LIMIT,705643,0,0,21,15
2,8,3.337564e6,-1.0391999580374094,-0.8693272921435614,TIME_LIMIT,705668,0,0,21,19
2,8,3.337764e6,-1.0391988644120471,-0.8693272921435614,TIME_LIMIT,705696,0,0,24,12
2,8,3.337973e6,-1.0391988644120471,-0.8693272921435614,TIME_LIMIT,705717,0,0,18,14
2,8,3.338187e6,-1.03919769641962,-0.8693272921435614,TIME_LIMIT,705746,0,0,11,8
2,8,3.338283e6,-1.03919769641962,-0.8693272921435614,TIME_LIMIT,705769,0,0,11,10
2,8,3.33834e6,-1.0391976472365083,-0.8693272921435614,TIME_LIMIT,705794,0,0,6,4
2,8,3.338382e6,-1.0391976472365083,-0.8693272921435614,TIME_LIMIT,705807,0,0,6,1
2,8,3.33841e6,-1.0391946966483392,-0.8693272921435614,TIME_LIMIT,705819,0,0,3,2
2,8,3.338492e6,-1.0391946966483392,-0.8693272921435614,TIME_LIMIT,705840,0,0,8,10
2,8,3.338627e6,-1.0391930817710877,-0.8693272921435614,TIME_LIMIT,705871,0,0,17,7
2,8,3.338678e6,-1.0391930817710877,-0.8693272921435614,TIME_LIMIT,705889,0,0,11,11
2,8,3.338753e6,-1.0391872715070254,-0.8693272921435614,TIME_LIMIT,705913,0,0,9,6
2,8,3.338811e6,-1.0391872715070254,-0.8693272921435614,TIME_LIMIT,705933,0,0,11,14
2,8,3.338909e6,-1.0391846614998226,-0.8693272921435614,TIME_LIMIT,705961,0,0,14,7
2,8,3.339011e6,-1.0391846614998226,-0.8693272921435614,TIME_LIMIT,705987,0,0,22,29
2,8,3.33921e6,-1.0391790314032725,-0.8693272921435614,TIME_LIMIT,706020,0,0,16,11
2,8,3.339365e6,-1.0391790314032725,-0.8693272921435614,TIME_LIMIT,706043,0,0,15,19
2,8,3.33952e6,-1.0391741713278186,-0.8693272921435614,TIME_LIMIT,706079,0,0,12,5
2,8,3.339684e6,-1.0391741713278186,-0.8693272921435614,TIME_LIMIT,706099,0,0,15,11
2,8,3.339803e6,-1.0391709007894505,-0.8693272921435614,TIME_LIMIT,706126,0,0,12,1
2,8,3.339871e6,-1.0391709007894505,-0.8693272921435614,TIME_LIMIT,706145,0,0,14,4
2,8,3.339914e6,-1.039168868836954,-0.8693272921435614,TIME_LIMIT,706156,0,0,7,4
2,8,3.34007e6,-1.039168868836954,-0.8693272921435614,TIME_LIMIT,706184,0,0,15,27
2,8,3.340278e6,-1.039168029475341,-0.8693272921435614,TIME_LIMIT,706219,0,0,14,17
2,8,3.340473e6,-1.039168029475341,-0.8693272921435614,TIME_LIMIT,706240,0,0,23,31
2,8,3.340682e6,-1.0391675049471014,-0.8693272921435614,TIME_LIMIT,706274,0,0,9,13
2,8,3.34089e6,-1.0391675049471014,-0.8693272921435614,TIME_LIMIT,706301,0,0,22,17
2,8,3.341094e6,-1.0391603434197094,-0.8693272921435614,TIME_LIMIT,706340,0,0,17,9
2,8,3.341156e6,-1.0391603434197094,-0.8693272921435614,TIME_LIMIT,706356,0,0,10,7
2,8,3.341369e6,-1.0391567370259174,-0.8693272921435614,TIME_LIMIT,706385,0,0,4,9
2,8,3.341492e6,-1.0391567370259174,-0.8693272921435614,TIME_LIMIT,706408,0,0,16,8
2,8,3.341572e6,-1.0391539690497704,-0.8693272921435614,TIME_LIMIT,706427,0,0,9,3
2,8,3.34164e6,-1.0391539690497704,-0.8693272921435614,TIME_LIMIT,706447,0,0,15,14
2,8,3.34177e6,-1.0391519058962908,-0.8693272921435614,TIME_LIMIT,706474,0,0,11,5
2,8,3.341871e6,-1.0391519058962908,-0.8693272921435614,TIME_LIMIT,706493,0,0,18,9
2,8,3.341974e6,-1.039150002107863,-0.8693272921435614,TIME_LIMIT,706520,0,0,13,5
2,8,3.342183e6,-1.039150002107863,-0.8693272921435614,TIME_LIMIT,706543,0,0,20,14
2,8,3.342396e6,-1.0391498226278955,-0.8693272921435614,TIME_LIMIT,706573,0,0,8,12
2,8,3.342601e6,-1.0391498226278955,-0.8693272921435614,TIME_LIMIT,706597,0,0,12,11
2,8,3.342661e6,-1.0391482847238727,-0.8693272921435614,TIME_LIMIT,706614,0,0,10,4
2,8,3.342748e6,-1.0391482847238727,-0.8693272921435614,TIME_LIMIT,706629,0,0,13,9
2,8,3.342908e6,-1.0391473266979543,-0.8693272921435614,TIME_LIMIT,706660,0,0,18,6
2,8,3.343065e6,-1.0391473266979543,-0.8693272921435614,TIME_LIMIT,706683,0,0,20,15
2,8,3.34321e6,-1.0391447754182357,-0.8693272921435614,TIME_LIMIT,706719,0,0,15,5
2,8,3.343402e6,-1.0391447754182357,-0.8693272921435614,TIME_LIMIT,706737,0,0,18,11
2,8,3.343604e6,-1.0391435224240637,-0.8693272921435614,TIME_LIMIT,706764,0,0,12,8
2,8,3.343716e6,-1.0391435224240637,-0.8693272921435614,TIME_LIMIT,706782,0,0,13,18
2,8,3.343805e6,-1.0391430572033862,-0.8693272921435614,TIME_LIMIT,706805,0,0,5,6
2,8,3.344001e6,-1.0391430572033862,-0.8693272921435614,TIME_LIMIT,706831,0,0,9,13
2,8,3.344127e6,-1.0391398159550753,-0.8693272921435614,TIME_LIMIT,706870,0,0,12,6
2,8,3.344332e6,-1.0391398159550753,-0.8693272921435614,TIME_LIMIT,706896,0,0,10,11
2,8,3.344542e6,-1.0391369103354764,-0.8693272921435614,TIME_LIMIT,706932,0,0,9,6
2,8,3.34466e6,-1.0391369103354764,-0.8693272921435614,TIME_LIMIT,706951,0,0,14,18
2,8,3.344863e6,-1.0391348122616852,-0.8693272921435614,TIME_LIMIT,706986,0,0,12,13
2,8,3.345057e6,-1.0391348122616852,-0.8693272921435614,TIME_LIMIT,707024,0,0,23,5
2,8,3.345128e6,-1.039134006826555,-0.8693272921435614,TIME_LIMIT,707042,0,0,15,15
2,8,3.345169e6,-1.039134006826555,-0.8693272921435614,TIME_LIMIT,707052,0,0,1,3
2,8,3.345198e6,-1.0391318239412417,-0.8693272921435614,TIME_LIMIT,707054,0,0,1,0
2,8,3.345268e6,-1.0391318239412417,-0.8693272921435614,TIME_LIMIT,707070,0,0,16,14
2,8,3.345432e6,-1.0391240736668095,-0.8693272921435614,TIME_LIMIT,707102,0,0,14,11
2,8,3.345601e6,-1.0391240736668095,-0.8693272921435614,TIME_LIMIT,707136,0,0,10,11
2,8,3.345799e6,-1.039115317211254,-0.8693272921435614,TIME_LIMIT,707175,0,0,14,11
2,8,3.345907e6,-1.039115317211254,-0.8693272921435614,TIME_LIMIT,707195,0,0,10,10
2,8,3.345983e6,-1.0391086561789673,-0.8693272921435614,TIME_LIMIT,707221,0,0,3,4
2,8,3.346141e6,-1.0391086561789673,-0.8693272921435614,TIME_LIMIT,707248,0,0,16,19
2,8,3.346231e6,-1.039099768443063,-0.8693272921435614,TIME_LIMIT,707276,0,0,13,9
2,8,3.346341e6,-1.039099768443063,-0.8693272921435614,TIME_LIMIT,707291,0,0,10,16
2,8,3.346457e6,-1.0390996643464798,-0.8693272921435614,TIME_LIMIT,707318,0,0,12,5
2,8,3.346571e6,-1.0390996643464798,-0.8693272921435614,TIME_LIMIT,707338,0,0,8,16
2,8,3.346654e6,-1.0390990847195014,-0.8693272921435614,TIME_LIMIT,707364,0,0,12,4
2,8,3.346752e6,-1.0390990847195014,-0.8693272921435614,TIME_LIMIT,707383,0,0,15,5
2,8,3.346863e6,-1.0390981246511501,-0.8693272921435614,TIME_LIMIT,707418,0,0,18,7
2,8,3.346945e6,-1.0390981246511501,-0.8693272921435614,TIME_LIMIT,707433,0,0,6,5
2,8,3.347045e6,-1.0390912960537417,-0.8693272921435614,TIME_LIMIT,707457,0,0,11,5
2,8,3.347161e6,-1.0390912960537417,-0.8693272921435614,TIME_LIMIT,707479,0,0,13,18
2,8,3.34723e6,-1.0390910723754896,-0.8693272921435614,TIME_LIMIT,707503,0,0,10,5
2,8,3.347321e6,-1.0390910723754896,-0.8693272921435614,TIME_LIMIT,707522,0,0,19,10
2,8,3.347425e6,-1.0390902937054682,-0.8693272921435614,TIME_LIMIT,707555,0,0,15,4
2,8,3.347495e6,-1.0390902937054682,-0.8693272921435614,TIME_LIMIT,707576,0,0,14,22
2,8,3.347636e6,-1.0390878829261097,-0.8693272921435614,TIME_LIMIT,707606,0,0,11,12
2,8,3.347788e6,-1.0390878829261097,-0.8693272921435614,TIME_LIMIT,707632,0,0,10,9
2,8,3.347888e6,-1.0390843514851085,-0.8693272921435614,TIME_LIMIT,707656,0,0,10,14
2,8,3.347988e6,-1.0390843514851085,-0.8693272921435614,TIME_LIMIT,707680,0,0,12,14
2,8,3.34809e6,-1.039083148647001,-0.8693272921435614,TIME_LIMIT,707706,0,0,5,3
2,8,3.348216e6,-1.039083148647001,-0.8693272921435614,TIME_LIMIT,707732,0,0,17,17
2,8,3.34836e6,-1.039082549257604,-0.8693272921435614,TIME_LIMIT,707760,0,0,10,9
2,8,3.348521e6,-1.039082549257604,-0.8693272921435614,TIME_LIMIT,707777,0,0,11,6
2,8,3.348585e6,-1.0390778517795225,-0.8693272921435614,TIME_LIMIT,707800,0,0,10,4
2,8,3.348728e6,-1.0390778517795225,-0.8693272921435614,TIME_LIMIT,707824,0,0,23,15
2,8,3.348909e6,-1.0390727071256693,-0.8693272921435614,TIME_LIMIT,707856,0,0,17,2
2,8,3.349117e6,-1.0390727071256693,-0.8693272921435614,TIME_LIMIT,707883,0,0,21,22
2,8,3.349184e6,-1.0390717272373826,-0.8693272921435614,TIME_LIMIT,707912,0,0,11,6
2,8,3.349379e6,-1.0390717272373826,-0.8693272921435614,TIME_LIMIT,707950,0,0,9,41
2,8,3.349586e6,-1.0390702452224017,-0.8693272921435614,TIME_LIMIT,707982,0,0,13,14
2,8,3.349793e6,-1.0390702452224017,-0.8693272921435614,TIME_LIMIT,708004,0,0,19,17
2,8,3.349994e6,-1.0390630772259153,-0.8693272921435614,TIME_LIMIT,708039,0,0,18,3
2,8,3.350113e6,-1.0390630772259153,-0.8693272921435614,TIME_LIMIT,708068,0,0,17,15
2,8,3.35019e6,-1.0390526767703472,-0.8693272921435614,TIME_LIMIT,708089,0,0,13,10
2,8,3.350303e6,-1.0390526767703472,-0.8693272921435614,TIME_LIMIT,708110,0,0,22,18
2,8,3.350506e6,-1.0390458540052587,-0.8693272921435614,TIME_LIMIT,708140,0,0,11,2
2,8,3.350617e6,-1.0390458540052587,-0.8693272921435614,TIME_LIMIT,708162,0,0,17,3
2,8,3.350701e6,-1.039041249501891,-0.8693272921435614,TIME_LIMIT,708190,0,0,6,7
2,8,3.35084e6,-1.039041249501891,-0.8693272921435614,TIME_LIMIT,708208,0,0,14,10
2,8,3.350899e6,-1.0390403728551503,-0.8693272921435614,TIME_LIMIT,708226,0,0,8,1
2,8,3.351108e6,-1.0390403728551503,-0.8693272921435614,TIME_LIMIT,708251,0,0,24,15
2,8,3.351156e6,-1.0390386473983055,-0.8693272921435614,TIME_LIMIT,708274,0,0,10,6
2,8,3.351264e6,-1.0390386473983055,-0.8693272921435614,TIME_LIMIT,708297,0,0,18,8
2,8,3.351392e6,-1.0390370305162473,-0.8693272921435614,TIME_LIMIT,708326,0,0,15,7
2,8,3.351561e6,-1.0390370305162473,-0.8693272921435614,TIME_LIMIT,708345,0,0,14,13
2,8,3.35167e6,-1.0390350600670006,-0.8693272921435614,TIME_LIMIT,708375,0,0,16,4
2,8,3.35188e6,-1.0390350600670006,-0.8693272921435614,TIME_LIMIT,708401,0,0,17,20
2,8,3.352014e6,-1.0390318142277528,-0.8693272921435614,TIME_LIMIT,708425,0,0,18,11
2,8,3.352067e6,-1.0390318142277528,-0.8693272921435614,TIME_LIMIT,708436,0,0,7,3
2,8,3.352096e6,-1.0390257946170591,-0.8693272921435614,TIME_LIMIT,708450,0,0,5,1
2,8,3.352246e6,-1.0390257946170591,-0.8693272921435614,TIME_LIMIT,708477,0,0,16,15
2,8,3.352397e6,-1.0390256149861292,-0.8693272921435614,TIME_LIMIT,708510,0,0,15,8
2,8,3.352577e6,-1.0390256149861292,-0.8693272921435614,TIME_LIMIT,708532,0,0,16,23
2,8,3.352706e6,-1.039021285119938,-0.8693272921435614,TIME_LIMIT,708564,0,0,11,10
2,8,3.352839e6,-1.039021285119938,-0.8693272921435614,TIME_LIMIT,708586,0,0,15,13
2,8,3.352923e6,-1.0390203754633016,-0.8693272921435614,TIME_LIMIT,708612,0,0,8,3
2,8,3.353055e6,-1.0390203754633016,-0.8693272921435614,TIME_LIMIT,708635,0,0,13,23
2,8,3.353152e6,-1.0390051566911251,-0.8693272921435614,TIME_LIMIT,708665,0,0,7,7
2,8,3.353356e6,-1.0390051566911251,-0.8693272921435614,TIME_LIMIT,708688,0,0,25,18
2,8,3.353524e6,-1.0389992120132852,-0.8693272921435614,TIME_LIMIT,708727,0,0,23,3
2,8,3.353689e6,-1.0389992120132852,-0.8693272921435614,TIME_LIMIT,708753,0,0,28,24
2,8,3.353899e6,-1.0389970744879307,-0.8693272921435614,TIME_LIMIT,708786,0,0,13,13
2,8,3.353968e6,-1.0389970744879307,-0.8693272921435614,TIME_LIMIT,708803,0,0,7,10
2,8,3.354034e6,-1.0389964463237076,-0.8693272921435614,TIME_LIMIT,708831,0,0,5,5
2,8,3.354245e6,-1.0389964463237076,-0.8693272921435614,TIME_LIMIT,708850,0,0,18,19
2,8,3.354454e6,-1.0389952185345321,-0.8693272921435614,TIME_LIMIT,708882,0,0,13,11
2,8,3.354603e6,-1.0389952185345321,-0.8693272921435614,TIME_LIMIT,708912,0,0,25,21
2,8,3.354717e6,-1.0389942769670926,-0.8693272921435614,TIME_LIMIT,708948,0,0,16,8
2,8,3.354878e6,-1.0389942769670926,-0.8693272921435614,TIME_LIMIT,708973,0,0,24,13
2,8,3.354991e6,-1.0389937764103674,-0.8693272921435614,TIME_LIMIT,708998,0,0,6,3
2,8,3.355077e6,-1.0389937764103674,-0.8693272921435614,TIME_LIMIT,709019,0,0,8,22
2,8,3.35517e6,-1.0389870281642606,-0.8693272921435614,TIME_LIMIT,709049,0,0,10,9
2,8,3.355246e6,-1.0389870281642606,-0.8693272921435614,TIME_LIMIT,709073,0,0,10,10
2,8,3.355347e6,-1.0389867027417825,-0.8693272921435614,TIME_LIMIT,709104,0,0,10,14
2,8,3.355415e6,-1.0389867027417825,-0.8693272921435614,TIME_LIMIT,709120,0,0,13,13
2,8,3.355472e6,-1.0389770720335942,-0.8693272921435614,TIME_LIMIT,709143,0,0,11,1
2,8,3.355564e6,-1.0389770720335942,-0.8693272921435614,TIME_LIMIT,709157,0,0,11,6
2,8,3.355682e6,-1.0389761183614077,-0.8693272921435614,TIME_LIMIT,709172,0,0,9,3
2,8,3.355877e6,-1.0389761183614077,-0.8693272921435614,TIME_LIMIT,709199,0,0,19,14
2,8,3.355994e6,-1.0389700997378795,-0.8693272921435614,TIME_LIMIT,709223,0,0,14,2
2,8,3.356053e6,-1.0389700997378795,-0.8693272921435614,TIME_LIMIT,709243,0,0,14,6
2,8,3.35612e6,-1.0389677104550499,-0.8693272921435614,TIME_LIMIT,709266,0,0,10,3
2,8,3.35628e6,-1.0389677104550499,-0.8693272921435614,TIME_LIMIT,709291,0,0,17,9
2,8,3.356432e6,-1.0389670693119208,-0.8693272921435614,TIME_LIMIT,709325,0,0,16,8
2,8,3.356567e6,-1.0389670693119208,-0.8693272921435614,TIME_LIMIT,709348,0,0,10,6
2,8,3.356648e6,-1.038966989330096,-0.8693272921435614,TIME_LIMIT,709368,0,0,6,3
2,8,3.356718e6,-1.038966989330096,-0.8693272921435614,TIME_LIMIT,709386,0,0,16,13
2,8,3.356813e6,-1.0389666063872918,-0.8693272921435614,TIME_LIMIT,709409,0,0,13,1
2,8,3.357007e6,-1.0389666063872918,-0.8693272921435614,TIME_LIMIT,709430,0,0,15,30
2,8,3.357198e6,-1.0389628821584658,-0.8693272921435614,TIME_LIMIT,709469,0,0,17,8
2,8,3.357271e6,-1.0389628821584658,-0.8693272921435614,TIME_LIMIT,709490,0,0,19,13
2,8,3.357385e6,-1.0389597031141822,-0.8693272921435614,TIME_LIMIT,709518,0,0,15,4
2,8,3.357546e6,-1.0389597031141822,-0.8693272921435614,TIME_LIMIT,709543,0,0,12,12
2,8,3.35765e6,-1.0389585979160578,-0.8693272921435614,TIME_LIMIT,709569,0,0,11,7
2,8,3.357819e6,-1.0389585979160578,-0.8693272921435614,TIME_LIMIT,709598,0,0,22,3
2,8,3.357906e6,-1.0389536847426293,-0.8693272921435614,TIME_LIMIT,709613,0,0,11,8
2,8,3.358109e6,-1.0389536847426293,-0.8693272921435614,TIME_LIMIT,709639,0,0,19,6
2,8,3.358261e6,-1.0389486185177144,-0.8693272921435614,TIME_LIMIT,709663,0,0,20,11
2,8,3.358311e6,-1.0389486185177144,-0.8693272921435614,TIME_LIMIT,709674,0,0,4,0
2,8,3.358386e6,-1.0389478742776985,-0.8693272921435614,TIME_LIMIT,709694,0,0,1,2
2,8,3.358571e6,-1.0389478742776985,-0.8693272921435614,TIME_LIMIT,709721,0,0,24,12
2,8,3.358692e6,-1.038947632885339,-0.8693272921435614,TIME_LIMIT,709747,0,0,7,7
2,8,3.358752e6,-1.038947632885339,-0.8693272921435614,TIME_LIMIT,709766,0,0,9,11
2,8,3.358797e6,-1.0389455078925849,-0.8693272921435614,TIME_LIMIT,709782,0,0,1,3
2,8,3.358914e6,-1.0389455078925849,-0.8693272921435614,TIME_LIMIT,709800,0,0,11,17
2,8,3.359008e6,-1.0389438009017582,-0.8693272921435614,TIME_LIMIT,709828,0,0,8,4
2,8,3.359211e6,-1.0389438009017582,-0.8693272921435614,TIME_LIMIT,709859,0,0,20,24
2,8,3.359354e6,-1.0389416457768466,-0.8693272921435614,TIME_LIMIT,709890,0,0,4,6
2,8,3.359531e6,-1.0389416457768466,-0.8693272921435614,TIME_LIMIT,709920,0,0,15,22
2,8,3.359732e6,-1.0389373856436683,-0.8693272921435614,TIME_LIMIT,709955,0,0,15,4
2,8,3.359942e6,-1.0389373856436683,-0.8693272921435614,TIME_LIMIT,709977,0,0,12,15
2,8,3.360005e6,-1.0389366782955616,-0.8693272921435614,TIME_LIMIT,710003,0,0,11,3
2,8,3.360207e6,-1.0389366782955616,-0.8693272921435614,TIME_LIMIT,710026,0,0,21,24
2,8,3.360378e6,-1.0389359775673055,-0.8693272921435614,TIME_LIMIT,710058,0,0,9,8
2,8,3.360492e6,-1.0389359775673055,-0.8693272921435614,TIME_LIMIT,710073,0,0,17,21
2,8,3.360583e6,-1.0389329642476983,-0.8693272921435614,TIME_LIMIT,710100,0,0,6,0
2,8,3.360786e6,-1.0389329642476983,-0.8693272921435614,TIME_LIMIT,710129,0,0,22,28
2,8,3.360998e6,-1.0389297671914601,-0.8693272921435614,TIME_LIMIT,710163,0,0,16,10
2,8,3.361202e6,-1.0389297671914601,-0.8693272921435614,TIME_LIMIT,710185,0,0,18,18
2,8,3.361406e6,-1.038925483195531,-0.8693272921435614,TIME_LIMIT,710217,0,0,5,6
2,8,3.36156e6,-1.038925483195531,-0.8693272921435614,TIME_LIMIT,710240,0,0,3,12
2,8,3.361605e6,-1.0389205067356742,-0.8693272921435614,TIME_LIMIT,710255,0,0,6,9
2,8,3.361727e6,-1.0389205067356742,-0.8693272921435614,TIME_LIMIT,710279,0,0,16,16
2,8,3.361934e6,-1.038919234351506,-0.8693272921435614,TIME_LIMIT,710307,0,0,14,6
2,8,3.362062e6,-1.038919234351506,-0.8693272921435614,TIME_LIMIT,710331,0,0,22,19
2,8,3.362274e6,-1.0389169845079718,-0.8693272921435614,TIME_LIMIT,710369,0,0,16,14
2,8,3.362374e6,-1.0389169845079718,-0.8693272921435614,TIME_LIMIT,710389,0,0,18,10
2,8,3.362462e6,-1.0389169787604855,-0.8693272921435614,TIME_LIMIT,710415,0,0,10,3
2,8,3.362526e6,-1.0389169787604855,-0.8693272921435614,TIME_LIMIT,710436,0,0,17,8
2,8,3.362585e6,-1.0389126771280472,-0.8693272921435614,TIME_LIMIT,710459,0,0,11,8
2,8,3.362666e6,-1.0389126771280472,-0.8693272921435614,TIME_LIMIT,710479,0,0,7,6
2,8,3.3627e6,-1.0389123431848215,-0.8693272921435614,TIME_LIMIT,710492,0,0,8,7
2,8,3.36277e6,-1.0389123431848215,-0.8693272921435614,TIME_LIMIT,710507,0,0,7,8
2,8,3.362883e6,-1.0389087901225738,-0.8693272921435614,TIME_LIMIT,710534,0,0,6,3
2,8,3.36299e6,-1.0389087901225738,-0.8693272921435614,TIME_LIMIT,710564,0,0,22,6
2,8,3.363087e6,-1.0389084823442638,-0.8693272921435614,TIME_LIMIT,710586,0,0,13,4
2,8,3.363273e6,-1.0389084823442638,-0.8693272921435614,TIME_LIMIT,710608,0,0,16,13
2,8,3.363374e6,-1.0389077806868454,-0.8693272921435614,TIME_LIMIT,710630,0,0,12,2
2,8,3.363466e6,-1.0389077806868454,-0.8693272921435614,TIME_LIMIT,710646,0,0,11,10
2,8,3.363525e6,-1.038903552339154,-0.8693272921435614,TIME_LIMIT,710670,0,0,11,2
2,8,3.363736e6,-1.038903552339154,-0.8693272921435614,TIME_LIMIT,710691,0,0,21,29
2,8,3.36395e6,-1.0389030842544078,-0.8693272921435614,TIME_LIMIT,710733,0,0,25,17
2,8,3.364131e6,-1.0389030842544078,-0.8693272921435614,TIME_LIMIT,710756,0,0,13,19
2,8,3.364293e6,-1.038902032082731,-0.8693272921435614,TIME_LIMIT,710789,0,0,15,7
2,8,3.364382e6,-1.038902032082731,-0.8693272921435614,TIME_LIMIT,710805,0,0,10,6
2,8,3.364471e6,-1.038901655109091,-0.8693272921435614,TIME_LIMIT,710827,0,0,9,7
2,8,3.364526e6,-1.038901655109091,-0.8693272921435614,TIME_LIMIT,710846,0,0,18,6
2,8,3.364701e6,-1.0388976012575204,-0.8693272921435614,TIME_LIMIT,710877,0,0,9,3
2,8,3.364795e6,-1.0388976012575204,-0.8693272921435614,TIME_LIMIT,710898,0,0,16,26
2,8,3.364904e6,-1.038896776816004,-0.8693272921435614,TIME_LIMIT,710926,0,0,10,8
2,8,3.364968e6,-1.038896776816004,-0.8693272921435614,TIME_LIMIT,710945,0,0,10,4
2,8,3.365036e6,-1.0388896991123417,-0.8693272921435614,TIME_LIMIT,710962,0,0,7,3
2,8,3.365233e6,-1.0388896991123417,-0.8693272921435614,TIME_LIMIT,710986,0,0,18,15
2,8,3.365335e6,-1.038885543482369,-0.8693272921435614,TIME_LIMIT,711020,0,0,10,9
2,8,3.365473e6,-1.038885543482369,-0.8693272921435614,TIME_LIMIT,711048,0,0,16,5
2,8,3.365569e6,-1.0388825441352871,-0.8693272921435614,TIME_LIMIT,711066,0,0,14,13
2,8,3.365647e6,-1.0388825441352871,-0.8693272921435614,TIME_LIMIT,711084,0,0,20,10
2,8,3.365734e6,-1.0388757998314637,-0.8693272921435614,TIME_LIMIT,711115,0,0,8,6
2,8,3.365802e6,-1.0388757998314637,-0.8693272921435614,TIME_LIMIT,711132,0,0,14,14
2,8,3.365927e6,-1.0388749038099407,-0.8693272921435614,TIME_LIMIT,711166,0,0,19,12
2,8,3.366042e6,-1.0388749038099407,-0.8693272921435614,TIME_LIMIT,711183,0,0,15,17
2,8,3.366122e6,-1.038871398036993,-0.8693272921435614,TIME_LIMIT,711207,0,0,10,4
2,8,3.366234e6,-1.038871398036993,-0.8693272921435614,TIME_LIMIT,711228,0,0,17,10
2,8,3.366328e6,-1.038870364834187,-0.8693272921435614,TIME_LIMIT,711251,0,0,8,3
2,8,3.366422e6,-1.038870364834187,-0.8693272921435614,TIME_LIMIT,711269,0,0,10,18
2,8,3.366492e6,-1.038869373917414,-0.8693272921435614,TIME_LIMIT,711290,0,0,9,6
2,8,3.366602e6,-1.038869373917414,-0.8693272921435614,TIME_LIMIT,711313,0,0,13,29
2,8,3.366691e6,-1.0388682163929426,-0.8693272921435614,TIME_LIMIT,711341,0,0,9,8
2,8,3.366895e6,-1.0388682163929426,-0.8693272921435614,TIME_LIMIT,711365,0,0,22,14
2,8,3.367013e6,-1.0388627171145952,-0.8693272921435614,TIME_LIMIT,711401,0,0,20,10
2,8,3.367063e6,-1.0388627171145952,-0.8693272921435614,TIME_LIMIT,711417,0,0,5,2
2,8,3.367099e6,-1.0388617609750892,-0.8693272921435614,TIME_LIMIT,711435,0,0,4,2
2,8,3.367196e6,-1.0388617609750892,-0.8693272921435614,TIME_LIMIT,711459,0,0,11,10
2,8,3.36731e6,-1.0388584946970774,-0.8693272921435614,TIME_LIMIT,711477,0,0,5,13
2,8,3.367493e6,-1.0388584946970774,-0.8693272921435614,TIME_LIMIT,711502,0,0,25,12
2,8,3.367607e6,-1.0388568765504527,-0.8693272921435614,TIME_LIMIT,711538,0,0,17,6
2,8,3.367742e6,-1.0388568765504527,-0.8693272921435614,TIME_LIMIT,711564,0,0,19,16
2,8,3.367825e6,-1.0388542207400073,-0.8693272921435614,TIME_LIMIT,711580,0,0,10,9
2,8,3.367933e6,-1.0388542207400073,-0.8693272921435614,TIME_LIMIT,711604,0,0,8,7
2,8,3.368047e6,-1.0388480798335569,-0.8693272921435614,TIME_LIMIT,711636,0,0,12,10
2,8,3.368251e6,-1.0388480798335569,-0.8693272921435614,TIME_LIMIT,711655,0,0,11,5
2,8,3.368309e6,-1.0388437007708307,-0.8693272921435614,TIME_LIMIT,711675,0,0,10,3
2,8,3.368381e6,-1.0388437007708307,-0.8693272921435614,TIME_LIMIT,711697,0,0,15,6
2,8,3.368428e6,-1.0388388740189631,-0.8693272921435614,TIME_LIMIT,711719,0,0,5,1
2,8,3.368547e6,-1.0388388740189631,-0.8693272921435614,TIME_LIMIT,711739,0,0,8,8
2,8,3.3687e6,-1.0388336674818988,-0.8693272921435614,TIME_LIMIT,711760,0,0,13,10
2,8,3.368827e6,-1.0388336674818988,-0.8693272921435614,TIME_LIMIT,711785,0,0,21,12
2,8,3.368913e6,-1.0388332193920542,-0.8693272921435614,TIME_LIMIT,711819,0,0,11,4
2,8,3.369011e6,-1.0388332193920542,-0.8693272921435614,TIME_LIMIT,711845,0,0,19,10
2,8,3.369147e6,-1.0388327523018472,-0.8693272921435614,TIME_LIMIT,711877,0,0,12,12
2,8,3.36931e6,-1.0388327523018472,-0.8693272921435614,TIME_LIMIT,711903,0,0,17,22
2,8,3.369398e6,-1.0388290785625662,-0.8693272921435614,TIME_LIMIT,711929,0,0,10,6
2,8,3.369599e6,-1.0388290785625662,-0.8693272921435614,TIME_LIMIT,711949,0,0,19,29
2,8,3.369787e6,-1.0388263498051842,-0.8693272921435614,TIME_LIMIT,711985,0,0,18,14
2,8,3.369881e6,-1.0388263498051842,-0.8693272921435614,TIME_LIMIT,712003,0,0,13,5
2,8,3.369939e6,-1.0388258506219157,-0.8693272921435614,TIME_LIMIT,712022,0,0,7,5
2,8,3.370039e6,-1.0388258506219157,-0.8693272921435614,TIME_LIMIT,712043,0,0,19,10
2,8,3.370184e6,-1.0388235221076405,-0.8693272921435614,TIME_LIMIT,712075,0,0,14,6
2,8,3.370307e6,-1.0388235221076405,-0.8693272921435614,TIME_LIMIT,712099,0,0,18,12
2,8,3.370376e6,-1.0388216449376007,-0.8693272921435614,TIME_LIMIT,712125,0,0,17,9
2,8,3.370518e6,-1.0388216449376007,-0.8693272921435614,TIME_LIMIT,712149,0,0,8,5
2,8,3.370689e6,-1.038820902170107,-0.8693272921435614,TIME_LIMIT,712179,0,0,7,6
2,8,3.370737e6,-1.038820902170107,-0.8693272921435614,TIME_LIMIT,712201,0,0,13,5
2,8,3.370809e6,-1.0388187389365924,-0.8693272921435614,TIME_LIMIT,712221,0,0,15,11
2,8,3.370904e6,-1.0388187389365924,-0.8693272921435614,TIME_LIMIT,712240,0,0,12,9
2,8,3.371013e6,-1.0388147599530995,-0.8693272921435614,TIME_LIMIT,712266,0,0,10,4
2,8,3.371111e6,-1.0388147599530995,-0.8693272921435614,TIME_LIMIT,712291,0,0,20,14
2,8,3.371218e6,-1.0388088093378998,-0.8693272921435614,TIME_LIMIT,712314,0,0,9,2
2,8,3.371305e6,-1.0388088093378998,-0.8693272921435614,TIME_LIMIT,712332,0,0,13,11
2,8,3.371357e6,-1.038808703517044,-0.8693272921435614,TIME_LIMIT,712353,0,0,8,2
2,8,3.371401e6,-1.038808703517044,-0.8693272921435614,TIME_LIMIT,712369,0,0,10,3
2,8,3.371448e6,-1.03880192985565,-0.8693272921435614,TIME_LIMIT,712385,0,0,3,4
2,8,3.371615e6,-1.03880192985565,-0.8693272921435614,TIME_LIMIT,712409,0,0,10,27
2,8,3.371669e6,-1.0387863494778655,-0.8693272921435614,TIME_LIMIT,712425,0,0,11,9
2,8,3.371852e6,-1.0387863494778655,-0.8693272921435614,TIME_LIMIT,712453,0,0,22,30
2,8,3.372039e6,-1.0387862588381913,-0.8693272921435614,TIME_LIMIT,712497,0,0,19,7
2,8,3.372129e6,-1.0387862588381913,-0.8693272921435614,TIME_LIMIT,712519,0,0,11,7
2,8,3.372191e6,-1.0387861566910528,-0.8693272921435614,TIME_LIMIT,712545,0,0,8,8
2,8,3.372276e6,-1.0387861566910528,-0.8693272921435614,TIME_LIMIT,712560,0,0,13,13
2,8,3.372335e6,-1.0387847871970375,-0.8693272921435614,TIME_LIMIT,712586,0,0,11,7
2,8,3.37248e6,-1.0387847871970375,-0.8693272921435614,TIME_LIMIT,712613,0,0,18,10
2,8,3.372563e6,-1.0387822712324113,-0.8693272921435614,TIME_LIMIT,712638,0,0,10,3
2,8,3.372672e6,-1.0387822712324113,-0.8693272921435614,TIME_LIMIT,712662,0,0,16,23
2,8,3.372788e6,-1.0387781072340165,-0.8693272921435614,TIME_LIMIT,712689,0,0,11,8
2,8,3.372871e6,-1.0387781072340165,-0.8693272921435614,TIME_LIMIT,712708,0,0,8,7
2,8,3.373001e6,-1.038777775736889,-0.8693272921435614,TIME_LIMIT,712734,0,0,8,4
2,8,3.373137e6,-1.038777775736889,-0.8693272921435614,TIME_LIMIT,712761,0,0,17,10
2,8,3.373223e6,-1.0387744728700516,-0.8693272921435614,TIME_LIMIT,712785,0,0,16,10
2,8,3.373427e6,-1.0387744728700516,-0.8693272921435614,TIME_LIMIT,712808,0,0,18,15
2,8,3.37359e6,-1.038769777312371,-0.8693272921435614,TIME_LIMIT,712839,0,0,16,9
2,8,3.37372e6,-1.038769777312371,-0.8693272921435614,TIME_LIMIT,712857,0,0,15,16
2,8,3.373839e6,-1.038768375784553,-0.8693272921435614,TIME_LIMIT,712885,0,0,11,3
2,8,3.373927e6,-1.038768375784553,-0.8693272921435614,TIME_LIMIT,712903,0,0,6,3
2,8,3.37403e6,-1.0387656065008941,-0.8693272921435614,TIME_LIMIT,712926,0,0,9,9
2,8,3.374095e6,-1.0387656065008941,-0.8693272921435614,TIME_LIMIT,712947,0,0,14,13
2,8,3.374204e6,-1.0387599499146054,-0.8693272921435614,TIME_LIMIT,712973,0,0,8,7
2,8,3.374409e6,-1.0387599499146054,-0.8693272921435614,TIME_LIMIT,712997,0,0,20,10
2,8,3.374547e6,-1.0387574833634847,-0.8693272921435614,TIME_LIMIT,713029,0,0,10,4
2,8,3.374632e6,-1.0387574833634847,-0.8693272921435614,TIME_LIMIT,713045,0,0,15,3
2,8,3.374694e6,-1.038753505942497,-0.8693272921435614,TIME_LIMIT,713069,0,0,11,5
2,8,3.374845e6,-1.038753505942497,-0.8693272921435614,TIME_LIMIT,713097,0,0,13,6
2,8,3.375035e6,-1.0387480314961395,-0.8693272921435614,TIME_LIMIT,713117,0,0,13,8
2,8,3.375135e6,-1.0387480314961395,-0.8693272921435614,TIME_LIMIT,713142,0,0,17,12
2,8,3.375237e6,-1.038743466898238,-0.8693272921435614,TIME_LIMIT,713173,0,0,15,6
2,8,3.375349e6,-1.038743466898238,-0.8693272921435614,TIME_LIMIT,713202,0,0,9,16
2,8,3.37556e6,-1.0387404252372896,-0.8693272921435614,TIME_LIMIT,713234,0,0,16,15
2,8,3.375612e6,-1.0387404252372896,-0.8693272921435614,TIME_LIMIT,713252,0,0,14,19
2,8,3.375749e6,-1.0387398455080958,-0.8693272921435614,TIME_LIMIT,713278,0,0,11,7
2,8,3.375808e6,-1.0387398455080958,-0.8693272921435614,TIME_LIMIT,713297,0,0,15,21
2,8,3.37598e6,-1.038738954537187,-0.8693272921435614,TIME_LIMIT,713329,0,0,9,8
2,8,3.376158e6,-1.038738954537187,-0.8693272921435614,TIME_LIMIT,713355,0,0,17,9
2,8,3.376268e6,-1.0387367816500126,-0.8693272921435614,TIME_LIMIT,713385,0,0,17,10
2,8,3.376372e6,-1.0387367816500126,-0.8693272921435614,TIME_LIMIT,713415,0,0,20,19
2,8,3.376561e6,-1.038736548968447,-0.8693272921435614,TIME_LIMIT,713451,0,0,12,8
2,8,3.37672e6,-1.038736548968447,-0.8693272921435614,TIME_LIMIT,713473,0,0,10,6
2,8,3.376825e6,-1.038731408317162,-0.8693272921435614,TIME_LIMIT,713497,0,0,8,8
2,8,3.376903e6,-1.038731408317162,-0.8693272921435614,TIME_LIMIT,713515,0,0,13,7
2,8,3.376966e6,-1.0387191228386445,-0.8693272921435614,TIME_LIMIT,713539,0,0,10,4
2,8,3.377081e6,-1.0387191228386445,-0.8693272921435614,TIME_LIMIT,713553,0,0,15,11
2,8,3.377211e6,-1.0387146197850359,-0.8693272921435614,TIME_LIMIT,713588,0,0,6,5
2,8,3.377302e6,-1.0387146197850359,-0.8693272921435614,TIME_LIMIT,713609,0,0,17,12
2,8,3.377403e6,-1.0387010563783767,-0.8693272921435614,TIME_LIMIT,713641,0,0,14,9
2,8,3.377516e6,-1.0387010563783767,-0.8693272921435614,TIME_LIMIT,713662,0,0,11,17
2,8,3.377694e6,-1.0386990031143075,-0.8693272921435614,TIME_LIMIT,713698,0,0,14,11
2,8,3.377738e6,-1.0386990031143075,-0.8693272921435614,TIME_LIMIT,713714,0,0,13,6
2,8,3.377779e6,-1.038694605311485,-0.8693272921435614,TIME_LIMIT,713734,0,0,7,3
2,8,3.377863e6,-1.038694605311485,-0.8693272921435614,TIME_LIMIT,713759,0,0,21,10
2,8,3.377999e6,-1.0386933143904216,-0.8693272921435614,TIME_LIMIT,713792,0,0,11,13
2,8,3.378163e6,-1.0386933143904216,-0.8693272921435614,TIME_LIMIT,713819,0,0,18,9
2,8,3.378273e6,-1.0386929720739864,-0.8693272921435614,TIME_LIMIT,713842,0,0,7,5
2,8,3.378348e6,-1.0386929720739864,-0.8693272921435614,TIME_LIMIT,713858,0,0,8,6
2,8,3.378399e6,-1.0386913758363028,-0.8693272921435614,TIME_LIMIT,713876,0,0,4,4
2,8,3.378462e6,-1.0386913758363028,-0.8693272921435614,TIME_LIMIT,713905,0,0,19,14
2,8,3.378523e6,-1.0386910551670574,-0.8693272921435614,TIME_LIMIT,713930,0,0,6,7
2,8,3.378659e6,-1.0386910551670574,-0.8693272921435614,TIME_LIMIT,713954,0,0,15,9
2,8,3.378753e6,-1.038688814308002,-0.8693272921435614,TIME_LIMIT,713978,0,0,6,1
2,8,3.378926e6,-1.038688814308002,-0.8693272921435614,TIME_LIMIT,714005,0,0,26,12
2,8,3.379079e6,-1.0386860152991177,-0.8693272921435614,TIME_LIMIT,714042,0,0,16,10
2,8,3.379186e6,-1.0386860152991177,-0.8693272921435614,TIME_LIMIT,714066,0,0,17,15
2,8,3.379342e6,-1.0386846888019816,-0.8693272921435614,TIME_LIMIT,714090,0,0,13,12
2,8,3.379436e6,-1.0386846888019816,-0.8693272921435614,TIME_LIMIT,714116,0,0,19,29
2,8,3.379615e6,-1.0386809454035995,-0.8693272921435614,TIME_LIMIT,714154,0,0,14,13
2,8,3.379733e6,-1.0386809454035995,-0.8693272921435614,TIME_LIMIT,714173,0,0,19,19
2,8,3.379937e6,-1.0386749216527722,-0.8693272921435614,TIME_LIMIT,714203,0,0,14,6
2,8,3.380152e6,-1.0386749216527722,-0.8693272921435614,TIME_LIMIT,714228,0,0,17,12
2,8,3.380271e6,-1.0386734588312283,-0.8693272921435614,TIME_LIMIT,714258,0,0,9,2
2,8,3.380398e6,-1.0386734588312283,-0.8693272921435614,TIME_LIMIT,714279,0,0,19,16
2,8,3.380583e6,-1.0386667867248078,-0.8693272921435614,TIME_LIMIT,714310,0,0,13,8
2,8,3.380793e6,-1.0386667867248078,-0.8693272921435614,TIME_LIMIT,714335,0,0,17,16
2,8,3.380931e6,-1.0386627888000939,-0.8693272921435614,TIME_LIMIT,714366,0,0,10,10
2,8,3.381065e6,-1.0386627888000939,-0.8693272921435614,TIME_LIMIT,714386,0,0,19,20
2,8,3.381152e6,-1.0386603864369826,-0.8693272921435614,TIME_LIMIT,714409,0,0,8,7
2,8,3.381282e6,-1.0386603864369826,-0.8693272921435614,TIME_LIMIT,714433,0,0,20,18
2,8,3.38136e6,-1.0386552234641013,-0.8693272921435614,TIME_LIMIT,714460,0,0,13,10
2,8,3.381493e6,-1.0386552234641013,-0.8693272921435614,TIME_LIMIT,714480,0,0,14,10
2,8,3.381672e6,-1.0386517612505828,-0.8693272921435614,TIME_LIMIT,714522,0,0,21,12
2,8,3.381834e6,-1.0386517612505828,-0.8693272921435614,TIME_LIMIT,714544,0,0,16,7
2,8,3.381968e6,-1.0386513576696423,-0.8693272921435614,TIME_LIMIT,714568,0,0,13,3
2,8,3.382156e6,-1.0386513576696423,-0.8693272921435614,TIME_LIMIT,714587,0,0,13,19
2,8,3.382283e6,-1.0386470201276405,-0.8693272921435614,TIME_LIMIT,714615,0,0,12,4
2,8,3.382368e6,-1.0386470201276405,-0.8693272921435614,TIME_LIMIT,714639,0,0,10,6
2,8,3.382492e6,-1.0386425667703554,-0.8693272921435614,TIME_LIMIT,714660,0,0,10,16
2,8,3.382696e6,-1.0386425667703554,-0.8693272921435614,TIME_LIMIT,714678,0,0,28,23
2,8,3.382905e6,-1.0386405712289781,-0.8693272921435614,TIME_LIMIT,714715,0,0,15,10
2,8,3.382959e6,-1.0386405712289781,-0.8693272921435614,TIME_LIMIT,714731,0,0,5,7
2,8,3.382996e6,-1.038637709038741,-0.8693272921435614,TIME_LIMIT,714748,0,0,6,4
2,8,3.383143e6,-1.038637709038741,-0.8693272921435614,TIME_LIMIT,714770,0,0,11,16
2,8,3.383236e6,-1.0386353678166647,-0.8693272921435614,TIME_LIMIT,714785,0,0,7,2
2,8,3.383333e6,-1.0386353678166647,-0.8693272921435614,TIME_LIMIT,714802,0,0,12,15
2,8,3.38342e6,-1.0386333418350002,-0.8693272921435614,TIME_LIMIT,714830,0,0,10,8
2,8,3.383481e6,-1.0386333418350002,-0.8693272921435614,TIME_LIMIT,714849,0,0,8,7
2,8,3.383516e6,-1.0386319288140282,-0.8693272921435614,TIME_LIMIT,714858,0,0,7,5
2,8,3.383595e6,-1.0386319288140282,-0.8693272921435614,TIME_LIMIT,714879,0,0,17,6
2,8,3.383637e6,-1.0386310761017292,-0.8693272921435614,TIME_LIMIT,714904,0,0,12,5
2,8,3.383762e6,-1.0386310761017292,-0.8693272921435614,TIME_LIMIT,714923,0,0,19,18
2,8,3.383915e6,-1.0386285359174194,-0.8693272921435614,TIME_LIMIT,714951,0,0,13,8
2,8,3.383986e6,-1.0386285359174194,-0.8693272921435614,TIME_LIMIT,714971,0,0,5,15
2,8,3.384058e6,-1.03862614274762,-0.8693272921435614,TIME_LIMIT,714994,0,0,7,11
2,8,3.38411e6,-1.03862614274762,-0.8693272921435614,TIME_LIMIT,715009,0,0,10,8
2,8,3.384174e6,-1.038622566191319,-0.8693272921435614,TIME_LIMIT,715035,0,0,11,2
2,8,3.384236e6,-1.038622566191319,-0.8693272921435614,TIME_LIMIT,715056,0,0,18,13
2,8,3.384348e6,-1.0386210473754258,-0.8693272921435614,TIME_LIMIT,715094,0,0,15,10
2,8,3.384472e6,-1.0386210473754258,-0.8693272921435614,TIME_LIMIT,715114,0,0,16,5
2,8,3.384566e6,-1.0386182648335245,-0.8693272921435614,TIME_LIMIT,715141,0,0,8,10
2,8,3.384723e6,-1.0386182648335245,-0.8693272921435614,TIME_LIMIT,715167,0,0,21,13
2,8,3.384864e6,-1.0386173768424554,-0.8693272921435614,TIME_LIMIT,715194,0,0,8,7
2,8,3.384957e6,-1.0386173768424554,-0.8693272921435614,TIME_LIMIT,715212,0,0,13,15
2,8,3.385024e6,-1.0386154151386073,-0.8693272921435614,TIME_LIMIT,715234,0,0,3,2
2,8,3.385236e6,-1.0386154151386073,-0.8693272921435614,TIME_LIMIT,715261,0,0,13,21
2,8,3.385414e6,-1.0386151662212006,-0.8693272921435614,TIME_LIMIT,715303,0,0,17,13
2,8,3.385491e6,-1.0386151662212006,-0.8693272921435614,TIME_LIMIT,715326,0,0,16,13
2,8,3.385535e6,-1.038613504276052,-0.8693272921435614,TIME_LIMIT,715341,0,0,11,3
2,8,3.385743e6,-1.038613504276052,-0.8693272921435614,TIME_LIMIT,715363,0,0,7,12
2,8,3.385819e6,-1.038613321007782,-0.8693272921435614,TIME_LIMIT,715389,0,0,10,12
2,8,3.386028e6,-1.038613321007782,-0.8693272921435614,TIME_LIMIT,715416,0,0,22,19
2,8,3.386236e6,-1.0386116279310427,-0.8693272921435614,TIME_LIMIT,715449,0,0,16,11
2,8,3.386449e6,-1.0386116279310427,-0.8693272921435614,TIME_LIMIT,715475,0,0,18,10
2,8,3.386595e6,-1.0386103287256871,-0.8693272921435614,TIME_LIMIT,715508,0,0,6,4
2,8,3.386712e6,-1.0386103287256871,-0.8693272921435614,TIME_LIMIT,715530,0,0,14,11
2,8,3.386789e6,-1.0386057573068694,-0.8693272921435614,TIME_LIMIT,715557,0,0,8,6
2,8,3.386991e6,-1.0386057573068694,-0.8693272921435614,TIME_LIMIT,715583,0,0,15,16
2,8,3.387199e6,-1.038604477627215,-0.8693272921435614,TIME_LIMIT,715618,0,0,17,15
2,8,3.387348e6,-1.038604477627215,-0.8693272921435614,TIME_LIMIT,715650,0,0,24,21
2,8,3.387548e6,-1.0386034685833212,-0.8693272921435614,TIME_LIMIT,715676,0,0,18,9
2,8,3.387606e6,-1.0386034685833212,-0.8693272921435614,TIME_LIMIT,715695,0,0,9,6
2,8,3.387692e6,-1.038601468256938,-0.8693272921435614,TIME_LIMIT,715725,0,0,8,4
2,8,3.387762e6,-1.038601468256938,-0.8693272921435614,TIME_LIMIT,715750,0,0,12,8
2,8,3.387806e6,-1.038600412852373,-0.8693272921435614,TIME_LIMIT,715767,0,0,6,1
2,8,3.387882e6,-1.038600412852373,-0.8693272921435614,TIME_LIMIT,715788,0,0,10,5
2,8,3.387981e6,-1.0385953385180835,-0.8693272921435614,TIME_LIMIT,715816,0,0,10,8
2,8,3.388178e6,-1.0385953385180835,-0.8693272921435614,TIME_LIMIT,715844,0,0,12,11
2,8,3.388326e6,-1.0385946128083985,-0.8693272921435614,TIME_LIMIT,715870,0,0,18,6
2,8,3.388417e6,-1.0385946128083985,-0.8693272921435614,TIME_LIMIT,715891,0,0,17,14
2,8,3.388471e6,-1.0385943472171109,-0.8693272921435614,TIME_LIMIT,715915,0,0,9,10
2,8,3.388594e6,-1.0385943472171109,-0.8693272921435614,TIME_LIMIT,715938,0,0,20,22
2,8,3.388797e6,-1.038593833474021,-0.8693272921435614,TIME_LIMIT,715970,0,0,16,7
2,8,3.388896e6,-1.038593833474021,-0.8693272921435614,TIME_LIMIT,715990,0,0,12,9
2,8,3.389084e6,-1.03859004802008,-0.8693272921435614,TIME_LIMIT,716021,0,0,10,8
2,8,3.389222e6,-1.03859004802008,-0.8693272921435614,TIME_LIMIT,716038,0,0,15,8
2,8,3.389309e6,-1.0385805255599165,-0.8693272921435614,TIME_LIMIT,716066,0,0,12,4
2,8,3.38941e6,-1.0385805255599165,-0.8693272921435614,TIME_LIMIT,716081,0,0,8,5
2,8,3.389461e6,-1.0385799216452511,-0.8693272921435614,TIME_LIMIT,716098,0,0,6,3
2,8,3.389567e6,-1.0385799216452511,-0.8693272921435614,TIME_LIMIT,716124,0,0,20,10
2,8,3.389705e6,-1.0385746541479368,-0.8693272921435614,TIME_LIMIT,716156,0,0,13,7
2,8,3.389812e6,-1.0385746541479368,-0.8693272921435614,TIME_LIMIT,716176,0,0,16,14
2,8,3.389905e6,-1.0385705559367837,-0.8693272921435614,TIME_LIMIT,716207,0,0,15,3
2,8,3.390124e6,-1.0385705559367837,-0.8693272921435614,TIME_LIMIT,716232,0,0,14,48
2,8,3.390334e6,-1.0385679436941946,-0.8693272921435614,TIME_LIMIT,716273,0,0,18,15
2,8,3.390518e6,-1.0385679436941946,-0.8693272921435614,TIME_LIMIT,716297,0,0,13,16
2,8,3.390617e6,-1.0385642586679213,-0.8693272921435614,TIME_LIMIT,716320,0,0,12,6
2,8,3.39076e6,-1.0385642586679213,-0.8693272921435614,TIME_LIMIT,716346,0,0,9,12
2,8,3.39097e6,-1.0385642375951774,-0.8693272921435614,TIME_LIMIT,716378,0,0,14,11
2,8,3.391034e6,-1.0385642375951774,-0.8693272921435614,TIME_LIMIT,716400,0,0,16,15
2,8,3.391246e6,-1.0385639706404302,-0.8693272921435614,TIME_LIMIT,716430,0,0,13,7
2,8,3.391341e6,-1.0385639706404302,-0.8693272921435614,TIME_LIMIT,716453,0,0,14,9
2,8,3.39141e6,-1.0385610570735635,-0.8693272921435614,TIME_LIMIT,716475,0,0,9,3
2,8,3.39147e6,-1.0385610570735635,-0.8693272921435614,TIME_LIMIT,716491,0,0,12,5
2,8,3.391524e6,-1.0385602135418175,-0.8693272921435614,TIME_LIMIT,716513,0,0,11,2
2,8,3.391571e6,-1.0385602135418175,-0.8693272921435614,TIME_LIMIT,716525,0,0,3,5
2,8,3.391628e6,-1.0385595314597345,-0.8693272921435614,TIME_LIMIT,716542,0,0,7,4
2,8,3.39183e6,-1.0385595314597345,-0.8693272921435614,TIME_LIMIT,716565,0,0,22,25
2,8,3.392039e6,-1.0385577134334305,-0.8693272921435614,TIME_LIMIT,716600,0,0,15,10
2,8,3.392243e6,-1.0385577134334305,-0.8693272921435614,TIME_LIMIT,716624,0,0,14,25
2,8,3.392455e6,-1.038547378584052,-0.8693272921435614,TIME_LIMIT,716663,0,0,16,16
2,8,3.392555e6,-1.038547378584052,-0.8693272921435614,TIME_LIMIT,716683,0,0,12,5
2,8,3.392767e6,-1.0385391136104254,-0.8693272921435614,TIME_LIMIT,716717,0,0,15,9
2,8,3.392943e6,-1.0385391136104254,-0.8693272921435614,TIME_LIMIT,716744,0,0,17,9
2,8,3.39303e6,-1.0385375515537278,-0.8693272921435614,TIME_LIMIT,716771,0,0,7,4
2,8,3.393094e6,-1.0385375515537278,-0.8693272921435614,TIME_LIMIT,716789,0,0,18,8
2,8,3.393163e6,-1.038531787578965,-0.8693272921435614,TIME_LIMIT,716814,0,0,5,5
2,8,3.393243e6,-1.038531787578965,-0.8693272921435614,TIME_LIMIT,716835,0,0,20,18
2,8,3.393379e6,-1.0385275923685509,-0.8693272921435614,TIME_LIMIT,716866,0,0,5,8
2,8,3.393508e6,-1.0385275923685509,-0.8693272921435614,TIME_LIMIT,716887,0,0,19,10
2,8,3.393724e6,-1.0385125701063773,-0.8693272921435614,TIME_LIMIT,716917,0,0,8,2
2,8,3.393927e6,-1.0385125701063773,-0.8693272921435614,TIME_LIMIT,716940,0,0,16,16
2,8,3.39414e6,-1.03850966431688,-0.8693272921435614,TIME_LIMIT,716972,0,0,9,10
2,8,3.394253e6,-1.03850966431688,-0.8693272921435614,TIME_LIMIT,716999,0,0,13,20
2,8,3.394406e6,-1.0385033967576731,-0.8693272921435614,TIME_LIMIT,717038,0,0,9,8
2,8,3.394468e6,-1.0385033967576731,-0.8693272921435614,TIME_LIMIT,717055,0,0,10,17
2,8,3.394618e6,-1.0384932809921397,-0.8693272921435614,TIME_LIMIT,717082,0,0,7,9
2,8,3.39476e6,-1.0384932809921397,-0.8693272921435614,TIME_LIMIT,717098,0,0,8,22
2,8,3.39497e6,-1.038488257390352,-0.8693272921435614,TIME_LIMIT,717135,0,0,18,11
2,8,3.39518e6,-1.038488257390352,-0.8693272921435614,TIME_LIMIT,717155,0,0,15,17
2,8,3.395344e6,-1.0384791431967195,-0.8693272921435614,TIME_LIMIT,717187,0,0,14,9
2,8,3.395388e6,-1.0384791431967195,-0.8693272921435614,TIME_LIMIT,717209,0,0,19,21
2,8,3.395585e6,-1.038479132491406,-0.8693272921435614,TIME_LIMIT,717244,0,0,14,6
2,8,3.395651e6,-1.038479132491406,-0.8693272921435614,TIME_LIMIT,717272,0,0,19,14
2,8,3.395763e6,-1.0384783617036084,-0.8693272921435614,TIME_LIMIT,717302,0,0,3,6
2,8,3.395869e6,-1.0384783617036084,-0.8693272921435614,TIME_LIMIT,717324,0,0,17,13
2,8,3.395959e6,-1.0384781090651667,-0.8693272921435614,TIME_LIMIT,717354,0,0,14,6
2,8,3.396026e6,-1.0384781090651667,-0.8693272921435614,TIME_LIMIT,717373,0,0,11,13
2,8,3.396115e6,-1.0384759929591216,-0.8693272921435614,TIME_LIMIT,717395,0,0,2,2
2,8,3.396271e6,-1.0384759929591216,-0.8693272921435614,TIME_LIMIT,717421,0,0,21,15
2,8,3.39648e6,-1.0384701199495132,-0.8693272921435614,TIME_LIMIT,717456,0,0,16,9
2,8,3.396579e6,-1.0384701199495132,-0.8693272921435614,TIME_LIMIT,717481,0,0,16,20
2,8,3.396667e6,-1.0384687103891337,-0.8693272921435614,TIME_LIMIT,717508,0,0,8,11
2,8,3.39673e6,-1.0384687103891337,-0.8693272921435614,TIME_LIMIT,717524,0,0,11,5
2,8,3.396783e6,-1.038466501453294,-0.8693272921435614,TIME_LIMIT,717541,0,0,5,1
2,8,3.396983e6,-1.038466501453294,-0.8693272921435614,TIME_LIMIT,717568,0,0,7,7
2,8,3.397186e6,-1.03846132680991,-0.8693272921435614,TIME_LIMIT,717599,0,0,8,15
2,8,3.397274e6,-1.03846132680991,-0.8693272921435614,TIME_LIMIT,717622,0,0,16,11
2,8,3.397343e6,-1.0384587305835056,-0.8693272921435614,TIME_LIMIT,717647,0,0,10,5
2,8,3.397423e6,-1.0384587305835056,-0.8693272921435614,TIME_LIMIT,717665,0,0,14,15
2,8,3.397625e6,-1.0384567319409328,-0.8693272921435614,TIME_LIMIT,717696,0,0,14,7
2,8,3.397772e6,-1.0384567319409328,-0.8693272921435614,TIME_LIMIT,717720,0,0,12,9
2,8,3.397836e6,-1.0384540728952345,-0.8693272921435614,TIME_LIMIT,717741,0,0,11,8
2,8,3.398039e6,-1.0384540728952345,-0.8693272921435614,TIME_LIMIT,717761,0,0,9,12
2,8,3.398242e6,-1.038446010171668,-0.8693272921435614,TIME_LIMIT,717792,0,0,8,7
2,8,3.398295e6,-1.038446010171668,-0.8693272921435614,TIME_LIMIT,717802,0,0,12,4
2,8,3.398352e6,-1.0384444789886405,-0.8693272921435614,TIME_LIMIT,717824,0,0,11,1
2,8,3.398551e6,-1.0384444789886405,-0.8693272921435614,TIME_LIMIT,717840,0,0,12,25
2,8,3.398762e6,-1.0384359349950174,-0.8693272921435614,TIME_LIMIT,717874,0,0,15,10
2,8,3.39884e6,-1.0384359349950174,-0.8693272921435614,TIME_LIMIT,717891,0,0,16,12
2,8,3.398917e6,-1.0384355227369424,-0.8693272921435614,TIME_LIMIT,717921,0,0,15,5
2,8,3.399123e6,-1.0384355227369424,-0.8693272921435614,TIME_LIMIT,717946,0,0,16,10
2,8,3.399218e6,-1.0384334845613328,-0.8693272921435614,TIME_LIMIT,717965,0,0,7,10
2,8,3.399284e6,-1.0384334845613328,-0.8693272921435614,TIME_LIMIT,717979,0,0,9,4
2,8,3.39938e6,-1.0384260648166257,-0.8693272921435614,TIME_LIMIT,718007,0,0,8,8
2,8,3.399533e6,-1.0384260648166257,-0.8693272921435614,TIME_LIMIT,718030,0,0,13,13
2,8,3.399677e6,-1.038420794171867,-0.8693272921435614,TIME_LIMIT,718064,0,0,13,9
2,8,3.399836e6,-1.038420794171867,-0.8693272921435614,TIME_LIMIT,718091,0,0,15,16
2,8,3.400042e6,-1.0384184282528064,-0.8693272921435614,TIME_LIMIT,718115,0,0,13,9
2,8,3.400218e6,-1.0384184282528064,-0.8693272921435614,TIME_LIMIT,718140,0,0,21,4
2,8,3.400429e6,-1.03841604207191,-0.8693272921435614,TIME_LIMIT,718172,0,0,11,10
2,8,3.40057e6,-1.03841604207191,-0.8693272921435614,TIME_LIMIT,718193,0,0,21,16
2,8,3.400767e6,-1.0384094104499044,-0.8693272921435614,TIME_LIMIT,718228,0,0,19,9
2,8,3.40088e6,-1.0384094104499044,-0.8693272921435614,TIME_LIMIT,718251,0,0,14,25
2,8,3.401046e6,-1.0384037976343912,-0.8693272921435614,TIME_LIMIT,718281,0,0,12,11
2,8,3.401214e6,-1.0384037976343912,-0.8693272921435614,TIME_LIMIT,718308,0,0,17,13
2,8,3.401372e6,-1.0383925778591323,-0.8693272921435614,TIME_LIMIT,718346,0,0,18,12
2,8,3.401464e6,-1.0383925778591323,-0.8693272921435614,TIME_LIMIT,718369,0,0,18,16
2,8,3.401665e6,-1.03838791146529,-0.8693272921435614,TIME_LIMIT,718398,0,0,7,7
2,8,3.401782e6,-1.03838791146529,-0.8693272921435614,TIME_LIMIT,718426,0,0,22,26
2,8,3.401979e6,-1.0383870287287609,-0.8693272921435614,TIME_LIMIT,718466,0,0,17,8
2,8,3.402059e6,-1.0383870287287609,-0.8693272921435614,TIME_LIMIT,718483,0,0,5,4
2,8,3.402159e6,-1.038383866368544,-0.8693272921435614,TIME_LIMIT,718507,0,0,10,9
2,8,3.402361e6,-1.038383866368544,-0.8693272921435614,TIME_LIMIT,718529,0,0,20,18
2,8,3.402547e6,-1.038383509917869,-0.8693272921435614,TIME_LIMIT,718565,0,0,15,14
2,8,3.402751e6,-1.038383509917869,-0.8693272921435614,TIME_LIMIT,718592,0,0,23,22
2,8,3.40296e6,-1.0383833853445124,-0.8693272921435614,TIME_LIMIT,718631,0,0,16,8
2,8,3.403161e6,-1.0383833853445124,-0.8693272921435614,TIME_LIMIT,718651,0,0,12,18
2,8,3.4033e6,-1.0383826744784173,-0.8693272921435614,TIME_LIMIT,718681,0,0,8,8
2,8,3.403447e6,-1.0383826744784173,-0.8693272921435614,TIME_LIMIT,718706,0,0,10,10
2,8,3.403617e6,-1.0383748437608697,-0.8693272921435614,TIME_LIMIT,718736,0,0,13,5
2,8,3.403717e6,-1.0383748437608697,-0.8693272921435614,TIME_LIMIT,718754,0,0,15,15
2,8,3.403836e6,-1.0383734376510574,-0.8693272921435614,TIME_LIMIT,718783,0,0,8,6
2,8,3.404037e6,-1.0383734376510574,-0.8693272921435614,TIME_LIMIT,718809,0,0,14,25
2,8,3.404248e6,-1.0383716708915585,-0.8693272921435614,TIME_LIMIT,718842,0,0,17,16
2,8,3.404338e6,-1.0383716708915585,-0.8693272921435614,TIME_LIMIT,718861,0,0,11,11
2,8,3.404374e6,-1.038366532727378,-0.8693272921435614,TIME_LIMIT,718880,0,0,6,1
2,8,3.404445e6,-1.038366532727378,-0.8693272921435614,TIME_LIMIT,718900,0,0,15,19
2,8,3.404649e6,-1.038362831818636,-0.8693272921435614,TIME_LIMIT,718924,0,0,21,12
2,8,3.404759e6,-1.038362831818636,-0.8693272921435614,TIME_LIMIT,718942,0,0,18,19
2,8,3.404909e6,-1.0383614757775967,-0.8693272921435614,TIME_LIMIT,718972,0,0,12,11
2,8,3.405081e6,-1.0383614757775967,-0.8693272921435614,TIME_LIMIT,718994,0,0,18,11
2,8,3.405284e6,-1.0383596708024663,-0.8693272921435614,TIME_LIMIT,719028,0,0,17,12
2,8,3.405477e6,-1.0383596708024663,-0.8693272921435614,TIME_LIMIT,719052,0,0,15,33
2,8,3.405685e6,-1.0383585262913688,-0.8693272921435614,TIME_LIMIT,719087,0,0,17,12
2,8,3.405896e6,-1.0383585262913688,-0.8693272921435614,TIME_LIMIT,719109,0,0,9,12
2,8,3.40611e6,-1.0383573812272235,-0.8693272921435614,TIME_LIMIT,719130,0,0,16,11
2,8,3.406237e6,-1.0383573812272235,-0.8693272921435614,TIME_LIMIT,719150,0,0,13,9
2,8,3.406344e6,-1.0383566315662767,-0.8693272921435614,TIME_LIMIT,719180,0,0,10,9
2,8,3.406378e6,-1.0383566315662767,-0.8693272921435614,TIME_LIMIT,719194,0,0,7,9
2,8,3.406433e6,-1.0383523876834992,-0.8693272921435614,TIME_LIMIT,719214,0,0,7,4
2,8,3.406535e6,-1.0383523876834992,-0.8693272921435614,TIME_LIMIT,719239,0,0,15,7
2,8,3.406624e6,-1.038349942092228,-0.8693272921435614,TIME_LIMIT,719258,0,0,9,5
2,8,3.406826e6,-1.038349942092228,-0.8693272921435614,TIME_LIMIT,719279,0,0,18,19
2,8,3.40697e6,-1.0383477024290386,-0.8693272921435614,TIME_LIMIT,719314,0,0,13,12
2,8,3.407099e6,-1.0383477024290386,-0.8693272921435614,TIME_LIMIT,719340,0,0,15,7
2,8,3.407284e6,-1.0383376329894987,-0.8693272921435614,TIME_LIMIT,719368,0,0,14,9
2,8,3.407343e6,-1.0383376329894987,-0.8693272921435614,TIME_LIMIT,719386,0,0,11,6
2,8,3.407414e6,-1.0383308951941426,-0.8693272921435614,TIME_LIMIT,719407,0,0,6,3
2,8,3.407544e6,-1.0383308951941426,-0.8693272921435614,TIME_LIMIT,719431,0,0,19,9
2,8,3.407644e6,-1.0383304029357958,-0.8693272921435614,TIME_LIMIT,719462,0,0,11,11
2,8,3.407766e6,-1.0383304029357958,-0.8693272921435614,TIME_LIMIT,719485,0,0,10,9
2,8,3.407858e6,-1.038330240528659,-0.8693272921435614,TIME_LIMIT,719503,0,0,11,13
2,8,3.408032e6,-1.038330240528659,-0.8693272921435614,TIME_LIMIT,719527,0,0,4,12
2,8,3.408246e6,-1.0383288574833833,-0.8693272921435614,TIME_LIMIT,719560,0,0,14,7
2,8,3.408449e6,-1.0383288574833833,-0.8693272921435614,TIME_LIMIT,719582,0,0,19,21
2,8,3.408641e6,-1.0383286035486796,-0.8693272921435614,TIME_LIMIT,719622,0,0,22,6
2,8,3.408761e6,-1.0383286035486796,-0.8693272921435614,TIME_LIMIT,719650,0,0,16,7
2,8,3.408902e6,-1.0383268386788584,-0.8693272921435614,TIME_LIMIT,719675,0,0,15,11
2,8,3.408973e6,-1.0383268386788584,-0.8693272921435614,TIME_LIMIT,719692,0,0,10,21
2,8,3.409179e6,-1.0383217250332537,-0.8693272921435614,TIME_LIMIT,719726,0,0,13,7
2,8,3.409367e6,-1.0383217250332537,-0.8693272921435614,TIME_LIMIT,719749,0,0,16,10
2,8,3.409473e6,-1.0383185661987655,-0.8693272921435614,TIME_LIMIT,719778,0,0,12,4
2,8,3.409637e6,-1.0383185661987655,-0.8693272921435614,TIME_LIMIT,719806,0,0,9,9
2,8,3.409844e6,-1.0383180806156043,-0.8693272921435614,TIME_LIMIT,719843,0,0,11,8
2,8,3.409944e6,-1.0383180806156043,-0.8693272921435614,TIME_LIMIT,719869,0,0,15,4
2,8,3.409993e6,-1.0383168671857117,-0.8693272921435614,TIME_LIMIT,719887,0,0,6,5
2,8,3.410151e6,-1.0383168671857117,-0.8693272921435614,TIME_LIMIT,719909,0,0,15,15
2,8,3.410253e6,-1.0383148099393822,-0.8693272921435614,TIME_LIMIT,719935,0,0,4,4
2,8,3.410315e6,-1.0383148099393822,-0.8693272921435614,TIME_LIMIT,719955,0,0,8,6
2,8,3.410394e6,-1.038309442686774,-0.8693272921435614,TIME_LIMIT,719975,0,0,12,7
2,8,3.410514e6,-1.038309442686774,-0.8693272921435614,TIME_LIMIT,720002,0,0,13,20
2,8,3.410583e6,-1.0383070241119248,-0.8693272921435614,TIME_LIMIT,720025,0,0,2,10
2,8,3.41067e6,-1.0383070241119248,-0.8693272921435614,TIME_LIMIT,720039,0,0,9,10
2,8,3.410706e6,-1.0382999253376748,-0.8693272921435614,TIME_LIMIT,720059,0,0,6,4
2,8,3.410765e6,-1.0382999253376748,-0.8693272921435614,TIME_LIMIT,720078,0,0,13,6
2,8,3.410863e6,-1.0382971012424487,-0.8693272921435614,TIME_LIMIT,720102,0,0,11,6
2,8,3.410949e6,-1.0382971012424487,-0.8693272921435614,TIME_LIMIT,720117,0,0,16,10
2,8,3.411023e6,-1.0382964292438406,-0.8693272921435614,TIME_LIMIT,720142,0,0,13,1
2,8,3.411213e6,-1.0382964292438406,-0.8693272921435614,TIME_LIMIT,720176,0,0,17,14
2,8,3.411364e6,-1.0382935419835677,-0.8693272921435614,TIME_LIMIT,720200,0,0,13,10
2,8,3.411572e6,-1.0382935419835677,-0.8693272921435614,TIME_LIMIT,720231,0,0,17,14
2,8,3.411754e6,-1.0382865909601136,-0.8693272921435614,TIME_LIMIT,720272,0,0,21,16
2,8,3.411871e6,-1.0382865909601136,-0.8693272921435614,TIME_LIMIT,720297,0,0,16,9
2,8,3.412027e6,-1.0382865576903142,-0.8693272921435614,TIME_LIMIT,720327,0,0,11,5
2,8,3.412117e6,-1.0382865576903142,-0.8693272921435614,TIME_LIMIT,720345,0,0,13,17
2,8,3.412208e6,-1.0382850816462508,-0.8693272921435614,TIME_LIMIT,720371,0,0,13,14
2,8,3.412415e6,-1.0382850816462508,-0.8693272921435614,TIME_LIMIT,720395,0,0,24,17
2,8,3.412618e6,-1.0382818664347502,-0.8693272921435614,TIME_LIMIT,720430,0,0,21,17
2,8,3.41273e6,-1.0382818664347502,-0.8693272921435614,TIME_LIMIT,720451,0,0,17,6
2,8,3.412826e6,-1.0382814323359093,-0.8693272921435614,TIME_LIMIT,720479,0,0,7,7
2,8,3.412859e6,-1.0382814323359093,-0.8693272921435614,TIME_LIMIT,720495,0,0,7,5
2,8,3.412904e6,-1.0382753666988387,-0.8693272921435614,TIME_LIMIT,720511,0,0,3,3
2,8,3.412967e6,-1.0382753666988387,-0.8693272921435614,TIME_LIMIT,720529,0,0,11,11
2,8,3.413073e6,-1.0382696967922276,-0.8693272921435614,TIME_LIMIT,720547,0,0,7,5
2,8,3.413202e6,-1.0382696967922276,-0.8693272921435614,TIME_LIMIT,720575,0,0,19,20
2,8,3.413411e6,-1.038269617904785,-0.8693272921435614,TIME_LIMIT,720608,0,0,13,9
2,8,3.413609e6,-1.038269617904785,-0.8693272921435614,TIME_LIMIT,720632,0,0,21,22
2,8,3.413818e6,-1.0382598387458022,-0.8693272921435614,TIME_LIMIT,720664,0,0,14,8
2,8,3.414018e6,-1.0382598387458022,-0.8693272921435614,TIME_LIMIT,720687,0,0,16,16
2,8,3.414228e6,-1.038257693091498,-0.8693272921435614,TIME_LIMIT,720714,0,0,9,7
2,8,3.414293e6,-1.038257693091498,-0.8693272921435614,TIME_LIMIT,720733,0,0,4,10
2,8,3.414358e6,-1.038255735867553,-0.8693272921435614,TIME_LIMIT,720753,0,0,5,7
2,8,3.414416e6,-1.038255735867553,-0.8693272921435614,TIME_LIMIT,720766,0,0,10,9
2,8,3.414466e6,-1.0382488096025706,-0.8693272921435614,TIME_LIMIT,720786,0,0,9,1
2,8,3.414596e6,-1.0382488096025706,-0.8693272921435614,TIME_LIMIT,720809,0,0,20,10
2,8,3.414797e6,-1.0382487718207265,-0.8693272921435614,TIME_LIMIT,720842,0,0,16,6
2,8,3.415006e6,-1.0382487718207265,-0.8693272921435614,TIME_LIMIT,720865,0,0,20,22
2,8,3.415066e6,-1.038246250598791,-0.8693272921435614,TIME_LIMIT,720894,0,0,15,5
2,8,3.415121e6,-1.038246250598791,-0.8693272921435614,TIME_LIMIT,720911,0,0,8,4
2,8,3.415159e6,-1.038237599258373,-0.8693272921435614,TIME_LIMIT,720930,0,0,7,5
2,8,3.415365e6,-1.038237599258373,-0.8693272921435614,TIME_LIMIT,720956,0,0,19,7
2,8,3.415576e6,-1.0382358725260246,-0.8693272921435614,TIME_LIMIT,720985,0,0,14,8
2,8,3.415684e6,-1.0382358725260246,-0.8693272921435614,TIME_LIMIT,721012,0,0,16,13
2,8,3.415897e6,-1.0382292497836425,-0.8693272921435614,TIME_LIMIT,721047,0,0,14,9
2,8,3.415954e6,-1.0382292497836425,-0.8693272921435614,TIME_LIMIT,721064,0,0,12,3
2,8,3.415987e6,-1.038228420836281,-0.8693272921435614,TIME_LIMIT,721080,0,0,5,1
2,8,3.416142e6,-1.038228420836281,-0.8693272921435614,TIME_LIMIT,721106,0,0,17,31
2,8,3.416243e6,-1.038228261234102,-0.8693272921435614,TIME_LIMIT,721136,0,0,12,9
2,8,3.416341e6,-1.038228261234102,-0.8693272921435614,TIME_LIMIT,721163,0,0,22,10
2,8,3.416536e6,-1.0382270108813823,-0.8693272921435614,TIME_LIMIT,721196,0,0,13,10
2,8,3.416647e6,-1.0382270108813823,-0.8693272921435614,TIME_LIMIT,721225,0,0,22,11
2,8,3.416743e6,-1.0382258304763547,-0.8693272921435614,TIME_LIMIT,721244,0,0,11,12
2,8,3.416836e6,-1.0382258304763547,-0.8693272921435614,TIME_LIMIT,721260,0,0,12,12
2,8,3.416891e6,-1.0382242343087191,-0.8693272921435614,TIME_LIMIT,721281,0,0,9,4
2,8,3.41696e6,-1.0382242343087191,-0.8693272921435614,TIME_LIMIT,721302,0,0,12,11
2,8,3.417019e6,-1.0382193292825912,-0.8693272921435614,TIME_LIMIT,721327,0,0,9,6
2,8,3.417121e6,-1.0382193292825912,-0.8693272921435614,TIME_LIMIT,721339,0,0,9,10
2,8,3.417233e6,-1.0382191184274925,-0.8693272921435614,TIME_LIMIT,721369,0,0,12,3
2,8,3.417358e6,-1.0382191184274925,-0.8693272921435614,TIME_LIMIT,721387,0,0,21,26
2,8,3.41756e6,-1.0382168105563716,-0.8693272921435614,TIME_LIMIT,721423,0,0,7,7
2,8,3.417649e6,-1.0382168105563716,-0.8693272921435614,TIME_LIMIT,721440,0,0,11,9
2,8,3.417717e6,-1.0382151064259117,-0.8693272921435614,TIME_LIMIT,721463,0,0,8,6
2,8,3.417921e6,-1.0382151064259117,-0.8693272921435614,TIME_LIMIT,721481,0,0,21,25
2,8,3.41813e6,-1.0382142452166936,-0.8693272921435614,TIME_LIMIT,721518,0,0,20,10
2,8,3.418197e6,-1.0382142452166936,-0.8693272921435614,TIME_LIMIT,721539,0,0,11,9
2,8,3.418237e6,-1.0382132616697755,-0.8693272921435614,TIME_LIMIT,721556,0,0,7,1
2,8,3.418378e6,-1.0382132616697755,-0.8693272921435614,TIME_LIMIT,721580,0,0,14,12
2,8,3.418438e6,-1.0382120185660901,-0.8693272921435614,TIME_LIMIT,721601,0,0,10,2
2,8,3.418553e6,-1.0382120185660901,-0.8693272921435614,TIME_LIMIT,721626,0,0,9,11
2,8,3.418743e6,-1.0382084482307032,-0.8693272921435614,TIME_LIMIT,721651,0,0,18,10
2,8,3.418841e6,-1.0382084482307032,-0.8693272921435614,TIME_LIMIT,721676,0,0,12,5
2,8,3.41891e6,-1.0382080350146285,-0.8693272921435614,TIME_LIMIT,721691,0,0,6,6
2,8,3.419002e6,-1.0382080350146285,-0.8693272921435614,TIME_LIMIT,721714,0,0,29,23
2,8,3.41915e6,-1.0382026268816897,-0.8693272921435614,TIME_LIMIT,721755,0,0,15,10
2,8,3.419353e6,-1.0382026268816897,-0.8693272921435614,TIME_LIMIT,721782,0,0,14,23
2,8,3.419555e6,-1.0381978210610967,-0.8693272921435614,TIME_LIMIT,721805,0,0,11,5
2,8,3.419765e6,-1.0381978210610967,-0.8693272921435614,TIME_LIMIT,721831,0,0,20,14
2,8,3.419966e6,-1.0381946795814854,-0.8693272921435614,TIME_LIMIT,721861,0,0,16,9
2,8,3.420041e6,-1.0381946795814854,-0.8693272921435614,TIME_LIMIT,721877,0,0,13,8
2,8,3.420188e6,-1.038190926501342,-0.8693272921435614,TIME_LIMIT,721907,0,0,11,8
2,8,3.420329e6,-1.038190926501342,-0.8693272921435614,TIME_LIMIT,721927,0,0,17,15
2,8,3.420517e6,-1.038188326526912,-0.8693272921435614,TIME_LIMIT,721962,0,0,12,6
2,8,3.420589e6,-1.038188326526912,-0.8693272921435614,TIME_LIMIT,721980,0,0,16,9
2,8,3.420685e6,-1.0381831236631645,-0.8693272921435614,TIME_LIMIT,722010,0,0,13,6
2,8,3.420888e6,-1.0381831236631645,-0.8693272921435614,TIME_LIMIT,722029,0,0,22,28
2,8,3.420984e6,-1.0381814391560455,-0.8693272921435614,TIME_LIMIT,722065,0,0,12,10
2,8,3.421185e6,-1.0381814391560455,-0.8693272921435614,TIME_LIMIT,722090,0,0,17,8
2,8,3.421396e6,-1.0381752892506524,-0.8693272921435614,TIME_LIMIT,722118,0,0,16,17
2,8,3.421598e6,-1.0381752892506524,-0.8693272921435614,TIME_LIMIT,722141,0,0,15,29
2,8,3.421799e6,-1.0381748955741634,-0.8693272921435614,TIME_LIMIT,722180,0,0,16,6
2,8,3.421937e6,-1.0381748955741634,-0.8693272921435614,TIME_LIMIT,722201,0,0,16,9
2,8,3.422011e6,-1.038174704043115,-0.8693272921435614,TIME_LIMIT,722228,0,0,9,5
2,8,3.422101e6,-1.038174704043115,-0.8693272921435614,TIME_LIMIT,722252,0,0,10,8
2,8,3.422219e6,-1.038168139990344,-0.8693272921435614,TIME_LIMIT,722269,0,0,11,10
2,8,3.422283e6,-1.038168139990344,-0.8693272921435614,TIME_LIMIT,722289,0,0,7,8
2,8,3.422358e6,-1.0381675938134356,-0.8693272921435614,TIME_LIMIT,722310,0,0,8,3
2,8,3.422485e6,-1.0381675938134356,-0.8693272921435614,TIME_LIMIT,722326,0,0,12,10
2,8,3.422574e6,-1.0381654076896343,-0.8693272921435614,TIME_LIMIT,722351,0,0,6,3
2,8,3.422631e6,-1.0381654076896343,-0.8693272921435614,TIME_LIMIT,722368,0,0,12,8
2,8,3.422698e6,-1.0381653434148443,-0.8693272921435614,TIME_LIMIT,722396,0,0,7,9
2,8,3.422894e6,-1.0381653434148443,-0.8693272921435614,TIME_LIMIT,722417,0,0,16,16
2,8,3.423103e6,-1.038161393299096,-0.8693272921435614,TIME_LIMIT,722449,0,0,10,12
2,8,3.423305e6,-1.038161393299096,-0.8693272921435614,TIME_LIMIT,722470,0,0,10,8
2,8,3.423422e6,-1.0381588533305979,-0.8693272921435614,TIME_LIMIT,722503,0,0,15,3
2,8,3.423521e6,-1.0381588533305979,-0.8693272921435614,TIME_LIMIT,722525,0,0,14,16
2,8,3.423632e6,-1.038156212002211,-0.8693272921435614,TIME_LIMIT,722558,0,0,14,8
2,8,3.423686e6,-1.038156212002211,-0.8693272921435614,TIME_LIMIT,722569,0,0,6,5
2,8,3.423727e6,-1.038152513617559,-0.8693272921435614,TIME_LIMIT,722587,0,0,5,2
2,8,3.42393e6,-1.038152513617559,-0.8693272921435614,TIME_LIMIT,722615,0,0,24,19
2,8,3.424139e6,-1.038147190519441,-0.8693272921435614,TIME_LIMIT,722654,0,0,17,12
2,8,3.424192e6,-1.038147190519441,-0.8693272921435614,TIME_LIMIT,722670,0,0,11,8
2,8,3.424262e6,-1.0381466436309994,-0.8693272921435614,TIME_LIMIT,722693,0,0,6,1
2,8,3.424398e6,-1.0381466436309994,-0.8693272921435614,TIME_LIMIT,722718,0,0,14,9
2,8,3.42448e6,-1.038143399062972,-0.8693272921435614,TIME_LIMIT,722743,0,0,5,2
2,8,3.424681e6,-1.038143399062972,-0.8693272921435614,TIME_LIMIT,722762,0,0,19,10
2,8,3.424889e6,-1.0381423528072908,-0.8693272921435614,TIME_LIMIT,722800,0,0,18,10
2,8,3.425007e6,-1.0381423528072908,-0.8693272921435614,TIME_LIMIT,722824,0,0,15,10
2,8,3.42513e6,-1.0381414004789296,-0.8693272921435614,TIME_LIMIT,722852,0,0,14,10
2,8,3.425275e6,-1.0381414004789296,-0.8693272921435614,TIME_LIMIT,722873,0,0,12,12
2,8,3.425339e6,-1.0381409181541768,-0.8693272921435614,TIME_LIMIT,722895,0,0,12,8
2,8,3.425461e6,-1.0381409181541768,-0.8693272921435614,TIME_LIMIT,722918,0,0,16,16
2,8,3.425673e6,-1.038137488904496,-0.8693272921435614,TIME_LIMIT,722951,0,0,16,5
2,8,3.425876e6,-1.038137488904496,-0.8693272921435614,TIME_LIMIT,722973,0,0,19,24
2,8,3.426067e6,-1.0381372530558883,-0.8693272921435614,TIME_LIMIT,723007,0,0,18,9
2,8,3.426279e6,-1.0381372530558883,-0.8693272921435614,TIME_LIMIT,723025,0,0,14,23
2,8,3.426484e6,-1.0381371908247408,-0.8693272921435614,TIME_LIMIT,723058,0,0,12,4
2,8,3.426592e6,-1.0381371908247408,-0.8693272921435614,TIME_LIMIT,723081,0,0,17,21
2,8,3.426809e6,-1.0381367750331099,-0.8693272921435614,TIME_LIMIT,723116,0,0,17,14
2,8,3.426906e6,-1.0381367750331099,-0.8693272921435614,TIME_LIMIT,723139,0,0,15,11
2,8,3.426971e6,-1.0381322240360895,-0.8693272921435614,TIME_LIMIT,723151,0,0,8,6
2,8,3.427138e6,-1.0381322240360895,-0.8693272921435614,TIME_LIMIT,723170,0,0,17,16
2,8,3.427346e6,-1.038132026793428,-0.8693272921435614,TIME_LIMIT,723198,0,0,9,6
2,8,3.427435e6,-1.038132026793428,-0.8693272921435614,TIME_LIMIT,723218,0,0,12,7
2,8,3.427473e6,-1.0381303411276255,-0.8693272921435614,TIME_LIMIT,723235,0,0,7,4
2,8,3.427675e6,-1.0381303411276255,-0.8693272921435614,TIME_LIMIT,723259,0,0,17,15
2,8,3.427845e6,-1.038128653762648,-0.8693272921435614,TIME_LIMIT,723291,0,0,9,6
2,8,3.427926e6,-1.038128653762648,-0.8693272921435614,TIME_LIMIT,723311,0,0,15,5
2,8,3.428005e6,-1.0381186048475846,-0.8693272921435614,TIME_LIMIT,723339,0,0,3,4
2,8,3.428207e6,-1.0381186048475846,-0.8693272921435614,TIME_LIMIT,723360,0,0,15,14
2,8,3.428266e6,-1.0381160660765172,-0.8693272921435614,TIME_LIMIT,723384,0,0,6,4
2,8,3.428477e6,-1.0381160660765172,-0.8693272921435614,TIME_LIMIT,723405,0,0,19,10
2,8,3.42868e6,-1.0381138755189245,-0.8693272921435614,TIME_LIMIT,723437,0,0,14,10
2,8,3.428714e6,-1.0381138755189245,-0.8693272921435614,TIME_LIMIT,723450,0,0,11,7
2,8,3.428763e6,-1.0381092137614087,-0.8693272921435614,TIME_LIMIT,723468,0,0,6,1
2,8,3.428932e6,-1.0381092137614087,-0.8693272921435614,TIME_LIMIT,723494,0,0,20,23
2,8,3.429137e6,-1.038105105681217,-0.8693272921435614,TIME_LIMIT,723529,0,0,14,13
2,8,3.429342e6,-1.038105105681217,-0.8693272921435614,TIME_LIMIT,723547,0,0,13,18
2,8,3.429547e6,-1.038104243843712,-0.8693272921435614,TIME_LIMIT,723587,0,0,17,7
2,8,3.429632e6,-1.038104243843712,-0.8693272921435614,TIME_LIMIT,723604,0,0,11,9
2,8,3.429724e6,-1.0381036296759407,-0.8693272921435614,TIME_LIMIT,723628,0,0,6,5
2,8,3.429925e6,-1.0381036296759407,-0.8693272921435614,TIME_LIMIT,723650,0,0,13,25
2,8,3.430094e6,-1.0381005282666378,-0.8693272921435614,TIME_LIMIT,723685,0,0,12,10
2,8,3.430211e6,-1.0381005282666378,-0.8693272921435614,TIME_LIMIT,723706,0,0,16,14
2,8,3.430414e6,-1.0381000965165454,-0.8693272921435614,TIME_LIMIT,723737,0,0,13,5
2,8,3.430578e6,-1.0381000965165454,-0.8693272921435614,TIME_LIMIT,723763,0,0,19,23
2,8,3.43079e6,-1.0380976233612647,-0.8693272921435614,TIME_LIMIT,723797,0,0,6,11
2,8,3.430912e6,-1.0380976233612647,-0.8693272921435614,TIME_LIMIT,723818,0,0,19,9
2,8,3.430998e6,-1.0380902711136697,-0.8693272921435614,TIME_LIMIT,723848,0,0,12,5
2,8,3.431038e6,-1.0380902711136697,-0.8693272921435614,TIME_LIMIT,723865,0,0,12,5
2,8,3.431097e6,-1.0380872316082115,-0.8693272921435614,TIME_LIMIT,723884,0,0,8,3
2,8,3.431184e6,-1.0380872316082115,-0.8693272921435614,TIME_LIMIT,723903,0,0,12,10
2,8,3.431221e6,-1.0380848504947982,-0.8693272921435614,TIME_LIMIT,723923,0,0,10,4
2,8,3.431309e6,-1.0380848504947982,-0.8693272921435614,TIME_LIMIT,723940,0,0,10,9
2,8,3.431364e6,-1.0380843343443562,-0.8693272921435614,TIME_LIMIT,723963,0,0,7,5
2,8,3.431421e6,-1.0380843343443562,-0.8693272921435614,TIME_LIMIT,723980,0,0,9,8
2,8,3.431462e6,-1.0380835921490235,-0.8693272921435614,TIME_LIMIT,723995,0,0,10,7
2,8,3.43152e6,-1.0380835921490235,-0.8693272921435614,TIME_LIMIT,724011,0,0,9,10
2,8,3.431584e6,-1.0380835880854358,-0.8693272921435614,TIME_LIMIT,724035,0,0,8,4
2,8,3.431681e6,-1.0380835880854358,-0.8693272921435614,TIME_LIMIT,724060,0,0,21,14
2,8,3.431897e6,-1.0380833311985744,-0.8693272921435614,TIME_LIMIT,724089,0,0,12,8
2,8,3.432009e6,-1.0380833311985744,-0.8693272921435614,TIME_LIMIT,724114,0,0,20,9
2,8,3.432102e6,-1.0380814532640725,-0.8693272921435614,TIME_LIMIT,724146,0,0,16,6
2,8,3.432197e6,-1.0380814532640725,-0.8693272921435614,TIME_LIMIT,724167,0,0,4,5
2,8,3.432242e6,-1.0380778510022295,-0.8693272921435614,TIME_LIMIT,724178,0,0,4,5
2,8,3.432386e6,-1.0380778510022295,-0.8693272921435614,TIME_LIMIT,724195,0,0,10,13
2,8,3.432476e6,-1.0380734423988616,-0.8693272921435614,TIME_LIMIT,724221,0,0,9,3
2,8,3.43263e6,-1.0380734423988616,-0.8693272921435614,TIME_LIMIT,724247,0,0,22,27
2,8,3.432839e6,-1.0380710756422744,-0.8693272921435614,TIME_LIMIT,724281,0,0,19,11
2,8,3.43292e6,-1.0380710756422744,-0.8693272921435614,TIME_LIMIT,724295,0,0,11,10
2,8,3.432958e6,-1.038070811270083,-0.8693272921435614,TIME_LIMIT,724317,0,0,7,1
2,8,3.433087e6,-1.038070811270083,-0.8693272921435614,TIME_LIMIT,724345,0,0,15,11
2,8,3.433216e6,-1.0380690654868046,-0.8693272921435614,TIME_LIMIT,724373,0,0,9,16
2,8,3.433359e6,-1.0380690654868046,-0.8693272921435614,TIME_LIMIT,724389,0,0,12,18
2,8,3.433477e6,-1.0380608191671041,-0.8693272921435614,TIME_LIMIT,724415,0,0,9,6
2,8,3.433589e6,-1.0380608191671041,-0.8693272921435614,TIME_LIMIT,724435,0,0,14,22
2,8,3.433746e6,-1.0380600372349011,-0.8693272921435614,TIME_LIMIT,724466,0,0,14,7
2,8,3.433955e6,-1.0380600372349011,-0.8693272921435614,TIME_LIMIT,724492,0,0,18,18
2,8,3.434156e6,-1.0380599383978857,-0.8693272921435614,TIME_LIMIT,724521,0,0,12,6
2,8,3.43434e6,-1.0380599383978857,-0.8693272921435614,TIME_LIMIT,724547,0,0,20,31
2,8,3.434506e6,-1.038059625030907,-0.8693272921435614,TIME_LIMIT,724581,0,0,10,11
2,8,3.434596e6,-1.038059625030907,-0.8693272921435614,TIME_LIMIT,724599,0,0,16,17
2,8,3.434791e6,-1.0380592871440495,-0.8693272921435614,TIME_LIMIT,724633,0,0,18,11
2,8,3.435005e6,-1.0380592871440495,-0.8693272921435614,TIME_LIMIT,724663,0,0,22,21
2,8,3.435103e6,-1.0380573755162574,-0.8693272921435614,TIME_LIMIT,724698,0,0,11,5
2,8,3.435279e6,-1.0380573755162574,-0.8693272921435614,TIME_LIMIT,724724,0,0,16,8
2,8,3.435361e6,-1.038056258668913,-0.8693272921435614,TIME_LIMIT,724740,0,0,9,9
2,8,3.435477e6,-1.038056258668913,-0.8693272921435614,TIME_LIMIT,724750,0,0,3,6
2,8,3.435536e6,-1.0380521922827348,-0.8693272921435614,TIME_LIMIT,724776,0,0,11,2
2,8,3.435604e6,-1.0380521922827348,-0.8693272921435614,TIME_LIMIT,724791,0,0,13,13
2,8,3.435662e6,-1.0380504580160927,-0.8693272921435614,TIME_LIMIT,724812,0,0,7,3
2,8,3.43577e6,-1.0380504580160927,-0.8693272921435614,TIME_LIMIT,724837,0,0,17,20
2,8,3.435879e6,-1.0380487088647103,-0.8693272921435614,TIME_LIMIT,724871,0,0,5,3
2,8,3.436097e6,-1.0380487088647103,-0.8693272921435614,TIME_LIMIT,724892,0,0,12,10
2,8,3.436267e6,-1.0380398205029908,-0.8693272921435614,TIME_LIMIT,724924,0,0,15,7
2,8,3.436341e6,-1.0380398205029908,-0.8693272921435614,TIME_LIMIT,724943,0,0,13,4
2,8,3.436381e6,-1.0380370623848456,-0.8693272921435614,TIME_LIMIT,724961,0,0,7,3
2,8,3.436479e6,-1.0380370623848456,-0.8693272921435614,TIME_LIMIT,724986,0,0,19,9
2,8,3.436588e6,-1.0380368069102568,-0.8693272921435614,TIME_LIMIT,725019,0,0,11,6
2,8,3.43662e6,-1.0380368069102568,-0.8693272921435614,TIME_LIMIT,725030,0,0,6,2
2,8,3.43665e6,-1.0380341509116886,-0.8693272921435614,TIME_LIMIT,725041,0,0,3,1
2,8,3.4368e6,-1.0380341509116886,-0.8693272921435614,TIME_LIMIT,725064,0,0,14,18
2,8,3.436938e6,-1.0380340559229537,-0.8693272921435614,TIME_LIMIT,725096,0,0,19,4
2,8,3.437046e6,-1.0380340559229537,-0.8693272921435614,TIME_LIMIT,725121,0,0,18,14
2,8,3.43725e6,-1.038031008877224,-0.8693272921435614,TIME_LIMIT,725149,0,0,9,6
2,8,3.437417e6,-1.038031008877224,-0.8693272921435614,TIME_LIMIT,725176,0,0,17,6
2,8,3.437514e6,-1.038026109299752,-0.8693272921435614,TIME_LIMIT,725198,0,0,12,6
2,8,3.437607e6,-1.038026109299752,-0.8693272921435614,TIME_LIMIT,725219,0,0,16,7
2,8,3.437663e6,-1.038019539075754,-0.8693272921435614,TIME_LIMIT,725236,0,0,14,3
2,8,3.437867e6,-1.038019539075754,-0.8693272921435614,TIME_LIMIT,725263,0,0,17,21
2,8,3.438077e6,-1.0380140492088281,-0.8693272921435614,TIME_LIMIT,725289,0,0,16,18
2,8,3.438129e6,-1.0380140492088281,-0.8693272921435614,TIME_LIMIT,725308,0,0,6,6
2,8,3.438177e6,-1.0380067542959774,-0.8693272921435614,TIME_LIMIT,725325,0,0,5,7
2,8,3.438372e6,-1.0380067542959774,-0.8693272921435614,TIME_LIMIT,725349,0,0,19,21
2,8,3.438574e6,-1.0380062636504868,-0.8693272921435614,TIME_LIMIT,725391,0,0,21,13
2,8,3.438785e6,-1.0380062636504868,-0.8693272921435614,TIME_LIMIT,725414,0,0,15,20
2,8,3.439e6,-1.0380062382437476,-0.8693272921435614,TIME_LIMIT,725445,0,0,10,11
2,8,3.439074e6,-1.0380062382437476,-0.8693272921435614,TIME_LIMIT,725459,0,0,13,11
2,8,3.43917e6,-1.038001821917884,-0.8693272921435614,TIME_LIMIT,725482,0,0,11,8
2,8,3.439245e6,-1.038001821917884,-0.8693272921435614,TIME_LIMIT,725504,0,0,8,5
2,8,3.439341e6,-1.038001556222633,-0.8693272921435614,TIME_LIMIT,725523,0,0,13,8
2,8,3.439516e6,-1.038001556222633,-0.8693272921435614,TIME_LIMIT,725548,0,0,7,8
2,8,3.439724e6,-1.0379994190505872,-0.8693272921435614,TIME_LIMIT,725583,0,0,15,13
2,8,3.439884e6,-1.0379994190505872,-0.8693272921435614,TIME_LIMIT,725606,0,0,21,11
2,8,3.440072e6,-1.037993972493652,-0.8693272921435614,TIME_LIMIT,725639,0,0,13,9
2,8,3.44028e6,-1.037993972493652,-0.8693272921435614,TIME_LIMIT,725660,0,0,19,19
2,8,3.440457e6,-1.0379934705303113,-0.8693272921435614,TIME_LIMIT,725692,0,0,15,12
2,8,3.440512e6,-1.0379934705303113,-0.8693272921435614,TIME_LIMIT,725707,0,0,12,5
2,8,3.440602e6,-1.0379922238435184,-0.8693272921435614,TIME_LIMIT,725730,0,0,7,3
2,8,3.440733e6,-1.0379922238435184,-0.8693272921435614,TIME_LIMIT,725755,0,0,22,8
2,8,3.440856e6,-1.0379889660340442,-0.8693272921435614,TIME_LIMIT,725788,0,0,16,9
2,8,3.440895e6,-1.0379889660340442,-0.8693272921435614,TIME_LIMIT,725799,0,0,6,11
2,8,3.440952e6,-1.0379863882347728,-0.8693272921435614,TIME_LIMIT,725820,0,0,8,3
2,8,3.441157e6,-1.0379863882347728,-0.8693272921435614,TIME_LIMIT,725842,0,0,18,20
2,8,3.441366e6,-1.0379863141207728,-0.8693272921435614,TIME_LIMIT,725883,0,0,19,8
2,8,3.441576e6,-1.0379863141207728,-0.8693272921435614,TIME_LIMIT,725902,0,0,23,20
2,8,3.441773e6,-1.0379842796253684,-0.8693272921435614,TIME_LIMIT,725934,0,0,17,11
2,8,3.441982e6,-1.0379842796253684,-0.8693272921435614,TIME_LIMIT,725959,0,0,17,21
2,8,3.442198e6,-1.037982588926759,-0.8693272921435614,TIME_LIMIT,725995,0,0,18,11
2,8,3.442402e6,-1.037982588926759,-0.8693272921435614,TIME_LIMIT,726017,0,0,16,18
2,8,3.442536e6,-1.0379805875811112,-0.8693272921435614,TIME_LIMIT,726050,0,0,14,10
2,8,3.442746e6,-1.0379805875811112,-0.8693272921435614,TIME_LIMIT,726067,0,0,15,7
2,8,3.442956e6,-1.0379737038308554,-0.8693272921435614,TIME_LIMIT,726104,0,0,22,9
2,8,3.443119e6,-1.0379737038308554,-0.8693272921435614,TIME_LIMIT,726134,0,0,18,3
2,8,3.443334e6,-1.03796895443302,-0.8693272921435614,TIME_LIMIT,726156,0,0,16,11
2,8,3.443456e6,-1.03796895443302,-0.8693272921435614,TIME_LIMIT,726179,0,0,11,17
2,8,3.443575e6,-1.0379650763537713,-0.8693272921435614,TIME_LIMIT,726200,0,0,11,9
2,8,3.443713e6,-1.0379650763537713,-0.8693272921435614,TIME_LIMIT,726226,0,0,18,14
2,8,3.443878e6,-1.0379632504034282,-0.8693272921435614,TIME_LIMIT,726256,0,0,15,5
2,8,3.443965e6,-1.0379632504034282,-0.8693272921435614,TIME_LIMIT,726272,0,0,13,9
2,8,3.444138e6,-1.03795954187874,-0.8693272921435614,TIME_LIMIT,726303,0,0,13,8
2,8,3.444256e6,-1.03795954187874,-0.8693272921435614,TIME_LIMIT,726329,0,0,14,9
2,8,3.444314e6,-1.0379581453150948,-0.8693272921435614,TIME_LIMIT,726346,0,0,13,5
2,8,3.444492e6,-1.0379581453150948,-0.8693272921435614,TIME_LIMIT,726372,0,0,15,6
2,8,3.444623e6,-1.037957058520921,-0.8693272921435614,TIME_LIMIT,726404,0,0,15,11
2,8,3.444672e6,-1.037957058520921,-0.8693272921435614,TIME_LIMIT,726413,0,0,5,6
2,8,3.444707e6,-1.0379527829736985,-0.8693272921435614,TIME_LIMIT,726428,0,0,5,1
2,8,3.44477e6,-1.0379527829736985,-0.8693272921435614,TIME_LIMIT,726448,0,0,11,8
2,8,3.444829e6,-1.037949914392347,-0.8693272921435614,TIME_LIMIT,726467,0,0,6,2
2,8,3.445035e6,-1.037949914392347,-0.8693272921435614,TIME_LIMIT,726491,0,0,19,25
2,8,3.445241e6,-1.0379496137909938,-0.8693272921435614,TIME_LIMIT,726525,0,0,13,28
2,8,3.445389e6,-1.0379496137909938,-0.8693272921435614,TIME_LIMIT,726544,0,0,17,15
2,8,3.445502e6,-1.0379493826544204,-0.8693272921435614,TIME_LIMIT,726568,0,0,9,6
2,8,3.44569e6,-1.0379493826544204,-0.8693272921435614,TIME_LIMIT,726599,0,0,19,19
2,8,3.44589e6,-1.0379492700482351,-0.8693272921435614,TIME_LIMIT,726633,0,0,15,6
2,8,3.445976e6,-1.0379492700482351,-0.8693272921435614,TIME_LIMIT,726651,0,0,7,9
2,8,3.446052e6,-1.0379472990196428,-0.8693272921435614,TIME_LIMIT,726670,0,0,6,6
2,8,3.446127e6,-1.0379472990196428,-0.8693272921435614,TIME_LIMIT,726683,0,0,12,8
2,8,3.446178e6,-1.0379471501062425,-0.8693272921435614,TIME_LIMIT,726701,0,0,6,4
2,8,3.446263e6,-1.0379471501062425,-0.8693272921435614,TIME_LIMIT,726725,0,0,19,17
2,8,3.446395e6,-1.0379419763659616,-0.8693272921435614,TIME_LIMIT,726752,0,0,13,9
2,8,3.446564e6,-1.0379419763659616,-0.8693272921435614,TIME_LIMIT,726775,0,0,17,16
2,8,3.446755e6,-1.0379398121969516,-0.8693272921435614,TIME_LIMIT,726804,0,0,13,6
2,8,3.446859e6,-1.0379398121969516,-0.8693272921435614,TIME_LIMIT,726824,0,0,8,13
2,8,3.446921e6,-1.0379370325674078,-0.8693272921435614,TIME_LIMIT,726846,0,0,6,11
2,8,3.447024e6,-1.0379370325674078,-0.8693272921435614,TIME_LIMIT,726870,0,0,10,12
2,8,3.447134e6,-1.0379367621001372,-0.8693272921435614,TIME_LIMIT,726891,0,0,8,5
2,8,3.447335e6,-1.0379367621001372,-0.8693272921435614,TIME_LIMIT,726916,0,0,18,18
2,8,3.447449e6,-1.037936621701487,-0.8693272921435614,TIME_LIMIT,726947,0,0,13,6
2,8,3.447482e6,-1.037936621701487,-0.8693272921435614,TIME_LIMIT,726960,0,0,8,3
2,8,3.447513e6,-1.0379357334961599,-0.8693272921435614,TIME_LIMIT,726972,0,0,3,1
2,8,3.447556e6,-1.0379357334961599,-0.8693272921435614,TIME_LIMIT,726985,0,0,6,6
2,8,3.447589e6,-1.0379352384376992,-0.8693272921435614,TIME_LIMIT,726999,0,0,2,4
2,8,3.447692e6,-1.0379352384376992,-0.8693272921435614,TIME_LIMIT,727021,0,0,18,16
2,8,3.447884e6,-1.0379290137228154,-0.8693272921435614,TIME_LIMIT,727053,0,0,15,10
2,8,3.447926e6,-1.0379290137228154,-0.8693272921435614,TIME_LIMIT,727070,0,0,9,7
2,8,3.447967e6,-1.037928669464858,-0.8693272921435614,TIME_LIMIT,727084,0,0,2,3
2,8,3.448166e6,-1.037928669464858,-0.8693272921435614,TIME_LIMIT,727110,0,0,18,14
2,8,3.448256e6,-1.03792800325534,-0.8693272921435614,TIME_LIMIT,727136,0,0,6,2
2,8,3.448469e6,-1.03792800325534,-0.8693272921435614,TIME_LIMIT,727163,0,0,17,18
2,8,3.448587e6,-1.03792512643084,-0.8693272921435614,TIME_LIMIT,727188,0,0,12,14
2,8,3.448692e6,-1.03792512643084,-0.8693272921435614,TIME_LIMIT,727209,0,0,19,9
2,8,3.448911e6,-1.0379246622206315,-0.8693272921435614,TIME_LIMIT,727243,0,0,12,10
2,8,3.449103e6,-1.0379246622206315,-0.8693272921435614,TIME_LIMIT,727268,0,0,20,16
2,8,3.449297e6,-1.0379227193041336,-0.8693272921435614,TIME_LIMIT,727308,0,0,18,10
2,8,3.44938e6,-1.0379227193041336,-0.8693272921435614,TIME_LIMIT,727327,0,0,10,5
2,8,3.449428e6,-1.0379219541925269,-0.8693272921435614,TIME_LIMIT,727349,0,0,10,3
2,8,3.449573e6,-1.0379219541925269,-0.8693272921435614,TIME_LIMIT,727369,0,0,18,20
2,8,3.449718e6,-1.0379203192986464,-0.8693272921435614,TIME_LIMIT,727398,0,0,11,4
2,8,3.449827e6,-1.0379203192986464,-0.8693272921435614,TIME_LIMIT,727417,0,0,16,23
2,8,3.45003e6,-1.037918016984991,-0.8693272921435614,TIME_LIMIT,727456,0,0,19,10
2,8,3.450107e6,-1.037918016984991,-0.8693272921435614,TIME_LIMIT,727476,0,0,5,7
2,8,3.450182e6,-1.0379097033308025,-0.8693272921435614,TIME_LIMIT,727493,0,0,4,0
2,8,3.450386e6,-1.0379097033308025,-0.8693272921435614,TIME_LIMIT,727517,0,0,22,33
2,8,3.450595e6,-1.037902527699587,-0.8693272921435614,TIME_LIMIT,727548,0,0,11,12
2,8,3.450713e6,-1.037902527699587,-0.8693272921435614,TIME_LIMIT,727572,0,0,18,15
2,8,3.450809e6,-1.0379013046080834,-0.8693272921435614,TIME_LIMIT,727591,0,0,13,14
2,8,3.450917e6,-1.0379013046080834,-0.8693272921435614,TIME_LIMIT,727615,0,0,7,8
2,8,3.451124e6,-1.0379009737416682,-0.8693272921435614,TIME_LIMIT,727645,0,0,18,3
2,8,3.45129e6,-1.0379009737416682,-0.8693272921435614,TIME_LIMIT,727669,0,0,11,11
2,8,3.451351e6,-1.0378897441518,-0.8693272921435614,TIME_LIMIT,727693,0,0,8,6
2,8,3.451486e6,-1.0378897441518,-0.8693272921435614,TIME_LIMIT,727715,0,0,16,4
2,8,3.451695e6,-1.037887149476505,-0.8693272921435614,TIME_LIMIT,727743,0,0,8,7
2,8,3.451861e6,-1.037887149476505,-0.8693272921435614,TIME_LIMIT,727764,0,0,12,12
2,8,3.451987e6,-1.0378825645249865,-0.8693272921435614,TIME_LIMIT,727789,0,0,11,4
2,8,3.452086e6,-1.0378825645249865,-0.8693272921435614,TIME_LIMIT,727804,0,0,7,9
2,8,3.452162e6,-1.037879279509172,-0.8693272921435614,TIME_LIMIT,727826,0,0,9,5
2,8,3.452317e6,-1.037879279509172,-0.8693272921435614,TIME_LIMIT,727850,0,0,15,7
2,8,3.45242e6,-1.0378756464388736,-0.8693272921435614,TIME_LIMIT,727873,0,0,16,3
2,8,3.452623e6,-1.0378756464388736,-0.8693272921435614,TIME_LIMIT,727898,0,0,20,34
2,8,3.452763e6,-1.0378722674327692,-0.8693272921435614,TIME_LIMIT,727933,0,0,16,7
2,8,3.452876e6,-1.0378722674327692,-0.8693272921435614,TIME_LIMIT,727955,0,0,13,4
2,8,3.453005e6,-1.0378669988096667,-0.8693272921435614,TIME_LIMIT,727984,0,0,11,6
2,8,3.453059e6,-1.0378669988096667,-0.8693272921435614,TIME_LIMIT,727997,0,0,13,7
2,8,3.4531e6,-1.037865957637023,-0.8693272921435614,TIME_LIMIT,728019,0,0,10,3
2,8,3.453275e6,-1.037865957637023,-0.8693272921435614,TIME_LIMIT,728050,0,0,12,31
2,8,3.453481e6,-1.0378650506977127,-0.8693272921435614,TIME_LIMIT,728089,0,0,13,17
2,8,3.453685e6,-1.0378650506977127,-0.8693272921435614,TIME_LIMIT,728113,0,0,15,6
2,8,3.453748e6,-1.0378630871574916,-0.8693272921435614,TIME_LIMIT,728131,0,0,12,5
2,8,3.453834e6,-1.0378630871574916,-0.8693272921435614,TIME_LIMIT,728146,0,0,5,9
2,8,3.453867e6,-1.037861933849172,-0.8693272921435614,TIME_LIMIT,728161,0,0,5,1
2,8,3.454072e6,-1.037861933849172,-0.8693272921435614,TIME_LIMIT,728188,0,0,21,17
2,8,3.454232e6,-1.0378586276242776,-0.8693272921435614,TIME_LIMIT,728213,0,0,23,10
2,8,3.454287e6,-1.0378586276242776,-0.8693272921435614,TIME_LIMIT,728228,0,0,13,8
2,8,3.454367e6,-1.0378584819053205,-0.8693272921435614,TIME_LIMIT,728251,0,0,10,4
2,8,3.454516e6,-1.0378584819053205,-0.8693272921435614,TIME_LIMIT,728273,0,0,18,30
2,8,3.454605e6,-1.0378568621296829,-0.8693272921435614,TIME_LIMIT,728302,0,0,14,5
2,8,3.454651e6,-1.0378568621296829,-0.8693272921435614,TIME_LIMIT,728318,0,0,12,8
2,8,3.454739e6,-1.0378564111095168,-0.8693272921435614,TIME_LIMIT,728341,0,0,8,4
2,8,3.454934e6,-1.0378564111095168,-0.8693272921435614,TIME_LIMIT,728366,0,0,13,7
2,8,3.455137e6,-1.037850744361939,-0.8693272921435614,TIME_LIMIT,728399,0,0,15,11
2,8,3.455221e6,-1.037850744361939,-0.8693272921435614,TIME_LIMIT,728413,0,0,14,12
2,8,3.455293e6,-1.0378489242812927,-0.8693272921435614,TIME_LIMIT,728435,0,0,10,5
2,8,3.455499e6,-1.0378489242812927,-0.8693272921435614,TIME_LIMIT,728457,0,0,11,24
2,8,3.455655e6,-1.0378424707853697,-0.8693272921435614,TIME_LIMIT,728486,0,0,5,8
2,8,3.45576e6,-1.0378424707853697,-0.8693272921435614,TIME_LIMIT,728508,0,0,14,5
2,8,3.455837e6,-1.0378384245619037,-0.8693272921435614,TIME_LIMIT,728530,0,0,10,6
2,8,3.455907e6,-1.0378384245619037,-0.8693272921435614,TIME_LIMIT,728546,0,0,7,13
2,8,3.455959e6,-1.0378357250454826,-0.8693272921435614,TIME_LIMIT,728565,0,0,6,1
2,8,3.456066e6,-1.0378357250454826,-0.8693272921435614,TIME_LIMIT,728587,0,0,14,5
2,8,3.456238e6,-1.0378354323511503,-0.8693272921435614,TIME_LIMIT,728619,0,0,3,3
2,8,3.456389e6,-1.0378354323511503,-0.8693272921435614,TIME_LIMIT,728649,0,0,16,6
2,8,3.45647e6,-1.0378348944213853,-0.8693272921435614,TIME_LIMIT,728667,0,0,10,7
2,8,3.456601e6,-1.0378348944213853,-0.8693272921435614,TIME_LIMIT,728694,0,0,9,23
2,8,3.456688e6,-1.0378310726765754,-0.8693272921435614,TIME_LIMIT,728726,0,0,7,6
2,8,3.456743e6,-1.0378310726765754,-0.8693272921435614,TIME_LIMIT,728743,0,0,11,17
2,8,3.456813e6,-1.0378280234803525,-0.8693272921435614,TIME_LIMIT,728761,0,0,10,9
2,8,3.45691e6,-1.0378280234803525,-0.8693272921435614,TIME_LIMIT,728779,0,0,11,6
2,8,3.457012e6,-1.0378270745417424,-0.8693272921435614,TIME_LIMIT,728807,0,0,7,7
2,8,3.457081e6,-1.0378270745417424,-0.8693272921435614,TIME_LIMIT,728829,0,0,15,22
2,8,3.45726e6,-1.03782365383098,-0.8693272921435614,TIME_LIMIT,728868,0,0,17,9
2,8,3.457469e6,-1.03782365383098,-0.8693272921435614,TIME_LIMIT,728893,0,0,11,18
2,8,3.457679e6,-1.0378210633746798,-0.8693272921435614,TIME_LIMIT,728926,0,0,11,8
2,8,3.457831e6,-1.0378210633746798,-0.8693272921435614,TIME_LIMIT,728944,0,0,13,16
2,8,3.458009e6,-1.0378209923589816,-0.8693272921435614,TIME_LIMIT,728986,0,0,13,10
2,8,3.45821e6,-1.0378209923589816,-0.8693272921435614,TIME_LIMIT,729008,0,0,18,14
2,8,3.45842e6,-1.0378159819501425,-0.8693272921435614,TIME_LIMIT,729044,0,0,18,8
2,8,3.458502e6,-1.0378159819501425,-0.8693272921435614,TIME_LIMIT,729063,0,0,15,12
2,8,3.458619e6,-1.0378139746343162,-0.8693272921435614,TIME_LIMIT,729091,0,0,10,8
2,8,3.458681e6,-1.0378139746343162,-0.8693272921435614,TIME_LIMIT,729111,0,0,13,10
2,8,3.458739e6,-1.0378105126831356,-0.8693272921435614,TIME_LIMIT,729130,0,0,5,4
2,8,3.458835e6,-1.0378105126831356,-0.8693272921435614,TIME_LIMIT,729145,0,0,15,12
2,8,3.458913e6,-1.0378104711679017,-0.8693272921435614,TIME_LIMIT,729175,0,0,9,2
2,8,3.458998e6,-1.0378104711679017,-0.8693272921435614,TIME_LIMIT,729197,0,0,15,9
2,8,3.459061e6,-1.0378089893805198,-0.8693272921435614,TIME_LIMIT,729211,0,0,8,1
2,8,3.45916e6,-1.0378089893805198,-0.8693272921435614,TIME_LIMIT,729232,0,0,19,15
2,8,3.459366e6,-1.037808524761866,-0.8693272921435614,TIME_LIMIT,729267,0,0,13,13
2,8,3.459545e6,-1.037808524761866,-0.8693272921435614,TIME_LIMIT,729286,0,0,14,15
2,8,3.459678e6,-1.037807933036935,-0.8693272921435614,TIME_LIMIT,729318,0,0,6,6
2,8,3.459898e6,-1.037807933036935,-0.8693272921435614,TIME_LIMIT,729342,0,0,16,17
2,8,3.460002e6,-1.0378014804599545,-0.8693272921435614,TIME_LIMIT,729373,0,0,12,10
2,8,3.460077e6,-1.0378014804599545,-0.8693272921435614,TIME_LIMIT,729387,0,0,13,9
2,8,3.460136e6,-1.0377942695017661,-0.8693272921435614,TIME_LIMIT,729408,0,0,9,1
2,8,3.460245e6,-1.0377942695017661,-0.8693272921435614,TIME_LIMIT,729431,0,0,18,7
2,8,3.460333e6,-1.0377932541616532,-0.8693272921435614,TIME_LIMIT,729453,0,0,14,4
2,8,3.460505e6,-1.0377932541616532,-0.8693272921435614,TIME_LIMIT,729481,0,0,16,7
2,8,3.460611e6,-1.037793148998652,-0.8693272921435614,TIME_LIMIT,729500,0,0,14,6
2,8,3.46077e6,-1.037793148998652,-0.8693272921435614,TIME_LIMIT,729524,0,0,22,16
2,8,3.460971e6,-1.0377930503352124,-0.8693272921435614,TIME_LIMIT,729556,0,0,14,9
2,8,3.46112e6,-1.0377930503352124,-0.8693272921435614,TIME_LIMIT,729584,0,0,14,19
2,8,3.461278e6,-1.0377929911599275,-0.8693272921435614,TIME_LIMIT,729614,0,0,11,11
2,8,3.461406e6,-1.0377929911599275,-0.8693272921435614,TIME_LIMIT,729638,0,0,13,4
2,8,3.461464e6,-1.037792922442836,-0.8693272921435614,TIME_LIMIT,729652,0,0,8,9
2,8,3.461612e6,-1.037792922442836,-0.8693272921435614,TIME_LIMIT,729686,0,0,19,16
2,8,3.461818e6,-1.0377792059405362,-0.8693272921435614,TIME_LIMIT,729712,0,0,21,7
2,8,3.461906e6,-1.0377792059405362,-0.8693272921435614,TIME_LIMIT,729733,0,0,10,8
2,8,3.461959e6,-1.0377731927027032,-0.8693272921435614,TIME_LIMIT,729753,0,0,6,2
2,8,3.462156e6,-1.0377731927027032,-0.8693272921435614,TIME_LIMIT,729779,0,0,15,8
2,8,3.462244e6,-1.037770496472616,-0.8693272921435614,TIME_LIMIT,729801,0,0,16,11
2,8,3.462452e6,-1.037770496472616,-0.8693272921435614,TIME_LIMIT,729831,0,0,17,16
2,8,3.462537e6,-1.0377690757004971,-0.8693272921435614,TIME_LIMIT,729855,0,0,10,9
2,8,3.462684e6,-1.0377690757004971,-0.8693272921435614,TIME_LIMIT,729871,0,0,14,12
2,8,3.462852e6,-1.0377629493460807,-0.8693272921435614,TIME_LIMIT,729905,0,0,11,10
2,8,3.46307e6,-1.0377629493460807,-0.8693272921435614,TIME_LIMIT,729929,0,0,17,22
2,8,3.463278e6,-1.0377621673345667,-0.8693272921435614,TIME_LIMIT,729962,0,0,14,5
2,8,3.463313e6,-1.0377621673345667,-0.8693272921435614,TIME_LIMIT,729973,0,0,7,9
2,8,3.463376e6,-1.0377591389744945,-0.8693272921435614,TIME_LIMIT,729997,0,0,5,5
2,8,3.463543e6,-1.0377591389744945,-0.8693272921435614,TIME_LIMIT,730020,0,0,20,13
2,8,3.463604e6,-1.037759137010214,-0.8693272921435614,TIME_LIMIT,730049,0,0,13,8
2,8,3.463694e6,-1.037759137010214,-0.8693272921435614,TIME_LIMIT,730067,0,0,11,12
2,8,3.463761e6,-1.0377564719332053,-0.8693272921435614,TIME_LIMIT,730087,0,0,8,4
2,8,3.463964e6,-1.0377564719332053,-0.8693272921435614,TIME_LIMIT,730111,0,0,20,33
2,8,3.464165e6,-1.0377505725547742,-0.8693272921435614,TIME_LIMIT,730150,0,0,16,14
2,8,3.464351e6,-1.0377505725547742,-0.8693272921435614,TIME_LIMIT,730182,0,0,22,27
2,8,3.464551e6,-1.0377495310723246,-0.8693272921435614,TIME_LIMIT,730217,0,0,8,4
2,8,3.464635e6,-1.0377495310723246,-0.8693272921435614,TIME_LIMIT,730237,0,0,9,8
2,8,3.464691e6,-1.0377491785177524,-0.8693272921435614,TIME_LIMIT,730256,0,0,5,4
2,8,3.464889e6,-1.0377491785177524,-0.8693272921435614,TIME_LIMIT,730279,0,0,18,9
2,8,3.465041e6,-1.0377439463673102,-0.8693272921435614,TIME_LIMIT,730307,0,0,13,9
2,8,3.465115e6,-1.0377439463673102,-0.8693272921435614,TIME_LIMIT,730324,0,0,15,26
2,8,3.465247e6,-1.0377411430175483,-0.8693272921435614,TIME_LIMIT,730358,0,0,15,8
2,8,3.465375e6,-1.0377411430175483,-0.8693272921435614,TIME_LIMIT,730378,0,0,18,15
2,8,3.465484e6,-1.037740059136584,-0.8693272921435614,TIME_LIMIT,730403,0,0,10,7
2,8,3.465621e6,-1.037740059136584,-0.8693272921435614,TIME_LIMIT,730424,0,0,14,15
2,8,3.465708e6,-1.0377392297758081,-0.8693272921435614,TIME_LIMIT,730450,0,0,10,2
2,8,3.46597e6,-1.0377392297758081,-0.8693272921435614,TIME_LIMIT,730470,0,0,10,14
2,8,3.466496e6,-1.0377391696133373,-0.8693272921435614,TIME_LIMIT,730492,0,0,9,7
2,8,3.46672e6,-1.0377391696133373,-0.8693272921435614,TIME_LIMIT,730515,0,0,26,20
2,8,3.466935e6,-1.0377361619337784,-0.8693272921435614,TIME_LIMIT,730551,0,0,13,7
2,8,3.46706e6,-1.0377361619337784,-0.8693272921435614,TIME_LIMIT,730577,0,0,15,16
2,8,3.467124e6,-1.0377339965162231,-0.8693272921435614,TIME_LIMIT,730605,0,0,17,6
2,8,3.46732e6,-1.0377339965162231,-0.8693272921435614,TIME_LIMIT,730625,0,0,21,8
2,8,3.467426e6,-1.0377324575889078,-0.8693272921435614,TIME_LIMIT,730649,0,0,8,5
2,8,3.467485e6,-1.0377324575889078,-0.8693272921435614,TIME_LIMIT,730671,0,0,14,9
2,8,3.467547e6,-1.0377287913217121,-0.8693272921435614,TIME_LIMIT,730690,0,0,9,6
2,8,3.467746e6,-1.0377287913217121,-0.8693272921435614,TIME_LIMIT,730711,0,0,13,9
2,8,3.467938e6,-1.0377263293503527,-0.8693272921435614,TIME_LIMIT,730741,0,0,14,5
2,8,3.468023e6,-1.0377263293503527,-0.8693272921435614,TIME_LIMIT,730754,0,0,8,5
2,8,3.468087e6,-1.0377242130270714,-0.8693272921435614,TIME_LIMIT,730774,0,0,6,5
2,8,3.46819e6,-1.0377242130270714,-0.8693272921435614,TIME_LIMIT,730797,0,0,18,15
2,8,3.468279e6,-1.0377239021060607,-0.8693272921435614,TIME_LIMIT,730827,0,0,12,7
2,8,3.468336e6,-1.0377239021060607,-0.8693272921435614,TIME_LIMIT,730840,0,0,7,1
2,8,3.468368e6,-1.0377187694859051,-0.8693272921435614,TIME_LIMIT,730851,0,0,4,5
2,8,3.468433e6,-1.0377187694859051,-0.8693272921435614,TIME_LIMIT,730865,0,0,6,9
2,8,3.46851e6,-1.0377184306418112,-0.8693272921435614,TIME_LIMIT,730890,0,0,7,5
2,8,3.468735e6,-1.0377184306418112,-0.8693272921435614,TIME_LIMIT,730912,0,0,19,15
2,8,3.468953e6,-1.0377182111275465,-0.8693272921435614,TIME_LIMIT,730948,0,0,16,11
2,8,3.469178e6,-1.0377182111275465,-0.8693272921435614,TIME_LIMIT,730965,0,0,12,16
2,8,3.469314e6,-1.0377161675047881,-0.8693272921435614,TIME_LIMIT,731001,0,0,16,10
2,8,3.469529e6,-1.0377161675047881,-0.8693272921435614,TIME_LIMIT,731022,0,0,22,11
2,8,3.469754e6,-1.0377099508854362,-0.8693272921435614,TIME_LIMIT,731051,0,0,16,9
2,8,3.469889e6,-1.0377099508854362,-0.8693272921435614,TIME_LIMIT,731083,0,0,25,16
2,8,3.470088e6,-1.0377042337041549,-0.8693272921435614,TIME_LIMIT,731107,0,0,19,12
2,8,3.470152e6,-1.0377042337041549,-0.8693272921435614,TIME_LIMIT,731128,0,0,14,4
2,8,3.470219e6,-1.0377034610776377,-0.8693272921435614,TIME_LIMIT,731147,0,0,5,1
2,8,3.470438e6,-1.0377034610776377,-0.8693272921435614,TIME_LIMIT,731173,0,0,19,24
2,8,3.470643e6,-1.0377022982373445,-0.8693272921435614,TIME_LIMIT,731213,0,0,20,6
2,8,3.470841e6,-1.0377022982373445,-0.8693272921435614,TIME_LIMIT,731234,0,0,7,14
2,8,3.470906e6,-1.0377013699173028,-0.8693272921435614,TIME_LIMIT,731255,0,0,6,6
2,8,3.471019e6,-1.0377013699173028,-0.8693272921435614,TIME_LIMIT,731270,0,0,9,8
2,8,3.471078e6,-1.0376798607561635,-0.8693272921435614,TIME_LIMIT,731290,0,0,4,4
2,8,3.471227e6,-1.0376798607561635,-0.8693272921435614,TIME_LIMIT,731313,0,0,13,17
2,8,3.471329e6,-1.0376710349453004,-0.8693272921435614,TIME_LIMIT,731341,0,0,13,6
2,8,3.471391e6,-1.0376710349453004,-0.8693272921435614,TIME_LIMIT,731362,0,0,16,13
2,8,3.471582e6,-1.03766902030471,-0.8693272921435614,TIME_LIMIT,731393,0,0,15,8
2,8,3.471632e6,-1.03766902030471,-0.8693272921435614,TIME_LIMIT,731405,0,0,9,7
2,8,3.471676e6,-1.0376666514956336,-0.8693272921435614,TIME_LIMIT,731427,0,0,12,6
2,8,3.471896e6,-1.0376666514956336,-0.8693272921435614,TIME_LIMIT,731441,0,0,17,16
2,8,3.472052e6,-1.0376644545325133,-0.8693272921435614,TIME_LIMIT,731478,0,0,16,7
2,8,3.47217e6,-1.0376644545325133,-0.8693272921435614,TIME_LIMIT,731497,0,0,17,20
2,8,3.472309e6,-1.0376584789698857,-0.8693272921435614,TIME_LIMIT,731530,0,0,10,5
2,8,3.472534e6,-1.0376584789698857,-0.8693272921435614,TIME_LIMIT,731555,0,0,20,16
2,8,3.472748e6,-1.0376564241230655,-0.8693272921435614,TIME_LIMIT,731586,0,0,17,16
2,8,3.472892e6,-1.0376564241230655,-0.8693272921435614,TIME_LIMIT,731607,0,0,12,9
2,8,3.473107e6,-1.0376423703640292,-0.8693272921435614,TIME_LIMIT,731636,0,0,12,8
2,8,3.473182e6,-1.0376423703640292,-0.8693272921435614,TIME_LIMIT,731647,0,0,6,8
2,8,3.473235e6,-1.0376404216325996,-0.8693272921435614,TIME_LIMIT,731659,0,0,4,1
2,8,3.473338e6,-1.0376404216325996,-0.8693272921435614,TIME_LIMIT,731678,0,0,17,8
2,8,3.473397e6,-1.037635466184637,-0.8693272921435614,TIME_LIMIT,731702,0,0,6,2
2,8,3.473441e6,-1.037635466184637,-0.8693272921435614,TIME_LIMIT,731716,0,0,12,15
2,8,3.47349e6,-1.0376313128280656,-0.8693272921435614,TIME_LIMIT,731738,0,0,9,6
2,8,3.473612e6,-1.0376313128280656,-0.8693272921435614,TIME_LIMIT,731767,0,0,15,20
2,8,3.473745e6,-1.0376293269053947,-0.8693272921435614,TIME_LIMIT,731800,0,0,15,10
2,8,3.473932e6,-1.0376293269053947,-0.8693272921435614,TIME_LIMIT,731819,0,0,13,6
2,8,3.474071e6,-1.0376247383290447,-0.8693272921435614,TIME_LIMIT,731850,0,0,12,4
2,8,3.474131e6,-1.0376247383290447,-0.8693272921435614,TIME_LIMIT,731866,0,0,9,3
2,8,3.474175e6,-1.037624393128942,-0.8693272921435614,TIME_LIMIT,731880,0,0,5,1
2,8,3.474386e6,-1.037624393128942,-0.8693272921435614,TIME_LIMIT,731906,0,0,14,10
2,8,3.474478e6,-1.0376232444953053,-0.8693272921435614,TIME_LIMIT,731936,0,0,13,9
2,8,3.474703e6,-1.0376232444953053,-0.8693272921435614,TIME_LIMIT,731960,0,0,9,20
2,8,3.47486e6,-1.037620578466353,-0.8693272921435614,TIME_LIMIT,731997,0,0,17,8
2,8,3.474998e6,-1.037620578466353,-0.8693272921435614,TIME_LIMIT,732016,0,0,17,8
2,8,3.475122e6,-1.037615162014427,-0.8693272921435614,TIME_LIMIT,732044,0,0,15,8
2,8,3.475189e6,-1.037615162014427,-0.8693272921435614,TIME_LIMIT,732060,0,0,13,4
2,8,3.47527e6,-1.0376145840222555,-0.8693272921435614,TIME_LIMIT,732081,0,0,7,3
2,8,3.475487e6,-1.0376145840222555,-0.8693272921435614,TIME_LIMIT,732104,0,0,19,18
2,8,3.47562e6,-1.0376128948732817,-0.8693272921435614,TIME_LIMIT,732127,0,0,6,12
2,8,3.47579e6,-1.0376128948732817,-0.8693272921435614,TIME_LIMIT,732149,0,0,18,14
2,8,3.475956e6,-1.0376084633991332,-0.8693272921435614,TIME_LIMIT,732179,0,0,14,6
2,8,3.476143e6,-1.0376084633991332,-0.8693272921435614,TIME_LIMIT,732203,0,0,14,13
2,8,3.47625e6,-1.0376078644208713,-0.8693272921435614,TIME_LIMIT,732233,0,0,8,6
2,8,3.476395e6,-1.0376078644208713,-0.8693272921435614,TIME_LIMIT,732249,0,0,16,14
2,8,3.47648e6,-1.037604170487627,-0.8693272921435614,TIME_LIMIT,732276,0,0,12,4
2,8,3.4767e6,-1.037604170487627,-0.8693272921435614,TIME_LIMIT,732296,0,0,14,15
2,8,3.476853e6,-1.0376016840417153,-0.8693272921435614,TIME_LIMIT,732325,0,0,16,7
2,8,3.477001e6,-1.0376016840417153,-0.8693272921435614,TIME_LIMIT,732349,0,0,15,11
2,8,3.477133e6,-1.0376015886926857,-0.8693272921435614,TIME_LIMIT,732375,0,0,9,9
2,8,3.477294e6,-1.0376015886926857,-0.8693272921435614,TIME_LIMIT,732403,0,0,25,28
2,8,3.477512e6,-1.037598059987526,-0.8693272921435614,TIME_LIMIT,732434,0,0,13,8
2,8,3.477574e6,-1.037598059987526,-0.8693272921435614,TIME_LIMIT,732452,0,0,12,6
2,8,3.477625e6,-1.0375976664983757,-0.8693272921435614,TIME_LIMIT,732471,0,0,7,4
2,8,3.477713e6,-1.0375976664983757,-0.8693272921435614,TIME_LIMIT,732491,0,0,7,13
2,8,3.477781e6,-1.0375966993873602,-0.8693272921435614,TIME_LIMIT,732510,0,0,12,8
2,8,3.478004e6,-1.0375966993873602,-0.8693272921435614,TIME_LIMIT,732527,0,0,14,14
2,8,3.478223e6,-1.037595446431613,-0.8693272921435614,TIME_LIMIT,732558,0,0,13,9
2,8,3.478439e6,-1.037595446431613,-0.8693272921435614,TIME_LIMIT,732580,0,0,23,21
2,8,3.478569e6,-1.0375945356525613,-0.8693272921435614,TIME_LIMIT,732613,0,0,10,8
2,8,3.47879e6,-1.0375945356525613,-0.8693272921435614,TIME_LIMIT,732633,0,0,19,33
2,8,3.479014e6,-1.037593599527207,-0.8693272921435614,TIME_LIMIT,732668,0,0,19,11
2,8,3.479101e6,-1.037593599527207,-0.8693272921435614,TIME_LIMIT,732687,0,0,13,18
2,8,3.479312e6,-1.0375927904940574,-0.8693272921435614,TIME_LIMIT,732716,0,0,14,6
2,8,3.479368e6,-1.0375927904940574,-0.8693272921435614,TIME_LIMIT,732729,0,0,11,3
2,8,3.479419e6,-1.0375913824547809,-0.8693272921435614,TIME_LIMIT,732749,0,0,7,2
2,8,3.479525e6,-1.0375913824547809,-0.8693272921435614,TIME_LIMIT,732771,0,0,14,6
2,8,3.47965e6,-1.0375908077780533,-0.8693272921435614,TIME_LIMIT,732801,0,0,14,5
2,8,3.479705e6,-1.0375908077780533,-0.8693272921435614,TIME_LIMIT,732816,0,0,6,10
2,8,3.479788e6,-1.0375826407585766,-0.8693272921435614,TIME_LIMIT,732847,0,0,9,4
2,8,3.479917e6,-1.0375826407585766,-0.8693272921435614,TIME_LIMIT,732869,0,0,8,6
2,8,3.480008e6,-1.037582155823585,-0.8693272921435614,TIME_LIMIT,732897,0,0,12,5
2,8,3.480093e6,-1.037582155823585,-0.8693272921435614,TIME_LIMIT,732918,0,0,12,16
2,8,3.480151e6,-1.037577850773167,-0.8693272921435614,TIME_LIMIT,732937,0,0,8,7
2,8,3.48026e6,-1.037577850773167,-0.8693272921435614,TIME_LIMIT,732955,0,0,18,10
2,8,3.480359e6,-1.0375771189306064,-0.8693272921435614,TIME_LIMIT,732985,0,0,14,2
2,8,3.480457e6,-1.0375771189306064,-0.8693272921435614,TIME_LIMIT,733013,0,0,12,16
2,8,3.48061e6,-1.0375691206926154,-0.8693272921435614,TIME_LIMIT,733040,0,0,11,12
2,8,3.480682e6,-1.0375691206926154,-0.8693272921435614,TIME_LIMIT,733063,0,0,13,10
2,8,3.480824e6,-1.0375656266261668,-0.8693272921435614,TIME_LIMIT,733090,0,0,3,4
2,8,3.480913e6,-1.0375656266261668,-0.8693272921435614,TIME_LIMIT,733109,0,0,15,19
2,8,3.481119e6,-1.0375640142166316,-0.8693272921435614,TIME_LIMIT,733143,0,0,13,7
2,8,3.481335e6,-1.0375640142166316,-0.8693272921435614,TIME_LIMIT,733166,0,0,8,35
2,8,3.481559e6,-1.0375630582449926,-0.8693272921435614,TIME_LIMIT,733205,0,0,13,13
2,8,3.481657e6,-1.0375630582449926,-0.8693272921435614,TIME_LIMIT,733226,0,0,9,9
2,8,3.481844e6,-1.0375596229627313,-0.8693272921435614,TIME_LIMIT,733258,0,0,13,10
2,8,3.482064e6,-1.0375596229627313,-0.8693272921435614,TIME_LIMIT,733278,0,0,17,9
2,8,3.482157e6,-1.0375580313024093,-0.8693272921435614,TIME_LIMIT,733299,0,0,10,6
2,8,3.482229e6,-1.0375580313024093,-0.8693272921435614,TIME_LIMIT,733318,0,0,14,13
2,8,3.482325e6,-1.0375570355703556,-0.8693272921435614,TIME_LIMIT,733343,0,0,9,7
2,8,3.482487e6,-1.0375570355703556,-0.8693272921435614,TIME_LIMIT,733370,0,0,9,12
2,8,3.482629e6,-1.0375525169223518,-0.8693272921435614,TIME_LIMIT,733403,0,0,15,8
2,8,3.482856e6,-1.0375525169223518,-0.8693272921435614,TIME_LIMIT,733420,0,0,21,14
2,8,3.483076e6,-1.0375514769644159,-0.8693272921435614,TIME_LIMIT,733456,0,0,15,13
2,8,3.483192e6,-1.0375514769644159,-0.8693272921435614,TIME_LIMIT,733485,0,0,16,9
2,8,3.483275e6,-1.0375484072914776,-0.8693272921435614,TIME_LIMIT,733504,0,0,15,5
2,8,3.483472e6,-1.0375484072914776,-0.8693272921435614,TIME_LIMIT,733529,0,0,18,17
2,8,3.483566e6,-1.0375421647787468,-0.8693272921435614,TIME_LIMIT,733551,0,0,16,12
2,8,3.483779e6,-1.0375421647787468,-0.8693272921435614,TIME_LIMIT,733574,0,0,8,6
2,8,3.483875e6,-1.0375409836677285,-0.8693272921435614,TIME_LIMIT,733601,0,0,7,5
2,8,3.484009e6,-1.0375409836677285,-0.8693272921435614,TIME_LIMIT,733627,0,0,19,16
2,8,3.484097e6,-1.0375405938884137,-0.8693272921435614,TIME_LIMIT,733653,0,0,10,8
2,8,3.484252e6,-1.0375405938884137,-0.8693272921435614,TIME_LIMIT,733675,0,0,19,11
2,8,3.484455e6,-1.0375379920795291,-0.8693272921435614,TIME_LIMIT,733712,0,0,21,7
2,8,3.484605e6,-1.0375379920795291,-0.8693272921435614,TIME_LIMIT,733735,0,0,19,17
2,8,3.48482e6,-1.037537458193004,-0.8693272921435614,TIME_LIMIT,733765,0,0,11,5
2,8,3.484903e6,-1.037537458193004,-0.8693272921435614,TIME_LIMIT,733784,0,0,9,10
2,8,3.484981e6,-1.0375360617059228,-0.8693272921435614,TIME_LIMIT,733810,0,0,8,6
2,8,3.485078e6,-1.0375360617059228,-0.8693272921435614,TIME_LIMIT,733825,0,0,9,9
2,8,3.48514e6,-1.0375221457992545,-0.8693272921435614,TIME_LIMIT,733838,0,0,6,5
2,8,3.485354e6,-1.0375221457992545,-0.8693272921435614,TIME_LIMIT,733866,0,0,17,13
2,8,3.485576e6,-1.037511181414585,-0.8693272921435614,TIME_LIMIT,733901,0,0,17,9
2,8,3.485729e6,-1.037511181414585,-0.8693272921435614,TIME_LIMIT,733924,0,0,17,9
2,8,3.485892e6,-1.0375087543287242,-0.8693272921435614,TIME_LIMIT,733954,0,0,14,8
2,8,3.485978e6,-1.0375087543287242,-0.8693272921435614,TIME_LIMIT,733975,0,0,18,9
2,8,3.486147e6,-1.0375086026601212,-0.8693272921435614,TIME_LIMIT,734002,0,0,11,4
2,8,3.486251e6,-1.0375086026601212,-0.8693272921435614,TIME_LIMIT,734026,0,0,12,20
2,8,3.486363e6,-1.0375065864381114,-0.8693272921435614,TIME_LIMIT,734043,0,0,10,9
2,8,3.486482e6,-1.0375065864381114,-0.8693272921435614,TIME_LIMIT,734068,0,0,12,12
2,8,3.486581e6,-1.0375065630808007,-0.8693272921435614,TIME_LIMIT,734102,0,0,7,7
2,8,3.4868e6,-1.0375065630808007,-0.8693272921435614,TIME_LIMIT,734124,0,0,15,11
2,8,3.486893e6,-1.0375034976247044,-0.8693272921435614,TIME_LIMIT,734150,0,0,10,7
2,8,3.486946e6,-1.0375034976247044,-0.8693272921435614,TIME_LIMIT,734163,0,0,7,6
2,8,3.486981e6,-1.0375012606719514,-0.8693272921435614,TIME_LIMIT,734179,0,0,6,1
2,8,3.487063e6,-1.0375012606719514,-0.8693272921435614,TIME_LIMIT,734201,0,0,18,4
2,8,3.487199e6,-1.0375003021155662,-0.8693272921435614,TIME_LIMIT,734232,0,0,14,14
2,8,3.487356e6,-1.0375003021155662,-0.8693272921435614,TIME_LIMIT,734250,0,0,15,19
2,8,3.487558e6,-1.0374996841980653,-0.8693272921435614,TIME_LIMIT,734288,0,0,17,7
2,8,3.487625e6,-1.0374996841980653,-0.8693272921435614,TIME_LIMIT,734304,0,0,12,15
2,8,3.487713e6,-1.0374961535181395,-0.8693272921435614,TIME_LIMIT,734330,0,0,8,9
2,8,3.487882e6,-1.0374961535181395,-0.8693272921435614,TIME_LIMIT,734352,0,0,8,10
2,8,3.487983e6,-1.0374913308451752,-0.8693272921435614,TIME_LIMIT,734383,0,0,16,5
2,8,3.488091e6,-1.0374913308451752,-0.8693272921435614,TIME_LIMIT,734400,0,0,12,10
2,8,3.488161e6,-1.0374854071551796,-0.8693272921435614,TIME_LIMIT,734424,0,0,6,2
2,8,3.488308e6,-1.0374854071551796,-0.8693272921435614,TIME_LIMIT,734439,0,0,15,14
2,8,3.488398e6,-1.0374832591954273,-0.8693272921435614,TIME_LIMIT,734461,0,0,6,2
2,8,3.488469e6,-1.0374832591954273,-0.8693272921435614,TIME_LIMIT,734480,0,0,10,9
2,8,3.488571e6,-1.0374820217387661,-0.8693272921435614,TIME_LIMIT,734503,0,0,12,5
2,8,3.488698e6,-1.0374820217387661,-0.8693272921435614,TIME_LIMIT,734523,0,0,17,9
2,8,3.488755e6,-1.0374793054262303,-0.8693272921435614,TIME_LIMIT,734536,0,0,8,1
2,8,3.488928e6,-1.0374793054262303,-0.8693272921435614,TIME_LIMIT,734562,0,0,13,14
2,8,3.489051e6,-1.0374690513310187,-0.8693272921435614,TIME_LIMIT,734593,0,0,13,8
2,8,3.489194e6,-1.0374690513310187,-0.8693272921435614,TIME_LIMIT,734618,0,0,7,10
2,8,3.489284e6,-1.0374657358145014,-0.8693272921435614,TIME_LIMIT,734645,0,0,8,12
2,8,3.489362e6,-1.0374657358145014,-0.8693272921435614,TIME_LIMIT,734665,0,0,19,3
2,8,3.489498e6,-1.0374637135509754,-0.8693272921435614,TIME_LIMIT,734691,0,0,8,11
2,8,3.489583e6,-1.0374637135509754,-0.8693272921435614,TIME_LIMIT,734713,0,0,15,9
2,8,3.48965e6,-1.0374586348900106,-0.8693272921435614,TIME_LIMIT,734733,0,0,9,4
2,8,3.489783e6,-1.0374586348900106,-0.8693272921435614,TIME_LIMIT,734756,0,0,12,10
2,8,3.489942e6,-1.037458538714629,-0.8693272921435614,TIME_LIMIT,734780,0,0,8,5
2,8,3.490159e6,-1.037458538714629,-0.8693272921435614,TIME_LIMIT,734806,0,0,18,19
2,8,3.490247e6,-1.0374574226353253,-0.8693272921435614,TIME_LIMIT,734831,0,0,15,6
2,8,3.490387e6,-1.0374574226353253,-0.8693272921435614,TIME_LIMIT,734853,0,0,20,15
2,8,3.490492e6,-1.0374563818556275,-0.8693272921435614,TIME_LIMIT,734887,0,0,11,4
2,8,3.490721e6,-1.0374563818556275,-0.8693272921435614,TIME_LIMIT,734910,0,0,20,14
2,8,3.490938e6,-1.037456229425419,-0.8693272921435614,TIME_LIMIT,734940,0,0,12,4
2,8,3.491165e6,-1.037456229425419,-0.8693272921435614,TIME_LIMIT,734965,0,0,21,15
2,8,3.491369e6,-1.0374532265556027,-0.8693272921435614,TIME_LIMIT,734996,0,0,13,7
2,8,3.49146e6,-1.0374532265556027,-0.8693272921435614,TIME_LIMIT,735018,0,0,18,18
2,8,3.491571e6,-1.0374530225199035,-0.8693272921435614,TIME_LIMIT,735045,0,0,18,7
2,8,3.491787e6,-1.0374530225199035,-0.8693272921435614,TIME_LIMIT,735065,0,0,19,16
2,8,3.491876e6,-1.0374514618571204,-0.8693272921435614,TIME_LIMIT,735095,0,0,8,4
2,8,3.491946e6,-1.0374514618571204,-0.8693272921435614,TIME_LIMIT,735111,0,0,14,6
2,8,3.492086e6,-1.0374503321327526,-0.8693272921435614,TIME_LIMIT,735139,0,0,10,7
2,8,3.492307e6,-1.0374503321327526,-0.8693272921435614,TIME_LIMIT,735165,0,0,15,7
2,8,3.492427e6,-1.0374398277714083,-0.8693272921435614,TIME_LIMIT,735183,0,0,15,13
2,8,3.49252e6,-1.0374398277714083,-0.8693272921435614,TIME_LIMIT,735201,0,0,12,6
2,8,3.492569e6,-1.0374375576617418,-0.8693272921435614,TIME_LIMIT,735221,0,0,7,1
2,8,3.492712e6,-1.0374375576617418,-0.8693272921435614,TIME_LIMIT,735240,0,0,14,12
2,8,3.492875e6,-1.0374366160639672,-0.8693272921435614,TIME_LIMIT,735270,0,0,11,8
2,8,3.492922e6,-1.0374366160639672,-0.8693272921435614,TIME_LIMIT,735285,0,0,17,11
2,8,3.493005e6,-1.0374361244719068,-0.8693272921435614,TIME_LIMIT,735311,0,0,10,4
2,8,3.49315e6,-1.0374361244719068,-0.8693272921435614,TIME_LIMIT,735335,0,0,17,15
2,8,3.493259e6,-1.0374338266648806,-0.8693272921435614,TIME_LIMIT,735360,0,0,8,6
2,8,3.493485e6,-1.0374338266648806,-0.8693272921435614,TIME_LIMIT,735403,0,0,17,18
2,8,3.493573e6,-1.0374324880521306,-0.8693272921435614,TIME_LIMIT,735428,0,0,18,5
2,8,3.493712e6,-1.0374324880521306,-0.8693272921435614,TIME_LIMIT,735446,0,0,14,24
2,8,3.493828e6,-1.037428329903755,-0.8693272921435614,TIME_LIMIT,735478,0,0,12,9
2,8,3.493982e6,-1.037428329903755,-0.8693272921435614,TIME_LIMIT,735506,0,0,23,10
2,8,3.494147e6,-1.0374220545334252,-0.8693272921435614,TIME_LIMIT,735541,0,0,18,9
2,8,3.494374e6,-1.0374220545334252,-0.8693272921435614,TIME_LIMIT,735563,0,0,15,9
2,8,3.494457e6,-1.0374184039132532,-0.8693272921435614,TIME_LIMIT,735593,0,0,11,5
2,8,3.494638e6,-1.0374184039132532,-0.8693272921435614,TIME_LIMIT,735619,0,0,17,16
2,8,3.494759e6,-1.0374125119855764,-0.8693272921435614,TIME_LIMIT,735651,0,0,14,9
2,8,3.494977e6,-1.0374125119855764,-0.8693272921435614,TIME_LIMIT,735671,0,0,25,20
2,8,3.495203e6,-1.0374121056431034,-0.8693272921435614,TIME_LIMIT,735705,0,0,18,14
2,8,3.495292e6,-1.0374121056431034,-0.8693272921435614,TIME_LIMIT,735729,0,0,20,15
2,8,3.495513e6,-1.0374117503144284,-0.8693272921435614,TIME_LIMIT,735763,0,0,16,7
2,8,3.495719e6,-1.0374117503144284,-0.8693272921435614,TIME_LIMIT,735796,0,0,22,12
2,8,3.495815e6,-1.0374075308135366,-0.8693272921435614,TIME_LIMIT,735815,0,0,12,5
2,8,3.495983e6,-1.0374075308135366,-0.8693272921435614,TIME_LIMIT,735836,0,0,19,27
2,8,3.496171e6,-1.0374023050989507,-0.8693272921435614,TIME_LIMIT,735868,0,0,8,10
2,8,3.496335e6,-1.0374023050989507,-0.8693272921435614,TIME_LIMIT,735897,0,0,22,16
2,8,3.496438e6,-1.0373988395398452,-0.8693272921435614,TIME_LIMIT,735929,0,0,14,11
2,8,3.496659e6,-1.0373988395398452,-0.8693272921435614,TIME_LIMIT,735963,0,0,19,28
2,8,3.496878e6,-1.0373969877084845,-0.8693272921435614,TIME_LIMIT,735989,0,0,20,26
2,8,3.497106e6,-1.0373969877084845,-0.8693272921435614,TIME_LIMIT,736012,0,0,14,17
2,8,3.497255e6,-1.0373968248224976,-0.8693272921435614,TIME_LIMIT,736041,0,0,8,3
2,8,3.49736e6,-1.0373968248224976,-0.8693272921435614,TIME_LIMIT,736057,0,0,11,7
2,8,3.497511e6,-1.037396257004848,-0.8693272921435614,TIME_LIMIT,736081,0,0,9,3
2,8,3.497672e6,-1.037396257004848,-0.8693272921435614,TIME_LIMIT,736110,0,0,25,22
2,8,3.497894e6,-1.0373923825805553,-0.8693272921435614,TIME_LIMIT,736138,0,0,13,11
2,8,3.497951e6,-1.0373923825805553,-0.8693272921435614,TIME_LIMIT,736156,0,0,10,9
2,8,3.498321e6,-1.0373920775547072,-0.8693272921435614,TIME_LIMIT,736182,0,0,5,7
2,8,3.498505e6,-1.0373920775547072,-0.8693272921435614,TIME_LIMIT,736203,0,0,20,20
2,8,3.498604e6,-1.0373886482702424,-0.8693272921435614,TIME_LIMIT,736234,0,0,7,4
2,8,3.498745e6,-1.0373886482702424,-0.8693272921435614,TIME_LIMIT,736260,0,0,12,12
2,8,3.498965e6,-1.037385106160349,-0.8693272921435614,TIME_LIMIT,736293,0,0,12,13
2,8,3.499034e6,-1.037385106160349,-0.8693272921435614,TIME_LIMIT,736311,0,0,11,18
2,8,3.499195e6,-1.0373799819563294,-0.8693272921435614,TIME_LIMIT,736345,0,0,14,6
2,8,3.499373e6,-1.0373799819563294,-0.8693272921435614,TIME_LIMIT,736371,0,0,22,15
2,8,3.499601e6,-1.0373784330434577,-0.8693272921435614,TIME_LIMIT,736407,0,0,14,11
2,8,3.499704e6,-1.0373784330434577,-0.8693272921435614,TIME_LIMIT,736428,0,0,19,28
2,8,3.499907e6,-1.0373783477297525,-0.8693272921435614,TIME_LIMIT,736467,0,0,17,13
2,8,3.499935e6,-1.0373783477297525,-0.8693272921435614,TIME_LIMIT,736475,0,0,3,5
2,8,3.499974e6,-1.0373739481006956,-0.8693272921435614,TIME_LIMIT,736485,0,0,3,3
2,8,3.500128e6,-1.0373739481006956,-0.8693272921435614,TIME_LIMIT,736510,0,0,18,14
2,8,3.500341e6,-1.0373730342608218,-0.8693272921435614,TIME_LIMIT,736537,0,0,12,4
2,8,3.500467e6,-1.0373730342608218,-0.8693272921435614,TIME_LIMIT,736560,0,0,17,10
2,8,3.500605e6,-1.037370855292454,-0.8693272921435614,TIME_LIMIT,736589,0,0,11,5
2,8,3.500704e6,-1.037370855292454,-0.8693272921435614,TIME_LIMIT,736612,0,0,11,11
2,8,3.500848e6,-1.0373658052046126,-0.8693272921435614,TIME_LIMIT,736642,0,0,13,8
2,8,3.501063e6,-1.0373658052046126,-0.8693272921435614,TIME_LIMIT,736665,0,0,22,16
2,8,3.50129e6,-1.0373647523903131,-0.8693272921435614,TIME_LIMIT,736702,0,0,20,5
2,8,3.501502e6,-1.0373647523903131,-0.8693272921435614,TIME_LIMIT,736735,0,0,11,8
2,8,3.501726e6,-1.0373630482781797,-0.8693272921435614,TIME_LIMIT,736772,0,0,18,14
2,8,3.501815e6,-1.0373630482781797,-0.8693272921435614,TIME_LIMIT,736795,0,0,14,12
2,8,3.501941e6,-1.0373608856815535,-0.8693272921435614,TIME_LIMIT,736826,0,0,13,6
2,8,3.502081e6,-1.0373608856815535,-0.8693272921435614,TIME_LIMIT,736849,0,0,24,18
2,8,3.502297e6,-1.0373606684215948,-0.8693272921435614,TIME_LIMIT,736888,0,0,5,6
2,8,3.502475e6,-1.0373606684215948,-0.8693272921435614,TIME_LIMIT,736909,0,0,15,16
2,8,3.502703e6,-1.0373606415556462,-0.8693272921435614,TIME_LIMIT,736942,0,0,15,12
2,8,3.502851e6,-1.0373606415556462,-0.8693272921435614,TIME_LIMIT,736969,0,0,10,9
2,8,3.503029e6,-1.0373559674963437,-0.8693272921435614,TIME_LIMIT,737003,0,0,15,7
2,8,3.503121e6,-1.0373559674963437,-0.8693272921435614,TIME_LIMIT,737020,0,0,10,9
2,8,3.503202e6,-1.0373548835383368,-0.8693272921435614,TIME_LIMIT,737045,0,0,7,1
2,8,3.503371e6,-1.0373548835383368,-0.8693272921435614,TIME_LIMIT,737071,0,0,18,28
2,8,3.503601e6,-1.0373544701480732,-0.8693272921435614,TIME_LIMIT,737112,0,0,17,15
2,8,3.503765e6,-1.0373544701480732,-0.8693272921435614,TIME_LIMIT,737135,0,0,11,6
2,8,3.503861e6,-1.0373502460624748,-0.8693272921435614,TIME_LIMIT,737151,0,0,8,11
2,8,3.503956e6,-1.0373502460624748,-0.8693272921435614,TIME_LIMIT,737166,0,0,11,15
2,8,3.504176e6,-1.0373486340282114,-0.8693272921435614,TIME_LIMIT,737197,0,0,5,2
2,8,3.504364e6,-1.0373486340282114,-0.8693272921435614,TIME_LIMIT,737224,0,0,22,27
2,8,3.504597e6,-1.037348034587286,-0.8693272921435614,TIME_LIMIT,737253,0,0,13,9
2,8,3.504737e6,-1.037348034587286,-0.8693272921435614,TIME_LIMIT,737271,0,0,14,10
2,8,3.504798e6,-1.0373457755318523,-0.8693272921435614,TIME_LIMIT,737293,0,0,5,5
2,8,3.504912e6,-1.0373457755318523,-0.8693272921435614,TIME_LIMIT,737312,0,0,14,15
2,8,3.505009e6,-1.037338743618335,-0.8693272921435614,TIME_LIMIT,737336,0,0,10,7
2,8,3.505105e6,-1.037338743618335,-0.8693272921435614,TIME_LIMIT,737362,0,0,12,4
2,8,3.505145e6,-1.0373375466874637,-0.8693272921435614,TIME_LIMIT,737381,0,0,13,7
2,8,3.505246e6,-1.0373375466874637,-0.8693272921435614,TIME_LIMIT,737396,0,0,17,8
2,8,3.505341e6,-1.0373369240328976,-0.8693272921435614,TIME_LIMIT,737426,0,0,13,10
2,8,3.505566e6,-1.0373369240328976,-0.8693272921435614,TIME_LIMIT,737450,0,0,23,21
2,8,3.505786e6,-1.037336727060174,-0.8693272921435614,TIME_LIMIT,737482,0,0,13,6
2,8,3.505981e6,-1.037336727060174,-0.8693272921435614,TIME_LIMIT,737509,0,0,21,7
2,8,3.506192e6,-1.037336629293001,-0.8693272921435614,TIME_LIMIT,737547,0,0,18,12
2,8,3.506328e6,-1.037336629293001,-0.8693272921435614,TIME_LIMIT,737570,0,0,10,6
2,8,3.50644e6,-1.0373361221538355,-0.8693272921435614,TIME_LIMIT,737587,0,0,9,7
2,8,3.506498e6,-1.0373361221538355,-0.8693272921435614,TIME_LIMIT,737598,0,0,10,2
2,8,3.506529e6,-1.0373353786094204,-0.8693272921435614,TIME_LIMIT,737613,0,0,5,1
2,8,3.506745e6,-1.0373353786094204,-0.8693272921435614,TIME_LIMIT,737636,0,0,19,16
2,8,3.506969e6,-1.0373324568580242,-0.8693272921435614,TIME_LIMIT,737665,0,0,13,4
2,8,3.507033e6,-1.0373324568580242,-0.8693272921435614,TIME_LIMIT,737681,0,0,10,7
2,8,3.507089e6,-1.0373207994415674,-0.8693272921435614,TIME_LIMIT,737698,0,0,7,1
2,8,3.507164e6,-1.0373207994415674,-0.8693272921435614,TIME_LIMIT,737720,0,0,7,11
2,8,3.507361e6,-1.0373152246618376,-0.8693272921435614,TIME_LIMIT,737755,0,0,14,16
2,8,3.507451e6,-1.0373152246618376,-0.8693272921435614,TIME_LIMIT,737775,0,0,16,10
2,8,3.507593e6,-1.0373147560480476,-0.8693272921435614,TIME_LIMIT,737796,0,0,13,6
2,8,3.507737e6,-1.0373147560480476,-0.8693272921435614,TIME_LIMIT,737817,0,0,14,8
2,8,3.507793e6,-1.0373145484831379,-0.8693272921435614,TIME_LIMIT,737838,0,0,7,5
2,8,3.508009e6,-1.0373145484831379,-0.8693272921435614,TIME_LIMIT,737862,0,0,19,15
2,8,3.508236e6,-1.0373124334601598,-0.8693272921435614,TIME_LIMIT,737899,0,0,17,12
2,8,3.508332e6,-1.0373124334601598,-0.8693272921435614,TIME_LIMIT,737916,0,0,10,9
2,8,3.508399e6,-1.037303103517492,-0.8693272921435614,TIME_LIMIT,737937,0,0,8,2
2,8,3.508555e6,-1.037303103517492,-0.8693272921435614,TIME_LIMIT,737958,0,0,14,10
2,8,3.508615e6,-1.0373017493957788,-0.8693272921435614,TIME_LIMIT,737979,0,0,10,6
2,8,3.508777e6,-1.0373017493957788,-0.8693272921435614,TIME_LIMIT,738003,0,0,18,9
2,8,3.508919e6,-1.0373003107853047,-0.8693272921435614,TIME_LIMIT,738032,0,0,10,5
2,8,3.509031e6,-1.0373003107853047,-0.8693272921435614,TIME_LIMIT,738062,0,0,21,16
2,8,3.509137e6,-1.0372999342236997,-0.8693272921435614,TIME_LIMIT,738090,0,0,9,7
2,8,3.509211e6,-1.0372999342236997,-0.8693272921435614,TIME_LIMIT,738106,0,0,14,12
2,8,3.509311e6,-1.0372972166824403,-0.8693272921435614,TIME_LIMIT,738131,0,0,8,4
2,8,3.509419e6,-1.0372972166824403,-0.8693272921435614,TIME_LIMIT,738150,0,0,19,9
2,8,3.509644e6,-1.037294460760855,-0.8693272921435614,TIME_LIMIT,738179,0,0,12,5
2,8,3.509734e6,-1.037294460760855,-0.8693272921435614,TIME_LIMIT,738199,0,0,14,9
2,8,3.509801e6,-1.037294102726062,-0.8693272921435614,TIME_LIMIT,738224,0,0,12,4
2,8,3.509846e6,-1.037294102726062,-0.8693272921435614,TIME_LIMIT,738241,0,0,14,6
2,8,3.509907e6,-1.0372929564432773,-0.8693272921435614,TIME_LIMIT,738262,0,0,11,5
2,8,3.509978e6,-1.0372929564432773,-0.8693272921435614,TIME_LIMIT,738277,0,0,9,7
2,8,3.510057e6,-1.0372919122739186,-0.8693272921435614,TIME_LIMIT,738294,0,0,3,3
2,8,3.510286e6,-1.0372919122739186,-0.8693272921435614,TIME_LIMIT,738314,0,0,15,21
2,8,3.510462e6,-1.0372877657160529,-0.8693272921435614,TIME_LIMIT,738346,0,0,11,10
2,8,3.510621e6,-1.0372877657160529,-0.8693272921435614,TIME_LIMIT,738371,0,0,24,19
2,8,3.510843e6,-1.0372840488919444,-0.8693272921435614,TIME_LIMIT,738411,0,0,18,16
2,8,3.511008e6,-1.0372840488919444,-0.8693272921435614,TIME_LIMIT,738439,0,0,7,22
2,8,3.511144e6,-1.0372838632086396,-0.8693272921435614,TIME_LIMIT,738463,0,0,10,12
2,8,3.511236e6,-1.0372838632086396,-0.8693272921435614,TIME_LIMIT,738479,0,0,12,8
2,8,3.51132e6,-1.0372795370494714,-0.8693272921435614,TIME_LIMIT,738500,0,0,10,4
2,8,3.511371e6,-1.0372795370494714,-0.8693272921435614,TIME_LIMIT,738518,0,0,11,8
2,8,3.511406e6,-1.0372720363149823,-0.8693272921435614,TIME_LIMIT,738539,0,0,9,4
2,8,3.511463e6,-1.0372720363149823,-0.8693272921435614,TIME_LIMIT,738553,0,0,9,10
2,8,3.511526e6,-1.0372655403930504,-0.8693272921435614,TIME_LIMIT,738574,0,0,7,4
2,8,3.511688e6,-1.0372655403930504,-0.8693272921435614,TIME_LIMIT,738598,0,0,20,26
2,8,3.511918e6,-1.0372617639380586,-0.8693272921435614,TIME_LIMIT,738633,0,0,19,12
2,8,3.512147e6,-1.0372617639380586,-0.8693272921435614,TIME_LIMIT,738662,0,0,19,9
2,8,3.51231e6,-1.0372583087386236,-0.8693272921435614,TIME_LIMIT,738689,0,0,24,7
2,8,3.512406e6,-1.0372583087386236,-0.8693272921435614,TIME_LIMIT,738711,0,0,16,8
2,8,3.512496e6,-1.0372548337449623,-0.8693272921435614,TIME_LIMIT,738737,0,0,13,7
2,8,3.512715e6,-1.0372548337449623,-0.8693272921435614,TIME_LIMIT,738764,0,0,22,39
2,8,3.512961e6,-1.037253384450353,-0.8693272921435614,TIME_LIMIT,738797,0,0,13,15
2,8,3.513134e6,-1.037253384450353,-0.8693272921435614,TIME_LIMIT,738818,0,0,21,14
2,8,3.513231e6,-1.0372518543194813,-0.8693272921435614,TIME_LIMIT,738848,0,0,16,8
2,8,3.513366e6,-1.0372518543194813,-0.8693272921435614,TIME_LIMIT,738864,0,0,10,7
2,8,3.513488e6,-1.0372445560962924,-0.8693272921435614,TIME_LIMIT,738890,0,0,12,2
2,8,3.513717e6,-1.0372445560962924,-0.8693272921435614,TIME_LIMIT,738916,0,0,15,23
2,8,3.513886e6,-1.0372422635488925,-0.8693272921435614,TIME_LIMIT,738947,0,0,10,1
2,8,3.513981e6,-1.0372422635488925,-0.8693272921435614,TIME_LIMIT,738968,0,0,17,14
2,8,3.514192e6,-1.0372371954324189,-0.8693272921435614,TIME_LIMIT,739001,0,0,11,9
2,8,3.514366e6,-1.0372371954324189,-0.8693272921435614,TIME_LIMIT,739030,0,0,23,15
2,8,3.514596e6,-1.037236356682797,-0.8693272921435614,TIME_LIMIT,739054,0,0,10,14
2,8,3.514738e6,-1.037236356682797,-0.8693272921435614,TIME_LIMIT,739075,0,0,22,14
2,8,3.514969e6,-1.0372343477452022,-0.8693272921435614,TIME_LIMIT,739108,0,0,18,10
2,8,3.515054e6,-1.0372343477452022,-0.8693272921435614,TIME_LIMIT,739131,0,0,17,8
2,8,3.515146e6,-1.0372303754155916,-0.8693272921435614,TIME_LIMIT,739151,0,0,15,9
2,8,3.515243e6,-1.0372303754155916,-0.8693272921435614,TIME_LIMIT,739174,0,0,11,10
2,8,3.515341e6,-1.0372301869409108,-0.8693272921435614,TIME_LIMIT,739193,0,0,9,7
2,8,3.515452e6,-1.0372301869409108,-0.8693272921435614,TIME_LIMIT,739216,0,0,18,8
2,8,3.515572e6,-1.0372295576556434,-0.8693272921435614,TIME_LIMIT,739240,0,0,12,5
2,8,3.51566e6,-1.0372295576556434,-0.8693272921435614,TIME_LIMIT,739259,0,0,20,8
2,8,3.515798e6,-1.0372247264769434,-0.8693272921435614,TIME_LIMIT,739290,0,0,14,2
2,8,3.515854e6,-1.0372247264769434,-0.8693272921435614,TIME_LIMIT,739301,0,0,7,7
2,8,3.515945e6,-1.0372243884857713,-0.8693272921435614,TIME_LIMIT,739323,0,0,10,3
2,8,3.516184e6,-1.0372243884857713,-0.8693272921435614,TIME_LIMIT,739348,0,0,24,29
2,8,3.516418e6,-1.0372217394184573,-0.8693272921435614,TIME_LIMIT,739387,0,0,21,7
2,8,3.516549e6,-1.0372217394184573,-0.8693272921435614,TIME_LIMIT,739403,0,0,10,8
2,8,3.516695e6,-1.0372205815631323,-0.8693272921435614,TIME_LIMIT,739436,0,0,14,4
2,8,3.516767e6,-1.0372205815631323,-0.8693272921435614,TIME_LIMIT,739457,0,0,18,24
2,8,3.516875e6,-1.0372203472863637,-0.8693272921435614,TIME_LIMIT,739486,0,0,14,4
2,8,3.516974e6,-1.0372203472863637,-0.8693272921435614,TIME_LIMIT,739507,0,0,14,10
2,8,3.517174e6,-1.0372199503180353,-0.8693272921435614,TIME_LIMIT,739537,0,0,12,10
2,8,3.517296e6,-1.0372199503180353,-0.8693272921435614,TIME_LIMIT,739559,0,0,12,16
2,8,3.517514e6,-1.037217207178844,-0.8693272921435614,TIME_LIMIT,739591,0,0,18,6
2,8,3.517664e6,-1.037217207178844,-0.8693272921435614,TIME_LIMIT,739613,0,0,12,27
2,8,3.517843e6,-1.0372168624650953,-0.8693272921435614,TIME_LIMIT,739652,0,0,15,12
2,8,3.518071e6,-1.0372168624650953,-0.8693272921435614,TIME_LIMIT,739677,0,0,18,27
2,8,3.518295e6,-1.037214804667376,-0.8693272921435614,TIME_LIMIT,739710,0,0,19,8
2,8,3.518416e6,-1.037214804667376,-0.8693272921435614,TIME_LIMIT,739729,0,0,9,7
2,8,3.518461e6,-1.0372057447475398,-0.8693272921435614,TIME_LIMIT,739745,0,0,3,1
2,8,3.518563e6,-1.0372057447475398,-0.8693272921435614,TIME_LIMIT,739767,0,0,14,11
2,8,3.518694e6,-1.0372044563411738,-0.8693272921435614,TIME_LIMIT,739799,0,0,14,4
2,8,3.518921e6,-1.0372044563411738,-0.8693272921435614,TIME_LIMIT,739821,0,0,20,28
2,8,3.519089e6,-1.0372004604975007,-0.8693272921435614,TIME_LIMIT,739854,0,0,4,3
2,8,3.519268e6,-1.0372004604975007,-0.8693272921435614,TIME_LIMIT,739878,0,0,10,9
2,8,3.519377e6,-1.0371992294911327,-0.8693272921435614,TIME_LIMIT,739908,0,0,15,6
2,8,3.519605e6,-1.0371992294911327,-0.8693272921435614,TIME_LIMIT,739933,0,0,10,16
2,8,3.519706e6,-1.0371971266193332,-0.8693272921435614,TIME_LIMIT,739962,0,0,13,6
2,8,3.519772e6,-1.0371971266193332,-0.8693272921435614,TIME_LIMIT,739981,0,0,16,12
2,8,3.519845e6,-1.0371928482837651,-0.8693272921435614,TIME_LIMIT,740007,0,0,10,8
2,8,3.519894e6,-1.0371928482837651,-0.8693272921435614,TIME_LIMIT,740022,0,0,13,7
2,8,3.519958e6,-1.0371904072975795,-0.8693272921435614,TIME_LIMIT,740044,0,0,4,2
2,8,3.520083e6,-1.0371904072975795,-0.8693272921435614,TIME_LIMIT,740070,0,0,17,17
2,8,3.520186e6,-1.0371895247323584,-0.8693272921435614,TIME_LIMIT,740096,0,0,8,5
2,8,3.520257e6,-1.0371895247323584,-0.8693272921435614,TIME_LIMIT,740114,0,0,9,13
2,8,3.520398e6,-1.0371881414175794,-0.8693272921435614,TIME_LIMIT,740143,0,0,11,9
2,8,3.520486e6,-1.0371881414175794,-0.8693272921435614,TIME_LIMIT,740165,0,0,14,13
2,8,3.520559e6,-1.0371688472470546,-0.8693272921435614,TIME_LIMIT,740191,0,0,6,10
2,8,3.520672e6,-1.0371688472470546,-0.8693272921435614,TIME_LIMIT,740209,0,0,11,12
2,8,3.520743e6,-1.0371672890729542,-0.8693272921435614,TIME_LIMIT,740235,0,0,12,6
2,8,3.520974e6,-1.0371672890729542,-0.8693272921435614,TIME_LIMIT,740258,0,0,10,24
2,8,3.521203e6,-1.0371670652643121,-0.8693272921435614,TIME_LIMIT,740293,0,0,12,4
2,8,3.521297e6,-1.0371670652643121,-0.8693272921435614,TIME_LIMIT,740312,0,0,21,6
2,8,3.521522e6,-1.037166178360041,-0.8693272921435614,TIME_LIMIT,740346,0,0,13,11
2,8,3.521669e6,-1.037166178360041,-0.8693272921435614,TIME_LIMIT,740377,0,0,20,13
2,8,3.521824e6,-1.0371656173256132,-0.8693272921435614,TIME_LIMIT,740410,0,0,16,8
2,8,3.52196e6,-1.0371656173256132,-0.8693272921435614,TIME_LIMIT,740435,0,0,18,17
2,8,3.522028e6,-1.0371650021192966,-0.8693272921435614,TIME_LIMIT,740461,0,0,12,7
2,8,3.522261e6,-1.0371650021192966,-0.8693272921435614,TIME_LIMIT,740484,0,0,15,11
2,8,3.522364e6,-1.0371586123082213,-0.8693272921435614,TIME_LIMIT,740506,0,0,13,6
2,8,3.522506e6,-1.0371586123082213,-0.8693272921435614,TIME_LIMIT,740534,0,0,25,20
2,8,3.522687e6,-1.0371562999758583,-0.8693272921435614,TIME_LIMIT,740566,0,0,16,9
2,8,3.522835e6,-1.0371562999758583,-0.8693272921435614,TIME_LIMIT,740595,0,0,16,9
2,8,3.523068e6,-1.037153330267528,-0.8693272921435614,TIME_LIMIT,740613,0,0,15,5
2,8,3.523285e6,-1.037153330267528,-0.8693272921435614,TIME_LIMIT,740636,0,0,19,20
2,8,3.523518e6,-1.0371491573421467,-0.8693272921435614,TIME_LIMIT,740669,0,0,16,8
2,8,3.523559e6,-1.0371491573421467,-0.8693272921435614,TIME_LIMIT,740683,0,0,12,5
2,8,3.523603e6,-1.0371481815401369,-0.8693272921435614,TIME_LIMIT,740700,0,0,7,0
2,8,3.523833e6,-1.0371481815401369,-0.8693272921435614,TIME_LIMIT,740727,0,0,17,30
2,8,3.524064e6,-1.0371476521619307,-0.8693272921435614,TIME_LIMIT,740760,0,0,14,7
2,8,3.524127e6,-1.0371476521619307,-0.8693272921435614,TIME_LIMIT,740779,0,0,11,5
2,8,3.524176e6,-1.0371444132766792,-0.8693272921435614,TIME_LIMIT,740794,0,0,3,2
2,8,3.524265e6,-1.0371444132766792,-0.8693272921435614,TIME_LIMIT,740815,0,0,13,13
2,8,3.524336e6,-1.0371378633189414,-0.8693272921435614,TIME_LIMIT,740838,0,0,14,2
2,8,3.524566e6,-1.0371378633189414,-0.8693272921435614,TIME_LIMIT,740855,0,0,18,13
2,8,3.524731e6,-1.0371369778546506,-0.8693272921435614,TIME_LIMIT,740894,0,0,13,9
2,8,3.52491e6,-1.0371369778546506,-0.8693272921435614,TIME_LIMIT,740918,0,0,20,12
2,8,3.52513e6,-1.0371365819271343,-0.8693272921435614,TIME_LIMIT,740953,0,0,17,5
2,8,3.525289e6,-1.0371365819271343,-0.8693272921435614,TIME_LIMIT,740977,0,0,21,11
2,8,3.525383e6,-1.03713431363443,-0.8693272921435614,TIME_LIMIT,741004,0,0,9,8
2,8,3.525496e6,-1.03713431363443,-0.8693272921435614,TIME_LIMIT,741025,0,0,9,11
2,8,3.525569e6,-1.0371342348665635,-0.8693272921435614,TIME_LIMIT,741049,0,0,9,4
2,8,3.52569e6,-1.0371342348665635,-0.8693272921435614,TIME_LIMIT,741074,0,0,11,8
2,8,3.525786e6,-1.0371333231739883,-0.8693272921435614,TIME_LIMIT,741094,0,0,8,6
2,8,3.525906e6,-1.0371333231739883,-0.8693272921435614,TIME_LIMIT,741115,0,0,13,23
2,8,3.525969e6,-1.037133310329851,-0.8693272921435614,TIME_LIMIT,741135,0,0,7,3
2,8,3.526109e6,-1.037133310329851,-0.8693272921435614,TIME_LIMIT,741155,0,0,15,9
2,8,3.526182e6,-1.037130756560861,-0.8693272921435614,TIME_LIMIT,741186,0,0,16,6
2,8,3.526302e6,-1.037130756560861,-0.8693272921435614,TIME_LIMIT,741207,0,0,11,20
2,8,3.526505e6,-1.037130682716438,-0.8693272921435614,TIME_LIMIT,741239,0,0,17,13
2,8,3.526713e6,-1.037130682716438,-0.8693272921435614,TIME_LIMIT,741258,0,0,13,9
2,8,3.526925e6,-1.0371278508121446,-0.8693272921435614,TIME_LIMIT,741289,0,0,7,4
2,8,3.527072e6,-1.0371278508121446,-0.8693272921435614,TIME_LIMIT,741313,0,0,14,12
2,8,3.527162e6,-1.0371268904096786,-0.8693272921435614,TIME_LIMIT,741337,0,0,10,7
2,8,3.527221e6,-1.0371268904096786,-0.8693272921435614,TIME_LIMIT,741355,0,0,7,9
2,8,3.527301e6,-1.037124974957378,-0.8693272921435614,TIME_LIMIT,741371,0,0,11,8
2,8,3.527377e6,-1.037124974957378,-0.8693272921435614,TIME_LIMIT,741391,0,0,16,9
2,8,3.527449e6,-1.0371203020463082,-0.8693272921435614,TIME_LIMIT,741415,0,0,9,3
2,8,3.527554e6,-1.0371203020463082,-0.8693272921435614,TIME_LIMIT,741435,0,0,12,6
2,8,3.527621e6,-1.0371190105573584,-0.8693272921435614,TIME_LIMIT,741456,0,0,6,5
2,8,3.527713e6,-1.0371190105573584,-0.8693272921435614,TIME_LIMIT,741472,0,0,10,13
2,8,3.527819e6,-1.0371176552107335,-0.8693272921435614,TIME_LIMIT,741499,0,0,13,4
2,8,3.527953e6,-1.0371176552107335,-0.8693272921435614,TIME_LIMIT,741526,0,0,20,22
2,8,3.52819e6,-1.0371157027800058,-0.8693272921435614,TIME_LIMIT,741563,0,0,7,8
2,8,3.528312e6,-1.0371157027800058,-0.8693272921435614,TIME_LIMIT,741580,0,0,9,7
2,8,3.528491e6,-1.0371146907517346,-0.8693272921435614,TIME_LIMIT,741610,0,0,9,5
2,8,3.528596e6,-1.0371146907517346,-0.8693272921435614,TIME_LIMIT,741633,0,0,12,16
2,8,3.528662e6,-1.037114533309714,-0.8693272921435614,TIME_LIMIT,741656,0,0,9,7
2,8,3.528893e6,-1.037114533309714,-0.8693272921435614,TIME_LIMIT,741679,0,0,23,25
2,8,3.529103e6,-1.0371099764902665,-0.8693272921435614,TIME_LIMIT,741716,0,0,13,8
2,8,3.52934e6,-1.0371099764902665,-0.8693272921435614,TIME_LIMIT,741745,0,0,11,5
2,8,3.529451e6,-1.0371098069241675,-0.8693272921435614,TIME_LIMIT,741770,0,0,10,6
2,8,3.529596e6,-1.0371098069241675,-0.8693272921435614,TIME_LIMIT,741790,0,0,10,13
2,8,3.529736e6,-1.0371076632600902,-0.8693272921435614,TIME_LIMIT,741819,0,0,14,7
2,8,3.529836e6,-1.0371076632600902,-0.8693272921435614,TIME_LIMIT,741833,0,0,14,16
2,8,3.529904e6,-1.0371060284380658,-0.8693272921435614,TIME_LIMIT,741854,0,0,8,1
2,8,3.530128e6,-1.0371060284380658,-0.8693272921435614,TIME_LIMIT,741874,0,0,12,22
2,8,3.530249e6,-1.037105918264594,-0.8693272921435614,TIME_LIMIT,741905,0,0,13,8
2,8,3.530389e6,-1.037105918264594,-0.8693272921435614,TIME_LIMIT,741931,0,0,22,15
2,8,3.53051e6,-1.0370984206643084,-0.8693272921435614,TIME_LIMIT,741967,0,0,18,7
2,8,3.530695e6,-1.0370984206643084,-0.8693272921435614,TIME_LIMIT,742002,0,0,15,12
2,8,3.530804e6,-1.0370924388180336,-0.8693272921435614,TIME_LIMIT,742024,0,0,8,7
2,8,3.530904e6,-1.0370924388180336,-0.8693272921435614,TIME_LIMIT,742039,0,0,13,14
2,8,3.530969e6,-1.0370904739663864,-0.8693272921435614,TIME_LIMIT,742062,0,0,9,3
2,8,3.53114e6,-1.0370904739663864,-0.8693272921435614,TIME_LIMIT,742089,0,0,22,13
2,8,3.531278e6,-1.03707824862963,-0.8693272921435614,TIME_LIMIT,742117,0,0,10,7
2,8,3.53137e6,-1.03707824862963,-0.8693272921435614,TIME_LIMIT,742135,0,0,5,8
2,8,3.531412e6,-1.0370776912408421,-0.8693272921435614,TIME_LIMIT,742153,0,0,6,3
2,8,3.531515e6,-1.0370776912408421,-0.8693272921435614,TIME_LIMIT,742179,0,0,15,18
2,8,3.531616e6,-1.0370740014549376,-0.8693272921435614,TIME_LIMIT,742203,0,0,3,6
2,8,3.531684e6,-1.0370740014549376,-0.8693272921435614,TIME_LIMIT,742219,0,0,12,10
2,8,3.53173e6,-1.037068018237523,-0.8693272921435614,TIME_LIMIT,742241,0,0,3,4
2,8,3.531873e6,-1.037068018237523,-0.8693272921435614,TIME_LIMIT,742271,0,0,23,8
2,8,3.532106e6,-1.037066561690271,-0.8693272921435614,TIME_LIMIT,742303,0,0,13,9
2,8,3.532214e6,-1.037066561690271,-0.8693272921435614,TIME_LIMIT,742320,0,0,10,18
2,8,3.532385e6,-1.0370665125267582,-0.8693272921435614,TIME_LIMIT,742349,0,0,11,15
2,8,3.5326e6,-1.0370665125267582,-0.8693272921435614,TIME_LIMIT,742376,0,0,15,21
2,8,3.532835e6,-1.0370654154423256,-0.8693272921435614,TIME_LIMIT,742413,0,0,18,8
2,8,3.533014e6,-1.0370654154423256,-0.8693272921435614,TIME_LIMIT,742435,0,0,15,15
2,8,3.533165e6,-1.0370580049555254,-0.8693272921435614,TIME_LIMIT,742463,0,0,14,6
2,8,3.533326e6,-1.0370580049555254,-0.8693272921435614,TIME_LIMIT,742490,0,0,17,12
2,8,3.533393e6,-1.0370544251298748,-0.8693272921435614,TIME_LIMIT,742509,0,0,8,6
2,8,3.533517e6,-1.0370544251298748,-0.8693272921435614,TIME_LIMIT,742534,0,0,21,17
2,8,3.533742e6,-1.0370522561984856,-0.8693272921435614,TIME_LIMIT,742570,0,0,14,10
2,8,3.533793e6,-1.0370522561984856,-0.8693272921435614,TIME_LIMIT,742582,0,0,7,12
2,8,3.533862e6,-1.037052133190553,-0.8693272921435614,TIME_LIMIT,742605,0,0,11,4
2,8,3.53398e6,-1.037052133190553,-0.8693272921435614,TIME_LIMIT,742627,0,0,13,15
2,8,3.53419e6,-1.0370447095602138,-0.8693272921435614,TIME_LIMIT,742657,0,0,13,6
2,8,3.534402e6,-1.0370447095602138,-0.8693272921435614,TIME_LIMIT,742685,0,0,23,21
2,8,3.534507e6,-1.0370439254328625,-0.8693272921435614,TIME_LIMIT,742717,0,0,12,9
2,8,3.534744e6,-1.0370439254328625,-0.8693272921435614,TIME_LIMIT,742745,0,0,23,32
2,8,3.534976e6,-1.0370435292221005,-0.8693272921435614,TIME_LIMIT,742779,0,0,16,9
2,8,3.535084e6,-1.0370435292221005,-0.8693272921435614,TIME_LIMIT,742796,0,0,20,16
2,8,3.53519e6,-1.0370391856432823,-0.8693272921435614,TIME_LIMIT,742826,0,0,11,7
2,8,3.535228e6,-1.0370391856432823,-0.8693272921435614,TIME_LIMIT,742837,0,0,12,9
2,8,3.535295e6,-1.037038608850691,-0.8693272921435614,TIME_LIMIT,742863,0,0,11,5
2,8,3.535452e6,-1.037038608850691,-0.8693272921435614,TIME_LIMIT,742881,0,0,13,17
2,8,3.53553e6,-1.0370339049390873,-0.8693272921435614,TIME_LIMIT,742901,0,0,12,5
2,8,3.53577e6,-1.0370339049390873,-0.8693272921435614,TIME_LIMIT,742926,0,0,22,17
2,8,3.535911e6,-1.0370326263696312,-0.8693272921435614,TIME_LIMIT,742960,0,0,12,11
2,8,3.536143e6,-1.0370326263696312,-0.8693272921435614,TIME_LIMIT,742985,0,0,22,14
2,8,3.536375e6,-1.0370313093409664,-0.8693272921435614,TIME_LIMIT,743020,0,0,17,7
2,8,3.536421e6,-1.0370313093409664,-0.8693272921435614,TIME_LIMIT,743035,0,0,13,6
2,8,3.536456e6,-1.0370246383391986,-0.8693272921435614,TIME_LIMIT,743051,0,0,7,4
2,8,3.536513e6,-1.0370246383391986,-0.8693272921435614,TIME_LIMIT,743068,0,0,10,6
2,8,3.536555e6,-1.037018880866046,-0.8693272921435614,TIME_LIMIT,743090,0,0,8,4
2,8,3.536654e6,-1.037018880866046,-0.8693272921435614,TIME_LIMIT,743106,0,0,11,8
2,8,3.536713e6,-1.037018669304345,-0.8693272921435614,TIME_LIMIT,743126,0,0,4,1
2,8,3.536863e6,-1.037018669304345,-0.8693272921435614,TIME_LIMIT,743150,0,0,16,11
2,8,3.537007e6,-1.0370146291490563,-0.8693272921435614,TIME_LIMIT,743173,0,0,10,6
2,8,3.537188e6,-1.0370146291490563,-0.8693272921435614,TIME_LIMIT,743191,0,0,12,18
2,8,3.537352e6,-1.0370142013922696,-0.8693272921435614,TIME_LIMIT,743221,0,0,15,1
2,8,3.537567e6,-1.0370142013922696,-0.8693272921435614,TIME_LIMIT,743243,0,0,7,23
2,8,3.537802e6,-1.0370139608315996,-0.8693272921435614,TIME_LIMIT,743278,0,0,18,8
2,8,3.537871e6,-1.0370139608315996,-0.8693272921435614,TIME_LIMIT,743296,0,0,19,7
2,8,3.537981e6,-1.037010637862045,-0.8693272921435614,TIME_LIMIT,743325,0,0,5,4
2,8,3.538158e6,-1.037010637862045,-0.8693272921435614,TIME_LIMIT,743346,0,0,17,9
2,8,3.538388e6,-1.0370080626256137,-0.8693272921435614,TIME_LIMIT,743376,0,0,12,8
2,8,3.538524e6,-1.0370080626256137,-0.8693272921435614,TIME_LIMIT,743401,0,0,23,15
2,8,3.538753e6,-1.0370075205012306,-0.8693272921435614,TIME_LIMIT,743432,0,0,17,6
2,8,3.538982e6,-1.0370075205012306,-0.8693272921435614,TIME_LIMIT,743449,0,0,13,16
2,8,3.539074e6,-1.037007091693341,-0.8693272921435614,TIME_LIMIT,743476,0,0,7,4
2,8,3.539292e6,-1.037007091693341,-0.8693272921435614,TIME_LIMIT,743496,0,0,18,10
2,8,3.539524e6,-1.0370060676553312,-0.8693272921435614,TIME_LIMIT,743524,0,0,17,13
2,8,3.539617e6,-1.0370060676553312,-0.8693272921435614,TIME_LIMIT,743545,0,0,16,11
2,8,3.539688e6,-1.0370042962939057,-0.8693272921435614,TIME_LIMIT,743570,0,0,10,2
2,8,3.539742e6,-1.0370042962939057,-0.8693272921435614,TIME_LIMIT,743581,0,0,8,5
2,8,3.539779e6,-1.0369991431983467,-0.8693272921435614,TIME_LIMIT,743598,0,0,7,5
2,8,3.539936e6,-1.0369991431983467,-0.8693272921435614,TIME_LIMIT,743617,0,0,10,9
2,8,3.540062e6,-1.036998779891253,-0.8693272921435614,TIME_LIMIT,743642,0,0,8,3
2,8,3.540154e6,-1.036998779891253,-0.8693272921435614,TIME_LIMIT,743654,0,0,13,7
2,8,3.540186e6,-1.036995941354865,-0.8693272921435614,TIME_LIMIT,743671,0,0,7,4
2,8,3.540417e6,-1.036995941354865,-0.8693272921435614,TIME_LIMIT,743695,0,0,13,26
2,8,3.540561e6,-1.036995706663016,-0.8693272921435614,TIME_LIMIT,743730,0,0,15,10
2,8,3.540623e6,-1.036995706663016,-0.8693272921435614,TIME_LIMIT,743744,0,0,11,7
2,8,3.540676e6,-1.0369945380651124,-0.8693272921435614,TIME_LIMIT,743763,0,0,8,1
2,8,3.54087e6,-1.0369945380651124,-0.8693272921435614,TIME_LIMIT,743789,0,0,10,24
2,8,3.541051e6,-1.036994101591996,-0.8693272921435614,TIME_LIMIT,743825,0,0,22,13
2,8,3.541277e6,-1.036994101591996,-0.8693272921435614,TIME_LIMIT,743846,0,0,20,14
2,8,3.541511e6,-1.0369917142352936,-0.8693272921435614,TIME_LIMIT,743880,0,0,17,8
2,8,3.541608e6,-1.0369917142352936,-0.8693272921435614,TIME_LIMIT,743901,0,0,22,16
2,8,3.541839e6,-1.03699108753611,-0.8693272921435614,TIME_LIMIT,743938,0,0,15,20
2,8,3.542078e6,-1.03699108753611,-0.8693272921435614,TIME_LIMIT,743960,0,0,22,10
2,8,3.542246e6,-1.0369908734908706,-0.8693272921435614,TIME_LIMIT,743994,0,0,11,5
2,8,3.542367e6,-1.0369908734908706,-0.8693272921435614,TIME_LIMIT,744015,0,0,17,10
2,8,3.542471e6,-1.0369904569822928,-0.8693272921435614,TIME_LIMIT,744043,0,0,10,7
2,8,3.542546e6,-1.0369904569822928,-0.8693272921435614,TIME_LIMIT,744062,0,0,12,13
2,8,3.542617e6,-1.0369901110629218,-0.8693272921435614,TIME_LIMIT,744086,0,0,11,4
2,8,3.54269e6,-1.0369901110629218,-0.8693272921435614,TIME_LIMIT,744102,0,0,8,11
2,8,3.542757e6,-1.0369868957687394,-0.8693272921435614,TIME_LIMIT,744123,0,0,9,4
2,8,3.542905e6,-1.0369868957687394,-0.8693272921435614,TIME_LIMIT,744146,0,0,22,14
2,8,3.543142e6,-1.0369856064482097,-0.8693272921435614,TIME_LIMIT,744180,0,0,11,5
2,8,3.543255e6,-1.0369856064482097,-0.8693272921435614,TIME_LIMIT,744202,0,0,19,16
2,8,3.543345e6,-1.0369809579004192,-0.8693272921435614,TIME_LIMIT,744228,0,0,11,8
2,8,3.543422e6,-1.0369809579004192,-0.8693272921435614,TIME_LIMIT,744244,0,0,15,16
2,8,3.54356e6,-1.036972902117751,-0.8693272921435614,TIME_LIMIT,744280,0,0,8,1
2,8,3.543656e6,-1.036972902117751,-0.8693272921435614,TIME_LIMIT,744302,0,0,10,7
2,8,3.543743e6,-1.0369722245145514,-0.8693272921435614,TIME_LIMIT,744324,0,0,4,7
2,8,3.543926e6,-1.0369722245145514,-0.8693272921435614,TIME_LIMIT,744356,0,0,20,21
2,8,3.544021e6,-1.036968953079337,-0.8693272921435614,TIME_LIMIT,744384,0,0,14,10
2,8,3.544065e6,-1.036968953079337,-0.8693272921435614,TIME_LIMIT,744403,0,0,9,6
2,8,3.544164e6,-1.0369687717551312,-0.8693272921435614,TIME_LIMIT,744422,0,0,5,4
2,8,3.54428e6,-1.0369687717551312,-0.8693272921435614,TIME_LIMIT,744444,0,0,15,9
2,8,3.544419e6,-1.0369664280953739,-0.8693272921435614,TIME_LIMIT,744477,0,0,7,4
2,8,3.544477e6,-1.0369664280953739,-0.8693272921435614,TIME_LIMIT,744494,0,0,12,5
2,8,3.544537e6,-1.0369634807311203,-0.8693272921435614,TIME_LIMIT,744513,0,0,6,2
2,8,3.544622e6,-1.0369634807311203,-0.8693272921435614,TIME_LIMIT,744529,0,0,6,14
2,8,3.544681e6,-1.0369632108840756,-0.8693272921435614,TIME_LIMIT,744553,0,0,10,4
2,8,3.544829e6,-1.0369632108840756,-0.8693272921435614,TIME_LIMIT,744576,0,0,17,9
2,8,3.544967e6,-1.0369603502942575,-0.8693272921435614,TIME_LIMIT,744600,0,0,8,3
2,8,3.545194e6,-1.0369603502942575,-0.8693272921435614,TIME_LIMIT,744629,0,0,6,17
2,8,3.545416e6,-1.0369602467796326,-0.8693272921435614,TIME_LIMIT,744668,0,0,21,9
2,8,3.545647e6,-1.0369602467796326,-0.8693272921435614,TIME_LIMIT,744691,0,0,14,4
2,8,3.545712e6,-1.0369573672509818,-0.8693272921435614,TIME_LIMIT,744709,0,0,10,5
2,8,3.545867e6,-1.0369573672509818,-0.8693272921435614,TIME_LIMIT,744732,0,0,14,8
2,8,3.545958e6,-1.03695529374461,-0.8693272921435614,TIME_LIMIT,744755,0,0,7,4
2,8,3.546056e6,-1.03695529374461,-0.8693272921435614,TIME_LIMIT,744781,0,0,20,30
2,8,3.546164e6,-1.0369541320272264,-0.8693272921435614,TIME_LIMIT,744813,0,0,13,6
2,8,3.546387e6,-1.0369541320272264,-0.8693272921435614,TIME_LIMIT,744841,0,0,23,9
2,8,3.546614e6,-1.0369524804027983,-0.8693272921435614,TIME_LIMIT,744870,0,0,10,6
2,8,3.546749e6,-1.0369524804027983,-0.8693272921435614,TIME_LIMIT,744887,0,0,12,9
2,8,3.546978e6,-1.0369515240275782,-0.8693272921435614,TIME_LIMIT,744918,0,0,15,6
2,8,3.547214e6,-1.0369515240275782,-0.8693272921435614,TIME_LIMIT,744943,0,0,14,16
2,8,3.547375e6,-1.0369504798858091,-0.8693272921435614,TIME_LIMIT,744973,0,0,15,6
2,8,3.54749e6,-1.0369504798858091,-0.8693272921435614,TIME_LIMIT,744997,0,0,15,5
2,8,3.547587e6,-1.036949967673768,-0.8693272921435614,TIME_LIMIT,745018,0,0,11,6
2,8,3.547646e6,-1.036949967673768,-0.8693272921435614,TIME_LIMIT,745036,0,0,11,5
2,8,3.547693e6,-1.0369444018973888,-0.8693272921435614,TIME_LIMIT,745048,0,0,7,2
2,8,3.547787e6,-1.0369444018973888,-0.8693272921435614,TIME_LIMIT,745067,0,0,16,16
2,8,3.54791e6,-1.036943104161144,-0.8693272921435614,TIME_LIMIT,745097,0,0,15,7
2,8,3.548078e6,-1.036943104161144,-0.8693272921435614,TIME_LIMIT,745123,0,0,17,27
2,8,3.548177e6,-1.0369383242932932,-0.8693272921435614,TIME_LIMIT,745145,0,0,11,10
2,8,3.54821e6,-1.0369383242932932,-0.8693272921435614,TIME_LIMIT,745154,0,0,5,8
2,8,3.548283e6,-1.0369376147612839,-0.8693272921435614,TIME_LIMIT,745171,0,0,3,0
2,8,3.548446e6,-1.0369376147612839,-0.8693272921435614,TIME_LIMIT,745193,0,0,17,22
2,8,3.548681e6,-1.0369363231657776,-0.8693272921435614,TIME_LIMIT,745231,0,0,17,15
2,8,3.548909e6,-1.0369363231657776,-0.8693272921435614,TIME_LIMIT,745254,0,0,23,20
2,8,3.549142e6,-1.036933516779477,-0.8693272921435614,TIME_LIMIT,745293,0,0,18,12
2,8,3.549376e6,-1.036933516779477,-0.8693272921435614,TIME_LIMIT,745318,0,0,18,27
2,8,3.549601e6,-1.036926490822006,-0.8693272921435614,TIME_LIMIT,745350,0,0,18,11
2,8,3.549762e6,-1.036926490822006,-0.8693272921435614,TIME_LIMIT,745373,0,0,8,23
2,8,3.549999e6,-1.0369258401743755,-0.8693272921435614,TIME_LIMIT,745398,0,0,7,6
2,8,3.550152e6,-1.0369258401743755,-0.8693272921435614,TIME_LIMIT,745420,0,0,18,10
2,8,3.550384e6,-1.0369159134191006,-0.8693272921435614,TIME_LIMIT,745450,0,0,13,7
2,8,3.55051e6,-1.0369159134191006,-0.8693272921435614,TIME_LIMIT,745473,0,0,14,18
2,8,3.550619e6,-1.036914168958687,-0.8693272921435614,TIME_LIMIT,745499,0,0,7,1
2,8,3.550859e6,-1.036914168958687,-0.8693272921435614,TIME_LIMIT,745527,0,0,18,15
2,8,3.551023e6,-1.0369139816387583,-0.8693272921435614,TIME_LIMIT,745562,0,0,17,8
2,8,3.551083e6,-1.0369139816387583,-0.8693272921435614,TIME_LIMIT,745576,0,0,10,11
2,8,3.551183e6,-1.0369132312066645,-0.8693272921435614,TIME_LIMIT,745600,0,0,9,6
2,8,3.551251e6,-1.0369132312066645,-0.8693272921435614,TIME_LIMIT,745620,0,0,15,15
2,8,3.551408e6,-1.036910300465217,-0.8693272921435614,TIME_LIMIT,745644,0,0,9,4
2,8,3.551556e6,-1.036910300465217,-0.8693272921435614,TIME_LIMIT,745667,0,0,13,18
2,8,3.55171e6,-1.036909895350748,-0.8693272921435614,TIME_LIMIT,745701,0,0,7,8
2,8,3.551899e6,-1.036909895350748,-0.8693272921435614,TIME_LIMIT,745720,0,0,14,10
2,8,3.552049e6,-1.0369039075936348,-0.8693272921435614,TIME_LIMIT,745745,0,0,11,4
2,8,3.552274e6,-1.0369039075936348,-0.8693272921435614,TIME_LIMIT,745768,0,0,22,22
2,8,3.552486e6,-1.0369015490126192,-0.8693272921435614,TIME_LIMIT,745799,0,0,12,6
2,8,3.55272e6,-1.0369015490126192,-0.8693272921435614,TIME_LIMIT,745815,0,0,19,11
2,8,3.55286e6,-1.0368973929845429,-0.8693272921435614,TIME_LIMIT,745849,0,0,11,4
2,8,3.552964e6,-1.0368973929845429,-0.8693272921435614,TIME_LIMIT,745868,0,0,13,8
2,8,3.55305e6,-1.036896359963748,-0.8693272921435614,TIME_LIMIT,745892,0,0,10,3
2,8,3.553162e6,-1.036896359963748,-0.8693272921435614,TIME_LIMIT,745914,0,0,15,10
2,8,3.553245e6,-1.0368942347101817,-0.8693272921435614,TIME_LIMIT,745934,0,0,12,9
2,8,3.553435e6,-1.0368942347101817,-0.8693272921435614,TIME_LIMIT,745958,0,0,17,12
2,8,3.553528e6,-1.036891717802701,-0.8693272921435614,TIME_LIMIT,745980,0,0,9,7
2,8,3.55375e6,-1.036891717802701,-0.8693272921435614,TIME_LIMIT,746000,0,0,16,8
2,8,3.553833e6,-1.0368901131056427,-0.8693272921435614,TIME_LIMIT,746023,0,0,9,5
2,8,3.55405e6,-1.0368901131056427,-0.8693272921435614,TIME_LIMIT,746043,0,0,14,11
2,8,3.554178e6,-1.0368890103003539,-0.8693272921435614,TIME_LIMIT,746070,0,0,10,6
2,8,3.554249e6,-1.0368890103003539,-0.8693272921435614,TIME_LIMIT,746084,0,0,15,6
2,8,3.554478e6,-1.0368888766416555,-0.8693272921435614,TIME_LIMIT,746115,0,0,15,4
2,8,3.554661e6,-1.0368888766416555,-0.8693272921435614,TIME_LIMIT,746133,0,0,10,13
2,8,3.554726e6,-1.0368884981972055,-0.8693272921435614,TIME_LIMIT,746155,0,0,9,2
2,8,3.55479e6,-1.0368884981972055,-0.8693272921435614,TIME_LIMIT,746168,0,0,10,9
2,8,3.554825e6,-1.036886586923232,-0.8693272921435614,TIME_LIMIT,746186,0,0,6,1
2,8,3.554967e6,-1.036886586923232,-0.8693272921435614,TIME_LIMIT,746208,0,0,13,13
2,8,3.555101e6,-1.0368790166498425,-0.8693272921435614,TIME_LIMIT,746235,0,0,6,13
2,8,3.555295e6,-1.0368790166498425,-0.8693272921435614,TIME_LIMIT,746263,0,0,12,17
2,8,3.555392e6,-1.036874974337276,-0.8693272921435614,TIME_LIMIT,746290,0,0,9,10
2,8,3.555523e6,-1.036874974337276,-0.8693272921435614,TIME_LIMIT,746312,0,0,18,7
2,8,3.555631e6,-1.0368719060026148,-0.8693272921435614,TIME_LIMIT,746341,0,0,10,6
2,8,3.555708e6,-1.0368719060026148,-0.8693272921435614,TIME_LIMIT,746356,0,0,12,15
2,8,3.555783e6,-1.0368657506815633,-0.8693272921435614,TIME_LIMIT,746383,0,0,9,7
2,8,3.555886e6,-1.0368657506815633,-0.8693272921435614,TIME_LIMIT,746402,0,0,13,7
2,8,3.555993e6,-1.036864798011972,-0.8693272921435614,TIME_LIMIT,746431,0,0,13,5
2,8,3.556067e6,-1.036864798011972,-0.8693272921435614,TIME_LIMIT,746450,0,0,15,15
2,8,3.556185e6,-1.0368607775948133,-0.8693272921435614,TIME_LIMIT,746476,0,0,12,7
2,8,3.5564e6,-1.0368607775948133,-0.8693272921435614,TIME_LIMIT,746501,0,0,18,16
2,8,3.556493e6,-1.0368565460213532,-0.8693272921435614,TIME_LIMIT,746516,0,0,9,8
2,8,3.556622e6,-1.0368565460213532,-0.8693272921435614,TIME_LIMIT,746537,0,0,8,3
2,8,3.556657e6,-1.036855138804253,-0.8693272921435614,TIME_LIMIT,746547,0,0,2,4
2,8,3.556893e6,-1.036855138804253,-0.8693272921435614,TIME_LIMIT,746573,0,0,23,19
2,8,3.557045e6,-1.03685437639592,-0.8693272921435614,TIME_LIMIT,746595,0,0,15,5
2,8,3.557157e6,-1.03685437639592,-0.8693272921435614,TIME_LIMIT,746617,0,0,10,15
2,8,3.557248e6,-1.0368538523319815,-0.8693272921435614,TIME_LIMIT,746637,0,0,10,5
2,8,3.557421e6,-1.0368538523319815,-0.8693272921435614,TIME_LIMIT,746660,0,0,19,13
2,8,3.557602e6,-1.036851036599043,-0.8693272921435614,TIME_LIMIT,746682,0,0,11,9
2,8,3.557656e6,-1.036851036599043,-0.8693272921435614,TIME_LIMIT,746697,0,0,12,9
2,8,3.557752e6,-1.0368507240061167,-0.8693272921435614,TIME_LIMIT,746719,0,0,11,2
2,8,3.557845e6,-1.0368507240061167,-0.8693272921435614,TIME_LIMIT,746742,0,0,20,16
2,8,3.558033e6,-1.036847945701282,-0.8693272921435614,TIME_LIMIT,746773,0,0,11,7
2,8,3.558267e6,-1.036847945701282,-0.8693272921435614,TIME_LIMIT,746802,0,0,25,15
2,8,3.558493e6,-1.0368461520842018,-0.8693272921435614,TIME_LIMIT,746833,0,0,16,13
2,8,3.558728e6,-1.0368461520842018,-0.8693272921435614,TIME_LIMIT,746857,0,0,18,13
2,8,3.558916e6,-1.0368445851678119,-0.8693272921435614,TIME_LIMIT,746886,0,0,13,6
2,8,3.559131e6,-1.0368445851678119,-0.8693272921435614,TIME_LIMIT,746911,0,0,19,15
2,8,3.559291e6,-1.0368421519656248,-0.8693272921435614,TIME_LIMIT,746938,0,0,12,5
2,8,3.559518e6,-1.0368421519656248,-0.8693272921435614,TIME_LIMIT,746964,0,0,7,14
2,8,3.559732e6,-1.0368398088940256,-0.8693272921435614,TIME_LIMIT,746994,0,0,10,10
2,8,3.559972e6,-1.0368398088940256,-0.8693272921435614,TIME_LIMIT,747021,0,0,20,22
2,8,3.560212e6,-1.036837572183297,-0.8693272921435614,TIME_LIMIT,747050,0,0,11,3
2,8,3.560316e6,-1.036837572183297,-0.8693272921435614,TIME_LIMIT,747072,0,0,16,13
2,8,3.560517e6,-1.0368321060514811,-0.8693272921435614,TIME_LIMIT,747106,0,0,14,15
2,8,3.560708e6,-1.0368321060514811,-0.8693272921435614,TIME_LIMIT,747126,0,0,19,16
2,8,3.560773e6,-1.036830221413996,-0.8693272921435614,TIME_LIMIT,747146,0,0,15,10
2,8,3.560931e6,-1.036830221413996,-0.8693272921435614,TIME_LIMIT,747162,0,0,5,18
2,8,3.56115e6,-1.0368279158031408,-0.8693272921435614,TIME_LIMIT,747189,0,0,12,7
2,8,3.561249e6,-1.0368279158031408,-0.8693272921435614,TIME_LIMIT,747211,0,0,17,17
2,8,3.56144e6,-1.0368245570044794,-0.8693272921435614,TIME_LIMIT,747249,0,0,17,11
2,8,3.561658e6,-1.0368245570044794,-0.8693272921435614,TIME_LIMIT,747290,0,0,21,13
2,8,3.561873e6,-1.0368234347928325,-0.8693272921435614,TIME_LIMIT,747325,0,0,9,18
2,8,3.562112e6,-1.0368234347928325,-0.8693272921435614,TIME_LIMIT,747348,0,0,16,21
2,8,3.562334e6,-1.036822334670231,-0.8693272921435614,TIME_LIMIT,747382,0,0,10,8
2,8,3.562553e6,-1.036822334670231,-0.8693272921435614,TIME_LIMIT,747401,0,0,20,21
2,8,3.562651e6,-1.0368174631316458,-0.8693272921435614,TIME_LIMIT,747427,0,0,12,7
2,8,3.562804e6,-1.0368174631316458,-0.8693272921435614,TIME_LIMIT,747457,0,0,19,18
2,8,3.562984e6,-1.0368167792151397,-0.8693272921435614,TIME_LIMIT,747483,0,0,15,14
2,8,3.563218e6,-1.0368167792151397,-0.8693272921435614,TIME_LIMIT,747506,0,0,18,26
2,8,3.563451e6,-1.0368160808292761,-0.8693272921435614,TIME_LIMIT,747532,0,0,14,7
2,8,3.563596e6,-1.0368160808292761,-0.8693272921435614,TIME_LIMIT,747555,0,0,17,11
2,8,3.5637e6,-1.036810504386385,-0.8693272921435614,TIME_LIMIT,747581,0,0,11,1
2,8,3.563925e6,-1.036810504386385,-0.8693272921435614,TIME_LIMIT,747602,0,0,19,15
2,8,3.564159e6,-1.0368090680456978,-0.8693272921435614,TIME_LIMIT,747637,0,0,17,16
2,8,3.564384e6,-1.0368090680456978,-0.8693272921435614,TIME_LIMIT,747658,0,0,17,14
2,8,3.564507e6,-1.0368053629241203,-0.8693272921435614,TIME_LIMIT,747690,0,0,14,6
2,8,3.56462e6,-1.0368053629241203,-0.8693272921435614,TIME_LIMIT,747712,0,0,8,14
2,8,3.564768e6,-1.0368046520168486,-0.8693272921435614,TIME_LIMIT,747735,0,0,9,7
2,8,3.564865e6,-1.0368046520168486,-0.8693272921435614,TIME_LIMIT,747754,0,0,13,8
2,8,3.564964e6,-1.0367987348395649,-0.8693272921435614,TIME_LIMIT,747780,0,0,8,9
2,8,3.565047e6,-1.0367987348395649,-0.8693272921435614,TIME_LIMIT,747803,0,0,7,8
2,8,3.565173e6,-1.0367987045015263,-0.8693272921435614,TIME_LIMIT,747836,0,0,16,10
2,8,3.565351e6,-1.0367987045015263,-0.8693272921435614,TIME_LIMIT,747864,0,0,12,9
2,8,3.565584e6,-1.0367982177118724,-0.8693272921435614,TIME_LIMIT,747894,0,0,11,8
2,8,3.565666e6,-1.0367982177118724,-0.8693272921435614,TIME_LIMIT,747915,0,0,18,12
2,8,3.565818e6,-1.0367967223893104,-0.8693272921435614,TIME_LIMIT,747943,0,0,13,5
2,8,3.565958e6,-1.0367967223893104,-0.8693272921435614,TIME_LIMIT,747968,0,0,14,6
2,8,3.56611e6,-1.036786500279257,-0.8693272921435614,TIME_LIMIT,747994,0,0,4,2
2,8,3.566302e6,-1.036786500279257,-0.8693272921435614,TIME_LIMIT,748016,0,0,19,13
2,8,3.56651e6,-1.0367843805324175,-0.8693272921435614,TIME_LIMIT,748044,0,0,11,8
2,8,3.566743e6,-1.0367843805324175,-0.8693272921435614,TIME_LIMIT,748074,0,0,22,21
2,8,3.56698e6,-1.036781586504922,-0.8693272921435614,TIME_LIMIT,748098,0,0,15,14
2,8,3.567159e6,-1.036781586504922,-0.8693272921435614,TIME_LIMIT,748124,0,0,19,15
2,8,3.567394e6,-1.0367768501826915,-0.8693272921435614,TIME_LIMIT,748157,0,0,18,16
2,8,3.567453e6,-1.0367768501826915,-0.8693272921435614,TIME_LIMIT,748174,0,0,13,10
2,8,3.56751e6,-1.0367764092828597,-0.8693272921435614,TIME_LIMIT,748190,0,0,9,8
2,8,3.567586e6,-1.0367764092828597,-0.8693272921435614,TIME_LIMIT,748209,0,0,13,6
2,8,3.567637e6,-1.036770051777098,-0.8693272921435614,TIME_LIMIT,748227,0,0,9,4
2,8,3.567706e6,-1.036770051777098,-0.8693272921435614,TIME_LIMIT,748244,0,0,14,4
2,8,3.567795e6,-1.0367660860477876,-0.8693272921435614,TIME_LIMIT,748274,0,0,13,5
2,8,3.567851e6,-1.0367660860477876,-0.8693272921435614,TIME_LIMIT,748291,0,0,12,16
2,8,3.567991e6,-1.0367587461285144,-0.8693272921435614,TIME_LIMIT,748323,0,0,13,7
2,8,3.568185e6,-1.0367587461285144,-0.8693272921435614,TIME_LIMIT,748345,0,0,9,10
2,8,3.56842e6,-1.0367566717521122,-0.8693272921435614,TIME_LIMIT,748375,0,0,8,5
2,8,3.568524e6,-1.0367566717521122,-0.8693272921435614,TIME_LIMIT,748389,0,0,10,12
2,8,3.568585e6,-1.0367566094930816,-0.8693272921435614,TIME_LIMIT,748409,0,0,7,2
2,8,3.568662e6,-1.0367566094930816,-0.8693272921435614,TIME_LIMIT,748425,0,0,12,4
2,8,3.568719e6,-1.0367553399689964,-0.8693272921435614,TIME_LIMIT,748443,0,0,10,2
2,8,3.568907e6,-1.0367553399689964,-0.8693272921435614,TIME_LIMIT,748465,0,0,22,23
2,8,3.569101e6,-1.036754666864516,-0.8693272921435614,TIME_LIMIT,748502,0,0,14,8
2,8,3.569255e6,-1.036754666864516,-0.8693272921435614,TIME_LIMIT,748523,0,0,18,24
2,8,3.569481e6,-1.036748735122138,-0.8693272921435614,TIME_LIMIT,748554,0,0,14,9
2,8,3.569631e6,-1.036748735122138,-0.8693272921435614,TIME_LIMIT,748578,0,0,20,7
2,8,3.569722e6,-1.0367477815922048,-0.8693272921435614,TIME_LIMIT,748610,0,0,13,9
2,8,3.569798e6,-1.0367477815922048,-0.8693272921435614,TIME_LIMIT,748627,0,0,15,12
2,8,3.569839e6,-1.0367476493495118,-0.8693272921435614,TIME_LIMIT,748647,0,0,7,5
2,8,3.570078e6,-1.0367476493495118,-0.8693272921435614,TIME_LIMIT,748671,0,0,9,30
2,8,3.570209e6,-1.0367434435683869,-0.8693272921435614,TIME_LIMIT,748700,0,0,22,12
2,8,3.570424e6,-1.0367434435683869,-0.8693272921435614,TIME_LIMIT,748724,0,0,14,10
2,8,3.57065e6,-1.0367431659519009,-0.8693272921435614,TIME_LIMIT,748765,0,0,23,4
2,8,3.570833e6,-1.0367431659519009,-0.8693272921435614,TIME_LIMIT,748798,0,0,20,12
2,8,3.571026e6,-1.0367427623156837,-0.8693272921435614,TIME_LIMIT,748818,0,0,7,4
2,8,3.57116e6,-1.0367427623156837,-0.8693272921435614,TIME_LIMIT,748840,0,0,18,24
2,8,3.571388e6,-1.0367373998479494,-0.8693272921435614,TIME_LIMIT,748880,0,0,14,11
2,8,3.571516e6,-1.0367373998479494,-0.8693272921435614,TIME_LIMIT,748905,0,0,11,7
2,8,3.57158e6,-1.0367305456951783,-0.8693272921435614,TIME_LIMIT,748923,0,0,5,2
2,8,3.571801e6,-1.0367305456951783,-0.8693272921435614,TIME_LIMIT,748943,0,0,16,20
2,8,3.572036e6,-1.0367303590840717,-0.8693272921435614,TIME_LIMIT,748976,0,0,14,10
2,8,3.572205e6,-1.0367303590840717,-0.8693272921435614,TIME_LIMIT,749003,0,0,16,18
2,8,3.572435e6,-1.0367268934330145,-0.8693272921435614,TIME_LIMIT,749034,0,0,8,4
2,8,3.572652e6,-1.0367268934330145,-0.8693272921435614,TIME_LIMIT,749053,0,0,10,9
2,8,3.572771e6,-1.036724349393245,-0.8693272921435614,TIME_LIMIT,749079,0,0,5,4
2,8,3.572874e6,-1.036724349393245,-0.8693272921435614,TIME_LIMIT,749094,0,0,12,13
2,8,3.572987e6,-1.0367225749706026,-0.8693272921435614,TIME_LIMIT,749123,0,0,14,7
2,8,3.573224e6,-1.0367225749706026,-0.8693272921435614,TIME_LIMIT,749143,0,0,21,24
2,8,3.573383e6,-1.0367178628750717,-0.8693272921435614,TIME_LIMIT,749184,0,0,18,7
2,8,3.573515e6,-1.0367178628750717,-0.8693272921435614,TIME_LIMIT,749208,0,0,20,7
2,8,3.573608e6,-1.0367168476088686,-0.8693272921435614,TIME_LIMIT,749237,0,0,14,5
2,8,3.573803e6,-1.0367168476088686,-0.8693272921435614,TIME_LIMIT,749255,0,0,20,15
2,8,3.574008e6,-1.0367089258108906,-0.8693272921435614,TIME_LIMIT,749286,0,0,14,8
2,8,3.574195e6,-1.0367089258108906,-0.8693272921435614,TIME_LIMIT,749314,0,0,18,6
2,8,3.574303e6,-1.036706966888261,-0.8693272921435614,TIME_LIMIT,749335,0,0,14,3
2,8,3.574366e6,-1.036706966888261,-0.8693272921435614,TIME_LIMIT,749351,0,0,6,2
2,8,3.574425e6,-1.0367029761066044,-0.8693272921435614,TIME_LIMIT,749369,0,0,7,2
2,8,3.574655e6,-1.0367029761066044,-0.8693272921435614,TIME_LIMIT,749397,0,0,21,30
2,8,3.574877e6,-1.0366995681348679,-0.8693272921435614,TIME_LIMIT,749434,0,0,14,9
2,8,3.575017e6,-1.0366995681348679,-0.8693272921435614,TIME_LIMIT,749464,0,0,21,13
2,8,3.575162e6,-1.0366991557557683,-0.8693272921435614,TIME_LIMIT,749487,0,0,8,5
2,8,3.575364e6,-1.0366991557557683,-0.8693272921435614,TIME_LIMIT,749508,0,0,16,14
2,8,3.575437e6,-1.0366975217464303,-0.8693272921435614,TIME_LIMIT,749536,0,0,9,6
2,8,3.575669e6,-1.0366975217464303,-0.8693272921435614,TIME_LIMIT,749557,0,0,27,19
2,8,3.575907e6,-1.0366916222512486,-0.8693272921435614,TIME_LIMIT,749591,0,0,13,8
2,8,3.57604e6,-1.0366916222512486,-0.8693272921435614,TIME_LIMIT,749617,0,0,27,11
2,8,3.576211e6,-1.0366911270120323,-0.8693272921435614,TIME_LIMIT,749648,0,0,14,6
2,8,3.576322e6,-1.0366911270120323,-0.8693272921435614,TIME_LIMIT,749676,0,0,14,13
2,8,3.576469e6,-1.0366891211847107,-0.8693272921435614,TIME_LIMIT,749706,0,0,15,8
2,8,3.576571e6,-1.0366891211847107,-0.8693272921435614,TIME_LIMIT,749726,0,0,14,7
2,8,3.576626e6,-1.036687135478375,-0.8693272921435614,TIME_LIMIT,749747,0,0,9,5
2,8,3.576694e6,-1.036687135478375,-0.8693272921435614,TIME_LIMIT,749758,0,0,9,9
2,8,3.576832e6,-1.03668630556591,-0.8693272921435614,TIME_LIMIT,749787,0,0,11,10
2,8,3.57703e6,-1.03668630556591,-0.8693272921435614,TIME_LIMIT,749819,0,0,17,22
2,8,3.577264e6,-1.0366840742592793,-0.8693272921435614,TIME_LIMIT,749856,0,0,12,8
2,8,3.577404e6,-1.0366840742592793,-0.8693272921435614,TIME_LIMIT,749874,0,0,6,13
2,8,3.577586e6,-1.0366837242871614,-0.8693272921435614,TIME_LIMIT,749910,0,0,18,8
2,8,3.57782e6,-1.0366837242871614,-0.8693272921435614,TIME_LIMIT,749940,0,0,17,15
2,8,3.578045e6,-1.0366835335439657,-0.8693272921435614,TIME_LIMIT,749973,0,0,16,11
2,8,3.578175e6,-1.0366835335439657,-0.8693272921435614,TIME_LIMIT,749998,0,0,18,13
2,8,3.578319e6,-1.0366809333308362,-0.8693272921435614,TIME_LIMIT,750028,0,0,11,14
2,8,3.578396e6,-1.0366809333308362,-0.8693272921435614,TIME_LIMIT,750044,0,0,6,5
2,8,3.578441e6,-1.0366808345532283,-0.8693272921435614,TIME_LIMIT,750062,0,0,4,4
2,8,3.578593e6,-1.0366808345532283,-0.8693272921435614,TIME_LIMIT,750089,0,0,11,8
2,8,3.578692e6,-1.0366785691418148,-0.8693272921435614,TIME_LIMIT,750105,0,0,11,9
2,8,3.57892e6,-1.0366785691418148,-0.8693272921435614,TIME_LIMIT,750127,0,0,16,15
2,8,3.57905e6,-1.0366769687827837,-0.8693272921435614,TIME_LIMIT,750158,0,0,13,7
2,8,3.579187e6,-1.0366769687827837,-0.8693272921435614,TIME_LIMIT,750183,0,0,19,8
2,8,3.579243e6,-1.0366735097342565,-0.8693272921435614,TIME_LIMIT,750207,0,0,9,4
2,8,3.579474e6,-1.0366735097342565,-0.8693272921435614,TIME_LIMIT,750228,0,0,18,19
2,8,3.579581e6,-1.0366645797780911,-0.8693272921435614,TIME_LIMIT,750258,0,0,12,8
2,8,3.57981e6,-1.0366645797780911,-0.8693272921435614,TIME_LIMIT,750281,0,0,10,19
2,8,3.579933e6,-1.0366632106234877,-0.8693272921435614,TIME_LIMIT,750310,0,0,13,6
2,8,3.580152e6,-1.0366632106234877,-0.8693272921435614,TIME_LIMIT,750332,0,0,19,17
2,8,3.580386e6,-1.0366627614616828,-0.8693272921435614,TIME_LIMIT,750365,0,0,13,14
2,8,3.580626e6,-1.0366627614616828,-0.8693272921435614,TIME_LIMIT,750388,0,0,20,28
2,8,3.580852e6,-1.0366609698181877,-0.8693272921435614,TIME_LIMIT,750420,0,0,12,14
2,8,3.580982e6,-1.0366609698181877,-0.8693272921435614,TIME_LIMIT,750441,0,0,17,11
2,8,3.581089e6,-1.0366602832828204,-0.8693272921435614,TIME_LIMIT,750470,0,0,20,6
2,8,3.581293e6,-1.0366602832828204,-0.8693272921435614,TIME_LIMIT,750491,0,0,18,22
2,8,3.581425e6,-1.0366589217631286,-0.8693272921435614,TIME_LIMIT,750520,0,0,14,9
2,8,3.581567e6,-1.0366589217631286,-0.8693272921435614,TIME_LIMIT,750543,0,0,14,15
2,8,3.58168e6,-1.0366582124845698,-0.8693272921435614,TIME_LIMIT,750572,0,0,10,7
2,8,3.581842e6,-1.0366582124845698,-0.8693272921435614,TIME_LIMIT,750592,0,0,20,18
2,8,3.582067e6,-1.0366529908749822,-0.8693272921435614,TIME_LIMIT,750628,0,0,19,8
2,8,3.582228e6,-1.0366529908749822,-0.8693272921435614,TIME_LIMIT,750647,0,0,8,14
2,8,3.582387e6,-1.0366505263278845,-0.8693272921435614,TIME_LIMIT,750676,0,0,11,6
2,8,3.582618e6,-1.0366505263278845,-0.8693272921435614,TIME_LIMIT,750697,0,0,8,8
2,8,3.582714e6,-1.0366502988793118,-0.8693272921435614,TIME_LIMIT,750727,0,0,14,4
2,8,3.582825e6,-1.0366502988793118,-0.8693272921435614,TIME_LIMIT,750748,0,0,18,11
2,8,3.583038e6,-1.0366502486394185,-0.8693272921435614,TIME_LIMIT,750783,0,0,12,10
2,8,3.583116e6,-1.0366502486394185,-0.8693272921435614,TIME_LIMIT,750798,0,0,11,12
2,8,3.583178e6,-1.0366484998050822,-0.8693272921435614,TIME_LIMIT,750819,0,0,8,2
2,8,3.583285e6,-1.0366484998050822,-0.8693272921435614,TIME_LIMIT,750839,0,0,10,18
2,8,3.583491e6,-1.036648459600763,-0.8693272921435614,TIME_LIMIT,750871,0,0,15,5
2,8,3.583591e6,-1.036648459600763,-0.8693272921435614,TIME_LIMIT,750888,0,0,11,13
2,8,3.583831e6,-1.0366484243059433,-0.8693272921435614,TIME_LIMIT,750918,0,0,11,10
2,8,3.583907e6,-1.0366484243059433,-0.8693272921435614,TIME_LIMIT,750937,0,0,13,14
2,8,3.584057e6,-1.0366467969707183,-0.8693272921435614,TIME_LIMIT,750966,0,0,10,7
2,8,3.584248e6,-1.0366467969707183,-0.8693272921435614,TIME_LIMIT,750985,0,0,8,22
2,8,3.584407e6,-1.0366460259059354,-0.8693272921435614,TIME_LIMIT,751017,0,0,5,5
2,8,3.584508e6,-1.0366460259059354,-0.8693272921435614,TIME_LIMIT,751035,0,0,16,15
2,8,3.58464e6,-1.0366428053545673,-0.8693272921435614,TIME_LIMIT,751068,0,0,14,7
2,8,3.584748e6,-1.0366428053545673,-0.8693272921435614,TIME_LIMIT,751088,0,0,15,9
2,8,3.584853e6,-1.0366404684408375,-0.8693272921435614,TIME_LIMIT,751116,0,0,13,6
2,8,3.585027e6,-1.0366404684408375,-0.8693272921435614,TIME_LIMIT,751143,0,0,14,16
2,8,3.585257e6,-1.0366380917029794,-0.8693272921435614,TIME_LIMIT,751174,0,0,10,12
2,8,3.585383e6,-1.0366380917029794,-0.8693272921435614,TIME_LIMIT,751194,0,0,16,14
2,8,3.585467e6,-1.0366376480655715,-0.8693272921435614,TIME_LIMIT,751221,0,0,10,6
2,8,3.585636e6,-1.0366376480655715,-0.8693272921435614,TIME_LIMIT,751243,0,0,14,14
2,8,3.585791e6,-1.0366349818884064,-0.8693272921435614,TIME_LIMIT,751276,0,0,10,8
2,8,3.585931e6,-1.0366349818884064,-0.8693272921435614,TIME_LIMIT,751301,0,0,19,9
2,8,3.586107e6,-1.036628667653949,-0.8693272921435614,TIME_LIMIT,751330,0,0,23,7
2,8,3.586188e6,-1.036628667653949,-0.8693272921435614,TIME_LIMIT,751349,0,0,14,7
2,8,3.586249e6,-1.036628200364813,-0.8693272921435614,TIME_LIMIT,751369,0,0,7,3
2,8,3.586353e6,-1.036628200364813,-0.8693272921435614,TIME_LIMIT,751389,0,0,11,8
2,8,3.586426e6,-1.0366278276593581,-0.8693272921435614,TIME_LIMIT,751411,0,0,8,6
2,8,3.586658e6,-1.0366278276593581,-0.8693272921435614,TIME_LIMIT,751438,0,0,19,14
2,8,3.586845e6,-1.0366246267938766,-0.8693272921435614,TIME_LIMIT,751471,0,0,11,9
2,8,3.587005e6,-1.0366246267938766,-0.8693272921435614,TIME_LIMIT,751493,0,0,13,13
2,8,3.587152e6,-1.0366239033250273,-0.8693272921435614,TIME_LIMIT,751524,0,0,12,8
2,8,3.58721e6,-1.0366239033250273,-0.8693272921435614,TIME_LIMIT,751539,0,0,10,4
2,8,3.587266e6,-1.0366223496743285,-0.8693272921435614,TIME_LIMIT,751559,0,0,6,4
2,8,3.587306e6,-1.0366223496743285,-0.8693272921435614,TIME_LIMIT,751573,0,0,8,4
2,8,3.587353e6,-1.0366219741538778,-0.8693272921435614,TIME_LIMIT,751586,0,0,6,3
2,8,3.587585e6,-1.0366219741538778,-0.8693272921435614,TIME_LIMIT,751604,0,0,16,9
2,8,3.587777e6,-1.036621157340242,-0.8693272921435614,TIME_LIMIT,751645,0,0,20,6
2,8,3.587863e6,-1.036621157340242,-0.8693272921435614,TIME_LIMIT,751668,0,0,14,8
2,8,3.587941e6,-1.0366210246831804,-0.8693272921435614,TIME_LIMIT,751684,0,0,13,4
2,8,3.588186e6,-1.0366210246831804,-0.8693272921435614,TIME_LIMIT,751704,0,0,20,22
2,8,3.588414e6,-1.0366198724378186,-0.8693272921435614,TIME_LIMIT,751747,0,0,22,5
2,8,3.588588e6,-1.0366198724378186,-0.8693272921435614,TIME_LIMIT,751768,0,0,16,18
2,8,3.588816e6,-1.0366178958853134,-0.8693272921435614,TIME_LIMIT,751803,0,0,13,7
2,8,3.588972e6,-1.0366178958853134,-0.8693272921435614,TIME_LIMIT,751824,0,0,21,22
2,8,3.589198e6,-1.0366178069089425,-0.8693272921435614,TIME_LIMIT,751860,0,0,16,10
2,8,3.589375e6,-1.0366178069089425,-0.8693272921435614,TIME_LIMIT,751877,0,0,6,8
2,8,3.589459e6,-1.0366174712029217,-0.8693272921435614,TIME_LIMIT,751901,0,0,12,2
2,8,3.589693e6,-1.0366174712029217,-0.8693272921435614,TIME_LIMIT,751925,0,0,20,16
2,8,3.589834e6,-1.0366146931201858,-0.8693272921435614,TIME_LIMIT,751958,0,0,11,9
2,8,3.59005e6,-1.0366146931201858,-0.8693272921435614,TIME_LIMIT,751982,0,0,11,13
2,8,3.590113e6,-1.0366136762247309,-0.8693272921435614,TIME_LIMIT,752004,0,0,7,0
2,8,3.590255e6,-1.0366136762247309,-0.8693272921435614,TIME_LIMIT,752029,0,0,21,27
2,8,3.590369e6,-1.0366128164961999,-0.8693272921435614,TIME_LIMIT,752059,0,0,13,5
2,8,3.590476e6,-1.0366128164961999,-0.8693272921435614,TIME_LIMIT,752082,0,0,23,18
2,8,3.590644e6,-1.0366126368494388,-0.8693272921435614,TIME_LIMIT,752115,0,0,15,9
2,8,3.590849e6,-1.0366126368494388,-0.8693272921435614,TIME_LIMIT,752140,0,0,21,20
2,8,3.591087e6,-1.0366125229454357,-0.8693272921435614,TIME_LIMIT,752178,0,0,19,13
2,8,3.591296e6,-1.0366125229454357,-0.8693272921435614,TIME_LIMIT,752204,0,0,23,11
2,8,3.591474e6,-1.0366092324918976,-0.8693272921435614,TIME_LIMIT,752239,0,0,16,6
2,8,3.59171e6,-1.0366092324918976,-0.8693272921435614,TIME_LIMIT,752263,0,0,16,9
2,8,3.591855e6,-1.03660734341724,-0.8693272921435614,TIME_LIMIT,752289,0,0,9,6
2,8,3.592024e6,-1.03660734341724,-0.8693272921435614,TIME_LIMIT,752314,0,0,13,17
2,8,3.592183e6,-1.0366064146637342,-0.8693272921435614,TIME_LIMIT,752345,0,0,14,15
2,8,3.592317e6,-1.0366064146637342,-0.8693272921435614,TIME_LIMIT,752371,0,0,13,14
2,8,3.592552e6,-1.0366036974304487,-0.8693272921435614,TIME_LIMIT,752395,0,0,12,6
2,8,3.592606e6,-1.0366036974304487,-0.8693272921435614,TIME_LIMIT,752411,0,0,7,5
2,8,3.592641e6,-1.036602271707857,-0.8693272921435614,TIME_LIMIT,752427,0,0,5,6
2,8,3.592745e6,-1.036602271707857,-0.8693272921435614,TIME_LIMIT,752444,0,0,14,11
2,8,3.59286e6,-1.0366017283874434,-0.8693272921435614,TIME_LIMIT,752472,0,0,9,5
2,8,3.593083e6,-1.0366017283874434,-0.8693272921435614,TIME_LIMIT,752496,0,0,17,21
2,8,3.593299e6,-1.0366015450404857,-0.8693272921435614,TIME_LIMIT,752535,0,0,20,8
2,8,3.593398e6,-1.0366015450404857,-0.8693272921435614,TIME_LIMIT,752556,0,0,12,5
2,8,3.59347e6,-1.0366015415870056,-0.8693272921435614,TIME_LIMIT,752568,0,0,9,11
2,8,3.593554e6,-1.0366015415870056,-0.8693272921435614,TIME_LIMIT,752588,0,0,9,8
2,8,3.593667e6,-1.0365997124272335,-0.8693272921435614,TIME_LIMIT,752614,0,0,10,2
2,8,3.593908e6,-1.0365997124272335,-0.8693272921435614,TIME_LIMIT,752636,0,0,13,11
2,8,3.594137e6,-1.0365965790054719,-0.8693272921435614,TIME_LIMIT,752675,0,0,10,13
2,8,3.594252e6,-1.0365965790054719,-0.8693272921435614,TIME_LIMIT,752694,0,0,13,9
2,8,3.594322e6,-1.0365932029399914,-0.8693272921435614,TIME_LIMIT,752717,0,0,10,7
2,8,3.594508e6,-1.0365932029399914,-0.8693272921435614,TIME_LIMIT,752732,0,0,8,5
2,8,3.594612e6,-1.0365908133642963,-0.8693272921435614,TIME_LIMIT,752757,0,0,10,5
2,8,3.59482e6,-1.0365908133642963,-0.8693272921435614,TIME_LIMIT,752779,0,0,17,7
2,8,3.595004e6,-1.0365889386083609,-0.8693272921435614,TIME_LIMIT,752807,0,0,11,5
2,8,3.595246e6,-1.0365889386083609,-0.8693272921435614,TIME_LIMIT,752834,0,0,16,12
2,8,3.595487e6,-1.0365877019339957,-0.8693272921435614,TIME_LIMIT,752856,0,0,14,6
2,8,3.595583e6,-1.0365877019339957,-0.8693272921435614,TIME_LIMIT,752880,0,0,23,21
2,8,3.595806e6,-1.0365833783772045,-0.8693272921435614,TIME_LIMIT,752913,0,0,12,4
2,8,3.595896e6,-1.0365833783772045,-0.8693272921435614,TIME_LIMIT,752928,0,0,10,7
2,8,3.59597e6,-1.0365770782874368,-0.8693272921435614,TIME_LIMIT,752952,0,0,8,8
2,8,3.59618e6,-1.0365770782874368,-0.8693272921435614,TIME_LIMIT,752970,0,0,13,12
2,8,3.59629e6,-1.0365702726347599,-0.8693272921435614,TIME_LIMIT,752993,0,0,9,7
2,8,3.59648e6,-1.0365702726347599,-0.8693272921435614,TIME_LIMIT,753014,0,0,12,20
2,8,3.59665e6,-1.0365674226392176,-0.8693272921435614,TIME_LIMIT,753044,0,0,8,9
2,8,3.596888e6,-1.0365674226392176,-0.8693272921435614,TIME_LIMIT,753063,0,0,19,19
2,8,3.597053e6,-1.0365662541491845,-0.8693272921435614,TIME_LIMIT,753099,0,0,17,10
2,8,3.597115e6,-1.0365662541491845,-0.8693272921435614,TIME_LIMIT,753113,0,0,12,10
2,8,3.597221e6,-1.0365628117265544,-0.8693272921435614,TIME_LIMIT,753134,0,0,6,4
2,8,3.597446e6,-1.0365628117265544,-0.8693272921435614,TIME_LIMIT,753156,0,0,9,22
2,8,3.597662e6,-1.0365557803468108,-0.8693272921435614,TIME_LIMIT,753196,0,0,17,10
2,8,3.597874e6,-1.0365557803468108,-0.8693272921435614,TIME_LIMIT,753223,0,0,18,22
2,8,3.598098e6,-1.036554070420599,-0.8693272921435614,TIME_LIMIT,753256,0,0,12,10
2,8,3.598334e6,-1.036554070420599,-0.8693272921435614,TIME_LIMIT,753277,0,0,16,18
2,8,3.598468e6,-1.0365523369479672,-0.8693272921435614,TIME_LIMIT,753313,0,0,17,9
2,8,3.598573e6,-1.0365523369479672,-0.8693272921435614,TIME_LIMIT,753328,0,0,11,14
2,8,3.59867e6,-1.0365512099462038,-0.8693272921435614,TIME_LIMIT,753353,0,0,10,5
2,8,3.59881e6,-1.0365512099462038,-0.8693272921435614,TIME_LIMIT,753382,0,0,15,6
2,8,3.598895e6,-1.036542509141238,-0.8693272921435614,TIME_LIMIT,753400,0,0,8,9
2,8,3.599035e6,-1.036542509141238,-0.8693272921435614,TIME_LIMIT,753422,0,0,14,12
2,8,3.599098e6,-1.0365409914241832,-0.8693272921435614,TIME_LIMIT,753447,0,0,7,4
2,8,3.599321e6,-1.0365409914241832,-0.8693272921435614,TIME_LIMIT,753471,0,0,15,10
2,8,3.599475e6,-1.0365391093669611,-0.8693272921435614,TIME_LIMIT,753492,0,0,9,8
2,8,3.599571e6,-1.0365391093669611,-0.8693272921435614,TIME_LIMIT,753507,0,0,15,7
2,8,3.599698e6,-1.0365372693196813,-0.8693272921435614,TIME_LIMIT,753534,0,0,14,3
2,8,3.599861e6,-1.0365372693196813,-0.8693272921435614,TIME_LIMIT,753558,0,0,9,9
2,8,3.599915e6,-1.0365333739692486,-0.8693272921435614,TIME_LIMIT,753569,0,0,5,9
2,8,3.6e6,-1.0365333739692486,-0.8693272921435614,TIME_LIMIT,753587,0,0,9,9
